Model: GRU
MSE: 27285.22846217539
MAE: 165.16575848614727
EVS: 0.0
