Model: GRU
MSE: 6.0786528213235576
MAE: 1.663386397891575
EVS: -0.00010930620825555515
