Model: GRU
MSE: 9.981044761352173
MAE: 1.8731364850644707
EVS: -0.7882744762051253
