Model: GRU
MSE: 9.754236137111125
MAE: 2.473858162208839
EVS: -0.5737451597258887
