Model: GRU
MSE: 9.197847913640915
MAE: 1.8574904689082399
EVS: -0.6061933655871286
