Model: GRU
MSE: 12960.987481804184
MAE: 113.82217181170428
EVS: 0.0
