Model: GRU
MSE: 6.792139086896601
MAE: 1.6053662300109868
EVS: -0.289004239456063
