Model: GRU
MSE: 19.038188506126335
MAE: 3.8099438349405936
EVS: -0.007038877506951202
