Model: GRU
MSE: 5.923737766889913
MAE: 1.4904002083672423
EVS: -0.08480117089288508
