Model: GRU
MSE: 5.3315304205440315
MAE: 1.4227448922616461
EVS: -0.05325997778669356
