Model: GRU
MSE: 6.599051510899134
MAE: 1.787477369661684
EVS: -0.2594322786983505
