Model: GRU
MSE: 10.671389554991414
MAE: 2.6756997461672176
EVS: -0.5727341895288744
