Model: GRU
MSE: 4.957266172510136
MAE: 1.937230887236419
EVS: 0.3517961372133377
