Model: GRU
MSE: 6.060386560027998
MAE: 1.5370589892069504
EVS: -0.10444419066609623
