Model: GRU
MSE: 6.738825958266597
MAE: 1.802096048990885
EVS: -0.30564309092384434
