Model: GRU
MSE: 5.752433971826046
MAE: 1.5652111018145523
EVS: -0.12856166329408025
