Model: GRU
MSE: 10.777434724090199
MAE: 2.1011290373625573
EVS: -0.8021846823703864
