Model: GRU
MSE: 6.212156445106175
MAE: 1.6939145017553254
EVS: -0.22629770039433827
