Model: GRU
MSE: 9.38139290337721
MAE: 1.715594379990189
EVS: -0.6752241627577369
