Model: GRU
MSE: 7.113853895246303
MAE: 1.8623403443230528
EVS: -0.10626452791204533
