Model: GRU
MSE: 10.882354664482996
MAE: 2.1949785373829025
EVS: -0.6618718667658146
