Model: GRU
MSE: 8.914190041321215
MAE: 2.1381829403064874
EVS: -0.21579797566571113
