Model: GRU
MSE: 6.5063715029154245
MAE: 1.6710989386947073
EVS: -0.1470789791156326
