Model: GRU
MSE: 5.543746812467968
MAE: 1.5296082673249418
EVS: -0.09167068277020785
