Model: GRU
MSE: 9.313328689619253
MAE: 1.882972399393718
EVS: -0.6476760105409267
