Model: GRU
MSE: 7.403347955146827
MAE: 2.0643553204006615
EVS: -0.3954014928968259
