Model: GRU
MSE: 5.877599528995722
MAE: 1.5391989813910587
EVS: -0.13558459343469553
