Model: GRU
MSE: 5.6148305476022315
MAE: 1.647625393337674
EVS: 0.04342058279737848
