Model: GRU
MSE: 6.128592605368163
MAE: 1.6105422090601036
EVS: -0.2105320505636905
