Model: GRU
MSE: 5.7261567064343675
MAE: 1.642894073768898
EVS: -0.10150375670875578
