Model: GRU
MSE: 8.31475065724861
MAE: 2.077706654866537
EVS: -0.2085408586925368
