Model: GRU
MSE: 10.362395161571468
MAE: 1.9715291129218202
EVS: -0.7081239506638441
