Model: GRU
MSE: 5.557263438110392
MAE: 2.10073236182884
EVS: 0.4049756460551712
