Model: GRU
MSE: 8.610296721092643
MAE: 2.235000751636647
EVS: -0.012382519299648731
