Model: GRU
MSE: 10.032696350579174
MAE: 1.959239414760044
EVS: -0.11303583233820724
