Model: GRU
MSE: 7.12652303871696
MAE: 1.9057551136723265
EVS: -0.3566015332901955
