Model: GRU
MSE: 5.238785555312529
MAE: 1.5367718802558057
EVS: 0.043540613559408636
