Model: GRU
MSE: 4.608182968690494
MAE: 1.7686427257679123
EVS: 0.28491335386548855
