Model: GRU
MSE: 9.89677233744105
MAE: 1.9529439431649662
EVS: -0.6333774161571473
