Model: GRU
MSE: 6.213120826694784
MAE: 1.4930263095431857
EVS: -0.19431002281842202
