Model: GRU
MSE: 2.490715341750671
MAE: 1.26022012145431
EVS: 0.40702200951984235
