Model: GRU
MSE: 9.67351617275923
MAE: 1.903945958172834
EVS: -0.7465453694643249
