Model: GRU
MSE: 9.590998864378923
MAE: 1.7806674815990309
EVS: -0.7435611932387551
