Model: GRU
MSE: 10.348600197969501
MAE: 1.8001252986766672
EVS: -0.880414789424977
