Model: GRU
MSE: 5.22179525636535
MAE: 1.5205132519757312
EVS: -0.028256211077836824
