Model: GRU
MSE: 7.9572514409689346
MAE: 1.9727755475927278
EVS: -0.5711910254308608
