Model: GRU
MSE: 6.86765880325716
MAE: 1.7731760342915859
EVS: -0.1455761292218385
