Model: GRU
MSE: 10.009804634703398
MAE: 1.86966179035328
EVS: -0.7539385688035289
