Model: GRU
MSE: 6.089860809953246
MAE: 1.6058772758201314
EVS: -0.18686885164919453
