Model: GRU
MSE: 10.119008236934162
MAE: 1.8455238518891508
EVS: -0.8266913448581246
