Model: GRU
MSE: 6.311272261270316
MAE: 1.6775354632624868
EVS: -0.22283644002127612
