Model: GRU
MSE: 9.469511789264768
MAE: 1.7419970300462515
EVS: -0.7042719033669091
