Model: GRU
MSE: 8.114740749069714
MAE: 1.8018645003989888
EVS: -0.5521461896886375
