Model: GRU
MSE: 5.471594286412153
MAE: 1.5692101231327757
EVS: -0.017421756695910506
