Model: GRU
MSE: 7.096225623506815
MAE: 1.9740267506352172
EVS: -0.21819525380776605
