Model: GRU
MSE: 10.486814496041688
MAE: 2.2066738870408806
EVS: -0.7008334123214797
