Model: GRU
MSE: 13.172894183343045
MAE: 3.035136487748889
EVS: -0.004565024700256881
