Model: GRU
MSE: 12.202906275075732
MAE: 2.3819867240058046
EVS: -0.9506260111153504
