Model: GRU
MSE: 6.354462705632109
MAE: 1.7510638413605872
EVS: -0.01239179455943451
