Model: GRU
MSE: 3.8713259472876524
MAE: 1.5495920004668053
EVS: 0.23358023328594923
