Model: GRU
MSE: 6.279132061871495
MAE: 1.733759173640499
EVS: -0.004678148484923206
