Model: GRU
MSE: 2.68995718532093
MAE: 1.2120020477860065
EVS: 0.3146665259835084
