Model: GRU
MSE: 9.01793294666334
MAE: 1.7837657575254082
EVS: -0.5551056884274983
