Model: GRU
MSE: 9.972591536709647
MAE: 2.6263034078809944
EVS: -0.3998951990797033
