Model: GRU
MSE: 10.461145545766446
MAE: 2.548418256971572
EVS: -0.07708690455168177
