Model: GRU
MSE: 5.877294124031433
MAE: 1.6142362135427974
EVS: -0.026678685889227394
