Model: GRU
MSE: 8.760050195755591
MAE: 2.0448923640780983
EVS: -0.2318102151746244
