Model: GRU
MSE: 7.148344696237952
MAE: 1.7293867711667659
EVS: -0.41218249099579185
