Model: GRU
MSE: 8.803665707407268
MAE: 1.8998500789914818
EVS: -0.03276760354334973
