Model: GRU
MSE: 6.041885621672556
MAE: 1.5177951212282532
EVS: -0.16357320734464897
