Model: GRU
MSE: 8.130944062772054
MAE: 2.3084772074664084
EVS: 0.010109352916801817
