Model: GRU
MSE: 13.231750465683504
MAE: 2.5749127776534464
EVS: -0.7462455004498443
