Model: GRU
MSE: 7.455159235479058
MAE: 1.9578579973291463
EVS: -0.4437400766813486
