Model: GRU
MSE: 5.683790614089663
MAE: 1.554576644191035
EVS: -0.12154803817319393
