Model: GRU
MSE: 5.727916679647613
MAE: 1.481563214902525
EVS: -0.10025215038311197
