Model: GRU
MSE: 3.988312472617704
MAE: 1.7600975919652873
EVS: 0.3781788404357852
