Model: GRU
MSE: 6.1527986436848785
MAE: 1.6912988026936844
EVS: -0.21540125667183707
