Model: GRU
MSE: 337.40288449587683
MAE: 18.287351308045565
EVS: 0.22802100543460246
