Model: GRU
MSE: 8.528522086025246
MAE: 1.5841839401810256
EVS: -0.523006710037258
