Model: GRU
MSE: 7.545284570863135
MAE: 1.978048377566868
EVS: -0.03319640896377396
