Model: GRU
MSE: 6.502411345171932
MAE: 1.6313483803360556
EVS: -0.1120139525824968
