Model: GRU
MSE: 6.604749867972815
MAE: 1.5642867971349643
EVS: -0.20822893852027446
