Model: GRU
MSE: 8.638224533836237
MAE: 2.382372379302978
EVS: -0.2365613245566025
