Model: GRU
MSE: 7.023570918856903
MAE: 1.6122174616213203
EVS: -0.23910530723242407
