Model: GRU
MSE: 6.904628419523164
MAE: 1.8694849897314005
EVS: -0.023558947780159434
