Model: GRU
MSE: 11727.25144175035
MAE: 108.23486525924118
EVS: -2.233902129125936
