Model: GRU
MSE: 8.99321041989161
MAE: 2.319089253743489
EVS: -0.4884716424780282
