Model: GRU
MSE: 6.76644697524516
MAE: 1.6641173186125584
EVS: -0.17332687197711683
