Model: GRU
MSE: 7.031741044839903
MAE: 1.72876137274283
EVS: -0.21572855786911949
