Model: GRU
MSE: 6.7453897735825255
MAE: 1.621806621551514
EVS: -0.2284330456288377
