Model: GRU
MSE: 6.743559810591224
MAE: 1.7281716488025802
EVS: -0.32501274773923416
