Model: GRU
MSE: 5.730894442513057
MAE: 1.4815241848980945
EVS: -0.06721084198169835
