Model: GRU
MSE: 6.466389221312538
MAE: 1.6362835742809159
EVS: -0.15368558243047636
