Model: GRU
MSE: 11.120829536579286
MAE: 2.9009658495585113
EVS: -0.3556468896741478
