Model: GRU
MSE: 8.46469360957394
MAE: 2.228186660342746
EVS: -0.3817533163474389
