Model: GRU
MSE: 14.089571497445474
MAE: 3.1812050960682066
EVS: 0.005193769611175347
