Model: GRU
MSE: 6.837198892872408
MAE: 1.8493656935515221
EVS: -0.3208392505401312
