Model: GRU
MSE: 10.321194903866958
MAE: 2.0019350562776834
EVS: -0.14767462670958587
