Model: GRU
MSE: 7.272281258597973
MAE: 1.8449987658747926
EVS: -0.08924307318265634
