Model: GRU
MSE: 2.7867756705102154
MAE: 1.2342542718957972
EVS: 0.27769007825040404
