Model: GRU
MSE: 3.6509407439277335
MAE: 1.6080756010832604
EVS: 0.17742395369692077
