Model: GRU
MSE: 5.909869494940166
MAE: 1.5479867016827618
EVS: -0.16290747061455435
