Model: GRU
MSE: 7.552625590744345
MAE: 1.9882157467029709
EVS: -0.43379409597316765
