Model: GRU
MSE: 11.861103711382551
MAE: 2.311127733301233
EVS: -0.6920043496173425
