Model: GRU
MSE: 6.809785619512855
MAE: 1.5777593718634715
EVS: -0.21928142432914322
