Model: GRU
MSE: 8.231904542012806
MAE: 1.806517954225894
EVS: -0.39194192752033086
