Model: GRU
MSE: 8.264292872060928
MAE: 1.6348612573411734
EVS: -0.49838687732686715
