Model: GRU
MSE: 9.118596427383537
MAE: 2.240990038271304
EVS: -0.14845843727318608
