Model: GRU
MSE: 6.024976535423489
MAE: 1.4928765120329683
EVS: -0.1628793747064161
