Model: GRU
MSE: 6.184916374975509
MAE: 1.6287902196248367
EVS: -0.22091614573437113
