Model: GRU
MSE: 10.830349335470672
MAE: 2.507607212773076
EVS: -0.5533651002996971
