Model: GRU
MSE: 9.036511100627685
MAE: 1.8518819455747257
EVS: -0.6239583705157221
