Model: GRU
MSE: 7.926304525235674
MAE: 2.2288319623028796
EVS: 0.07560748254376015
