Model: GRU
MSE: 13.989666508507833
MAE: 2.8972713682386617
EVS: -0.8683289444524263
