Model: GRU
MSE: 4.00837146567358
MAE: 1.6643471894440822
EVS: 0.16689363026562898
