Model: GRU
MSE: 9.408798698477666
MAE: 1.7322202258639872
EVS: -0.7083911184521419
