Model: GRU
MSE: 8.213564486541847
MAE: 2.1687890688578295
EVS: -0.08737783936897126
