Model: GRU
MSE: 6.730112324355292
MAE: 1.8900769551595058
EVS: -0.022698411472756863
