Model: GRU
MSE: 152.40227785503288
MAE: 12.122413511629459
EVS: 0.00932926623384056
