Model: GRU
MSE: 5.6832917123944195
MAE: 1.5036103813736525
EVS: -0.10757338757033863
