Model: GRU
MSE: 10.121043278705386
MAE: 1.9176463021172412
EVS: -0.8291330225891316
