Model: GRU
MSE: 7.147777569365918
MAE: 2.3821993227358225
EVS: 0.37416486419725936
