Model: GRU
MSE: 5.55563903071861
MAE: 1.5339543731124319
EVS: -0.05167868577419199
