Model: GRU
MSE: 9.638101134620465
MAE: 1.9656832306473337
EVS: -0.6777483720582451
