Model: GRU
MSE: 5.962461176908863
MAE: 1.4760148613541213
EVS: -0.1396984118546336
