Model: GRU
MSE: 6.484370538679942
MAE: 1.7422951239126694
EVS: -0.26078120755517764
