Model: GRU
MSE: 5.96361849962014
MAE: 1.512349128723145
EVS: -0.11294241231563262
