Model: GRU
MSE: 8.379253802541212
MAE: 1.9488475764239281
EVS: -0.3216999377035845
