Model: GRU
MSE: 9.132152494448807
MAE: 2.4402456460175697
EVS: 0.018162318106526798
