Model: GRU
MSE: 8.995230069371896
MAE: 1.6760843821934288
EVS: -0.05543715935645244
