Model: GRU
MSE: 6.7409179700129
MAE: 1.7722682599668156
EVS: -0.075189656370513
