Model: GRU
MSE: 11.423247297153875
MAE: 2.9896912574768058
EVS: -0.35740983448486885
