Model: GRU
MSE: 7.908668144258166
MAE: 1.8723596113699459
EVS: -0.23104912857643178
