Model: GRU
MSE: 4.1654013114060024
MAE: 1.6653237519440833
EVS: 0.2887884091553993
