Model: GRU
MSE: 9.70564715999818
MAE: 1.8713446723090272
EVS: -0.6324065270942452
