Model: GRU
MSE: 6.7609375954462125
MAE: 1.8653581054122366
EVS: -0.056428313919157924
