Model: GRU
MSE: 4.779346744618534
MAE: 1.8442040372777864
EVS: 0.1041893097284482
