Model: GRU
MSE: 9.472617148619973
MAE: 2.6263634010597507
EVS: -0.1761426223008804
