Model: GRU
MSE: 6.352047322116135
MAE: 1.6866563867639617
EVS: -0.14312725279604033
