Model: GRU
MSE: 6.4835037606661565
MAE: 1.7025121936091676
EVS: -0.06887890768645888
