Model: GRU
MSE: 10.980336348192898
MAE: 2.1816746747052225
EVS: -0.6979406434636466
