Model: GRU
MSE: 16.827016143626306
MAE: 3.737528023896393
EVS: -0.5537966497836009
