Model: GRU
MSE: 9.004606583602989
MAE: 2.3768015084443275
EVS: 0.029727617990416122
