Model: GRU
MSE: 153.43682637481578
MAE: 12.161374619713536
EVS: -0.006746042878440051
