Model: GRU
MSE: 6.47512036211957
MAE: 1.582928586889196
EVS: -0.2556904001407252
