Model: GRU
MSE: 6.774563072156129
MAE: 1.638404016141538
EVS: -0.3015552210904864
