Model: GRU
MSE: 8.391407094597897
MAE: 1.5267302548443829
EVS: -0.5021053773806148
