Model: GRU
MSE: 5.889141865492042
MAE: 1.4967444737752276
EVS: -0.15920591271173667
