Model: GRU
MSE: 6.274870805965503
MAE: 1.445434799900761
EVS: -0.18822269437665207
