Model: GRU
MSE: 9.181378410693402
MAE: 1.8178426601268622
EVS: -0.4801407238677555
