Model: GRU
MSE: 9.217905388643414
MAE: 1.7622203473691584
EVS: -0.6357870618613364
