Model: GRU
MSE: 7.32791407998368
MAE: 1.9841424270912447
EVS: -0.3320787030043455
