Model: GRU
MSE: 10.022595925896528
MAE: 2.792137304941812
EVS: 0.03866136434630596
