Model: GRU
MSE: 11.919168653543135
MAE: 2.396848572625054
EVS: -0.7302884024778626
