Model: GRU
MSE: 5.835687294176557
MAE: 1.5483864501670552
EVS: -0.15089870379921622
