Model: GRU
MSE: 8.386645584804963
MAE: 2.181867440541586
EVS: -0.08815454607498863
