Model: GRU
MSE: 5.136700276030886
MAE: 1.3933015046296295
EVS: 0.0017366706535579812
