Model: GRU
MSE: 5.577499725600529
MAE: 1.4334579573737254
EVS: -0.04748032092658683
