Model: GRU
MSE: 2.8363595784264817
MAE: 1.2409228395532677
EVS: 0.3040410550306578
