Model: GRU
MSE: 8.743068443365903
MAE: 1.6270848026982057
EVS: -0.5559701320002066
