Model: GRU
MSE: 9.658394027251486
MAE: 2.2192724722403074
EVS: -0.4612123321806727
