Model: GRU
MSE: 8.82065335055921
MAE: 1.697298191211842
EVS: -0.603144697104677
