Model: GRU
MSE: 6.988432159351526
MAE: 1.844478748462819
EVS: -0.1495923374905883
