Model: GRU
MSE: 9.382517529003264
MAE: 1.7097342985647694
EVS: -0.6975629518799129
