Model: GRU
MSE: 151.9758358843486
MAE: 12.113778220282661
EVS: -0.03368112743043383
