Model: GRU
MSE: 11.498527904594654
MAE: 2.290169998451515
EVS: -0.7236615608880628
