Model: GRU
MSE: 7.698952393534587
MAE: 2.0686936908298064
EVS: -0.3724662718449403
