Model: GRU
MSE: 11.483774688860073
MAE: 2.4270067214965816
EVS: -0.5030077550430172
