Model: GRU
MSE: 7.695808212323106
MAE: 1.7204810778299964
EVS: -0.45205580260756006
