Model: GRU
MSE: 8.349661145671616
MAE: 2.238904546808314
EVS: 0.04599120710270754
