Model: GRU
MSE: 6.553365922407305
MAE: 1.6947764820522726
EVS: -0.27603668792861424
