Model: GRU
MSE: 8.455143302556793
MAE: 1.7062574492560487
EVS: -0.5318275297887101
