Model: GRU
MSE: 9.197206328964413
MAE: 1.9252204895019536
EVS: -0.577898914545544
