Model: GRU
MSE: 8.19444904059978
MAE: 2.156351354387072
EVS: -0.057519582715657824
