Model: GRU
MSE: 7.115709582337035
MAE: 1.837758929641158
EVS: -0.39659112661745266
