Model: GRU
MSE: 9.474335964173347
MAE: 2.181273195478652
EVS: -0.5484847235094192
