Model: GRU
MSE: 8.16929130881514
MAE: 2.222970291420265
EVS: -0.2965764469517109
