Model: GRU
MSE: 6.973183948513115
MAE: 1.6759642848262077
EVS: -0.37706995440643
