Model: GRU
MSE: 10.271350950189294
MAE: 2.3518492910597066
EVS: -0.534324920660953
