Model: GRU
MSE: 10.477058988397031
MAE: 1.732742839389377
EVS: -0.8827118054800884
