Model: GRU
MSE: 6.394037213286175
MAE: 1.5214384396870935
EVS: -0.18097068395057336
