Model: GRU
MSE: 6.635259044517735
MAE: 1.6725920041402187
EVS: -0.14630782687837662
