Model: GRU
MSE: 6.727028997508297
MAE: 2.146932919820149
EVS: 0.10725009484483272
