Model: GRU
MSE: 693.4462561140011
MAE: 26.05300928045202
EVS: -1.6700240462671232
