Model: GRU
MSE: 9.281920162653545
MAE: 1.7339972743281609
EVS: -0.6352338147758663
