Model: GRU
MSE: 13.046373578732629
MAE: 2.554243476302535
EVS: -0.9191418710648651
