Model: GRU
MSE: 6.38554032438171
MAE: 1.7376554277208112
EVS: -0.22594572700001203
