Model: GRU
MSE: 5.871461198468086
MAE: 1.5765701399909122
EVS: -0.15961665863716368
