Model: GRU
MSE: 6.558812666669889
MAE: 1.5986793659351495
EVS: -0.22853531739687316
