Model: GRU
MSE: 8.82421198248637
MAE: 2.426029205322265
EVS: -0.2530353445756728
