Model: GRU
MSE: 6.26915871902057
MAE: 1.7385033148306392
EVS: -0.08520715626113895
