Model: GRU
MSE: 3.4373072179454933
MAE: 1.402851987768102
EVS: 0.26115948355277474
