Model: GRU
MSE: 9.364928025139685
MAE: 1.7681380201269075
EVS: -0.648197175476602
