Model: GRU
MSE: 6.6101979871043985
MAE: 1.5268297195434575
EVS: -0.20602583137885921
