Model: GRU
MSE: 6.005730884698837
MAE: 1.570072915818956
EVS: -0.17016769805116527
