Model: GRU
MSE: 155.97406504132957
MAE: 12.264485326078203
EVS: -0.09774059255390966
