Model: GRU
MSE: 7.391890760885888
MAE: 1.8678990470038515
EVS: -0.4596148120693857
