Model: GRU
MSE: 5.584285949974124
MAE: 1.5222691253379546
EVS: -0.03390104927691295
