Model: GRU
MSE: 11.2088587645362
MAE: 2.1298943625556093
EVS: -0.7963059093909766
