Model: GRU
MSE: 10.135198248011614
MAE: 1.8932849212929048
EVS: -0.8331427753524083
