Model: GRU
MSE: 6.832587374290783
MAE: 1.667463797110099
EVS: -0.17673774053109015
