Model: GRU
MSE: 7.108800927595945
MAE: 1.8130911721123595
EVS: -0.0873706575519777
