Model: GRU
MSE: 7.846938700820567
MAE: 2.0399710513927314
EVS: -0.4800201032833027
