Model: GRU
MSE: 15.472431484946814
MAE: 3.3835361975210696
EVS: 0.02500454994667256
