Model: GRU
MSE: 6.751257070927413
MAE: 1.7948872601544412
EVS: -0.32938765687882365
