Model: GRU
MSE: 9.091124324567133
MAE: 2.134685975533945
EVS: -0.3781422878970151
