Model: GRU
MSE: 6.165276998988299
MAE: 1.5931493971082904
EVS: -0.12830356705573576
