Model: GRU
MSE: 6.873485698438447
MAE: 1.8635592284025975
EVS: 0.000494742464054454
