Model: GRU
MSE: 6.524377516632833
MAE: 1.6503485397056303
EVS: -0.10417136357222878
