Model: GRU
MSE: 11.666035606030366
MAE: 2.2987852802983033
EVS: -0.8838953249837382
