Model: GRU
MSE: 9.533828469319824
MAE: 1.7099976186399108
EVS: -0.7135318801636072
