Model: GRU
MSE: 7.456136527994416
MAE: 1.9308919376797151
EVS: -0.10569743885900462
