Model: GRU
MSE: 5.704599663263758
MAE: 1.4649635597511572
EVS: -0.12521601338418398
