Model: GRU
MSE: 6.087442830297058
MAE: 1.5651404062906902
EVS: -0.16444405067571743
