Model: GRU
MSE: 5.672031935295932
MAE: 1.4910471527664748
EVS: -0.11068319319293618
