Model: GRU
MSE: 9.326608811582757
MAE: 1.8355431556701656
EVS: -0.6024698876788595
