Model: GRU
MSE: 7.0158911656255825
MAE: 1.6673778957790804
EVS: -0.1638478123969842
