Model: GRU
MSE: 10.090668028420362
MAE: 2.1195702906008127
EVS: -0.6754514179836897
