Model: GRU
MSE: 6.212363996745116
MAE: 1.727409680684407
EVS: -0.21114868590482794
