Model: GRU
MSE: 13.18563367565386
MAE: 2.5885863127531823
EVS: -0.8864736336899885
