Model: GRU
MSE: 7.7649285806541615
MAE: 2.1049996482001405
EVS: -0.31842691087964003
