Model: GRU
MSE: 6.3606549396779934
MAE: 1.5857994468123826
EVS: -0.21583590662222352
