Model: GRU
MSE: 8.053791145148283
MAE: 2.212098368891963
EVS: -0.2692913651661273
