Model: GRU
MSE: 10.670858284499142
MAE: 2.01206115440086
EVS: -0.884330016662835
