Model: GRU
MSE: 8.439259554450441
MAE: 1.8271984877409764
EVS: -0.513397987283007
