Model: GRU
MSE: 5.744955394258198
MAE: 1.4075603661713774
EVS: -0.12816940260982035
