Model: GRU
MSE: 8.4958130027332
MAE: 2.2385805624502684
EVS: -0.09287119600462113
