Model: GRU
MSE: 6.141751322630978
MAE: 1.6748559739854596
EVS: -0.17148290339592287
