Model: GRU
MSE: 6.09509662684771
MAE: 1.6214302204273363
EVS: -0.1953152492777852
