Model: GRU
MSE: 10.42892348272121
MAE: 1.9104235613787621
EVS: -0.8945473456676674
