Model: GRU
MSE: 10.780542526465743
MAE: 1.8969061109754772
EVS: -0.9275603769521017
