Model: GRU
MSE: 8.798124444598281
MAE: 2.494002660115559
EVS: -0.16051393843032535
