Model: GRU
MSE: 5.816901008736294
MAE: 1.643811437818739
EVS: -0.1135443036667878
