Model: GRU
MSE: 2.484255621199652
MAE: 1.2776782424361615
EVS: 0.36069951675221945
