Model: GRU
MSE: 5.613812821919148
MAE: 1.6380475891960997
EVS: 0.0697687876348716
