Model: GRU
MSE: 6.384937403942087
MAE: 1.6061753343652794
EVS: -0.25442244583119633
