Model: GRU
MSE: 5.9258882024722865
MAE: 1.5161798088638876
EVS: -0.11393836740482954
