Model: GRU
MSE: 6.52446253557071
MAE: 1.5735688915959107
EVS: -0.2003917245315061
