Model: GRU
MSE: 7.956724540759118
MAE: 2.0821618857207116
EVS: -0.5141540428007783
