Model: GRU
MSE: 6.551722885281599
MAE: 1.6114101409912114
EVS: -0.19748830753939073
