Model: GRU
MSE: 9.33728351643512
MAE: 1.6678743362426758
EVS: -0.6960218285199924
