Model: GRU
MSE: 8.414872069016551
MAE: 1.6497561843306936
EVS: -0.5296321392886103
