Model: GRU
MSE: 8.984054290405531
MAE: 2.036928989269116
EVS: -0.5094868343984424
