Model: GRU
MSE: 6.398020476756621
MAE: 1.6231999927096894
EVS: -0.24127392529794411
