Model: GRU
MSE: 7.881552199827657
MAE: 2.185017903645834
EVS: 0.024099733606938845
