Model: GRU
MSE: 6.308010669100274
MAE: 1.6918731972023298
EVS: -0.11908650803797527
