Model: GRU
MSE: 6.2383247034466685
MAE: 1.7533346635323979
EVS: -0.22256412448916674
