Model: GRU
MSE: 17433.95961486338
MAE: 132.018551296658
EVS: 2.220446049250313e-16
