Model: GRU
MSE: 8.834119176372667
MAE: 2.238066814563893
EVS: -0.026674981687506927
