Model: GRU
MSE: 3.1617135407594588
MAE: 1.3695483737521708
EVS: 0.23120724647707724
