Model: GRU
MSE: 5.457781694304281
MAE: 1.4579242070515948
EVS: -0.07815101075039932
