Model: GRU
MSE: 11.273673895287086
MAE: 2.5595890504342544
EVS: -0.5180862555990429
