Model: GRU
MSE: 6.716468341238533
MAE: 1.9167188361839018
EVS: -0.10106287950713244
