Model: GRU
MSE: 6.613841020166899
MAE: 1.8069543485288262
EVS: -0.28006024461600343
