Model: GRU
MSE: 6.231331617994573
MAE: 1.5647904607984755
EVS: -0.2029708158934036
