Model: GRU
MSE: 12.12772257532918
MAE: 2.929937256707086
EVS: 0.01038579425200492
