Model: GRU
MSE: 7.4310456237165745
MAE: 1.7700683099252201
EVS: -0.4663883755650533
