Model: GRU
MSE: 14.164279107968767
MAE: 2.9365986364859116
EVS: -0.611171204652871
