Model: GRU
MSE: 7.247118037631826
MAE: 1.6190908043472856
EVS: -0.38846743997929667
