Model: GRU
MSE: 6.2402792068871555
MAE: 1.4989683716385453
EVS: -0.2299727536711158
