Model: GRU
MSE: 10.988532991804151
MAE: 2.189446926116944
EVS: -0.8337120277918368
