Model: GRU
MSE: 4.689423923215088
MAE: 1.8750010419774943
EVS: 0.2744269246454416
