Model: GRU
MSE: 7.45657002485742
MAE: 2.0407050274036544
EVS: -0.30559910731470796
