Model: GRU
MSE: 5.466485679828077
MAE: 1.4639109505547414
EVS: -0.07470885669164695
