Model: GRU
MSE: 9.161851132034078
MAE: 2.174593236711291
EVS: -0.21462716187842745
