Model: GRU
MSE: 7.368861614202343
MAE: 2.0447081106680405
EVS: -0.24849109653821633
