Model: GRU
MSE: 8.923983709353545
MAE: 1.6904105799538751
EVS: -0.05862026335328885
