Model: GRU
MSE: 6.490101097032764
MAE: 1.737424532572429
EVS: -0.04823608034462645
