Model: GRU
MSE: 3.647239394554956
MAE: 1.6372660177725338
EVS: 0.380438999063083
