Model: GRU
MSE: 11.42407561515153
MAE: 2.313563488147876
EVS: -0.6149004331239585
