Model: GRU
MSE: 2.7158616899192585
MAE: 1.3005054438555679
EVS: 0.3072982363870077
