Model: GRU
MSE: 6.541664488410662
MAE: 1.6085906028747556
EVS: -0.29196795405404163
