Model: GRU
MSE: 6.349511082598846
MAE: 1.6647665059124979
EVS: -0.250835647200488
