Model: GRU
MSE: 2.363730557689704
MAE: 1.1772610346476242
EVS: 0.3920246536471995
