Model: GRU
MSE: 6.6532240520273
MAE: 1.7137393421596945
EVS: -0.29571922629231095
