Model: GRU
MSE: 8.350677493951109
MAE: 1.6780271176938664
EVS: -0.4958182671878544
