Model: GRU
MSE: 9.30482009765129
MAE: 2.0022284189860033
EVS: -0.5670399102397867
