Model: GRU
MSE: 5.386467228498911
MAE: 1.5109023518032496
EVS: -0.06318798372556156
