Model: GRU
MSE: 6.460376565170757
MAE: 1.7172532434816707
EVS: -0.2537450702816262
