Model: GRU
MSE: 5.641445425037504
MAE: 1.5149032274882004
EVS: -0.04644018452809062
