Model: GRU
MSE: 9.277005193414375
MAE: 1.7573137283325193
EVS: -0.5997531781038967
