Model: GRU
MSE: 6.471627925134356
MAE: 1.6611705709386753
EVS: -0.26556256245325605
