Model: GRU
MSE: 3.8668424899675555
MAE: 1.6709744488751441
EVS: 0.27319502095684944
