Model: GRU
MSE: 6.2866997300079746
MAE: 1.7380703996728966
EVS: -0.2182863135959059
