Model: GRU
MSE: 3.6785829815015747
MAE: 1.5757335733484334
EVS: 0.25828411957631003
