Model: GRU
MSE: 9.21070405447598
MAE: 1.6438640665124968
EVS: -0.6728170185536244
