Model: GRU
MSE: 7.004600658902148
MAE: 1.7026990078113697
EVS: -0.35080861480521053
