Model: GRU
MSE: 8.834903342000198
MAE: 1.6243157916598847
EVS: -0.5872333545544661
