Model: GRU
MSE: 9.550658547531755
MAE: 1.7970182630750873
EVS: -0.7296289034950019
