Model: GRU
MSE: 9.333082513938447
MAE: 2.3777658321239326
EVS: -0.5885736168984603
