Model: GRU
MSE: 6.41205672092633
MAE: 1.6342014559993034
EVS: -0.2608142060937084
