Model: GRU
MSE: 7.970177601910925
MAE: 2.0505875658105914
EVS: -0.5210788761780953
