Model: GRU
MSE: 7.32967872860166
MAE: 1.9164804705867056
EVS: -0.3588340022565977
