Model: GRU
MSE: 6.557850830160078
MAE: 1.7316646575927732
EVS: -0.295515866988433
