Model: GRU
MSE: 9.298005608609603
MAE: 1.8038768061885133
EVS: -0.631971995940227
