Model: GRU
MSE: 9.035475621473813
MAE: 1.7679542965359152
EVS: -0.5644123163960921
