Model: GRU
MSE: 9.513924613611893
MAE: 1.8267496426900223
EVS: -0.5842129707170054
