Model: GRU
MSE: 9.182894550192737
MAE: 2.369621064927842
EVS: -0.4671284881834985
