Model: GRU
MSE: 8.630115296752766
MAE: 2.122108971631085
EVS: -0.6471489366020748
