Model: GRU
MSE: 8.784932927698762
MAE: 1.690865993499756
EVS: -0.5761210181398166
