Model: GRU
MSE: 11.541255277768196
MAE: 2.2586861363163697
EVS: -0.8783620028540051
