Model: GRU
MSE: 11.733519092003915
MAE: 2.3732004518862118
EVS: -0.5765493864841078
