Model: GRU
MSE: 10.16422823956691
MAE: 1.8431619361594866
EVS: -0.758968811439164
