Model: GRU
MSE: 7.100828683762848
MAE: 1.8976397867555965
EVS: -0.3675275801296123
