Model: GRU
MSE: 8.96727509928422
MAE: 1.6747242256447126
EVS: -0.62739348304706
