Model: GRU
MSE: 10.054859371132569
MAE: 1.9717676374647348
EVS: -0.5920574346763594
