Model: GRU
MSE: 6.359293292428849
MAE: 2.125757323371039
EVS: 0.16543332390263532
