Model: GRU
MSE: 10.103452617732534
MAE: 1.8565907478332524
EVS: -0.8221948205543541
