Model: GRU
MSE: 2.582744504537224
MAE: 1.376097785101997
EVS: 0.40627826151021074
