Model: GRU
MSE: 7.498367771424555
MAE: 1.930820500409161
EVS: -0.39699710972629454
