Model: GRU
MSE: 6.045017100800697
MAE: 1.691236707899306
EVS: 0.002458315686130974
