Model: GRU
MSE: 7.788469015168224
MAE: 2.379785784968623
EVS: -0.008080192423845833
