Model: GRU
MSE: 7.492385941366028
MAE: 1.7165977866561322
EVS: -0.42721027225242647
