Model: GRU
MSE: 8.074383121783606
MAE: 2.0559310559873234
EVS: -0.09688569942185699
