Model: GRU
MSE: 6.750247020267884
MAE: 1.6171645058525939
EVS: -0.19484341924258586
