Model: GRU
MSE: 7.294048655155957
MAE: 1.7832560715851957
EVS: -0.43134124752537706
