Model: GRU
MSE: 10.379243081095044
MAE: 2.660048855675591
EVS: -0.5337268922413041
