Model: GRU
MSE: 6.044320482891947
MAE: 1.4555566399185746
EVS: -0.1766845927335372
