Model: GRU
MSE: 11.116763858320496
MAE: 2.552388403150771
EVS: -0.6757959324247034
