Model: GRU
MSE: 8.07376081534492
MAE: 2.141166722332989
EVS: -0.3806715616456211
