Model: GRU
MSE: 6.608291929167445
MAE: 1.7803835868835454
EVS: -0.07486260337609907
