Model: GRU
MSE: 4.021643728401877
MAE: 1.786853913907652
EVS: 0.4785531461033047
