Model: GRU
MSE: 8.789210062786877
MAE: 2.3664980994330507
EVS: -0.3273419667632056
