Model: GRU
MSE: 5.987022695644369
MAE: 1.518570334823043
EVS: -0.16499253266201186
