Model: GRU
MSE: 9.118245609190506
MAE: 1.877809365590414
EVS: -0.5874199260576265
