Model: GRU
MSE: 6.943011086698335
MAE: 1.7048866837112997
EVS: -0.2246224124363383
