Model: GRU
MSE: 7.502580598377706
MAE: 1.6342852203934284
EVS: -0.33131153718951256
