Model: GRU
MSE: 6.706108704036255
MAE: 1.5327357539424193
EVS: -0.2214313127277261
