Model: GRU
MSE: 11.07090904047074
MAE: 2.0479186022723166
EVS: -0.985217888419154
