Model: GRU
MSE: 6.220610192439154
MAE: 1.5352039866977274
EVS: -0.17413060268085157
