Model: GRU
MSE: 4.732891780618491
MAE: 1.7548049820793994
EVS: 0.3090896886036979
