Model: GRU
MSE: 6.486779035226038
MAE: 1.6285627859610103
EVS: -0.14373341765501269
