Model: GRU
MSE: 9.206958312787922
MAE: 1.9180813895331494
EVS: -0.6272407098951747
