Model: GRU
MSE: 6.612391734629909
MAE: 1.7560068766276036
EVS: -0.2914324486067583
