Model: GRU
MSE: 9.765073102949836
MAE: 1.994482729170058
EVS: -0.6630030152549793
