Model: GRU
MSE: 7.365777093780379
MAE: 1.7995291639257356
EVS: -0.45499118321859733
