Model: GRU
MSE: 5.9027286322101125
MAE: 1.4366066720750594
EVS: -0.15416122644189723
