Model: GRU
MSE: 6.34002359584149
MAE: 1.5881190123381435
EVS: -0.24736694976996731
