Model: GRU
MSE: 7.9116864551036326
MAE: 2.1903958673830393
EVS: 0.0830239959732969
