Model: GRU
MSE: 10.367560660063923
MAE: 1.8084921836853025
EVS: -0.8600099872002711
