Model: GRU
MSE: 6.528946555987416
MAE: 1.5563438380206078
EVS: -0.19958225370688387
