Model: GRU
MSE: 6.965004468302124
MAE: 1.5633849038018124
EVS: -0.2739176575861837
