Model: GRU
MSE: 7.365216116027587
MAE: 1.9778896967569992
EVS: -0.037571023488734534
