Model: GRU
MSE: 6.672112105020183
MAE: 1.6484414736429855
EVS: -0.11161552839931299
