Model: GRU
MSE: 10.883652347458975
MAE: 2.1814601686265727
EVS: -0.6048664278545979
