Model: GRU
MSE: 5.408851111530653
MAE: 2.0595094186288345
EVS: 0.256037684516769
