Model: GRU
MSE: 8.420383847757513
MAE: 1.6755762983251499
EVS: -0.5172390019093753
