Model: GRU
MSE: 10.849626979364984
MAE: 2.3262509240044493
EVS: -0.5975570461527213
