Model: GRU
MSE: 5.711486259722033
MAE: 1.7397582619278513
EVS: 0.02437486291204527
