Model: GRU
MSE: 10.50021214923712
MAE: 2.1609223683675123
EVS: -0.6557244397271755
