Model: GRU
MSE: 5.800055815630677
MAE: 1.4423572752210834
EVS: -0.0757649018290183
