Model: GRU
MSE: 8.273179056561846
MAE: 2.230039490593804
EVS: -0.43555045958469774
