Model: GRU
MSE: 13.914475464872714
MAE: 3.114444414774578
EVS: -0.019425697587960533
