Model: GRU
MSE: 6.8692110205626316
MAE: 1.7265427377488876
EVS: -0.3444224817257966
