Model: GRU
MSE: 8.669368283064788
MAE: 2.253074451729103
EVS: -0.4278449851154069
