Model: GRU
MSE: 8.926743365147626
MAE: 1.5771122685185182
EVS: -0.5719596047052802
