Model: GRU
MSE: 5.041046685195296
MAE: 1.3515219158596468
EVS: 0.011939267702696155
