Model: GRU
MSE: 8.567170597899716
MAE: 2.2506163561785657
EVS: -0.4565580750051945
