Model: GRU
MSE: 7.3421679152430785
MAE: 1.8765753463462542
EVS: -0.42805305751622136
