Model: GRU
MSE: 5.946450318795558
MAE: 1.517950128625941
EVS: -0.13387102794706007
