Model: GRU
MSE: 6.942095584451099
MAE: 1.859090133949563
EVS: -0.2811224734347044
