Model: GRU
MSE: 6.2872430824628465
MAE: 1.668258331440113
EVS: -0.24169062902370642
