Model: GRU
MSE: 6.222980622639104
MAE: 1.6083596194231957
EVS: -0.1641596849036715
