Model: GRU
MSE: 646.0842945723491
MAE: 25.342091666327583
EVS: 0.2368842722640382
