Model: GRU
MSE: 10.291452019166059
MAE: 2.5939444789180053
EVS: -0.034557716412397355
