Model: GRU
MSE: 5.9883104552812885
MAE: 1.7278745439317487
EVS: -0.1111647735040624
