Model: GRU
MSE: 6.004483219280804
MAE: 1.7741124188458484
EVS: -0.030653444912617234
