Model: GRU
MSE: 8.294380586539368
MAE: 1.5917266563132955
EVS: -0.5006861853187783
