Model: GRU
MSE: 6.988291296227989
MAE: 1.7975884720131197
EVS: -0.36243895259969583
