Model: GRU
MSE: 5.765577147691222
MAE: 1.511744799437346
EVS: -0.1146286060017947
