Model: GRU
MSE: 5.7864396403528255
MAE: 1.5096653479116933
EVS: -0.14224887014362197
