Model: GRU
MSE: 6.846146053837445
MAE: 1.6860410372416184
EVS: -0.1583030304676396
