Model: GRU
MSE: 10.722446766882033
MAE: 1.9154215742040566
EVS: -0.9040650608330505
