Model: GRU
MSE: 9.179095640328375
MAE: 1.7410511440700949
EVS: -0.6400734440823526
