Model: GRU
MSE: 5.285827003048123
MAE: 1.433288150363498
EVS: -0.03892467548376044
