Model: GRU
MSE: 6.7321629160923955
MAE: 1.5477580141138145
EVS: -0.1993711825980149
