Model: GRU
MSE: 6.013462655266192
MAE: 1.6512302999143254
EVS: -0.03442872502368699
