Model: GRU
MSE: 155.7663229550135
MAE: 12.238876521587372
EVS: -0.0864507780378514
