Model: GRU
MSE: 6.313707441778814
MAE: 1.873970985412598
EVS: 0.04667186007428492
