Model: GRU
MSE: 7.337799913309912
MAE: 1.6805820994906961
EVS: -0.3715046273807219
