Model: GRU
MSE: 7.226489284046017
MAE: 2.080667213157371
EVS: -0.2528344282509172
