Model: GRU
MSE: 5.080780814406732
MAE: 1.418728033701579
EVS: 0.016130841412893004
