Model: GRU
MSE: 7.550235447437387
MAE: 1.7751383428220402
EVS: -0.2711460501570593
