Model: GRU
MSE: 6.085926688286143
MAE: 1.5450109022635001
EVS: -0.11541715969313482
