Model: GRU
MSE: 2.387857581693559
MAE: 1.2072367138332796
EVS: 0.3887929710389084
