Model: GRU
MSE: 6.555700647349939
MAE: 1.6424797905815978
EVS: -0.1277031282208143
