Model: GRU
MSE: 7.3546232481768925
MAE: 1.9559440966005683
EVS: -0.1073109768600573
