Model: GRU
MSE: 6.0683038907602125
MAE: 1.6334106480633777
EVS: -0.07919973066967989
