Model: GRU
MSE: 8.834085380004982
MAE: 2.392453334949634
EVS: -0.3065629110035286
