Model: GRU
MSE: 6.260909623050634
MAE: 1.6016678103694215
EVS: -0.09970578331923052
