Model: GRU
MSE: 10.371246307567196
MAE: 1.9527334990324803
EVS: -0.8759390459652774
