Model: GRU
MSE: 10.266908623630755
MAE: 2.113892449273004
EVS: -0.7142452944182105
