Model: GRU
MSE: 10.217769505595388
MAE: 2.5397881578516084
EVS: -0.2753402496191588
