Model: GRU
MSE: 6.651427519199707
MAE: 1.640597237481011
EVS: -0.3011988012836275
