Model: GRU
MSE: 7.6181320896334395
MAE: 1.8823885741057214
EVS: -0.504251962803214
