Model: GRU
MSE: 2.8068852467391423
MAE: 1.4104903185809106
EVS: 0.33816646721330756
