Model: GRU
MSE: 12.096712472031765
MAE: 2.4448563257853184
EVS: -0.6367529896465705
