Model: GRU
MSE: 9.584590366275473
MAE: 1.9359251481515396
EVS: -0.6384069002745034
