Model: GRU
MSE: 6.628492341527449
MAE: 1.774154769049751
EVS: -0.10734492371907356
