Model: GRU
MSE: 9.283775182619172
MAE: 1.736034993772154
EVS: -0.6702420191894021
