Model: GRU
MSE: 6.62630434911836
MAE: 1.6246960957845058
EVS: -0.24045117818075745
