Model: GRU
MSE: 10.016601032330106
MAE: 1.9073690131858538
EVS: -0.6996366631471795
