Model: GRU
MSE: 9.075600825727163
MAE: 1.8956109859325272
EVS: -0.5626095197456453
