Model: GRU
MSE: 10.265876070844927
MAE: 1.9537356581006737
EVS: -0.22833746272956645
