Model: GRU
MSE: 6.94189367201475
MAE: 1.54150425946271
EVS: -0.23915653333615938
