Model: GRU
MSE: 5.538257728998234
MAE: 1.4082885848151312
EVS: -0.07762636332806228
