Model: GRU
MSE: 10.430751952518904
MAE: 2.0734293019330057
EVS: -0.644438333457525
