Model: GRU
MSE: 5.813524854357637
MAE: 1.7104568834658016
EVS: -0.08542793021255601
