Model: GRU
MSE: 10.548873729934046
MAE: 1.9693321122063536
EVS: -0.8017963789344762
