Model: GRU
MSE: 7.288978346879628
MAE: 1.9141216454682521
EVS: -0.34677780472680486
