Model: GRU
MSE: 6.44747627799984
MAE: 1.534542383971038
EVS: -0.14857958703814367
