Model: GRU
MSE: 7.356312209046034
MAE: 1.5510631137424045
EVS: -0.33866434653409616
