Model: GRU
MSE: 9.173044969092357
MAE: 2.212186318856699
EVS: -0.3474348666820557
