Model: GRU
MSE: 8.068656772194789
MAE: 2.1282443647031424
EVS: -0.5349958241063706
