Model: GRU
MSE: 7.310890095124872
MAE: 1.8666839952822079
EVS: -0.4235320797280977
