Model: GRU
MSE: 8.477450064208764
MAE: 2.3648138929296416
EVS: -0.2445069567533964
