Model: GRU
MSE: 5.23465260823118
MAE: 1.4011426855016635
EVS: -0.033575885522485915
