Model: GRU
MSE: 6.546281026324828
MAE: 1.5839354903609661
EVS: -0.2758268177101473
