Model: GRU
MSE: 10.081516953447371
MAE: 2.3477907887211558
EVS: -0.4879411145883308
