Model: GRU
MSE: 3.478025071784514
MAE: 1.5493016242980961
EVS: 0.16526213632305642
