Model: GRU
MSE: 6.71557659013157
MAE: 1.7711918795550305
EVS: -0.3106528098848016
