Model: GRU
MSE: 6.6245522403940225
MAE: 1.776204250476979
EVS: -0.04236526314144062
