Model: GRU
MSE: 6.688848387940577
MAE: 1.7444058347631382
EVS: -0.3211410024351735
