Model: GRU
MSE: 12.318510702724168
MAE: 3.1391865412394195
EVS: -0.40478909388052053
