Model: GRU
MSE: 10.310085222742702
MAE: 2.000328911675347
EVS: -0.730859551884361
