Model: GRU
MSE: 6.935778327029751
MAE: 1.8704652786254887
EVS: -0.051192090736871254
