Model: GRU
MSE: 5.921029479968134
MAE: 1.6631159252590608
EVS: -0.015207750369552686
