Model: GRU
MSE: 6.166588039661191
MAE: 1.6151899761623805
EVS: -0.2083584662114697
