Model: GRU
MSE: 2.8596293473100114
MAE: 1.3124002174094869
EVS: 0.3323976724904356
