Model: GRU
MSE: 150.14879797480546
MAE: 12.101277298397488
EVS: 0.038060963911994206
