Model: GRU
MSE: 6.414264255766083
MAE: 1.6752257170500584
EVS: -0.06173142845084434
