Model: GRU
MSE: 5.858061289433157
MAE: 1.5641365757694956
EVS: -0.01035206146616141
