Model: GRU
MSE: 7.799595262250867
MAE: 1.9638302061292865
EVS: -0.0694592275392778
