Model: GRU
MSE: 5.539800192034481
MAE: 1.4643161914966722
EVS: -0.09387903689194221
