Model: GRU
MSE: 11.87796839251937
MAE: 2.2560698544537576
EVS: -0.8357960055442217
