Model: GRU
MSE: 9.810808223544344
MAE: 1.9363995304814086
EVS: -0.6495033348699499
