Model: GRU
MSE: 9.993053478961587
MAE: 2.6323476897345643
EVS: -0.35839581969299195
