Model: GRU
MSE: 5.579600772253292
MAE: 1.7776115558765548
EVS: 0.055218750208916534
