Model: GRU
MSE: 6.163756191235161
MAE: 1.5432891492490413
EVS: -0.14703052097421354
