Model: GRU
MSE: 7.0679582853616845
MAE: 1.900047796743888
EVS: -0.10951135892389585
