Model: GRU
MSE: 6.934067852062686
MAE: 1.6507702403598359
EVS: -0.3698409777054896
