Model: GRU
MSE: 5.89538633171389
MAE: 1.5424617661370177
EVS: -0.061927455526552544
