Model: GRU
MSE: 3.72756117251185
MAE: 1.5708692162125193
EVS: 0.11513730129312605
