Model: GRU
MSE: 12.606781394486134
MAE: 2.408255577087402
EVS: -0.23506509129996034
