Model: GRU
MSE: 6.239768957988703
MAE: 1.5579861534966368
EVS: -0.12775790172510337
