Model: GRU
MSE: 7.580774886239583
MAE: 1.7960329055786137
EVS: -0.11969530004867912
