Model: GRU
MSE: 9.732096475844164
MAE: 1.9932290359779634
EVS: -0.681663352636616
