Model: GRU
MSE: 5.533046371656821
MAE: 1.420745107862685
EVS: -0.06531231916627456
