Model: GRU
MSE: 8.19492626880475
MAE: 2.191742261250813
EVS: -0.33234804792355876
