Model: GRU
MSE: 10.862412296024525
MAE: 2.2327863551952216
EVS: -0.7120033698938042
