Model: GRU
MSE: 9.935101211909911
MAE: 2.6014282968309184
EVS: -0.3810075566742621
