Model: GRU
MSE: 7.785935453371135
MAE: 2.134635925292969
EVS: 0.031466777053744566
