Model: GRU
MSE: 4.474610874957972
MAE: 1.2960033240141688
EVS: 0.11911093289411478
