Model: GRU
MSE: 11.576692848810595
MAE: 2.3702440615053524
EVS: -0.6119646767507718
