Model: GRU
MSE: 6.759174961349107
MAE: 1.9399192598130963
EVS: -0.166594316503204
