Model: GRU
MSE: 7.6892764855610025
MAE: 1.6077764475787124
EVS: -0.39721171027378466
