Model: GRU
MSE: 6.740783780953625
MAE: 1.6931345374495892
EVS: -0.32880084401626286
