Model: GRU
MSE: 13.067237721523709
MAE: 2.5375526216295023
EVS: -0.9291340113080251
