Model: GRU
MSE: 11.865805952710835
MAE: 2.047721827471698
EVS: -1.1568181811756704
