Model: GRU
MSE: 2.35985301745987
MAE: 1.181969677960431
EVS: 0.3877819102262646
