Model: GRU
MSE: 8.035954876158872
MAE: 1.506336000230577
EVS: -0.4600467621981612
