Model: GRU
MSE: 9925.210110559921
MAE: 99.59994167751736
EVS: 2.220446049250313e-16
