Model: GRU
MSE: 10.041938252796676
MAE: 1.8980483655576348
EVS: -0.7775198016942015
