Model: GRU
MSE: 8.77425902482739
MAE: 1.7082973762794782
EVS: -0.5770804932308875
