Model: GRU
MSE: 8.050912259645656
MAE: 1.5658634503682458
EVS: -0.46337698165874075
