Model: GRU
MSE: 6.849629106370565
MAE: 1.958121017173484
EVS: -0.21748835548695222
