Model: GRU
MSE: 10.210667421649086
MAE: 2.3906358436301907
EVS: -0.3691256921814665
