Model: GRU
MSE: 3.7164169919351804
MAE: 1.5055826681631577
EVS: 0.3011681320998778
