Model: GRU
MSE: 10.374790170387348
MAE: 2.0457356770833326
EVS: -0.6172197444689425
