Model: GRU
MSE: 16.489428779517603
MAE: 3.182878617887143
EVS: -0.8496944521006009
