Model: GRU
MSE: 10.732929367296231
MAE: 2.1055448849995924
EVS: -0.8087519278520099
