Model: GRU
MSE: 11.166259797588426
MAE: 2.113465856622767
EVS: -0.9797021057656949
