Model: GRU
MSE: 6.769318027871458
MAE: 1.755196606671368
EVS: -0.3301094318361355
