Model: GRU
MSE: 9.667135516977707
MAE: 2.159223468215378
EVS: -0.5832866027067636
