Model: GRU
MSE: 6.426801441017426
MAE: 1.5050837375499582
EVS: -0.1819540742673953
