Model: GRU
MSE: 5.853435302974436
MAE: 1.7297431451302985
EVS: -0.1563037995844081
