Model: GRU
MSE: 6.645010106214891
MAE: 1.5961903995937776
EVS: -0.202316155112932
