Model: GRU
MSE: 7.039341708803586
MAE: 1.72044798179909
EVS: -0.3870170505667563
