Model: GRU
MSE: 7.602298738207001
MAE: 1.9372782177395296
EVS: -0.15106702305398367
