Model: GRU
MSE: 6.020571558408797
MAE: 1.645629282350894
EVS: -0.01843898684487888
