Model: GRU
MSE: 8.635108619080576
MAE: 1.63747971146195
EVS: -0.5677025736801087
