Model: GRU
MSE: 8.09291536204607
MAE: 2.050251925433124
EVS: -0.048266645333472136
