Model: GRU
MSE: 6.3028789199859725
MAE: 1.7788952721489795
EVS: -0.14057520212901942
