Model: GRU
MSE: 7.0070185622796215
MAE: 1.7227232014691394
EVS: -0.22192152866039527
