Model: GRU
MSE: 2.4945406133409525
MAE: 1.1556843651665578
EVS: 0.3642464438650017
