Model: GRU
MSE: 6.472454283496713
MAE: 1.8553152967382365
EVS: 0.006084522035706308
