Model: GRU
MSE: 3741.863655645441
MAE: 61.11940680609809
EVS: -0.14199710061346593
