Model: GRU
MSE: 9.738119768355014
MAE: 1.8329586099695272
EVS: -0.6562366513004165
