Model: GRU
MSE: 6.436496010458002
MAE: 1.5535595152113177
EVS: -0.19239801871662077
