Model: GRU
MSE: 6.052351104367197
MAE: 1.4855196211073136
EVS: -0.13106638743750842
