Model: GRU
MSE: 5.698821577977462
MAE: 1.5678298561661337
EVS: -0.02279480731890038
