Model: GRU
MSE: 7.328754675078579
MAE: 1.9789874288770883
EVS: -0.4088682449159202
