Model: GRU
MSE: 5.315323843859746
MAE: 1.409558260882343
EVS: -0.026904373849442775
