Model: GRU
MSE: 7.032070317810571
MAE: 1.7480738781116625
EVS: -0.38909770085467477
