Model: GRU
MSE: 6.526852397520459
MAE: 1.6400487687852652
EVS: -0.1959141880791675
