Model: GRU
MSE: 5.7008292578157205
MAE: 1.5319991111755369
EVS: -0.12593287432717015
