Model: GRU
MSE: 150.6169374245257
MAE: 12.056373446076005
EVS: -0.03932813906245314
