Model: GRU
MSE: 6.314122249228468
MAE: 1.587305422182436
EVS: -0.2441388618987268
