Model: GRU
MSE: 6.651800040478319
MAE: 1.730477544996474
EVS: -0.10983300050044043
