Model: GRU
MSE: 10553.038472872424
MAE: 102.5990332144278
EVS: -4.230793569049341
