Model: GRU
MSE: 8.850516567348414
MAE: 2.396059230521873
EVS: -0.3375572599835017
