Model: GRU
MSE: 6.0313386444625685
MAE: 1.6188818613688147
EVS: -0.18218167855727962
