Model: GRU
MSE: 8.26133883807974
MAE: 1.759705815996443
EVS: 0.013595572763462793
