Model: GRU
MSE: 9.816334230465086
MAE: 1.8278033115245673
EVS: -0.744651810369171
