Model: GRU
MSE: 6.197301057306849
MAE: 1.5999097647490321
EVS: -0.22333620608035343
