Model: GRU
MSE: 10.179783789494625
MAE: 2.0871586799621586
EVS: -0.7187528906494696
