Model: GRU
MSE: 6.684774390818455
MAE: 1.7998643981085878
EVS: -0.28463126212063683
