Model: GRU
MSE: 6.197152704459852
MAE: 1.5887758820145217
EVS: -0.2242609399347546
