Model: GRU
MSE: 8.870583153713126
MAE: 1.713572678742585
EVS: -0.6036633111754657
