Model: GRU
MSE: 10.022172058758272
MAE: 1.9922513431972932
EVS: -0.7211556155754593
