Model: GRU
MSE: 6.484220335928798
MAE: 1.554730627271864
EVS: -0.2513779958358848
