Model: GRU
MSE: 6.197910374041494
MAE: 1.5311096509297686
EVS: -0.18554417079812024
