Model: GRU
MSE: 6.444593579848693
MAE: 1.677013132307265
EVS: -0.06154213736647174
