Model: GRU
MSE: 10.837320802899656
MAE: 2.0378135751794892
EVS: -0.9268300952636046
