Model: GRU
MSE: 8.361058436492351
MAE: 1.5911197309140812
EVS: -0.5186042972690588
