Model: GRU
MSE: 10.121509840450859
MAE: 2.0061615484732163
EVS: -0.7382859493568492
