Model: GRU
MSE: 5.657736184662916
MAE: 1.4802378018697109
EVS: -0.0900608417537394
