Model: GRU
MSE: 6.223202822772001
MAE: 1.7109907644766347
EVS: -0.2261616558356232
