Model: GRU
MSE: 8.338011259684409
MAE: 2.31026628282335
EVS: -0.2300025922258626
