Model: GRU
MSE: 12.886145873694488
MAE: 2.52255015903049
EVS: -0.7457612671792007
