Model: GRU
MSE: 5.750928929853797
MAE: 1.5985426196345573
EVS: -0.11527597769633546
