Model: GRU
MSE: 10.70743625275588
MAE: 2.082540829976399
EVS: -0.7253244977269035
