Model: GRU
MSE: 5.794430354407588
MAE: 1.5754525926378036
EVS: -0.13959867281559313
