Model: GRU
MSE: 9.597020175571254
MAE: 1.7451740547462748
EVS: -0.7186475488647934
