Model: GRU
MSE: 7.027247380632046
MAE: 1.7840956581963439
EVS: -0.11329997200835429
