Model: GRU
MSE: 141.24722017804228
MAE: 11.66345124774509
EVS: -0.029514972514091076
