Model: GRU
MSE: 9.385397974248008
MAE: 1.766146235995823
EVS: -0.6902232159474817
