Model: GRU
MSE: 6.414087976911247
MAE: 1.692418822535762
EVS: -0.2527203397793625
