Model: GRU
MSE: 5.559691048788333
MAE: 1.4453733408892593
EVS: -0.0892558053149779
