Model: GRU
MSE: 3.4428191381196536
MAE: 1.353801497706661
EVS: 0.11504050452554115
