Model: GRU
MSE: 2.9901625546888226
MAE: 1.2615899863066502
EVS: 0.22709959478269748
