Model: GRU
MSE: 11.365124561231195
MAE: 2.46469114444874
EVS: -0.6671183067394104
