Model: GRU
MSE: 9.154756715691596
MAE: 1.8802488821524166
EVS: -0.6138725034291297
