Model: GRU
MSE: 9.614231883611259
MAE: 1.8317179503264256
EVS: -0.7304576801588367
