Model: GRU
MSE: 7.830173270024869
MAE: 2.05135257155807
EVS: -0.08564489689465349
