Model: GRU
MSE: 7.114594678321028
MAE: 1.9429476349442087
EVS: -0.3316564332744387
