Model: GRU
MSE: 5.611836768512301
MAE: 1.5817893346150722
EVS: -0.02293642142632102
