Model: GRU
MSE: 6.272645484526989
MAE: 1.519183176535147
EVS: -0.19781370794125586
