Model: GRU
MSE: 8.206958581778789
MAE: 2.060327194355153
EVS: -0.15798128395360944
