Model: GRU
MSE: 7.133349970717013
MAE: 1.8281614515516498
EVS: -0.23986137633128912
