Model: GRU
MSE: 138.98587641465002
MAE: 11.613678225764522
EVS: -0.065832889019807
