Model: GRU
MSE: 4.331671326855097
MAE: 1.6949143233122643
EVS: 0.23111572108293899
