Model: GRU
MSE: 5.80821258816254
MAE: 1.4455402162339954
EVS: -0.11338527559022404
