Model: GRU
MSE: 6.354955411400101
MAE: 1.6751116293447987
EVS: -0.2516188577318801
