Model: GRU
MSE: 9.52461455099342
MAE: 2.2246855099995937
EVS: -0.43972557734070006
