Model: GRU
MSE: 10.655610352893795
MAE: 2.0469488920988863
EVS: -0.8156178328408725
