Model: GRU
MSE: 3.7613169210051844
MAE: 1.6388253989043053
EVS: 0.1043129382931881
