Model: GRU
MSE: 9.584511490905614
MAE: 1.7739832136366107
EVS: -0.738520893657451
