Model: GRU
MSE: 10.486130659336073
MAE: 1.975956210383663
EVS: -0.8361813966925666
