Model: GRU
MSE: 7.018118366926874
MAE: 2.0746570516515668
EVS: 0.08466038123385566
