Model: GRU
MSE: 2229.081828599811
MAE: 47.14587896841544
EVS: -0.15402425154581256
