Model: GRU
MSE: 9.60475214214674
MAE: 1.814924921308245
EVS: -0.14113500909733778
