Model: GRU
MSE: 7.6245055764599625
MAE: 1.997416390313042
EVS: -0.400582381087478
