Model: GRU
MSE: 6.470497734758847
MAE: 1.6664398864463519
EVS: -0.27651539148551296
