Model: GRU
MSE: 5.382611658616817
MAE: 1.4939179597077543
EVS: -0.04615892463900595
