Model: GRU
MSE: 7.000301856813816
MAE: 1.6241095684192803
EVS: -0.3003862006039535
