Model: GRU
MSE: 9.10813377273297
MAE: 1.8107419865471972
EVS: -0.059711245108339694
