Model: GRU
MSE: 7.0782694043011665
MAE: 1.8582039056000892
EVS: -0.06342672463741761
