Model: GRU
MSE: 6.8747140147087915
MAE: 1.8005061679416228
EVS: -0.30813956463319436
