Model: GRU
MSE: 2.733868169350099
MAE: 1.2286922136942549
EVS: 0.3067427255454529
