Model: GRU
MSE: 11.785254782776262
MAE: 2.9153556293911413
EVS: 0.13407456630788217
