Model: GRU
MSE: 11.357187104299374
MAE: 2.7476563630280677
EVS: -0.024026266104929972
