Model: GRU
MSE: 5.757711297912146
MAE: 1.5954164222434721
EVS: 0.008024737482230426
