Model: GRU
MSE: 6.410352315556515
MAE: 1.5273134620101363
EVS: -0.20277746556114007
