Model: GRU
MSE: 6.698900065122668
MAE: 1.7214056650797522
EVS: -0.3231237813382495
