Model: GRU
MSE: 11.227509420881251
MAE: 2.4712267603193014
EVS: -0.1663904703166057
