Model: GRU
MSE: 5.54796379194587
MAE: 1.446560559449373
EVS: -0.04587202303782334
