Model: GRU
MSE: 11.21706903812736
MAE: 2.2428621362756793
EVS: -0.6218837064800493
