Model: GRU
MSE: 9.107387729859854
MAE: 2.3321607554400403
EVS: -0.5614525860815098
