Model: GRU
MSE: 8.364024023404696
MAE: 2.0995440129880545
EVS: -0.4930853107415645
