Model: GRU
MSE: 5.85302122092957
MAE: 1.5755146521109127
EVS: -0.0463943032895171
