Model: GRU
MSE: 6.143595963143399
MAE: 1.5450347794426809
EVS: -0.21042264384708909
