Model: GRU
MSE: 6.188382526646821
MAE: 1.6838041941324875
EVS: -0.04676605957533719
