Model: GRU
MSE: 6.401656128025245
MAE: 1.6908771726820209
EVS: -0.08662331915701871
