Model: GRU
MSE: 7.035401114480253
MAE: 1.9664131270514589
EVS: -0.33868099935606266
