Model: GRU
MSE: 7.132209446692626
MAE: 1.888384995637117
EVS: -0.021890531645352818
