Model: GRU
MSE: 9.738524019020698
MAE: 1.8124558660719126
EVS: -0.679654340411951
