Model: GRU
MSE: 5.399019099805863
MAE: 1.4207043117947047
EVS: -0.05728920066158216
