Model: GRU
MSE: 5.771589239607196
MAE: 1.4759065310160324
EVS: -0.0974049091871303
