Model: GRU
MSE: 6.6822672819447275
MAE: 1.826908146893537
EVS: -0.06748758982682745
