Model: GRU
MSE: 9.992685625683992
MAE: 2.5750633169103545
EVS: -0.5185054635278419
