Model: GRU
MSE: 7.4752321872251
MAE: 1.9197030067443852
EVS: -0.04633764585745448
