Model: GRU
MSE: 7.127128056034743
MAE: 1.669519777651186
EVS: -0.39009853547327156
