Model: GRU
MSE: 7.2298027132362614
MAE: 1.7985133418330446
EVS: -0.11332563321817402
