Model: GRU
MSE: 8.802881364119253
MAE: 2.2341202629937063
EVS: -0.5032458071736838
