Model: GRU
MSE: 5.9750806178314075
MAE: 1.6334045728047684
EVS: -0.14759745009896497
