Model: GRU
MSE: 9.894353623044886
MAE: 1.9037319819132492
EVS: -0.7698960999207063
