Model: GRU
MSE: 7.487009744772246
MAE: 1.8214138348897304
EVS: -0.31376428696032344
