Model: GRU
MSE: 7.554294255974263
MAE: 1.6658892454924408
EVS: -0.38878760574857374
