Model: GRU
MSE: 7.278394569927446
MAE: 1.6714309056599932
EVS: -0.419688697503394
