Model: GRU
MSE: 11.424571363290486
MAE: 3.066142241160074
EVS: 0.1574972455320247
