Model: GRU
MSE: 6.749272689169048
MAE: 1.5771784429196956
EVS: -0.28418293870439837
