Model: GRU
MSE: 6.856402879878022
MAE: 1.8666194633201312
EVS: -0.28288451692653394
