Model: GRU
MSE: 9.034951628201313
MAE: 1.652984813407615
EVS: -0.6419068712429885
