Model: GRU
MSE: 5.151945434224596
MAE: 1.4071548779805498
EVS: -0.0004697199246121997
