Model: GRU
MSE: 12.934377959785602
MAE: 3.061567977622702
EVS: -0.7585651814496261
