Model: GRU
MSE: 9.010627893855094
MAE: 1.728370242648654
EVS: -0.5787336012962923
