Model: GRU
MSE: 8.654468170111581
MAE: 1.8861113654242627
EVS: -0.46684349338044506
