Model: GRU
MSE: 7.53361185028923
MAE: 1.6258497591371894
EVS: -0.3570535047959993
