Model: GRU
MSE: 5.760155479575032
MAE: 1.5483861146149818
EVS: -0.10378716100401619
