Model: GRU
MSE: 6.387579498549081
MAE: 1.5512437643828212
EVS: -0.2277695296037039
