Model: GRU
MSE: 6.914256555700813
MAE: 1.7766741999873403
EVS: -0.36588739988601304
