Model: GRU
MSE: 7.835898251112762
MAE: 2.1297280170299393
EVS: -0.024403089985366444
