Model: GRU
MSE: 9.571425083452933
MAE: 2.115541564093696
EVS: -0.5264134863341565
