Model: GRU
MSE: 9.513408906932058
MAE: 1.9854622417026102
EVS: -0.5874550500200628
