Model: GRU
MSE: 5.992507173457086
MAE: 1.5585815111796057
EVS: -0.18186965795296084
