Model: GRU
MSE: 5.448673115584261
MAE: 1.4829457424305101
EVS: -0.06783641626090753
