Model: GRU
MSE: 6.5161462469326406
MAE: 1.615263320781567
EVS: -0.17844982261165754
