Model: GRU
MSE: 6.1554237263187
MAE: 1.6232554117838538
EVS: -0.21282756326773455
