Model: GRU
MSE: 11.457753103893552
MAE: 2.2604647389164674
EVS: -0.722928897876735
