Model: GRU
MSE: 6.896592225414739
MAE: 1.6018859192177106
EVS: -0.1885461942404998
