Model: GRU
MSE: 8.935387749826852
MAE: 1.7365939528853802
EVS: -0.5862476076777599
