Model: GRU
MSE: 8.599400935779514
MAE: 2.231481693409108
EVS: -0.09762846902835465
