Model: GRU
MSE: 8.637631675501298
MAE: 2.2455787482085046
EVS: -0.4824386094521509
