Model: GRU
MSE: 7.183564257883517
MAE: 1.86914136674669
EVS: -0.3887078917600617
