Model: GRU
MSE: 5.786268163574186
MAE: 1.586188157399496
EVS: -0.07237514499478559
