Model: GRU
MSE: 6.066136712547228
MAE: 1.5780240164862736
EVS: -0.19698584872759706
