Model: GRU
MSE: 4.916211710291406
MAE: 1.7520885644135658
EVS: -0.16251908185640285
