Model: GRU
MSE: 3.145044114538434
MAE: 1.2841418230975121
EVS: 0.22883459359177039
