Model: GRU
MSE: 8.765037866893183
MAE: 1.880122997142651
EVS: -0.44803868304956396
