Model: GRU
MSE: 8.934608421703988
MAE: 2.1874118734289105
EVS: -0.11941283262489244
