Model: GRU
MSE: 11.05162658902228
MAE: 2.5229233989009154
EVS: -0.18710075839429274
