Model: GRU
MSE: 5.713787533943862
MAE: 1.5673701321637183
EVS: -0.12675336811582416
