Model: GRU
MSE: 2.6754875025725577
MAE: 1.2155512880395962
EVS: 0.30636689575545384
