Model: GRU
MSE: 8.063726451198377
MAE: 2.2267071406046544
EVS: -0.29989447430606764
