Model: GRU
MSE: 11.567310452545383
MAE: 2.9407330972177
EVS: -0.42630667202412487
