Model: GRU
MSE: 6.321161321757927
MAE: 1.5624849001566565
EVS: -0.23979878461018278
