Model: GRU
MSE: 8.51391760890918
MAE: 1.6322753694322372
EVS: -0.5466755180142526
