Model: GRU
MSE: 7.783954143776203
MAE: 1.949703145910193
EVS: -0.22963243526480537
