Model: GRU
MSE: 6.515660811010101
MAE: 1.6257828783105919
EVS: -0.28384605236516225
