Model: GRU
MSE: 7.495741834854066
MAE: 2.000738391169795
EVS: -0.45988004661313453
