Model: GRU
MSE: 5.30236866483878
MAE: 1.426883538564046
EVS: -0.04060678607893031
