Model: GRU
MSE: 6.271376229325824
MAE: 1.5188059453611018
EVS: -0.23897050184589097
