Model: GRU
MSE: 5.271319400971373
MAE: 1.9339008331298833
EVS: 0.11979491657170083
