Model: GRU
MSE: 8.673284321057004
MAE: 1.7552245457967128
EVS: -0.5052303318221967
