Model: GRU
MSE: 6.788865770732233
MAE: 1.7833250716880522
EVS: -0.07982173052183827
