Model: GRU
MSE: 144.65159187418251
MAE: 11.802816761864555
EVS: -0.05598482234769997
