Model: GRU
MSE: 10.102258480439026
MAE: 2.027485088065818
EVS: -0.573843493800485
