Model: GRU
MSE: 9.21929440114083
MAE: 1.7816085815429683
EVS: -0.5304490911731847
