Model: GRU
MSE: 9.953111636378775
MAE: 1.9099679523044157
EVS: -0.6251830171029733
