Model: GRU
MSE: 8.688424388620122
MAE: 1.6171025523432976
EVS: -0.5794785916590193
