Model: GRU
MSE: 8.395335873517446
MAE: 2.4786089261372877
EVS: -0.002948493226317961
