Model: GRU
MSE: 8.70258083406154
MAE: 1.685232904222276
EVS: -0.5819528093549988
