Model: GRU
MSE: 6.540792468933103
MAE: 1.8065264489915631
EVS: -0.22006348000136056
