Model: GRU
MSE: 7.586486694322963
MAE: 2.0154473516676155
EVS: -0.29496704365353166
