Model: GRU
MSE: 10.740487165173047
MAE: 2.337705050195967
EVS: -0.15616143605354105
