Model: GRU
MSE: 9.280623830839035
MAE: 1.7251092592875164
EVS: -0.6705574793078009
