Model: GRU
MSE: 6.978456736828556
MAE: 1.6252264446682398
EVS: -0.33282797165127675
