Model: GRU
MSE: 6.460092790999387
MAE: 1.643481537147804
EVS: -0.2646678708604626
