Model: GRU
MSE: 9.396025557332628
MAE: 2.017035219404433
EVS: -0.5301174559958539
