Model: GRU
MSE: 7.139364411985721
MAE: 1.8589377933078348
EVS: -0.09006680896190944
