Model: GRU
MSE: 6.326012799633325
MAE: 1.5150750124896017
EVS: -0.20185041042625174
