Model: GRU
MSE: 7.284404287494875
MAE: 1.7999391555786137
EVS: -0.30740818672954284
