Model: GRU
MSE: 6.791585557823796
MAE: 1.7228788446497032
EVS: -0.33969497668345494
