Model: GRU
MSE: 6.97144062663002
MAE: 1.9743541258352768
EVS: -0.19631654381455732
