Model: GRU
MSE: 7.416262238111209
MAE: 1.9554520006533027
EVS: -0.031488911396192476
