Model: GRU
MSE: 9.214499368902883
MAE: 1.8166989220513243
EVS: -0.637616489337494
