Model: GRU
MSE: 14.787971070777761
MAE: 2.8732525154396336
EVS: -0.9883222973293411
