Model: GRU
MSE: 8.302514593419037
MAE: 1.6794261932373051
EVS: 0.008088305364876258
