Model: GRU
MSE: 6.400702935172071
MAE: 1.8877968611540612
EVS: -0.2156459680092433
