Model: GRU
MSE: 7.675357012156457
MAE: 1.99463524641814
EVS: -0.4884527606745048
