Model: GRU
MSE: 6.413449148947022
MAE: 1.7158241095366296
EVS: -0.2313370199906457
