Model: GRU
MSE: 5.839693131725636
MAE: 1.4644202832822444
EVS: -0.12721151930656616
