Model: GRU
MSE: 6.669230438018167
MAE: 1.7034614174454294
EVS: -0.258229820167559
