Model: GRU
MSE: 5.25074734967339
MAE: 1.4448654386732311
EVS: -0.03497104220862712
