Model: GRU
MSE: 7.79839703436113
MAE: 2.036942746904162
EVS: -0.03448782441515452
