Model: GRU
MSE: 11.76800508411625
MAE: 2.799410802346689
EVS: -0.34387198783531314
