Model: GRU
MSE: 8.578428933939096
MAE: 1.8986961576673724
EVS: -0.2712615902109996
