Model: GRU
MSE: 5.752891812963661
MAE: 1.44869777891371
EVS: -0.08129724000184813
