Model: GRU
MSE: 9.012253389537465
MAE: 1.6980401851512765
EVS: -0.6381904734063295
