Model: GRU
MSE: 5.939436475006004
MAE: 1.7282542475947624
EVS: -0.1366249284478589
