Model: GRU
MSE: 12.138365682654479
MAE: 2.8127396901448574
EVS: -0.11555632960630624
