Model: GRU
MSE: 6.303904753043186
MAE: 1.8249668015374072
EVS: -0.13032298980383183
