Model: GRU
MSE: 6.418849628319054
MAE: 1.9649984748275198
EVS: 0.07514956049316801
