Model: GRU
MSE: 6.728292799053626
MAE: 1.5755135041696053
EVS: -0.2371253392435113
