Model: GRU
MSE: 6.75257030642577
MAE: 1.8844988611009381
EVS: -0.20529458485566887
