Model: GRU
MSE: 5.535895935187033
MAE: 1.6054495705498584
EVS: -0.0320500546376421
