Model: GRU
MSE: 6.513805523274051
MAE: 1.6764189755475074
EVS: -0.28614927366975174
