Model: GRU
MSE: 6.8648700881877565
MAE: 1.6402045002690064
EVS: -0.3295551283463314
