Model: GRU
MSE: 6.721310507829515
MAE: 1.878181687107792
EVS: -0.28207605374187317
