Model: GRU
MSE: 5.496084233641812
MAE: 1.4649739795260956
EVS: -0.0846264994133672
