Model: GRU
MSE: 5.723750076055872
MAE: 1.6047371934961394
EVS: 0.007562902116348913
