Model: GRU
MSE: 5.690934994403134
MAE: 1.6503147902312096
EVS: -0.08909714707338545
