Model: GRU
MSE: 8.54055568353414
MAE: 2.3214258794431326
EVS: -0.29951654566381936
