Model: GRU
MSE: 6.918349901350573
MAE: 1.7367207032662848
EVS: -0.3667560059982671
