Model: GRU
MSE: 6.407336117741495
MAE: 1.616915950068721
EVS: -0.24723966842676837
