Model: GRU
MSE: 10.800046371344559
MAE: 2.7923217172975887
EVS: -0.39369726391320614
