Model: GRU
MSE: 11.544404204801989
MAE: 2.2839998845700857
EVS: -0.8621036789437659
