Model: GRU
MSE: 6.561038683408426
MAE: 1.787384880913628
EVS: -0.28323320222350157
