Model: GRU
MSE: 8.781190589617516
MAE: 1.7945542512116615
EVS: -0.5495925470822742
