Model: GRU
MSE: 9.763145117250959
MAE: 1.8046575475622102
EVS: -0.7738562427763347
