Model: GRU
MSE: 7.929453290317057
MAE: 2.2082640859815803
EVS: -0.28089590494576533
