Model: GRU
MSE: 10.22829004810475
MAE: 1.8923148427690784
EVS: -0.21681582629870277
