Model: GRU
MSE: 11.229620706958713
MAE: 2.1214555672236846
EVS: -0.21892607995823532
