Model: GRU
MSE: 11.331752564112334
MAE: 2.7293705940246586
EVS: -0.05103603859296668
