Model: GRU
MSE: 3.1615024742115443
MAE: 1.4438115932323319
EVS: 0.27394562228099006
