Model: GRU
MSE: 10.310313589581694
MAE: 2.340569460833515
EVS: -0.6138186561767278
