Model: GRU
MSE: 5.9262467681693565
MAE: 1.517853560271087
EVS: -0.12918120703715275
