Model: GRU
MSE: 6.44764093592515
MAE: 1.7641747969168209
EVS: -0.05898571769146188
