Model: GRU
MSE: 9.593790624534323
MAE: 2.0413776856881607
EVS: -0.5984823854860211
