Model: GRU
MSE: 9.301915916524464
MAE: 1.8214640793976966
EVS: -0.6770856835554588
