Model: GRU
MSE: 5.666986767533882
MAE: 1.5576352190088338
EVS: -0.0820974572816664
