Model: GRU
MSE: 3.2825023249933
MAE: 1.5161241955227316
EVS: 0.28397748510121135
