Model: GRU
MSE: 6.01336243916315
MAE: 1.564353236445674
EVS: -0.18125422209221842
