Model: GRU
MSE: 9.109633912658191
MAE: 1.6849204522592056
EVS: -0.6559175346758883
