Model: GRU
MSE: 6.055164862280746
MAE: 1.6856881424232764
EVS: -0.19190967755030797
