Model: GRU
MSE: 9.720986509484511
MAE: 1.8134430072925705
EVS: -0.7656370985503667
