Model: GRU
MSE: 9.999226428127006
MAE: 1.8734598159790044
EVS: -0.801773360768445
