Model: GRU
MSE: 9.383791741815754
MAE: 2.0334380291126397
EVS: -0.4941935732800018
