Model: GRU
MSE: 6.4608400451565835
MAE: 1.869578078941062
EVS: -0.090974082927475
