Model: GRU
MSE: 9.24628923906764
MAE: 1.9863257761354804
EVS: -0.5324318439463969
