Model: GRU
MSE: 6.3861672915145995
MAE: 1.6247288915846088
EVS: -0.06561376934121022
