Model: GRU
MSE: 7.861361308236861
MAE: 1.9206425348917637
EVS: -0.5530530552940032
