Model: GRU
MSE: 3.299696744209144
MAE: 1.4475621294092245
EVS: 0.2703130548353856
