Model: GRU
MSE: 7.292914919054975
MAE: 1.6847123216699675
EVS: -0.28075841401467105
