Model: GRU
MSE: 6.961128968502408
MAE: 1.6555138870521826
EVS: -0.3513563920838201
