Model: GRU
MSE: 6.297198783280565
MAE: 1.7203799177099153
EVS: -0.18110167419262702
