Model: GRU
MSE: 6.360564345160608
MAE: 1.6044610164783621
EVS: -0.19931313677619578
