Model: GRU
MSE: 5.627180007503906
MAE: 1.6202401055230031
EVS: -0.10401934038928173
