Model: GRU
MSE: 6.238849927597316
MAE: 1.5745513704088003
EVS: -0.1385170675965326
