Model: GRU
MSE: 5.473785801495001
MAE: 1.4772842901724355
EVS: -0.0791143357149584
