Model: GRU
MSE: 3.2823976664086434
MAE: 1.3834027890805842
EVS: 0.24948805249660022
