Model: GRU
MSE: 7.402062722627182
MAE: 2.0097009340922045
EVS: -0.0733056408437327
