Model: GRU
MSE: 9.584636346561005
MAE: 1.7287003375865793
EVS: -0.7318640620172097
