Model: GRU
MSE: 6.06223972366244
MAE: 1.5834171683700002
EVS: -0.11060778637783097
