Model: GRU
MSE: 6.069094133800221
MAE: 1.6152885754903157
EVS: -0.18320975502031644
