Model: GRU
MSE: 5.07802506135485
MAE: 1.4357884371722192
EVS: 0.058160640451320855
