Model: GRU
MSE: 3.1341272898058645
MAE: 1.4225569831000429
EVS: 0.2946405603311041
