Model: GRU
MSE: 8.933701167810122
MAE: 1.6653313106960719
EVS: -0.5949786705914222
