Model: GRU
MSE: 10.831906086934303
MAE: 1.932244283181649
EVS: -0.969148777181861
