Model: GRU
MSE: 5.646605738188653
MAE: 1.9999820567943427
EVS: 0.3114317005531563
