Model: GRU
MSE: 8.957773776935475
MAE: 2.359898690824156
EVS: 0.014060464244818882
