Model: GRU
MSE: 9.126578620199199
MAE: 1.6790382773787889
EVS: -0.6589133395194615
