Model: GRU
MSE: 2399.2810614695663
MAE: 48.926274900083186
EVS: 0.0
