Model: GRU
MSE: 6.4461355446525666
MAE: 1.5542925198872881
EVS: -0.22858023306104291
