Model: GRU
MSE: 6.575842517522739
MAE: 1.7037624076560698
EVS: -0.0781179649913919
