Model: GRU
MSE: 8.289058836157421
MAE: 1.7522667425650138
EVS: -0.569998491123846
