Model: GRU
MSE: 10.863879369181323
MAE: 2.1647759505680626
EVS: -0.19072507072081724
