Model: GRU
MSE: 9.25048964141691
MAE: 1.7477547680890115
EVS: -0.6205307730062981
