Model: GRU
MSE: 10.254795362205657
MAE: 1.9337732526991098
EVS: -0.8035912821154672
