Model: GRU
MSE: 6.885566467297806
MAE: 1.8217897591767482
EVS: -0.2872863268603274
