Model: GRU
MSE: 7.576311107445633
MAE: 2.0479200681050624
EVS: 0.026438694156525444
