Model: GRU
MSE: 7.484961853717969
MAE: 2.0191259207548913
EVS: -0.4107536084611261
