Model: GRU
MSE: 6.717545347944763
MAE: 1.6013726658291285
EVS: -0.30500273801382205
