Model: GRU
MSE: 8.808352197515044
MAE: 2.292098928380895
EVS: -0.4663074274087491
