Model: GRU
MSE: 6.892268073773882
MAE: 1.640843409079093
EVS: -0.18448997217988383
