Model: GRU
MSE: 5.208560273857429
MAE: 1.4694211394698538
EVS: -0.0030562366263520158
