Model: GRU
MSE: 7.697266942842641
MAE: 1.957636886172825
EVS: -0.1485576022443278
