Model: GRU
MSE: 8.315883030287951
MAE: 2.168702019585503
EVS: -0.46443727337217644
