Model: GRU
MSE: 6.467977039202271
MAE: 1.755849749953658
EVS: -0.2608543964460235
