Model: GRU
MSE: 8.895339956894135
MAE: 1.8025154714231144
EVS: -0.5463150651070647
