Model: GRU
MSE: 6.5637669621553085
MAE: 1.7154006428188753
EVS: -0.09671885905550681
