Model: GRU
MSE: 7.0263455928058995
MAE: 1.998905393812391
EVS: -0.17787458425611402
