Model: GRU
MSE: 6.809102297225511
MAE: 1.590648651123047
EVS: -0.23587722852548665
