Model: GRU
MSE: 5.795508787390115
MAE: 1.4733870647571703
EVS: -0.12574185085030543
