Model: GRU
MSE: 5.8842020312953105
MAE: 1.6495859711258505
EVS: -0.04669872416020748
