Model: GRU
MSE: 8.728535198995544
MAE: 1.6376847161187071
EVS: -0.5854188965109677
