Model: GRU
MSE: 8.737466689092274
MAE: 2.270397716098361
EVS: -0.5506131224092365
