Model: GRU
MSE: 10.492867459384975
MAE: 2.0138986552203146
EVS: -0.8395931096472329
