Model: GRU
MSE: 6.047314540854444
MAE: 1.6305420310408987
EVS: -0.0480695391550392
