Model: GRU
MSE: 9.510640166533525
MAE: 1.907371362050375
EVS: -0.7115441525486812
