Model: GRU
MSE: 7.876596712251944
MAE: 1.8279524291003186
EVS: -0.554126076488815
