Model: GRU
MSE: 6.042005156766174
MAE: 1.7057013335051354
EVS: -0.18484735694754173
