Model: GRU
MSE: 10.72006828415417
MAE: 2.12881992481373
EVS: -0.7888529189083806
