Model: GRU
MSE: 8.722183180523503
MAE: 2.154290252261692
EVS: -0.2817900663297419
