Model: GRU
MSE: 5.770698037065451
MAE: 1.4927461942036946
EVS: -0.11238786170860315
