Model: GRU
MSE: 6.643624564551174
MAE: 1.737424355966074
EVS: -0.09379072171127256
