Model: GRU
MSE: 6.722233736190918
MAE: 1.5924598905775285
EVS: -0.2326309316397821
