Model: GRU
MSE: 7.813945538317537
MAE: 1.6686466181719748
EVS: -0.3418485324658962
