Model: GRU
MSE: 7.184363528450872
MAE: 1.8548500802781844
EVS: -0.40035980426332274
