Model: GRU
MSE: 8.807034939821332
MAE: 2.048652613604511
EVS: -0.21490965070271684
