Model: GRU
MSE: 8.30532989405199
MAE: 1.5878455550582318
EVS: -0.5021074517742019
