Model: GRU
MSE: 7.478966918048983
MAE: 2.1221491495768237
EVS: 0.03845888263950625
