Model: GRU
MSE: 7.008999780432169
MAE: 1.8127722386960625
EVS: -0.3774891493263788
