Model: GRU
MSE: 348.77378345369357
MAE: 18.48731427722507
EVS: -0.38154277017828275
