Model: GRU
MSE: 7.297085449570644
MAE: 1.8595359237105764
EVS: -0.11451980977634468
