Model: GRU
MSE: 11.496000096195186
MAE: 2.2091813440676096
EVS: -0.7857400682280027
