Model: GRU
MSE: 6.122524262818211
MAE: 1.6032948140744807
EVS: -0.20956610491607575
