Model: GRU
MSE: 11.996263614036055
MAE: 2.9708311116253876
EVS: -0.5503917002170238
