Model: GRU
MSE: 8.691077463202587
MAE: 1.671397527058919
EVS: -0.5261437042080137
