Model: GRU
MSE: 5.315832524027409
MAE: 1.9787225370053887
EVS: -0.18932275911591034
