Model: GRU
MSE: 10.653424536189597
MAE: 2.335721104233354
EVS: -0.6720922284401181
