Model: GRU
MSE: 6.759598264142304
MAE: 1.8307572470770948
EVS: 0.009221742922840392
