Model: GRU
MSE: 7.934951031709118
MAE: 1.8710323086491334
EVS: -0.5605473293187009
