Model: GRU
MSE: 10.614322404823017
MAE: 1.9952571303756155
EVS: -0.8840720327180109
