Model: GRU
MSE: 8.550783581531
MAE: 1.6212179042674875
EVS: -0.46055161385426935
