Model: GRU
MSE: 6.163884203257928
MAE: 1.731248202147307
EVS: -0.19368592647270666
