Model: GRU
MSE: 9.45809815188534
MAE: 2.5484215418497715
EVS: -0.30921702668706064
