Model: GRU
MSE: 9.978487713623021
MAE: 2.268738711321796
EVS: -0.175082091881686
