Model: GRU
MSE: 12.521702331031793
MAE: 2.7302780504579904
EVS: -0.7006970698169959
