Model: GRU
MSE: 8.760591021003778
MAE: 2.4127508975841376
EVS: -0.2618962648318093
