Model: GRU
MSE: 5.94613708606829
MAE: 1.6561241503115058
EVS: -0.09434589482490319
