Model: GRU
MSE: 9.793839960399668
MAE: 2.435556570688883
EVS: -0.6487234723013084
