Model: GRU
MSE: 8.958446436919074
MAE: 2.4008831094812457
EVS: -0.3480260017959629
