Model: GRU
MSE: 8.270814883729187
MAE: 1.5848394499884708
EVS: -0.49049871683308033
