Model: GRU
MSE: 6.591326819304532
MAE: 1.7279410185637303
EVS: -0.041201420233895725
