Model: GRU
MSE: 6.808898214210256
MAE: 1.6678524900365763
EVS: -0.18000936429350523
