Model: GRU
MSE: 5.674238569605382
MAE: 1.4302454877782749
EVS: -0.0970534638254914
