Model: GRU
MSE: 5.961527205197494
MAE: 1.7889350431936764
EVS: 0.10036527236819659
