Model: GRU
MSE: 9.485661442753788
MAE: 2.491694591663501
EVS: -0.40791985269009157
