Model: GRU
MSE: 7.063846622689391
MAE: 1.8965514677542221
EVS: -0.3950921216526604
