Model: GRU
MSE: 5.6650414062991485
MAE: 1.468723879920112
EVS: -0.09523470401686174
