Model: GRU
MSE: 5.208061264382212
MAE: 1.366488986545139
EVS: -0.01703576493335901
