Model: GRU
MSE: 14755.357276782695
MAE: 121.44898760760272
EVS: 0.0
