Model: GRU
MSE: 6.40016372109751
MAE: 1.6745926009284122
EVS: -0.2644056015390983
