Model: GRU
MSE: 5.575578154634708
MAE: 1.5652896916424792
EVS: -0.003740815398001418
