Model: GRU
MSE: 7.27655235382852
MAE: 1.9354357896027747
EVS: -0.023401494764808017
