Model: GRU
MSE: 5.533309295988452
MAE: 1.6250097133495194
EVS: -0.004784766247856176
