Model: GRU
MSE: 8.045352939919733
MAE: 2.1275878129182035
EVS: -0.3728556033359305
