Model: GRU
MSE: 5.085074784695011
MAE: 1.397347944754142
EVS: 0.020167085163191212
