Model: GRU
MSE: 7.668865500228538
MAE: 2.1109512293780286
EVS: -0.29496780438757697
