Model: GRU
MSE: 7.045779971291369
MAE: 1.6596283736052342
EVS: -0.17176500022206542
