Model: GRU
MSE: 8.81063828070351
MAE: 1.9988199869791672
EVS: -0.4726279447751969
