Model: GRU
MSE: 5.89257247782267
MAE: 1.5001234655027034
EVS: -0.15786868200766535
