Model: GRU
MSE: 5.5248886745493
MAE: 1.6708524492051862
EVS: -0.07029902980294733
