Model: GRU
MSE: 7.6875352842797255
MAE: 2.066047067995425
EVS: -0.07090276016345376
