Model: GRU
MSE: 9.05754917736025
MAE: 1.984665022956001
EVS: -0.5164152645015032
