Model: GRU
MSE: 7.3102269361489425
MAE: 1.7485251073484074
EVS: -0.23384538649596975
