Model: GRU
MSE: 6.631486820399543
MAE: 1.639724378232602
EVS: -0.3096072913151857
