Model: GRU
MSE: 5.518226643494758
MAE: 1.4519407837479206
EVS: -0.06882499176741352
