Model: GRU
MSE: 8.960954887375557
MAE: 1.6698685575414591
EVS: -0.6275512861729367
