Model: GRU
MSE: 6.396329049826564
MAE: 1.7024997428611468
EVS: -0.25536720499753884
