Model: GRU
MSE: 6.534094833327169
MAE: 1.5927567481994633
EVS: -0.1793030595310232
