Model: GRU
MSE: 9.54182835744797
MAE: 1.8894864541512943
EVS: -0.6208540762024743
