Model: GRU
MSE: 14.824290666604009
MAE: 2.9981704464665153
EVS: -0.7519760927860346
