Model: GRU
MSE: 7.424812989788164
MAE: 1.9999099307590067
EVS: -0.0175218225849052
