Model: GRU
MSE: 6.960784253169526
MAE: 1.8211573318198881
EVS: -0.08291556063379901
