Model: GRU
MSE: 8.676770746335192
MAE: 1.634923970257795
EVS: -0.5692291693518399
