Model: GRU
MSE: 144.55278446005127
MAE: 11.802084185458996
EVS: -0.039880635342890436
