Model: GRU
MSE: 8.095377427265497
MAE: 2.536703445293286
EVS: 0.39448988247543393
