Model: GRU
MSE: 145.5336346304266
MAE: 11.84386780526903
EVS: -0.038465447270265685
