Model: GRU
MSE: 9.172045458775688
MAE: 1.6625772405553745
EVS: -0.6669313940639925
