Model: GRU
MSE: 6.7207910104779485
MAE: 1.621439456939697
EVS: -0.23825761818113356
