Model: GRU
MSE: 10.392547607794908
MAE: 2.73461283577813
EVS: -0.4199094698214647
