Model: GRU
MSE: 6.398723041110385
MAE: 1.7670098410712354
EVS: -0.04451991418173051
