Model: GRU
MSE: 6.107586899745919
MAE: 1.4873560976099087
EVS: -0.1820591078282099
