Model: GRU
MSE: 6.670073341597419
MAE: 1.7298854015491623
EVS: -0.29250068727475154
