Model: GRU
MSE: 15.038946542327457
MAE: 2.9786137386604596
EVS: -1.0721777801081216
