Model: GRU
MSE: 7.682065602521629
MAE: 1.9251267115275061
EVS: -0.5162498082873714
