Model: GRU
MSE: 8.08402848428947
MAE: 1.5577080338089555
EVS: -0.46842693213917985
