Model: GRU
MSE: 10.168655953173113
MAE: 2.1554996349193436
EVS: -0.6509268840303057
