Model: GRU
MSE: 6.467273412699165
MAE: 1.5125293201870387
EVS: -0.22745657198592517
