Model: GRU
MSE: 9.320148649232554
MAE: 1.7765559973540133
EVS: -0.6567004655576358
