Model: GRU
MSE: 6.481037922415755
MAE: 1.6830986164234298
EVS: -0.2725427735417827
