Model: GRU
MSE: 7.92970258753552
MAE: 2.1622038240785946
EVS: -0.303953673232946
