Model: GRU
MSE: 7.1818365144360214
MAE: 1.935529850147388
EVS: -0.2713789140978047
