Model: GRU
MSE: 9.261180619175859
MAE: 1.6709297674673573
EVS: -0.6761932141374623
