Model: GRU
MSE: 6.276961716683765
MAE: 1.5808551399796096
EVS: -0.2358090906557937
