Model: GRU
MSE: 3.1281722045358498
MAE: 1.4730467266506613
EVS: 0.27602320354253695
