Model: GRU
MSE: 5.99820707287211
MAE: 1.4507072236802845
EVS: -0.1476454240664482
