Model: GRU
MSE: 6.557255221899353
MAE: 1.8107644363685895
EVS: -0.04986696663267165
