Model: GRU
MSE: 6.63574034692635
MAE: 1.6126748544198497
EVS: -0.20572760951895108
