Model: GRU
MSE: 6.5079854774139445
MAE: 1.8502447163617175
EVS: -0.08639409157382016
