Model: GRU
MSE: 8.552331716018116
MAE: 2.321116200199834
EVS: 0.014550453090818927
