Model: GRU
MSE: 3.180317243146597
MAE: 1.3716164165072977
EVS: 0.18824977130683973
