Model: GRU
MSE: 6.647594923812641
MAE: 1.7031457159254282
EVS: -0.3131555971782447
