Model: GRU
MSE: 6.40796070391488
MAE: 1.5704761434484409
EVS: -0.260143595454289
