Model: GRU
MSE: 7.003895452238802
MAE: 1.6425406667921283
EVS: -0.3085768803904525
