Model: GRU
MSE: 7.499736673640653
MAE: 2.039464950561523
EVS: -0.3177260821154111
