Model: GRU
MSE: 9.20271465085386
MAE: 1.940205609356916
EVS: -0.575963783573685
