Model: GRU
MSE: 12.46850147225215
MAE: 2.477858349129005
EVS: -0.7334704486632078
