Model: GRU
MSE: 4691.021246957645
MAE: 68.45260281032986
EVS: -0.03964793014179668
