Model: GRU
MSE: 6.130626046442895
MAE: 1.5625199918393742
EVS: -0.04527859376546095
