Model: GRU
MSE: 9.2685099970549
MAE: 1.6675451419971605
EVS: -0.6269556282454996
