Model: GRU
MSE: 7.3270390455657495
MAE: 1.726790622428612
EVS: -0.26943728590833804
