Model: GRU
MSE: 9.329455824020679
MAE: 1.6693449373598455
EVS: -0.6868055390743932
