Model: GRU
MSE: 5.815507715539921
MAE: 1.6627123090955944
EVS: -0.14620982250653025
