Model: GRU
MSE: 7.886226543375482
MAE: 1.743467260290075
EVS: -0.5057180252841145
