Model: GRU
MSE: 5.2681211531687495
MAE: 1.4309106932746036
EVS: -0.0295630326825993
