Model: GRU
MSE: 7.471168149128541
MAE: 1.7419852680630152
EVS: -0.47512621680774614
