Model: GRU
MSE: 6.51523367542859
MAE: 1.5224950931690358
EVS: -0.21196794669622543
