Model: GRU
MSE: 6.054224816328821
MAE: 1.5824325702808526
EVS: -0.13563032789863394
