Model: GRU
MSE: 2.8966110730729095
MAE: 1.3845613444292992
EVS: 0.33294498754201696
