Model: GRU
MSE: 6.858655483533306
MAE: 1.81067705154419
EVS: -0.05686450918057617
