Model: GRU
MSE: 5.871463155828855
MAE: 1.4529262295475718
EVS: -0.11624814070363643
