Model: GRU
MSE: 6.461709728614626
MAE: 1.572601265377469
EVS: -0.19349184231423888
