Model: GRU
MSE: 5.059711959776945
MAE: 1.8931887061507608
EVS: 0.22054660452679886
