Model: GRU
MSE: 6.034831896967632
MAE: 1.5748902780038336
EVS: -0.1777570025047135
