Model: GRU
MSE: 5.73469141398882
MAE: 1.520769631421125
EVS: -0.11653139725458672
