Model: GRU
MSE: 6.189006754246673
MAE: 1.5717609723409023
EVS: -0.15181202561032436
