Model: GRU
MSE: 6.114732626247655
MAE: 1.5368092501605004
EVS: -0.12012677934921001
