Model: GRU
MSE: 6.176649243178576
MAE: 1.7117161750793453
EVS: -0.19252656593304507
