Model: GRU
MSE: 7.234440286117383
MAE: 1.7689707544114859
EVS: -0.09418358420744943
