Model: GRU
MSE: 6.451962576283399
MAE: 1.5298198947200066
EVS: -0.22649434796779389
