Model: GRU
MSE: 158.34153829835853
MAE: 12.367530944170776
EVS: 0.020900889528039923
