Model: GRU
MSE: 9.611624179348029
MAE: 1.8695724981802486
EVS: -0.7018726680818019
