Model: GRU
MSE: 12.177886607170512
MAE: 2.407576437349672
EVS: -0.7272760534020777
