Model: GRU
MSE: 5.723137459028631
MAE: 1.4696204574019818
EVS: -0.11639585236748795
