Model: GRU
MSE: 6.402100645189109
MAE: 1.5909207838552974
EVS: -0.1893941382785398
