Model: GRU
MSE: 5.881402452005348
MAE: 1.6078557438320589
EVS: -0.07737201847841635
