Model: GRU
MSE: 11.118079740557093
MAE: 2.0507648256089945
EVS: -0.9175372859557394
