Model: GRU
MSE: 7.115760960482205
MAE: 1.8742389325742363
EVS: -0.3536329198650934
