Model: GRU
MSE: 10.141243109784362
MAE: 2.0798166416309503
EVS: -0.6900333128057443
