Model: GRU
MSE: 6.206966786757532
MAE: 1.6511153998198338
EVS: -0.2079762410848771
