Model: GRU
MSE: 7.562525940632009
MAE: 1.958243740929497
EVS: -0.43437369157279293
