Model: GRU
MSE: 9.549693089538009
MAE: 2.404269518675627
EVS: -0.6221731318244066
