Model: GRU
MSE: 5.85288606682599
MAE: 1.51465168705693
EVS: -0.0980190797245013
