Model: GRU
MSE: 6.223424409295351
MAE: 1.6445666772347907
EVS: -0.22759292077107096
