Model: GRU
MSE: 2.990017403589879
MAE: 1.3813900947570805
EVS: 0.28199393806207596
