Model: GRU
MSE: 8.901501423422452
MAE: 1.8680809692100249
EVS: -0.5262479050595927
