Model: GRU
MSE: 7.792694252949978
MAE: 2.3806292392589423
EVS: 0.11333055780728152
