Model: GRU
MSE: 7.045907232616579
MAE: 1.8447262799298327
EVS: -0.11283593425358873
