Model: GRU
MSE: 10.091763627454064
MAE: 1.8228233478687428
EVS: -0.8256750334845671
