Model: GRU
MSE: 15.524289379109106
MAE: 3.1956666310628257
EVS: -1.2388566842834967
