Model: GRU
MSE: 7.347515264186934
MAE: 1.9969213273790143
EVS: -0.3065368994082558
