Model: GRU
MSE: 10.573882701795528
MAE: 2.698527406763148
EVS: 0.12551796191028075
