Model: GRU
MSE: 3.080393325933343
MAE: 1.280570595352738
EVS: 0.20094524710675243
