Model: GRU
MSE: 6.816191723873964
MAE: 1.8089532145747427
EVS: -0.3437197583659395
