Model: GRU
MSE: 6.783773535064654
MAE: 1.7828764385647249
EVS: -0.04447875527205136
