Model: GRU
MSE: 10.066366741561742
MAE: 1.8253329241717298
EVS: -0.8300010806591027
