Model: GRU
MSE: 9.80049395010367
MAE: 2.49161414746885
EVS: -0.06122137906349745
