Model: GRU
MSE: 5.144534369777233
MAE: 1.5043021131444865
EVS: 0.07852501521305588
