Model: GRU
MSE: 3.0062346178441484
MAE: 1.367332264229104
EVS: 0.2479836911756702
