Model: GRU
MSE: 6.531380899583206
MAE: 1.6992458590754753
EVS: -0.2896125872389743
