Model: GRU
MSE: 9.252981867157258
MAE: 1.7191538987336332
EVS: -0.6659774987564873
