Model: GRU
MSE: 8.74955326784968
MAE: 1.6617290355541092
EVS: -0.5905221061518868
