Model: GRU
MSE: 10.732528773282022
MAE: 2.2062555948893223
EVS: -0.622403387226506
