Model: GRU
MSE: 6.4001590535284345
MAE: 1.6767901667842164
EVS: -0.0810997016193884
