Model: GRU
MSE: 7.571077654328694
MAE: 2.1489885471485275
EVS: -0.16104521188077747
