Model: GRU
MSE: 6.419920941596941
MAE: 1.775522973802355
EVS: -0.107727572461505
