Model: GRU
MSE: 8.839743331809553
MAE: 1.68293645646837
EVS: -0.5768732484821024
