Model: GRU
MSE: 2.4576893781210987
MAE: 1.3036034372117788
EVS: 0.4243455513760709
