Model: GRU
MSE: 7.238165523808961
MAE: 1.7761858834160695
EVS: -0.4284447065004169
