Model: GRU
MSE: 5.804692679674139
MAE: 1.5588479218659574
EVS: -0.14612109120870875
