Model: GRU
MSE: 9.159955426768956
MAE: 2.3429107136196556
EVS: -0.4681800069882782
