Model: GRU
MSE: 9.016788858373875
MAE: 2.098056351697004
EVS: -0.4459893817214391
