Model: GRU
MSE: 6.757206138975132
MAE: 1.5866554931358052
EVS: -0.31812611300621985
