Model: GRU
MSE: 9.110508264613777
MAE: 1.8814268642001688
EVS: -0.6118361605761482
