Model: GRU
MSE: 7.017661232291588
MAE: 1.8034180711816856
EVS: -0.3850700390322226
