Model: GRU
MSE: 7.415452329243376
MAE: 2.0846037864685063
EVS: 0.0701197909133292
