Model: GRU
MSE: 7.16673145723002
MAE: 1.9773632332130713
EVS: -0.3776011683460745
