Model: GRU
MSE: 9.046845606793568
MAE: 1.6475341761553726
EVS: -0.6371295065441149
