Model: GRU
MSE: 6.014804783384442
MAE: 1.5391001701354985
EVS: -0.08404257568682905
