Model: GRU
MSE: 9.302521253696064
MAE: 1.7704701423645015
EVS: -0.6476851712180052
