Model: GRU
MSE: 3.5873558969002604
MAE: 1.5243279315807197
EVS: 0.2427718264279839
