Model: GRU
MSE: 5.813742274706825
MAE: 1.4838186370001896
EVS: -0.14562824774013605
