Model: GRU
MSE: 8763.257034361362
MAE: 93.59167932581019
EVS: 5.551115123125783e-16
