Model: GRU
MSE: 6.940104107090968
MAE: 1.8737462185047296
EVS: -0.049645405809225274
