Model: GRU
MSE: 6.993236560825019
MAE: 1.660602110403556
EVS: -0.21424249372934834
