Model: GRU
MSE: 8.5122898712135
MAE: 2.177248990094221
EVS: -0.09330780754643486
