Model: GRU
MSE: 6.563994992582474
MAE: 1.6434140735202363
EVS: -0.2960716779807435
