Model: GRU
MSE: 10.136074793331662
MAE: 1.8549778726365829
EVS: -0.8020318067947707
