Model: GRU
MSE: 9.871104909874804
MAE: 1.7750674000492799
EVS: -0.7736020599423603
