Model: GRU
MSE: 9.622347411560542
MAE: 1.9662067272044998
EVS: -0.6729132618589468
