Model: GRU
MSE: 7.542323945858936
MAE: 1.8982160356309683
EVS: -0.1318945176420674
