Model: GRU
MSE: 10.861226577808852
MAE: 2.163098882745814
EVS: -0.8940914828058648
