Model: GRU
MSE: 9.483485730784333
MAE: 1.97633351220025
EVS: -0.6777580787101485
