Model: GRU
MSE: 11.03116145900721
MAE: 2.1140882287706644
EVS: -0.16993902946443606
