Model: GRU
MSE: 6.742261788567094
MAE: 1.954229001645688
EVS: -0.13976007188390027
