Model: GRU
MSE: 6.979198762518074
MAE: 1.6968025101555724
EVS: -0.20850654029162463
