Model: GRU
MSE: 8.450628692212453
MAE: 1.5484924139799892
EVS: -0.527722556618037
