Model: GRU
MSE: 2.6718421975518707
MAE: 1.322768440953008
EVS: 0.3141848380870085
