Model: GRU
MSE: 3.346386204305029
MAE: 1.3818524325335462
EVS: 0.26285180764983995
