Model: GRU
MSE: 7.6172293691097686
MAE: 2.092650024979202
EVS: -0.3658512294202674
