Model: GRU
MSE: 2.8994312237338598
MAE: 1.2446065655461067
EVS: 0.27397147376890796
