Model: GRU
MSE: 8.62245905009806
MAE: 2.3648363395973484
EVS: -0.2800200707236644
