Model: GRU
MSE: 8.867595101052565
MAE: 2.379596975114611
EVS: 0.1179817731837155
