Model: GRU
MSE: 5.457444429733861
MAE: 1.4294483396742084
EVS: -0.05896129467775535
