Model: GRU
MSE: 2.722318886589653
MAE: 1.2744358204029222
EVS: 0.2985221672946622
