Model: GRU
MSE: 6.129220117801466
MAE: 1.5229879661842627
EVS: -0.20597119226170824
