Model: GRU
MSE: 5.450796390148652
MAE: 1.468241832874439
EVS: -0.037778042590843386
