Model: GRU
MSE: 5.769064003520161
MAE: 1.5280995368957517
EVS: -0.1391520084499882
