Model: GRU
MSE: 6.7181714823483345
MAE: 1.6164919711925365
EVS: -0.2560169713716327
