Model: GRU
MSE: 5.880067489100107
MAE: 1.595563305748834
EVS: -0.03363557530648098
