Model: GRU
MSE: 5.712162838032622
MAE: 1.4577843524791578
EVS: -0.0744326081230664
