Model: GRU
MSE: 6.800232885030686
MAE: 1.8612743130436655
EVS: -0.0036617842012867108
