Model: GRU
MSE: 2.5867429099047246
MAE: 1.1957416887636543
EVS: 0.33723449744378686
