Model: GRU
MSE: 9.144797022485776
MAE: 1.6703167844701694
EVS: -0.6452816492302289
