Model: GRU
MSE: 8.458410996876948
MAE: 1.6573449594003178
EVS: -0.4731286789751601
