Model: GRU
MSE: 5.803401913486022
MAE: 1.6899958363285765
EVS: -0.10225923735712805
