Model: GRU
MSE: 12.468821623245047
MAE: 2.4964380087675866
EVS: -0.793097555386701
