Model: GRU
MSE: 9.465407542592951
MAE: 2.0990634670964
EVS: -0.5484341690690024
