Model: GRU
MSE: 5.750498552138002
MAE: 1.5768819208498353
EVS: -0.12481461760391377
