Model: GRU
MSE: 10.833770920659457
MAE: 1.9739280983253766
EVS: -0.892224404185807
