Model: GRU
MSE: 5.885692782874255
MAE: 1.547048833635118
EVS: -0.14486346223040347
