Model: GRU
MSE: 14.76217169326429
MAE: 3.19535924770214
EVS: -0.498236549985841
