Model: GRU
MSE: 5.769090386885561
MAE: 1.4299419367754898
EVS: -0.128116470888048
