Model: GRU
MSE: 7.609414184016654
MAE: 1.807578669653998
EVS: -0.5001679292725663
