Model: GRU
MSE: 6.305708509278416
MAE: 1.6686496734619138
EVS: -0.24020790171727913
