Model: GRU
MSE: 6.2964037824941625
MAE: 1.4873147010803225
EVS: -0.20820177472889978
