Model: GRU
MSE: 6.814190459813449
MAE: 1.9416129677383982
EVS: -0.2752664898409327
