Model: GRU
MSE: 8.561511567080682
MAE: 2.3858845852039474
EVS: -0.4655881986893211
