Model: GRU
MSE: 6.216825684287155
MAE: 1.8268846759089723
EVS: 0.039329474372596374
