Model: GRU
MSE: 11.03051490653996
MAE: 2.3553126299822766
EVS: -0.47735746563182824
