Model: GRU
MSE: 6.165898475454292
MAE: 1.5895885008352773
EVS: -0.2169150723058788
