Model: GRU
MSE: 9.587210422557897
MAE: 2.1325897287439424
EVS: -0.5717982866678115
