Model: GRU
MSE: 3.3752522881613567
MAE: 1.397643124615704
EVS: 0.392075687156187
