Model: GRU
MSE: 6.2219297355350465
MAE: 1.6679911790070705
EVS: -0.21698927904615273
