Model: GRU
MSE: 10.012037815828013
MAE: 2.072482992101598
EVS: -0.4943469997772265
