Model: GRU
MSE: 6.149696377483939
MAE: 1.7324042850070525
EVS: -0.18519733612908418
