Model: GRU
MSE: 10.288686426626859
MAE: 1.7730364622893153
EVS: -0.8585036480615948
