Model: GRU
MSE: 6.582437722983934
MAE: 1.8299266144081392
EVS: -0.2678866570024607
