Model: GRU
MSE: 7.802731590633776
MAE: 2.0685678411413115
EVS: -0.4233207980217879
