Model: GRU
MSE: 3.0596194946798643
MAE: 1.4441053072611496
EVS: 0.3180841771774585
