Model: GRU
MSE: 7.317978476366703
MAE: 1.6865550853587965
EVS: -0.27108147792474435
