Model: GRU
MSE: 143.8899288531445
MAE: 11.777931179161426
EVS: -0.02144279355759715
