Model: GRU
MSE: 6.602052643814181
MAE: 1.7992924760889129
EVS: -0.12288802907398111
