Model: GRU
MSE: 7.966384369277043
MAE: 1.8176554750513152
EVS: -0.22493360260063344
