Model: GRU
MSE: 7.146313345871277
MAE: 1.8175903956095383
EVS: -0.057033324741925684
