Model: GRU
MSE: 13.948095591915626
MAE: 2.651557598795209
EVS: -0.26276270285676806
