Model: GRU
MSE: 5.813508266507656
MAE: 1.504162417517768
EVS: -0.11823742812854166
