Model: GRU
MSE: 7.061304459579271
MAE: 1.940606346836796
EVS: -0.2811718942900303
