Model: GRU
MSE: 9.341500440705945
MAE: 1.7528691468415443
EVS: -0.6968678735401705
