Model: GRU
MSE: 5.904066586993496
MAE: 1.601714310822663
EVS: -0.13731605296600868
