Model: GRU
MSE: 10.610306500354389
MAE: 2.061181681496756
EVS: -0.11665478670501161
