Model: GRU
MSE: 7.527745982515093
MAE: 1.9973797444944024
EVS: -0.41877931456449624
