Model: GRU
MSE: 9.95238791719617
MAE: 1.87339143399839
EVS: -0.7874590245330855
