Model: GRU
MSE: 6.382274339362783
MAE: 1.7381720542907713
EVS: -0.2608737929365348
