Model: GRU
MSE: 6.5563566786491325
MAE: 1.6661902533637158
EVS: -0.10749956629909296
