Model: GRU
MSE: 10.535384188646688
MAE: 2.1594934640107337
EVS: -0.7215024881859808
