Model: GRU
MSE: 6.655383196981087
MAE: 1.756694493470369
EVS: -0.07158704742585931
