Model: GRU
MSE: 5.880994524854739
MAE: 1.5003474553426104
EVS: -0.15938842184209334
