Model: GRU
MSE: 9.264310956688734
MAE: 1.7030844335202824
EVS: -0.6825061986968746
