Model: GRU
MSE: 9.528136691383123
MAE: 1.7680122940628615
EVS: -0.6499542444830231
