Model: GRU
MSE: 5.53801184448016
MAE: 1.5139084921942811
EVS: -0.08150162944370654
