Model: GRU
MSE: 5.86234305663369
MAE: 1.5727993823863846
EVS: -0.09224690004629688
