Model: GRU
MSE: 6.680187827758825
MAE: 1.5296791747764307
EVS: -0.26182213275590227
