Model: GRU
MSE: 6.724824585039556
MAE: 1.8001184463500972
EVS: -0.3128309475531137
