Model: GRU
MSE: 5.1886950260767986
MAE: 1.3851218929997193
EVS: -0.01581771731890136
