Model: GRU
MSE: 2.559047759013733
MAE: 1.266950201105189
EVS: 0.3547968468675303
