Model: GRU
MSE: 8.655668472171918
MAE: 1.668836699591742
EVS: -0.5075188439648763
