Model: GRU
MSE: 9.563636561169712
MAE: 1.813612266823097
EVS: -0.7088153989094896
