Model: GRU
MSE: 8.709936085586959
MAE: 1.6282528947900845
EVS: -0.582393677604967
