Model: GRU
MSE: 9.549162541155832
MAE: 2.1949061640986693
EVS: -0.551977398401748
