Model: GRU
MSE: 10.119833875692326
MAE: 1.8825098496896255
EVS: -0.7908484391831778
