Model: GRU
MSE: 6.830124504497462
MAE: 1.5616795751783585
EVS: -0.2694165300428293
