Model: GRU
MSE: 9.4769922081685
MAE: 1.8564678827921555
EVS: -0.7178280915379622
