Model: GRU
MSE: 6.913507511963602
MAE: 1.8084641562567814
EVS: -0.36518001505965203
