Model: GRU
MSE: 2.6371843800523798
MAE: 1.171097296255606
EVS: 0.3164669408537134
