Model: GRU
MSE: 11.916544193834259
MAE: 2.7395591206020784
EVS: -0.5913507764862924
