Model: GRU
MSE: 7.608223576770654
MAE: 1.933987635153311
EVS: -0.5028468484329343
