Model: GRU
MSE: 11.512200404380296
MAE: 2.6225982948585798
EVS: -0.47440026237441857
