Model: GRU
MSE: 5.1747642478437434
MAE: 1.490913108543113
EVS: -0.02158839631351217
