Model: GRU
MSE: 6.2987355462848615
MAE: 1.7185920432761859
EVS: -0.1888231854950344
