Model: GRU
MSE: 6.214494719963206
MAE: 1.565712805147524
EVS: -0.21910948143461195
