Model: GRU
MSE: 6.806004976019385
MAE: 1.540889845954047
EVS: -0.32227087364616747
