Model: GRU
MSE: 5.412421178340832
MAE: 1.6013545813383876
EVS: -0.06682717673987337
