Model: GRU
MSE: 12.251278805647619
MAE: 2.409707281324598
EVS: -0.7984611693662
