Model: GRU
MSE: 11.12182466287423
MAE: 2.637473512578894
EVS: -0.13140895477380377
