Model: GRU
MSE: 6.72474228466656
MAE: 1.7533474851537638
EVS: -0.08997664458470367
