Model: GRU
MSE: 10.510277379399968
MAE: 2.0741415377016414
EVS: -0.6077431623869773
