Model: GRU
MSE: 8.80135539556118
MAE: 2.4120809413768622
EVS: -0.24773437201082715
