Model: GRU
MSE: 6.784305215910511
MAE: 1.6915434201558428
EVS: -0.3175197852928413
