Model: GRU
MSE: 6.213459922177544
MAE: 1.534861670600044
EVS: -0.1699461936027722
