Model: GRU
MSE: 10.150383618946323
MAE: 1.9674985673692496
EVS: -0.8187840821095844
