Model: GRU
MSE: 7.6003317810601905
MAE: 1.9972849068818264
EVS: -0.39174981583690305
