Model: GRU
MSE: 4.193307964122956
MAE: 1.6618600244875301
EVS: 0.30869894121984376
