Model: GRU
MSE: 6.852452082688044
MAE: 1.9926729202270512
EVS: -0.04162590118917353
