Model: GRU
MSE: 5.7767707117669085
MAE: 1.467321325231482
EVS: -0.09660198326618707
