Model: GRU
MSE: 6.886409027731174
MAE: 1.879264495990894
EVS: -0.30518739598974554
