Model: GRU
MSE: 2.65709200325438
MAE: 1.2510874712908713
EVS: 0.3235223191659623
