Model: GRU
MSE: 10.078227145018866
MAE: 1.8213416558724869
EVS: -0.8251032019608775
