Model: GRU
MSE: 4.385560118293127
MAE: 1.7962140683774601
EVS: 0.29925977118809266
