Model: GRU
MSE: 10.622847962727262
MAE: 2.8273437994497788
EVS: -0.24603190977785006
