Model: GRU
MSE: 11.971163241905133
MAE: 2.5186988689281318
EVS: -0.5299145777883982
