Model: GRU
MSE: 6.845287175286137
MAE: 1.6344192646167894
EVS: -0.32651524569584356
