Model: GRU
MSE: 10.100100351321021
MAE: 1.9132283528645828
EVS: -0.7809351436459118
