Model: GRU
MSE: 6.619860959646572
MAE: 1.6205923292371964
EVS: -0.27429061403390587
