Model: GRU
MSE: 7.284395113999854
MAE: 1.9515103587397828
EVS: -0.07894007480992604
