Model: GRU
MSE: 7.2187917669714246
MAE: 1.9814852961787466
EVS: -0.21899655120991746
