Model: GRU
MSE: 6.060404200770573
MAE: 1.6203313403659403
EVS: -0.0786359395356091
