Model: GRU
MSE: 9.074631103448256
MAE: 1.764269864117657
EVS: -0.5041200256859046
