Model: GRU
MSE: 8.512035007163933
MAE: 1.6836100684271924
EVS: -0.5231569738443844
