Model: GRU
MSE: 8.30288898898688
MAE: 2.1510063100744183
EVS: -0.04529970559447061
