Model: GRU
MSE: 5.282922976512829
MAE: 1.531638286731861
EVS: -0.014439227056173953
