Model: GRU
MSE: 8.239524472895035
MAE: 2.1301422648959685
EVS: -0.44803786811053303
