Model: GRU
MSE: 6.6007976119997815
MAE: 1.735019860444245
EVS: -0.30405573567801736
