Model: GRU
MSE: 8.38688009755162
MAE: 2.0431810484992132
EVS: -0.638804121861954
