Model: GRU
MSE: 5.863719265801727
MAE: 1.5799522753115052
EVS: -0.13907992907205902
