Model: GRU
MSE: 6.213506334489836
MAE: 1.7143268585205074
EVS: -0.21280465874814847
