Model: GRU
MSE: 15.833416419341562
MAE: 3.107159137725829
EVS: -0.8509292712667784
