Model: GRU
MSE: 9.709293265784456
MAE: 2.036396344502766
EVS: -0.4567080731190656
