Model: GRU
MSE: 5.948179245422792
MAE: 1.774304760826959
EVS: -0.0339367062662963
