Model: GRU
MSE: 3.9623262232683665
MAE: 1.6663639633743845
EVS: 0.18582831112480336
