Model: GRU
MSE: 8.2067430505416
MAE: 1.5760808874059604
EVS: -0.4917590497144515
