Model: GRU
MSE: 7.505598764520921
MAE: 2.0179246090076584
EVS: -0.3133841159081612
