Model: GRU
MSE: 11.922043112919134
MAE: 2.3659702936808262
EVS: -0.7508677861217348
