Model: GRU
MSE: 2.4691766382790643
MAE: 1.2022187621505178
EVS: 0.39635498396683866
