Model: GRU
MSE: 7.30162946044786
MAE: 1.8686273009688772
EVS: -0.057154652243618154
