Model: GRU
MSE: 6.949885841015706
MAE: 1.9728964699639209
EVS: -0.16313404435890644
