Model: GRU
MSE: 5.481405912058016
MAE: 1.5491408065513335
EVS: -0.012934372578743858
