Model: GRU
MSE: 7.903368852247257
MAE: 1.6425055751094109
EVS: -0.4059695007903954
