Model: GRU
MSE: 3.1062767425869686
MAE: 1.4380065600077316
EVS: 0.28300078546664764
