Model: GRU
MSE: 6.0665936838572305
MAE: 1.617999288770888
EVS: -0.04743768137903359
