Model: GRU
MSE: 8.461087014475773
MAE: 2.0707721356992375
EVS: -0.17597666694081138
