Model: GRU
MSE: 5.925279335466258
MAE: 1.4970056745741107
EVS: -0.10787591375478334
