Model: GRU
MSE: 7.695979734279904
MAE: 1.843807361744069
EVS: -0.1343964185161992
