Model: GRU
MSE: 5.95239763350068
MAE: 1.5898380456147367
EVS: -0.1687064677006025
