Model: GRU
MSE: 7.587120211149641
MAE: 2.14127907929597
EVS: -0.23433526998864718
