Model: GRU
MSE: 6.827279268978775
MAE: 1.969728134296558
EVS: -0.098324340231565
