Model: GRU
MSE: 7.1277392498683705
MAE: 1.6067317856682675
EVS: -0.3330453718777808
