Model: GRU
MSE: 7.8199648503321395
MAE: 1.909379711857548
EVS: -0.5447875612410293
