Model: GRU
MSE: 8.693515212447554
MAE: 1.5951244212962963
EVS: -0.5797203501561041
