Model: GRU
MSE: 6.079085718413682
MAE: 1.6046500205993657
EVS: -0.1255634124969538
