Model: GRU
MSE: 7.371037659996792
MAE: 1.9068929001137067
EVS: -0.21147066319213081
