Model: GRU
MSE: 18924.5814035132
MAE: 137.54824490017361
EVS: 2.220446049250313e-16
