Model: GRU
MSE: 9.485216525196654
MAE: 1.7476664825722021
EVS: -0.7193229391021241
