Model: GRU
MSE: 2221.6226703745756
MAE: 47.10349047625506
EVS: 0.2518396675954595
