Model: GRU
MSE: 6.587951557242935
MAE: 1.845108067547834
EVS: -0.004362802771887608
