Model: GRU
MSE: 8.230345581010871
MAE: 2.0872361041881424
EVS: -0.07788624945680311
