Model: GRU
MSE: 5.825683292129086
MAE: 1.5341054421884048
EVS: -0.10573085591289466
