Model: GRU
MSE: 9.879939160092439
MAE: 1.8770168975547514
EVS: -0.7682120850047005
