Model: GRU
MSE: 7.0092663707449026
MAE: 1.928689939004403
EVS: -0.24314794288111652
