Model: GRU
MSE: 10.902172507030995
MAE: 2.2396143100879806
EVS: -0.57615397888709
