Model: GRU
MSE: 7.188482181818246
MAE: 1.9616594137968846
EVS: 0.00902534744205341
