Model: GRU
MSE: 2722.330997257394
MAE: 52.12500551011827
EVS: -0.049996643976121025
