Model: GRU
MSE: 11.717427821424865
MAE: 2.3404327120099744
EVS: -0.1813279085128361
