Model: GRU
MSE: 5.932947075113994
MAE: 1.6285208596123595
EVS: -0.05187178067951281
