Model: GRU
MSE: 7.099532313363668
MAE: 1.7183248025399673
EVS: -0.22296141429485883
