Model: GRU
MSE: 5.521361497138666
MAE: 1.5372403462727862
EVS: -0.0889066482381482
