Model: GRU
MSE: 8143.614144873695
MAE: 90.2119369506836
EVS: -0.0708943776738058
