Model: GRU
MSE: 7.744610138428948
MAE: 2.0360114662735547
EVS: -0.4886492745144253
