Model: GRU
MSE: 9.855441673403895
MAE: 2.4017448072080265
EVS: -0.3947899766050085
