Model: GRU
MSE: 5.773480279543054
MAE: 1.4609272921526875
EVS: -0.1248722838547065
