Model: GRU
MSE: 6.9539395461118625
MAE: 1.6679298966019247
EVS: -0.3032653649681436
