Model: GRU
MSE: 9.302269870397765
MAE: 2.016658050673349
EVS: -0.08158708840357742
