Model: GRU
MSE: 10.010604004829357
MAE: 2.055258786236799
EVS: -0.655330563335129
