Model: GRU
MSE: 6.165756506801607
MAE: 1.6319718714113587
EVS: -0.21809856380375714
