Model: GRU
MSE: 8.050815710920096
MAE: 2.187221385814525
EVS: -0.33796570359852374
