Model: GRU
MSE: 10.942645344870277
MAE: 2.029547814969663
EVS: -0.8395896599116441
