Model: GRU
MSE: 6.814779115529199
MAE: 1.7379256177831583
EVS: -0.13459136120785709
