Model: GRU
MSE: 6.662783473089769
MAE: 1.591028813962583
EVS: -0.3048226873938289
