Model: GRU
MSE: 7.835084667120476
MAE: 2.025449911753336
EVS: -0.4246764842729518
