Model: GRU
MSE: 9.104437790872497
MAE: 2.368400591391105
EVS: -0.030356204614056193
