Model: GRU
MSE: 6.235494380329
MAE: 1.638201272046125
EVS: -0.11322380573009383
