Model: GRU
MSE: 6.706325816558361
MAE: 1.7457702071578411
EVS: -0.3230466768797289
