Model: GRU
MSE: 7.285627589415136
MAE: 2.0167559517754445
EVS: -0.3725361026026026
