Model: GRU
MSE: 7.611808505503386
MAE: 1.9946827888488765
EVS: -0.36968075431899705
