Model: GRU
MSE: 7.4490221024631795
MAE: 2.0578379984255184
EVS: -0.39263786304139203
