Model: GRU
MSE: 11.150843939051311
MAE: 2.7054323443660024
EVS: -0.6517079379959356
