Model: GRU
MSE: 2.617411630897828
MAE: 1.2208992816783766
EVS: 0.32254144053389233
