Model: GRU
MSE: 5.990085580289109
MAE: 1.5780805305198393
EVS: -0.06486739708935785
