Model: GRU
MSE: 6.845687674204522
MAE: 1.6624167230394156
EVS: -0.24696776278159294
