Model: GRU
MSE: 6.0299435944697155
MAE: 1.5219801620200826
EVS: -0.18491651146809973
