Model: GRU
MSE: 6.496078812037788
MAE: 1.5858317127934214
EVS: -0.16433306548559057
