Model: GRU
MSE: 10.221407046097166
MAE: 2.107697204307274
EVS: -0.8004543647032938
