Model: GRU
MSE: 11.493878408512163
MAE: 2.4033223964549877
EVS: -0.13356024187209137
