Model: GRU
MSE: 11.384629722053837
MAE: 2.549221462673611
EVS: -0.029344176290289292
