Model: GRU
MSE: 11.458925173805087
MAE: 2.6917798430831343
EVS: 0.03578343810826301
