Model: GRU
MSE: 9.809622461288031
MAE: 1.7956728758635345
EVS: -0.04439181503326095
