Model: GRU
MSE: 10.804293321604375
MAE: 2.2795210237856263
EVS: -0.06012954114780911
