Model: GRU
MSE: 11.370584475983648
MAE: 2.524297184414334
EVS: -0.042802185216853195
