Model: GRU
MSE: 11.360256175811493
MAE: 2.5320526052404335
EVS: -0.035300113106107256
