Model: GRU
MSE: 19.77342696635272
MAE: 3.02729391168665
EVS: -0.19284401782072402
