Model: GRU
MSE: 9.998209146711444
MAE: 1.8499247586285625
EVS: -0.06511682028437771
