Model: GRU
MSE: 9.722445400477698
MAE: 2.00709272314001
EVS: 0.0009000414855883099
