Model: GRU
MSE: 18.264996197856757
MAE: 3.0568225472061723
EVS: -0.08033243113208566
