Model: GRU
MSE: 36.265363520426504
MAE: 5.108108449865271
EVS: -0.6061094549317314
