Model: GRU
MSE: 11.902693156047091
MAE: 2.1430785920884876
EVS: -0.27392899439737706
