Model: GRU
MSE: 17.85217471692724
MAE: 3.9073248969184027
EVS: -0.9888698160383875
