Model: GRU
MSE: 14.482268733416175
MAE: 2.873970420272262
EVS: -0.358663210097236
