Model: GRU
MSE: 10.462487540129317
MAE: 2.046415894119828
EVS: -0.09809403946690631
