Model: GRU
MSE: 13.265119604540375
MAE: 2.832404277942799
EVS: -0.14735879418896114
