Model: GRU
MSE: 13.728204053938397
MAE: 3.0892962702998408
EVS: -0.02344699824999097
