Model: GRU
MSE: 3.327775350154028
MAE: 1.4974581047340676
EVS: -0.330511295182891
