Model: GRU
MSE: 15.960789335930981
MAE: 2.5900241136550903
EVS: 0.15468612339953258
