Model: GRU
MSE: 13.645728744747734
MAE: 2.877626136497215
EVS: -0.19086807037753806
