Model: GRU
MSE: 10.236250538451747
MAE: 2.209546513027615
EVS: -0.0053365293630938115
