Model: GRU
MSE: 20.077680981083624
MAE: 3.041298177507189
EVS: -0.16492396173723645
