Model: GRU
MSE: 10.373617381195597
MAE: 2.0915049093740956
EVS: -0.0723669241005247
