Model: GRU
MSE: 18.99831363121795
MAE: 2.986770859471074
EVS: -0.11937990158468992
