Model: GRU
MSE: 17.633180408909514
MAE: 2.8484966244016374
EVS: 0.072343668570783
