Model: GRU
MSE: 9.989292480496731
MAE: 1.54416850761131
EVS: -0.007724746286837059
