Model: GRU
MSE: 18.151534433365466
MAE: 2.9242791776303894
EVS: -0.08724215905547572
