Model: GRU
MSE: 11.582822022433431
MAE: 3.1741265190972223
EVS: -0.2937006317839028
