Model: GRU
MSE: 11.086159936748622
MAE: 2.3889043596055775
EVS: -0.07180480154055391
