Model: GRU
MSE: 10.12424131980505
MAE: 2.1390309157194913
EVS: -0.008846365098599485
