Model: GRU
MSE: 12.173284375529033
MAE: 2.673458452577944
EVS: -0.07508851553939455
