Model: GRU
MSE: 10.54922458408752
MAE: 2.3158834951895253
EVS: -0.015519070025358017
