Model: GRU
MSE: 10.990506827143152
MAE: 2.1683871657760054
EVS: -0.12498113073202899
