Model: GRU
MSE: 9.490380171633694
MAE: 1.8102035169248227
EVS: -0.009573184304301652
