Model: GRU
MSE: 21.235501987664673
MAE: 2.889326371528484
EVS: -0.23661595278062952
