Model: GRU
MSE: 19.03719249478023
MAE: 2.9357361793518066
EVS: -0.11312757537517748
