Model: GRU
MSE: 9.95988207900798
MAE: 1.9185996232209381
EVS: -0.059198601882723745
