Model: GRU
MSE: 16.284452520524912
MAE: 2.5432436201307507
EVS: 0.016622747999113008
