Model: GRU
MSE: 3.8204139280228953
MAE: 1.6731771186546043
EVS: -0.25241629362594953
