Model: GRU
MSE: 11.365822243808166
MAE: 2.5884117197107384
EVS: -0.0009785217041704541
