Model: GRU
MSE: 14.301880009521247
MAE: 2.87429431632713
EVS: -0.29969645338082485
