Model: GRU
MSE: 7.5249516226943305
MAE: 2.4816017150878906
EVS: -0.5367672743957839
