Model: GRU
MSE: 24.845508460518094
MAE: 3.827233738369412
EVS: -0.3231987980139417
