Model: GRU
MSE: 10.769978608838553
MAE: 2.468793763054742
EVS: 0.03572178462894382
