Model: GRU
MSE: 9.283507135872647
MAE: 1.7022773248177987
EVS: 0.005725747841852313
