Model: GRU
MSE: 13.61418029980696
MAE: 2.9399825555306895
EVS: -0.14499797610645038
