Model: GRU
MSE: 18.336012887017677
MAE: 2.9294990963406033
EVS: -0.10159901759549306
