Model: GRU
MSE: 11.747734874177594
MAE: 2.6661487508703163
EVS: -0.017959211005087905
