Model: GRU
MSE: 18.28137028818111
MAE: 2.797228954456471
EVS: -0.09573906583057723
