Model: GRU
MSE: 41.15374083582662
MAE: 3.613769637213813
EVS: -1.3240759432095874
