Model: GRU
MSE: 12.629364589423083
MAE: 2.409658679255733
EVS: -0.31368739276605484
