Model: GRU
MSE: 20.581536598282145
MAE: 3.244923061794705
EVS: -0.18753417259091942
