Model: GRU
MSE: 12.699214431050407
MAE: 2.675331151043927
EVS: -0.1836155643411388
