Model: GRU
MSE: 11.142621498524628
MAE: 2.248254493430809
EVS: -0.13572135706473465
