Model: GRU
MSE: 11.669477566807844
MAE: 2.6131794894183122
EVS: -0.03721802411469377
