Model: GRU
MSE: 20.439507439585526
MAE: 3.2949074462608055
EVS: -0.16497081162353333
