Model: GRU
MSE: 14.17047812336336
MAE: 3.0209101570977106
EVS: -0.16148839040552643
