Model: GRU
MSE: 10.541733969983532
MAE: 2.034627419930917
EVS: -0.11113730292812463
