Model: GRU
MSE: 18.042122665888446
MAE: 2.886799935941343
EVS: -0.0697760050686278
