Model: GRU
MSE: 11.166326921663684
MAE: 2.0985099651195385
EVS: -0.17938468893801773
