Model: GRU
MSE: 13.153182936069681
MAE: 2.5476548230206526
EVS: -0.3369721710505298
