Model: GRU
MSE: 20.350851116635308
MAE: 2.6476061003548756
EVS: -0.07344221240419291
