Model: GRU
MSE: 9.471525575183072
MAE: 1.8065654613353588
EVS: 0.003311856942292968
