Model: GRU
MSE: 10.618772693385129
MAE: 2.026400919313784
EVS: -0.12188684342901568
