Model: GRU
MSE: 20.292726428546068
MAE: 3.923217808758771
EVS: -0.29057216450746903
