Model: GRU
MSE: 2.3148781560400526
MAE: 1.2041955524020724
EVS: -0.10150369726969277
