Model: GRU
MSE: 19.0222212721254
MAE: 3.0190802680121527
EVS: -0.14014094825892331
