Model: GRU
MSE: 9.259561844567273
MAE: 1.6576308850888852
EVS: 0.008106293882908733
