Model: GRU
MSE: 12.146147495397532
MAE: 2.7549351586235895
EVS: -0.028554914567840317
