Model: GRU
MSE: 18.141166679205096
MAE: 2.3822744334185564
EVS: -0.08427296336365608
