Model: GRU
MSE: 10.052611571453108
MAE: 2.055815343503599
EVS: -0.03328072401940263
