Model: GRU
MSE: 11.874926544723369
MAE: 2.593690130445692
EVS: -0.0757681490751616
