Model: GRU
MSE: 2.979432924846117
MAE: 1.4988303007902923
EVS: 0.021672109060548728
