Model: GRU
MSE: 11.542134364907893
MAE: 2.4983858179163048
EVS: -0.07955701685134597
