Model: GRU
MSE: 15.839630805732634
MAE: 2.5816654982390226
EVS: 0.0475896740999463
