Model: GRU
MSE: 9.906794658101077
MAE: 1.7931401641280562
EVS: -0.05903189679810317
