Model: GRU
MSE: 12.560852885795073
MAE: 2.4643888120298034
EVS: -0.27686590236246333
