Model: GRU
MSE: 11.567592514535372
MAE: 2.4379477677521884
EVS: -0.11945522770992878
