Model: GRU
MSE: 12.38339271745695
MAE: 2.670021657590513
EVS: -0.11605792242134072
