Model: GRU
MSE: 9.40514940611633
MAE: 1.9737446043226454
EVS: 0.03425010398541006
