Model: GRU
MSE: 11.524500450308787
MAE: 2.680879345646611
EVS: 0.026237463603174915
