Model: GRU
MSE: 5.732508681490361
MAE: 2.159725860313133
EVS: -0.3804151624473202
