Model: GRU
MSE: 19.391523948674326
MAE: 3.1552638124536583
EVS: -0.1102908278022745
