Model: GRU
MSE: 10.318350809693415
MAE: 1.7227464958473488
EVS: -0.09828486101017098
