Model: GRU
MSE: 20.580008702836526
MAE: 2.495741128921509
EVS: -0.08559508195233123
