Model: GRU
MSE: 22.682088753930017
MAE: 3.2034297166047274
EVS: -0.34663967158556996
