Model: GRU
MSE: 13.4890829573621
MAE: 2.7220436731974282
EVS: -0.28757731513326523
