Model: GRU
MSE: 19.566566219569495
MAE: 2.9451162726790816
EVS: -0.17593386031026337
