Model: GRU
MSE: 15.478414663353355
MAE: 2.93764771355523
EVS: -0.4399686586004232
