Model: GRU
MSE: 9.526704141266876
MAE: 1.6072311754579898
EVS: -0.020743075277882328
