Model: GRU
MSE: 18.901165275235673
MAE: 2.4291035618100847
EVS: 0.01768239332797994
