Model: GRU
MSE: 11.842338365981421
MAE: 2.3939826753404407
EVS: -0.18004448522979866
