Model: GRU
MSE: 11.931896544576274
MAE: 2.6369963398686163
EVS: -0.06348196026416586
