Model: GRU
MSE: 17.14620404783734
MAE: 2.6635123712045177
EVS: -0.03644128531874191
