Model: GRU
MSE: 10.715028162046414
MAE: 1.8987982714617695
EVS: -0.1445017138565592
