Model: GRU
MSE: 17.379612896992008
MAE: 3.5047899881998696
EVS: -0.26107645948389147
