Model: GRU
MSE: 22.72387330839562
MAE: 3.4687895951447665
EVS: -0.29545506825173073
