Model: GRU
MSE: 16.2983573602605
MAE: 2.6477238621030534
EVS: 0.1460758072509205
