Model: GRU
MSE: 29.40580519826385
MAE: 3.0549496014912925
EVS: -0.7480536486135143
