Model: GRU
MSE: 17.855795157526867
MAE: 2.699020597669813
EVS: -0.07914040476521111
