Model: GRU
MSE: 18.660267761713545
MAE: 2.633423822897452
EVS: -0.1262818285380527
