Model: GRU
MSE: 10.627852612486633
MAE: 2.3833418245668763
EVS: 0.015340584528160006
