Model: GRU
MSE: 11.33549617189271
MAE: 2.521501753065321
EVS: -0.026660842620879643
