Model: GRU
MSE: 10.928368976901428
MAE: 2.3380869406240956
EVS: -0.06295194918717484
