Model: GRU
MSE: 16.37202326376451
MAE: 3.2030229568481445
EVS: -0.4018648859996945
