Model: GRU
MSE: 13.516762175784168
MAE: 2.7866366704305015
EVS: -0.2433577569301677
