Model: GRU
MSE: 9.37916102865337
MAE: 1.477142369305646
EVS: 0.04659276074247365
