Model: GRU
MSE: 10.449352095157067
MAE: 2.0291733565153898
EVS: -0.08830789943261852
