Model: GRU
MSE: 10.98901794145146
MAE: 2.4228318532307944
EVS: -0.024626619382677406
