Model: GRU
MSE: 11.178870923660488
MAE: 2.430506282382541
EVS: -0.06031746217815748
