Model: GRU
MSE: 13.10022205991313
MAE: 2.42391480339898
EVS: -0.38599219574449095
