Model: GRU
MSE: 9.80024680129716
MAE: 1.9099038088763203
EVS: -0.03275600271838486
