Model: GRU
MSE: 9.217442668554112
MAE: 1.5095723823264793
EVS: 0.013798712648095735
