Model: GRU
MSE: 20.15235864211802
MAE: 3.487049279389558
EVS: -0.12723945800387626
