Model: GRU
MSE: 16.99337427597493
MAE: 2.4336826889603227
EVS: -0.022456580870409137
