Model: GRU
MSE: 16.937075552848714
MAE: 2.5535215978269226
EVS: -0.01706553109480735
