Model: GRU
MSE: 17.84867003980539
MAE: 2.6799546347724066
EVS: -0.07865931447288199
