Model: GRU
MSE: 14.28004942693409
MAE: 2.890457824424461
EVS: -0.31642693056410787
