Model: GRU
MSE: 11.86839603886067
MAE: 2.606898625691732
EVS: -0.0883630269747826
