Model: GRU
MSE: 16.082802551934005
MAE: 3.286476347181532
EVS: -0.2369114161131316
