Model: GRU
MSE: 12.608167008584772
MAE: 1.7467745674981012
EVS: -0.16156931594301915
