Model: GRU
MSE: 11.720515595500089
MAE: 2.1559199580439814
EVS: -0.24413323826058386
