Model: GRU
MSE: 11.973540285392085
MAE: 2.340690400865343
EVS: -0.22647876219595675
