Model: GRU
MSE: 13.89815824252249
MAE: 3.1091963096901223
EVS: -0.05105486880291421
