Model: GRU
MSE: 19.73335856024079
MAE: 3.365028416668927
EVS: -0.14062084581599565
