Model: GRU
MSE: 21.66782828657217
MAE: 3.7424779644718877
EVS: -0.09182190678070334
