Model: GRU
MSE: 12.757527331313483
MAE: 2.4984000523885093
EVS: -0.29830945344605775
