Model: GRU
MSE: 9.311021160865055
MAE: 1.6438140515927915
EVS: 0.0021459880982160895
