Model: GRU
MSE: 18.22689299219194
MAE: 3.325277257848669
EVS: -0.59569428942131
