Model: GRU
MSE: 11.283960276151312
MAE: 2.1061426445289895
EVS: -0.20187697382626202
