Model: GRU
MSE: 15.773771938091462
MAE: 2.3597403985482677
EVS: 0.046731213810773164
