Model: GRU
MSE: 10.659507992047043
MAE: 1.7423808133160625
EVS: -0.13472328726774196
