Model: GRU
MSE: 12.579621717219265
MAE: 2.6646912186234086
EVS: -0.13725724189324495
