Model: GRU
MSE: 11.03894523335977
MAE: 1.740337195219817
EVS: -0.12242244055191098
