Model: GRU
MSE: 25.641844605251343
MAE: 3.8492591645982532
EVS: -0.42838725388045495
