Model: GRU
MSE: 9.693414635612195
MAE: 1.8351579242282443
EVS: -0.0259725879977748
