Model: GRU
MSE: 9.85463960138737
MAE: 1.8727838021737557
EVS: -0.038026224075193404
