Model: GRU
MSE: 7.2720473745312795
MAE: 2.4677934646606445
EVS: -0.18783486911812708
