Model: GRU
MSE: 25.150924701872302
MAE: 4.536834045692727
EVS: -0.3285864872473241
