Model: GRU
MSE: 10.407934398437646
MAE: 1.9012062637894243
EVS: -0.1084580598492868
