Model: GRU
MSE: 15.03102431711691
MAE: 3.027300799334491
EVS: -0.34065156579093925
