Model: GRU
MSE: 17.989950643925045
MAE: 2.786375964129413
EVS: -0.08525182284810406
