Model: GRU
MSE: 10.791058664867402
MAE: 2.2909948560926647
EVS: -0.06343613352145128
