Model: GRU
MSE: 18.111148323400528
MAE: 2.5895769085202898
EVS: 0.040894993358815857
