Model: GRU
MSE: 9.942391445117378
MAE: 1.6978196038140192
EVS: -0.06582846035307721
