Model: GRU
MSE: 23.209134048522248
MAE: 3.5530811415778265
EVS: -0.27078432408279274
