Model: GRU
MSE: 32.852047691329936
MAE: 3.6715961032443576
EVS: -0.8390118165867895
