Model: GRU
MSE: 13.069262248756887
MAE: 2.7731038905956127
EVS: -0.19794032704668196
