Model: GRU
MSE: 2.5167520992850365
MAE: 1.2396423904984086
EVS: -0.21229759243088409
