Model: GRU
MSE: 10.92834541689468
MAE: 2.3050062744705766
EVS: -0.08365537826147773
