Model: GRU
MSE: 11.169539049098772
MAE: 2.3191123891759804
EVS: -0.09946165966055398
