Model: GRU
MSE: 22.585980939098437
MAE: 2.5204367725937455
EVS: -0.33851741587595563
