Model: GRU
MSE: 13.49586522030724
MAE: 2.7873915566338434
EVS: -0.24973405527945136
