Model: GRU
MSE: 16.67447648972504
MAE: 3.4907269654450594
EVS: -0.16435737751496982
