Model: GRU
MSE: 10.490426679309873
MAE: 2.07516822108516
EVS: -0.09369744415071057
