Model: GRU
MSE: 16.706289505884477
MAE: 3.37068564803512
EVS: -0.3061007936095277
