Model: GRU
MSE: 10.076937845893823
MAE: 1.9214051564534504
EVS: -0.06825432931180497
