Model: GRU
MSE: 9.790330112318332
MAE: 2.210791517187048
EVS: 0.06381206031399878
