Model: GRU
MSE: 10.086151603570519
MAE: 1.9156261020236545
EVS: -0.06774692873012556
