Model: GRU
MSE: 9.997460734183361
MAE: 2.1971328876636647
EVS: 0.043400684463968275
