Model: GRU
MSE: 18.48520007002151
MAE: 2.581966241200765
EVS: -0.11568239558826354
