Model: GRU
MSE: 16.657537627143366
MAE: 3.298227875321
EVS: -0.3652267367604307
