Model: GRU
MSE: 15.020317191750042
MAE: 3.304628124943486
EVS: -0.06806524926021673
