Model: GRU
MSE: 16.61007094774548
MAE: 3.2487078419438116
EVS: -0.388028785976102
