Model: GRU
MSE: 10.308458531922346
MAE: 1.9886035919189453
EVS: -0.08431627045807999
