Model: GRU
MSE: 17.69227449444275
MAE: 3.0741727970264576
EVS: -0.016129156525418464
