Model: GRU
MSE: 10.617818138309506
MAE: 1.583094420256438
EVS: -0.013229136728708735
