Model: GRU
MSE: 20.068502403270173
MAE: 3.2698331232424134
EVS: -0.10765031269810965
