Model: GRU
MSE: 12.006114651410387
MAE: 2.4531465812965676
EVS: -0.17640816109318602
