Model: GRU
MSE: 12.142096752933428
MAE: 2.619164325572826
EVS: -0.11106081303723947
