Model: GRU
MSE: 21.55054613355437
MAE: 3.081143273247613
EVS: -0.24860744069576723
