Model: GRU
MSE: 12.286650170665107
MAE: 2.723033869708026
EVS: -0.0630894812608056
