Model: GRU
MSE: 16.9604620715064
MAE: 2.762978377165618
EVS: -0.024037194054175703
