Model: GRU
MSE: 9.593634017519468
MAE: 1.5937723583645291
EVS: -0.024818015869420673
