Model: GRU
MSE: 9.134396069764888
MAE: 1.5102002532393843
EVS: 0.02144047799177251
