Model: GRU
MSE: 10.45405518203727
MAE: 1.765178468492296
EVS: -0.11855043689569578
