Model: GRU
MSE: 21.421347295769685
MAE: 3.7510052493640353
EVS: 0.07090725399836961
