Model: GRU
MSE: 9.681194236680009
MAE: 1.9279551682648834
EVS: -0.013808152158896414
