Model: GRU
MSE: 9.999076015126741
MAE: 1.675998369852702
EVS: -0.061413311270783755
