Model: GRU
MSE: 11.312436757908033
MAE: 2.512740311799226
EVS: -0.03182946145885479
