Model: GRU
MSE: 9.87679565450445
MAE: 1.6932657736319083
EVS: -0.040087320199496235
