Model: GRU
MSE: 13.609159586154082
MAE: 3.003538343641493
EVS: -0.07779141628527175
