Model: GRU
MSE: 12.071602982391225
MAE: 2.322098484745732
EVS: -0.26432552837048195
