Model: GRU
MSE: 18.590259575234903
MAE: 2.526073367507369
EVS: -0.12169784125221983
