Model: GRU
MSE: 10.318989908365776
MAE: 2.1391502309728554
EVS: -0.036130679515431696
