Model: GRU
MSE: 20.813326905382283
MAE: 3.5399262463604964
EVS: -0.12757845689346858
