Model: GRU
MSE: 9.410058766978922
MAE: 1.4811878204345703
EVS: 0.0037288840100350162
