Model: GRU
MSE: 10.915340728011532
MAE: 2.4871404435899525
EVS: 0.01651283144677329
