Model: GRU
MSE: 13.875743504851252
MAE: 3.0137770617449724
EVS: -0.11299355476615203
