Model: GRU
MSE: 16.17070715047414
MAE: 2.614939318762885
EVS: 0.028680783624064787
