Model: GRU
MSE: 14.19778577214971
MAE: 3.056489449960214
EVS: -0.13939529712920828
