Model: GRU
MSE: 7.1603894558452845
MAE: 2.4310118004127785
EVS: -0.33047984189334123
