Model: GRU
MSE: 11.634634724483139
MAE: 2.333206388685438
EVS: -0.1720019111643467
