Model: GRU
MSE: 22.30593535126914
MAE: 3.223211412076597
EVS: -0.3164328025461878
