Model: GRU
MSE: 17.31314978128244
MAE: 2.1873276321976274
EVS: 0.02417351931832612
