Model: GRU
MSE: 9.431493475109367
MAE: 1.9739534589979384
EVS: 0.024088664025309625
