Model: GRU
MSE: 4.683775266554255
MAE: 1.816375979670772
EVS: -0.4428950124134694
