Model: GRU
MSE: 11.320570030597453
MAE: 2.4204336448952004
EVS: -0.0997488420479673
