Model: GRU
MSE: 14.350881682551988
MAE: 2.999384456210666
EVS: -0.21444280635255075
