Model: GRU
MSE: 10.070248986297479
MAE: 2.13311407301161
EVS: -0.014600400521548318
