Model: GRU
MSE: 16.69453123447531
MAE: 2.306261168585883
EVS: -0.002173100697809849
