Model: GRU
MSE: 25.099193571110956
MAE: 4.258524382555926
EVS: -0.17988336612744504
