Model: GRU
MSE: 1.872917192398981
MAE: 0.9297971725463867
EVS: 0.00719380628549382
