Model: GRU
MSE: 231.25533025432256
MAE: 14.652679472057908
EVS: -0.0006712522536458376
