Model: GRU
MSE: 9.874955585628447
MAE: 2.041080934030038
EVS: -0.01419393125552082
