Model: GRU
MSE: 22.025150980479
MAE: 3.7854778501722546
EVS: -0.16969963342984418
