Model: GRU
MSE: 19.998571805410023
MAE: 3.2585419195669667
EVS: -0.16190446621009458
