Model: GRU
MSE: 16.671448505333974
MAE: 3.230851244043421
EVS: -0.4692165911839814
