Model: GRU
MSE: 19.959233246814215
MAE: 3.2035018779613353
EVS: -0.18151612754425805
