Model: GRU
MSE: 12.134512467932431
MAE: 2.6825801354867442
EVS: -0.06977308936718107
