Model: GRU
MSE: 17.67060776632988
MAE: 3.6453345263445818
EVS: -0.17817979069317103
