Model: GRU
MSE: 157.2715286790781
MAE: 12.163210197731301
EVS: 0.0
