Model: GRU
MSE: 11.857288665549175
MAE: 2.682050669634784
EVS: -0.008771759852294725
