Model: GRU
MSE: 9.364181127827544
MAE: 1.9204586876763239
EVS: 0.022462357192378102
