Model: GRU
MSE: 10.694021890458687
MAE: 2.2296747631496854
EVS: -0.0707974316145985
