Model: GRU
MSE: 9.803429583089619
MAE: 1.5321529882925529
EVS: -0.028390890261234647
