Model: GRU
MSE: 13.110342038028547
MAE: 2.898613117359303
EVS: -0.09350767488972211
