Model: GRU
MSE: 9.033170742334194
MAE: 2.762271845782245
EVS: -0.5073851823597655
