Model: GRU
MSE: 11.90408831012667
MAE: 2.6757278089170105
EVS: -0.027290386661616095
