Model: GRU
MSE: 11.787068349501977
MAE: 2.277656661139594
EVS: -0.22040618197446338
