Model: GRU
MSE: 8.940397926362932
MAE: 1.5696567606042933
EVS: 0.04268374756407178
