Model: GRU
MSE: 14.007466345355809
MAE: 2.7001291204381874
EVS: -0.3924296143138515
