Model: GRU
MSE: 10.547652531929224
MAE: 1.8070797743620697
EVS: -0.13077004163245132
