Model: GRU
MSE: 16.85553581170616
MAE: 2.9325328403049045
EVS: 0.008718868901200105
