Model: GRU
MSE: 10.419510439763918
MAE: 2.0193952631067345
EVS: -0.09922395990491628
