Model: GRU
MSE: 15.234118552568024
MAE: 3.2545494856657804
EVS: -0.14187191064649562
