Model: GRU
MSE: 13.094401667045632
MAE: 2.886337810092502
EVS: -0.072195860795921
