Model: GRU
MSE: 9.571019395672348
MAE: 1.8245760952984844
EVS: -0.017162089273974557
