Model: GRU
MSE: 9.976006664673454
MAE: 1.5327692385073062
EVS: 0.019198721987369383
