Model: GRU
MSE: 10.757105487550083
MAE: 2.3030715871740273
EVS: -0.032229421739965236
