Model: GRU
MSE: 2.9858815165943504
MAE: 1.4248684423941154
EVS: -0.062019424840018766
