Model: GRU
MSE: 13.636443127032248
MAE: 2.7738013797336154
EVS: -0.2772931352583692
