Model: GRU
MSE: 12.267594450616478
MAE: 2.768485281202528
EVS: -0.02425251281102514
