Model: GRU
MSE: 13.620103634339674
MAE: 3.0082616099604853
EVS: -0.08341912383043426
