Model: GRU
MSE: 18.191735480609818
MAE: 2.8649983406066895
EVS: -0.09857552205080178
