Model: GRU
MSE: 20.342551598109182
MAE: 3.0580832869918257
EVS: -0.22716312646345416
