Model: GRU
MSE: 11.008927709858789
MAE: 2.3974822362264
EVS: -0.057026378403118194
