Model: GRU
MSE: 18.31816835816325
MAE: 3.7879983407479747
EVS: -0.11856178649306592
