Model: GRU
MSE: 14.548797371565847
MAE: 3.248989952935113
EVS: -0.026203598891658686
