Model: GRU
MSE: 10.339869954855136
MAE: 1.8245115280151367
EVS: -0.10722622914150959
