Model: GRU
MSE: 16.393250870002635
MAE: 3.00772762298584
EVS: 0.0790974606082222
