Model: GRU
MSE: 10.530677651557502
MAE: 2.1326464547051325
EVS: -0.080424081908131
