Model: GRU
MSE: 12.10606022269874
MAE: 2.68662601047092
EVS: -0.05113034943211403
