Model: GRU
MSE: 21.194019120997297
MAE: 3.7862915462917752
EVS: -0.061593338266940245
