Model: GRU
MSE: 10.064093040863588
MAE: 1.919589360555013
EVS: -0.06803896198898518
