Model: GRU
MSE: 10.10249919484721
MAE: 1.579331468652796
EVS: -0.02296883352287038
