Model: GRU
MSE: 10.184602059593292
MAE: 1.9584234732168693
EVS: -0.07235749873254949
