Model: GRU
MSE: 19.040575300102823
MAE: 3.350323924311885
EVS: -0.06520368955387457
