Model: GRU
MSE: 10.093947919587528
MAE: 1.871447245279948
EVS: -0.076230413941627
