Model: GRU
MSE: 10.200318992891678
MAE: 1.7939158898812753
EVS: -0.09347967705045934
