Model: GRU
MSE: 17.62896825026133
MAE: 3.0429566348040544
EVS: -0.03643119310138454
