Model: GRU
MSE: 11.173057298098717
MAE: 2.418964527271412
EVS: -0.06570196750953583
