Model: GRU
MSE: 3.505280555129536
MAE: 1.5791478686862521
EVS: -0.3803595894380911
