Model: GRU
MSE: 10.631967420231915
MAE: 2.2765848371717663
EVS: -0.039446508897591936
