Model: GRU
MSE: 10.432553416680161
MAE: 2.0828013243498624
EVS: -0.08777098052709786
