Model: GRU
MSE: 14.33804033068194
MAE: 3.11251848715323
EVS: -0.11403941485331504
