Model: GRU
MSE: 9.201333047161858
MAE: 1.796112307795772
EVS: 0.03363803671502097
