Model: GRU
MSE: 17.68096795258885
MAE: 2.8595413985075773
EVS: -0.05661835675486304
