Model: GRU
MSE: 10.302134485184407
MAE: 1.9274219936794705
EVS: -0.10041617289727034
