Model: GRU
MSE: 9.312456154988265
MAE: 2.8463842603895397
EVS: -0.21705918834182536
