Model: GRU
MSE: 22.732628251164325
MAE: 3.573683420817057
EVS: -0.34687575060440734
