Model: GRU
MSE: 9.456658865583348
MAE: 2.8445943549827293
EVS: -0.38169435079057146
