Model: GRU
MSE: 13.66714371032655
MAE: 2.893214084483959
EVS: -0.18771271116248145
