Model: GRU
MSE: 18.202674815523434
MAE: 3.619041124979655
EVS: -0.292098908347471
