Model: GRU
MSE: 19.380403478162474
MAE: 3.396831017953378
EVS: -0.059656055291493315
