Model: GRU
MSE: 9.484959919592256
MAE: 1.4789518780178494
EVS: 0.005596042915066102
