Model: GRU
MSE: 10.029933473151788
MAE: 2.0718378490871854
EVS: -0.018689828270029407
