Model: GRU
MSE: 14.26640684466589
MAE: 3.017709802698206
EVS: -0.1838525614325972
