Model: GRU
MSE: 11.062262008420847
MAE: 1.8389327437789351
EVS: -0.15191734843407678
