Model: GRU
MSE: 20.72583933079162
MAE: 2.7725389533572726
EVS: -0.2377629876860421
