Model: GRU
MSE: 9.031287214787275
MAE: 1.5068297915988498
EVS: 0.03240788104777981
