Model: GRU
MSE: 7.519046290810197
MAE: 2.542867907771358
EVS: -0.05269250682646587
