Model: GRU
MSE: 20.429264609390557
MAE: 2.4699711446408874
EVS: -0.2346904591886878
