Model: GRU
MSE: 9.940595489139453
MAE: 2.0366941734596535
EVS: -0.015471497203286333
