Model: GRU
MSE: 9.951952830147935
MAE: 1.8611393681278936
EVS: -0.05596069686787697
