Model: GRU
MSE: 8.269909108301734
MAE: 1.7386005189683702
EVS: 0.13505884423516346
