Model: GRU
MSE: 15.75828124193898
MAE: 2.571465421605993
EVS: 0.051734131151422336
