Model: GRU
MSE: 19.967038425204642
MAE: 3.1065289633614674
EVS: -0.00937538491447465
