Model: GRU
MSE: 9.303169617468281
MAE: 1.896407409950539
EVS: 0.03256912659660571
