Model: GRU
MSE: 18.05991049270206
MAE: 3.077024813051577
EVS: -0.06091118200030654
