Model: GRU
MSE: 4.203347564137908
MAE: 1.8092938175907842
EVS: -0.32304310962109284
