Model: GRU
MSE: 12.483098018469214
MAE: 2.3442663969816984
EVS: -0.2979688185170224
