Model: GRU
MSE: 5.871205076542537
MAE: 2.2200529310438366
EVS: -0.12992298806749303
