Model: GRU
MSE: 10.547086066598611
MAE: 1.8195241292317708
EVS: -0.13063696004118008
