Model: GRU
MSE: 11.303997991873748
MAE: 1.9011668805722837
EVS: -0.20932810000961322
