Model: GRU
MSE: 16.031518788504602
MAE: 3.4833898191098815
EVS: -0.06190821274337033
