Model: GRU
MSE: 17.431056483475945
MAE: 2.981284777323405
EVS: -0.028874594643896856
