Model: GRU
MSE: 36.21768025821452
MAE: 3.415429786399559
EVS: -1.107071448789731
