Model: GRU
MSE: 15.09667819415504
MAE: 3.0294187333848743
EVS: -0.3172667512066907
