Model: GRU
MSE: 12.342130324630018
MAE: 2.729068120320638
EVS: -0.07327071357933512
