Model: GRU
MSE: 20.333564550021308
MAE: 3.1507139559145325
EVS: -0.19855192521215081
