Model: GRU
MSE: 9.358958384428323
MAE: 1.535589889243797
EVS: -0.002726190979314369
