Model: GRU
MSE: 10.26814365593782
MAE: 1.74681317364728
EVS: -0.10036125328610956
