Model: GRU
MSE: 13.968950438323562
MAE: 2.8036912282307944
EVS: -0.31715371596040054
