Model: GRU
MSE: 12.652496483838082
MAE: 2.7913257810804577
EVS: -0.07916399170598809
