Model: GRU
MSE: 11.377905607166618
MAE: 2.062891395003707
EVS: -0.21556513094806617
