Model: GRU
MSE: 20.74730273914988
MAE: 2.699700461493598
EVS: -0.25179278228376023
