Model: GRU
MSE: 12.061116688132271
MAE: 2.5696739620632596
EVS: -0.1361553380638303
