Model: GRU
MSE: 9.934478728225729
MAE: 1.8689771934791848
EVS: -0.061293105575004336
