Model: GRU
MSE: 10.823697747031744
MAE: 2.115173410486292
EVS: -0.11865030632074669
