Model: GRU
MSE: 10.57397529349806
MAE: 2.3345392015245228
EVS: -0.007504464064021166
