Model: GRU
MSE: 12.352457857389405
MAE: 1.9804330755163122
EVS: -0.25603720012217557
