Model: GRU
MSE: 10.3564383077467
MAE: 2.156825171576606
EVS: -0.05649312663254635
