Model: GRU
MSE: 12.507472412602915
MAE: 2.5843989054361978
EVS: -0.18526370975305406
