Model: GRU
MSE: 11.107655877143165
MAE: 2.1480285503246166
EVS: -0.14303069325642315
