Model: GRU
MSE: 9.381894553521946
MAE: 2.0945951673719616
EVS: 0.0746469574860178
