Model: GRU
MSE: 17.91458256656137
MAE: 3.1483000649346247
EVS: -0.04244832206160609
