Model: GRU
MSE: 17.82040884098064
MAE: 2.4484645702220775
EVS: -0.07556333611479915
