Model: GRU
MSE: 9.966705351418298
MAE: 2.176569903338397
EVS: 0.024726565388271227
