Model: GRU
MSE: 17.17035382146164
MAE: 2.832776846709075
EVS: 0.014398104982205728
