Model: GRU
MSE: 26.704831070958832
MAE: 4.387211252141882
EVS: -0.21026285587317872
