Model: GRU
MSE: 16.2740632379346
MAE: 3.0480466772008827
EVS: -0.5103819765037116
