Model: GRU
MSE: 10.371156214237628
MAE: 2.34476340258563
EVS: 0.03405559528384672
