Model: GRU
MSE: 218.28182998019903
MAE: 14.44744520275681
EVS: -0.024154635469026298
