Model: GRU
MSE: 18.060429187460816
MAE: 3.235146487200702
EVS: -0.0016035556765225945
