Model: GRU
MSE: 19.020954497595962
MAE: 2.527252621120877
EVS: -0.1119406064164008
