Model: GRU
MSE: 17.28226929755154
MAE: 2.9395514770790383
EVS: -0.016435260584712452
