Model: GRU
MSE: 12.82542820584031
MAE: 2.9486696455213757
EVS: 0.012142418954508183
