Model: GRU
MSE: 10.519338065514535
MAE: 2.271019970929181
EVS: -0.025240182376325526
