Model: GRU
MSE: 17.87094704956484
MAE: 2.8190220373648183
EVS: -0.07794056825761153
