Model: GRU
MSE: 29111.02706426313
MAE: 170.59220151548033
EVS: 0.0
