Model: GRU
MSE: 25.32142436974248
MAE: 3.0545651156593254
EVS: -0.5235526927500938
