Model: GRU
MSE: 19.620903174086077
MAE: 3.2630462646484375
EVS: -0.10216226968102227
