Model: GRU
MSE: 9.251758850003204
MAE: 1.6480707592434354
EVS: 0.011029658586700353
