Model: GRU
MSE: 16.632202878966382
MAE: 2.554132991366916
EVS: -0.0032227505406114965
