Model: GRU
MSE: 16.329210686397346
MAE: 3.493425863760489
EVS: -0.09661500881748553
