Model: GRU
MSE: 20.83630996979918
MAE: 2.48342713603267
EVS: -0.14868393105398425
