Model: GRU
MSE: 17.303858886269794
MAE: 2.625761208710847
EVS: -0.044619162841209814
