Model: GRU
MSE: 32.7902533822855
MAE: 4.703207651774089
EVS: -0.48805947675849404
