Model: GRU
MSE: 4676.757386381555
MAE: 68.31858853940611
EVS: 0.0
