Model: GRU
MSE: 16.07847230486897
MAE: 2.3135207494099936
EVS: 0.03334006056373873
