Model: GRU
MSE: 10.25283712894169
MAE: 2.104964291607892
EVS: -0.03948239956204724
