Model: GRU
MSE: 11.277136487433987
MAE: 2.4088011847601996
EVS: -0.08836577463647277
