Model: GRU
MSE: 12.433315958057763
MAE: 2.5711599279333046
EVS: -0.2071750905990548
