Model: GRU
MSE: 16.04247684018053
MAE: 2.5552469006291143
EVS: 0.03918157203173578
