Model: GRU
MSE: 11.695566414906285
MAE: 2.4905676665129484
EVS: -0.11227177625998008
