Model: GRU
MSE: 11.387656874486007
MAE: 2.176142869172273
EVS: -0.197398373424311
