Model: GRU
MSE: 21.169764794722656
MAE: 3.8247760313528554
EVS: -0.5290018319108052
