Model: GRU
MSE: 13.398904794593768
MAE: 2.922253467418529
EVS: -0.11262777424949055
