Model: GRU
MSE: 14.357507264370085
MAE: 3.191097930625633
EVS: -0.054490444094845714
