Model: GRU
MSE: 17.45974406778758
MAE: 2.961725023057726
EVS: -0.01954408330743518
