Model: GRU
MSE: 9.251616387315051
MAE: 1.5891346754851166
EVS: 0.008266611878173125
