Model: GRU
MSE: 11.943557727620053
MAE: 2.183670750370732
EVS: -0.273496531491334
