Model: GRU
MSE: 19.91407007066876
MAE: 3.9029627552738897
EVS: -0.27321288206145367
