Model: GRU
MSE: 19.564525171701057
MAE: 4.024365107218425
EVS: -0.05122556091045305
