Model: GRU
MSE: 23.00790744598491
MAE: 4.014023480591951
EVS: -0.08795782496957916
