Model: GRU
MSE: 11.21376921828879
MAE: 1.717368514449508
EVS: -0.13335489702427616
