Model: GRU
MSE: 12.87597212419496
MAE: 2.7639533148871527
EVS: -0.14046687844751604
