Model: GRU
MSE: 21.704645453334066
MAE: 3.713391692550094
EVS: -0.1726103699324626
