Model: GRU
MSE: 10.803132695790298
MAE: 2.2149427202012806
EVS: -0.10414575795284775
