Model: GRU
MSE: 10.404962705879235
MAE: 2.192391007034867
EVS: -0.048660800503300905
