Model: GRU
MSE: 10.759822487915699
MAE: 1.686226350289804
EVS: -0.12896361372415144
