Model: GRU
MSE: 12.592958583656785
MAE: 2.595641524703414
EVS: -0.21909382516479758
