Model: GRU
MSE: 11.183596963768988
MAE: 2.335817125108507
EVS: -0.09933769266896442
