Model: GRU
MSE: 12.44974711613149
MAE: 2.459090303491663
EVS: -0.2424191032236036
