Model: GRU
MSE: 15.643220185478944
MAE: 3.3661238705670393
EVS: -0.13073094044413525
