Model: GRU
MSE: 15.64584845033389
MAE: 2.426707479688856
EVS: 0.05444982061359016
