Model: GRU
MSE: 16.372992647466837
MAE: 3.389743381076389
EVS: -0.20691168815774064
