Model: GRU
MSE: 19.295797440524574
MAE: 2.954445344430429
EVS: -0.14453672922869076
