Model: GRU
MSE: 11.75906905663551
MAE: 2.186448273835359
EVS: -0.2442600009953091
