Model: GRU
MSE: 13.17383002889481
MAE: 2.963640601546676
EVS: -0.04236414950329448
