Model: GRU
MSE: 19.625983678513876
MAE: 3.399901849252206
EVS: -0.09011971549756126
