Model: GRU
MSE: 226.14651659750572
MAE: 14.728487156055591
EVS: 0.01175659087665093
