Model: GRU
MSE: 10.5114190001133
MAE: 1.9106119650381583
EVS: -0.12637456544783943
