Model: GRU
MSE: 3976.9383678762906
MAE: 62.98897142763491
EVS: 0.0
