Model: GRU
MSE: 9.868013758483391
MAE: 2.015378987347638
EVS: -0.019784434252582583
