Model: GRU
MSE: 14.972212282305783
MAE: 3.286262370921947
EVS: -0.06942743758300063
