Model: GRU
MSE: 16.357564348325567
MAE: 3.2901059256659613
EVS: -0.2991896410179864
