Model: GRU
MSE: 19.532413146462517
MAE: 2.694712338624177
EVS: -0.17853991869068886
