Model: GRU
MSE: 13.635996995266767
MAE: 2.671821841487178
EVS: -0.3487142833710202
