Model: GRU
MSE: 16.26799927293373
MAE: 3.2550684611002603
EVS: -0.3596825061048696
