Model: GRU
MSE: 13.485586348149472
MAE: 2.9078436957465277
EVS: -0.13152686417400972
