Model: GRU
MSE: 9.478399613128238
MAE: 1.7097190927576136
EVS: -0.01541618967044589
