Model: GRU
MSE: 5266.6456745219875
MAE: 72.50329250759549
EVS: -0.06329475122735073
