Model: GRU
MSE: 10.509070292914792
MAE: 2.2817728607742875
EVS: -0.01876047383190782
