Model: GRU
MSE: 14.582353456647002
MAE: 2.214049127366808
EVS: 0.1185831964668903
