Model: GRU
MSE: 14.880095788253668
MAE: 3.0981401160911277
EVS: -0.25076964747407593
