Model: GRU
MSE: 19.136295545498896
MAE: 3.3210088588573314
EVS: -0.0812709845473445
