Model: GRU
MSE: 10.526810763900695
MAE: 2.4087802039252386
EVS: 0.03473169901473949
