Model: GRU
MSE: 9.81329436174767
MAE: 1.772791685881438
EVS: -0.04782243880110393
