Model: GRU
MSE: 13.013857506386591
MAE: 2.9235265873096608
EVS: -0.05376845170435396
