Model: GRU
MSE: 13.085431738419645
MAE: 2.909722610756203
EVS: -0.06086393421337011
