Model: GRU
MSE: 18.641436329311723
MAE: 2.644597636328803
EVS: -0.12482892234854615
