Model: GRU
MSE: 9.380835885272502
MAE: 1.8435198465983074
EVS: 0.013080659560919417
