Model: GRU
MSE: 13.299128555648235
MAE: 2.7765976587931314
EVS: -0.21552030957895174
