Model: GRU
MSE: 4709.520309591921
MAE: 68.505307091607
EVS: 2.220446049250313e-16
