Model: GRU
MSE: 13.073404851636614
MAE: 2.926185537267614
EVS: -0.05218546428914905
