Model: GRU
MSE: 11.396973844202876
MAE: 1.9978698447898582
EVS: -0.2199893945702407
