Model: GRU
MSE: 16.79095162070088
MAE: 3.387053030508536
EVS: -0.2970286390721071
