Model: GRU
MSE: 9.889029742444075
MAE: 1.62890119905825
EVS: -0.043258394219600316
