Model: GRU
MSE: 2.807610970378745
MAE: 1.244559888486509
EVS: -0.16927566562975715
