Model: GRU
MSE: 18.455069398816367
MAE: 2.6872334656892
EVS: -0.11215427085927088
