Model: GRU
MSE: 10.968872062121557
MAE: 2.113440019113046
EVS: -0.1354532075853665
