Model: GRU
MSE: 16.47396427004057
MAE: 2.135258127141882
EVS: 0.020227301363101025
