Model: GRU
MSE: 21.128530515513923
MAE: 3.2519910777056658
EVS: -0.2008047303453122
