Model: GRU
MSE: 13.232204394204793
MAE: 2.8058573051735207
EVS: -0.16626763390998778
