Model: GRU
MSE: 14.676469879993352
MAE: 3.0949847963121204
EVS: -0.16666192703558624
