Model: GRU
MSE: 16.94743483879187
MAE: 2.7264204731693975
EVS: -0.01495925678098975
