Model: GRU
MSE: 12.427085885245846
MAE: 2.7174309624565973
EVS: -0.07803898310552526
