Model: GRU
MSE: 12.68370426517871
MAE: 2.8851219106603554
EVS: -0.023125172314052644
