Model: GRU
MSE: 8.640808911926023
MAE: 2.6044032132184065
EVS: -0.8574709601121888
