Model: GRU
MSE: 17.93444508487506
MAE: 3.108814345465766
EVS: -0.024937117261803143
