Model: GRU
MSE: 9.561632691455493
MAE: 1.7398238711886935
EVS: -0.024028081373263843
