Model: GRU
MSE: 10.096335222008545
MAE: 2.194263634858308
EVS: 0.008023252750680387
