Model: GRU
MSE: 10.247775428169344
MAE: 1.9834869172837999
EVS: -0.07959071393353345
