Model: GRU
MSE: 13.303014951377952
MAE: 2.814894746851038
EVS: -0.20671009610504232
