Model: GRU
MSE: 11.14941988288343
MAE: 2.0579341605857566
EVS: -0.18932155181113886
