Model: GRU
MSE: 11.543835454823979
MAE: 2.1550220560144493
EVS: -0.2181102034795841
