Model: GRU
MSE: 10.288228939326002
MAE: 1.5705009389806677
EVS: -0.01689264444081484
