Model: GRU
MSE: 10.579615180046419
MAE: 2.160320423267506
EVS: -0.09046129140569437
