Model: GRU
MSE: 17.68209886085771
MAE: 3.3084144945497864
EVS: -0.4891227689147639
