Model: GRU
MSE: 16.586900992112465
MAE: 2.982020448755335
EVS: 0.061155132393399314
