Model: GRU
MSE: 10.124347875045984
MAE: 2.1368219587537975
EVS: -0.011423547849568116
