Model: GRU
MSE: 11.876846130505227
MAE: 2.5008940520109952
EVS: -0.14775706746440154
