Model: GRU
MSE: 12.354371112910147
MAE: 2.2489618725246854
EVS: -0.3163207670999628
