Model: GRU
MSE: 9.856772460052154
MAE: 2.060298107288502
EVS: -0.009075543252021312
