Model: GRU
MSE: 15.735829511473135
MAE: 3.4787367008350514
EVS: 0.0
