Model: GRU
MSE: 9.335341107152393
MAE: 1.7895199104591653
EVS: 0.009473357589346976
