Model: GRU
MSE: 11.177126709711922
MAE: 2.3354318053634078
EVS: -0.09945311649331234
