Model: GRU
MSE: 9.211864244751268
MAE: 1.7889681922064886
EVS: 0.022997190726201877
