Model: GRU
MSE: 3.635771503880312
MAE: 1.5944898393419054
EVS: -0.30761728134774
