Model: GRU
MSE: 4.9479063368429435
MAE: 1.8655616265756112
EVS: -1.0871151600892732
