Model: GRU
MSE: 14.464339240881667
MAE: 3.0838486000343606
EVS: -0.17936411808254205
