Model: GRU
MSE: 20.953225206486422
MAE: 3.364559703403049
EVS: -0.17498850161660107
