Model: GRU
MSE: 13.993730669560575
MAE: 3.007965229175709
EVS: -0.14325153052988537
