Model: GRU
MSE: 24.55506935364618
MAE: 3.6686819041216814
EVS: -0.37259118505626043
