Model: GRU
MSE: 24.70196721298274
MAE: 2.8311753184707076
EVS: -0.4849994689924002
