Model: GRU
MSE: 9.413908807881752
MAE: 1.9036565709997106
EVS: 0.02539072967778455
