Model: GRU
MSE: 7.406341810922338
MAE: 2.483193220915618
EVS: -0.5039923674619624
