Model: GRU
MSE: 16.000062734708553
MAE: 2.6031563723528826
EVS: 0.044787114231938374
