Model: GRU
MSE: 2.7234233401405046
MAE: 1.33772051775897
EVS: -0.16821602467610997
