Model: GRU
MSE: 10.166258949464565
MAE: 1.6594826380411785
EVS: -0.0796774292636313
