Model: GRU
MSE: 15.887289115935582
MAE: 3.020445541099266
EVS: -0.46329125920714986
