Model: GRU
MSE: 11.256982131184756
MAE: 2.482992242883753
EVS: -0.041507715076673835
