Model: GRU
MSE: 14.23411565201079
MAE: 3.1047226234718606
EVS: -0.10519043490950608
