Model: GRU
MSE: 8731.092883628828
MAE: 93.35175238715277
EVS: 2.220446049250313e-16
