Model: GRU
MSE: 21.433267710205723
MAE: 3.834265496995714
EVS: -0.0575422580916114
