Model: GRU
MSE: 14.52153189254467
MAE: 3.208540951764142
EVS: -0.056836721102794696
