Model: GRU
MSE: 28.21371194613822
MAE: 3.264555410102562
EVS: -0.6368216253122192
