Model: GRU
MSE: 16.431174568244522
MAE: 3.306988751446759
EVS: -0.3337577909373912
