Model: GRU
MSE: 3.4163640182832076
MAE: 1.594641226309317
EVS: -0.041196404832541944
