Model: GRU
MSE: 10.476152755730153
MAE: 2.092490867332176
EVS: -0.09058992359160101
