Model: GRU
MSE: 5.18131927022289
MAE: 2.0483810989945024
EVS: -0.0008036268357058951
