Model: GRU
MSE: 15.560531906384952
MAE: 3.260055330064562
EVS: -0.19726235235108658
