Model: GRU
MSE: 16.715876082482552
MAE: 2.1757885261818215
EVS: 0.011069345084564142
