Model: GRU
MSE: 20.496426879197156
MAE: 3.052620022385209
EVS: -0.2103985913717641
