Model: GRU
MSE: 5.69328448821977
MAE: 2.1788171838831016
EVS: -0.03024706668137389
