Model: GRU
MSE: 11.839414284800114
MAE: 2.4439722343727395
EVS: -0.1616058792630337
