Model: GRU
MSE: 9.534871527396819
MAE: 1.714533629240813
EVS: -0.021926921766334706
