Model: GRU
MSE: 16.343525500133183
MAE: 2.9214851238109447
EVS: 0.06727444854307862
