Model: GRU
MSE: 10.149227320604176
MAE: 2.1254504874900535
EVS: -0.020749472615858133
