Model: GRU
MSE: 11.81317080597189
MAE: 2.35700112802011
EVS: -0.18932978676743661
