Model: GRU
MSE: 21.356951601724784
MAE: 2.4705128493132413
EVS: -0.2786200874942619
