Model: GRU
MSE: 5.9530518119211555
MAE: 2.1349839810971862
EVS: -0.6048112824556531
