Model: GRU
MSE: 23.467550933353593
MAE: 3.394090590653596
EVS: -0.3814822003544185
