Model: GRU
MSE: 17.65136825191483
MAE: 3.0406806027447737
EVS: -0.022493644682284986
