Model: GRU
MSE: 17.785509787774807
MAE: 2.9108070444177696
EVS: -0.060054662780033796
