Model: GRU
MSE: 10.099220833024413
MAE: 1.6708621625547055
EVS: -0.07263362945051566
