Model: GRU
MSE: 10.925136718981204
MAE: 2.1509440386736833
EVS: -0.120430114025188
