Model: GRU
MSE: 20.796435970964282
MAE: 2.392237839875398
EVS: -0.2499057510380316
