Model: GRU
MSE: 17.66103990844436
MAE: 2.852931022644043
EVS: -0.058606820621987854
