Model: GRU
MSE: 13.486631205641398
MAE: 2.9012573030259876
EVS: -0.15780751406053772
