Model: GRU
MSE: 19.844229419293974
MAE: 3.209754608295582
EVS: -0.15945672668829225
