Model: GRU
MSE: 1.7679393101414933
MAE: 0.8797722216005679
EVS: 0.05843948616112138
