Model: GRU
MSE: 14.346782352413356
MAE: 3.1167497988100403
EVS: -0.11317718626186202
