Model: GRU
MSE: 18.326525046336663
MAE: 2.855225951583297
EVS: -0.10546460530232293
