Model: GRU
MSE: 11.996677638832269
MAE: 3.177935317710594
EVS: -0.8002321237068373
