Model: GRU
MSE: 21.52619048797025
MAE: 3.7265984040719493
EVS: -0.7166543100133649
