Model: GRU
MSE: 10.446501407080515
MAE: 1.8387093367399994
EVS: -0.1198959829272952
