Model: GRU
MSE: 19.878351651107625
MAE: 3.1092803919756853
EVS: -0.17999733059304468
