Model: GRU
MSE: 12.062081812740736
MAE: 2.6016549710874206
EVS: -0.10647192804617012
