Model: GRU
MSE: 11.072734135027464
MAE: 1.794239150153266
EVS: -0.1612493208358341
