Model: GRU
MSE: 10.83161943042035
MAE: 2.3563110916702836
EVS: -0.04199185540256978
