Model: GRU
MSE: 10.682637893025458
MAE: 2.0370365425392434
EVS: -0.12735890994660726
