Model: GRU
MSE: 15.72520004824579
MAE: 2.13774515081335
EVS: 0.07604789422192837
