Model: GRU
MSE: 14.389904414101457
MAE: 3.244728194342719
EVS: 0.0007685950540405884
