Model: GRU
MSE: 10.8718669831244
MAE: 1.9886517701325592
EVS: -0.15567851819314948
