Model: GRU
MSE: 12.259647819204744
MAE: 2.771479783234773
EVS: -0.01555413438655151
