Model: GRU
MSE: 9.663340799695005
MAE: 2.7643453809950085
EVS: -1.15173496236803
