Model: GRU
MSE: 10.604745954888736
MAE: 1.9621045147931133
EVS: -0.13030067196733297
