Model: GRU
MSE: 10.79268888100402
MAE: 1.8088243978994865
EVS: -0.14664385530755975
