Model: GRU
MSE: 19.26941070746219
MAE: 2.9979258290043584
EVS: -0.16476114344703796
