Model: GRU
MSE: 9.568184160587911
MAE: 1.5790739059448242
EVS: -0.025582143150847614
