Model: GRU
MSE: 13.558921493541204
MAE: 2.9150269473040544
EVS: -0.1527283504408683
