Model: GRU
MSE: 16.92669391076362
MAE: 2.871514249730993
EVS: 0.008791728059873827
