Model: GRU
MSE: 20.691691121988395
MAE: 3.6211555269029407
EVS: -0.09904587077501659
