Model: GRU
MSE: 19.271673603428983
MAE: 3.2181508276197643
EVS: -0.10037813710006738
