Model: GRU
MSE: 10.372711211805298
MAE: 2.218781895107693
EVS: -0.03226944781795238
