Model: GRU
MSE: 11.601345364601675
MAE: 2.3049763573540583
EVS: -0.18254790568810275
