Model: GRU
MSE: 36.67398503639931
MAE: 3.0707757031476057
EVS: -1.1448591341284269
