Model: GRU
MSE: 9.35301714689474
MAE: 1.8074514954178422
EVS: 0.009342506786558125
