Model: GRU
MSE: 21.436539411825237
MAE: 2.776660089139585
EVS: -0.29577181487727144
