Model: GRU
MSE: 17.251127297510585
MAE: 2.5870786243014865
EVS: -0.042403206909575
