Model: GRU
MSE: 14.11329256575273
MAE: 2.7737914897777416
EVS: -0.38619921438626204
