Model: GRU
MSE: 9.929346942682901
MAE: 1.8541914621988933
EVS: -0.05677845208206511
