Model: GRU
MSE: 11.865554564336586
MAE: 2.6685617941397206
EVS: -0.025964431012349465
