Model: GRU
MSE: 10.407405651725034
MAE: 2.266938809995298
EVS: 0.005679974195641924
