Model: GRU
MSE: 12.1111209466727
MAE: 2.6893752415974936
EVS: -0.06043131769969112
