Model: GRU
MSE: 13.27401029647222
MAE: 2.798584125660084
EVS: -0.19232897311934938
