Model: GRU
MSE: 18.220652293153357
MAE: 3.6214433599401405
EVS: -0.2869733236904144
