Model: GRU
MSE: 10.884998043975125
MAE: 2.3494097744977034
EVS: -0.04378391648632807
