Model: GRU
MSE: 16.902215043588278
MAE: 2.669075047528302
EVS: -0.019987644067791743
