Model: GRU
MSE: 9.867079309611317
MAE: 1.9956884737367984
EVS: -0.023096624047362235
