Model: GRU
MSE: 13.240925106434926
MAE: 2.9976152490686485
EVS: -0.01980801258633713
