Model: GRU
MSE: 20.650277358812065
MAE: 3.2522423437663486
EVS: -0.04005274613823295
