Model: GRU
MSE: 19.589619082726845
MAE: 2.5820854858115867
EVS: -0.1693768444354964
