Model: GRU
MSE: 19.94958938838853
MAE: 3.60434917167381
EVS: -0.06235174816151612
