Model: GRU
MSE: 11.440590556765933
MAE: 2.5026193548131874
EVS: -0.06055257051792795
