Model: GRU
MSE: 13.105568363857284
MAE: 2.819073924311885
EVS: -0.1584345544032919
