Model: GRU
MSE: 10.04589793895007
MAE: 2.2500843825163663
EVS: 0.056558107246210354
