Model: GRU
MSE: 11.108495101635222
MAE: 2.335502695154261
EVS: -0.0907941680113713
