Model: GRU
MSE: 10.026199596887198
MAE: 1.7340804912425853
EVS: -0.07475543316936939
