Model: GRU
MSE: 9.669625841899485
MAE: 1.8460774598298249
EVS: -0.02132006447405721
