Model: GRU
MSE: 14.837009475921386
MAE: 3.0219057224414967
EVS: -0.27484561648948946
