Model: GRU
MSE: 19.61151386251813
MAE: 3.457964137748436
EVS: -0.057889634849243476
