Model: GRU
MSE: 20.35414962975071
MAE: 3.4708322627203807
EVS: 0.020608303559053076
