Model: GRU
MSE: 18.339898556475855
MAE: 2.9913644437436706
EVS: -0.09717850240005821
