Model: GRU
MSE: 10.208277092175868
MAE: 1.6475883060031467
EVS: -0.08059734931488038
