Model: GRU
MSE: 10.425643460121238
MAE: 1.5657072773686163
EVS: 0.01948017698029636
