Model: GRU
MSE: 11.417147325161986
MAE: 2.5807840559217663
EVS: -0.01151743133309524
