Model: GRU
MSE: 9.891429788076358
MAE: 1.986861688119394
EVS: -0.03307269088726361
