Model: GRU
MSE: 15.158105036914936
MAE: 2.302283039799443
EVS: 0.08372679628230639
