Model: GRU
MSE: 11.932838864117002
MAE: 2.348811396846065
EVS: -0.21344020274662778
