Model: GRU
MSE: 12.792501064663359
MAE: 2.5571540549949363
EVS: -0.26819569432048174
