Model: GRU
MSE: 4.551435144490386
MAE: 1.8769382547449183
EVS: 0.03290114600496685
