Model: GRU
MSE: 10.587479444577589
MAE: 2.126381132337782
EVS: -0.08941915897320518
