Model: GRU
MSE: 27.274575323267044
MAE: 3.427302523895546
EVS: -0.5516745895617414
