Model: GRU
MSE: 9.143090398640501
MAE: 1.6492613686455622
EVS: 0.01982541195478449
