Model: GRU
MSE: 11.99102008798154
MAE: 2.7748193740844727
EVS: 0.021431409821938474
