Model: GRU
MSE: 3.1110432332723037
MAE: 1.4260553430627894
EVS: -0.3626588980585157
