Model: GRU
MSE: 5.083844081490834
MAE: 2.0774238374498157
EVS: 0.155988893672106
