Model: GRU
MSE: 10.903885160355458
MAE: 1.8696367122508861
EVS: -0.16861951661042385
