Model: GRU
MSE: 17.318219003907476
MAE: 2.2631541887919107
EVS: -0.03750839811297091
