Model: GRU
MSE: 10.172491608772294
MAE: 1.9756891109325267
EVS: -0.06968977192960724
