Model: GRU
MSE: 10.969469759006373
MAE: 2.439047106990108
EVS: -0.029909868543368745
