Model: GRU
MSE: 10.790178654617531
MAE: 2.3948099348280163
EVS: -0.016570853276481445
