Model: GRU
MSE: 12.13598181003996
MAE: 2.1832929540563515
EVS: -0.29803510279283074
