Model: GRU
MSE: 11.981074005877721
MAE: 2.4017907601815685
EVS: -0.21529660838252496
