Model: GRU
MSE: 10.208816018333016
MAE: 1.84419674343533
EVS: -0.09242604779972807
