Model: GRU
MSE: 15.192958802587546
MAE: 3.2295993522361472
EVS: -0.1514661902415877
