Model: GRU
MSE: 15.073028153023222
MAE: 2.884429966961896
EVS: -0.4368634277039749
