Model: GRU
MSE: 9.023934983080196
MAE: 1.4847211837768555
EVS: 0.05023923582014378
