Model: GRU
MSE: 13.030934006764694
MAE: 2.654904047648112
EVS: -0.24095376146478076
