Model: GRU
MSE: 15.242133729970933
MAE: 3.339689431367097
EVS: -0.0709140240674695
