Model: GRU
MSE: 16.440700434128775
MAE: 2.284255063092267
EVS: 0.009660148913698485
