Model: GRU
MSE: 10.11475867983777
MAE: 1.6303336532027632
EVS: -0.06647718565557659
