Model: GRU
MSE: 17.610833329111603
MAE: 2.7863410667136863
EVS: -0.06284545497082461
