Model: GRU
MSE: 10.233355355887667
MAE: 2.3211121029324002
EVS: 0.04763939037433329
