Model: GRU
MSE: 17.5811024854814
MAE: 2.18772390153673
EVS: 0.00383488651946573
