Model: GRU
MSE: 17.98102871426128
MAE: 2.361985754083704
EVS: -0.08275969640348668
