Model: GRU
MSE: 16.77326249598819
MAE: 2.4227161054257995
EVS: -0.010737590118756524
