Model: GRU
MSE: 22.38326499744572
MAE: 3.0930197680438005
EVS: -0.33493261890916703
