Model: GRU
MSE: 9.273524039466322
MAE: 1.5118014017740886
EVS: 0.013470911530675922
