Model: GRU
MSE: 21.5021704927691
MAE: 2.9851182390142372
EVS: -0.2639591484579078
