Model: GRU
MSE: 10.934508799517365
MAE: 1.94660868468108
EVS: -0.1603592962781919
