Model: GRU
MSE: 19.21705317376833
MAE: 2.589333110385471
EVS: -0.1131065259453683
