Model: GRU
MSE: 13.841926684743022
MAE: 2.965669278745298
EVS: -0.14055707109537785
