Model: GRU
MSE: 8.980277432933487
MAE: 1.7938562675758645
EVS: 0.05031095503036076
