Model: GRU
MSE: 26.876830395912435
MAE: 2.850577160164162
EVS: -0.6237495421692036
