Model: GRU
MSE: 13.325946500227305
MAE: 2.9354305973759405
EVS: -0.09356781273223347
