Model: GRU
MSE: 2.4395404974756847
MAE: 1.1889577794958044
EVS: -0.1575642311472023
