Model: GRU
MSE: 9.6122389672453
MAE: 1.5653561486138239
EVS: -0.02511983839343057
