Model: GRU
MSE: 10.678268061207039
MAE: 1.9969927469889324
EVS: -0.14313800798869458
