Model: GRU
MSE: 10.53750639794941
MAE: 1.5702748828464084
EVS: -0.09207666077924404
