Model: GRU
MSE: 8.543013637418174
MAE: 2.6486179916946977
EVS: -0.5862316608986473
