Model: GRU
MSE: 24.93867753241982
MAE: 4.166740223213479
EVS: -0.18162089036469697
