Model: GRU
MSE: 6.58231420192836
MAE: 2.356390352602358
EVS: -0.4457187961078082
