Model: GRU
MSE: 10.344924177829515
MAE: 1.4469291192513924
EVS: -0.05264291957925349
