Model: GRU
MSE: 6043.604481812187
MAE: 77.68060655947085
EVS: 0.0
