Model: GRU
MSE: 11.262824530869423
MAE: 2.4727120576081454
EVS: -0.05450246957304361
