Model: GRU
MSE: 11.844855666629579
MAE: 2.484411628158004
EVS: -0.15205686285897535
