Model: GRU
MSE: 17.903101224015465
MAE: 2.8093697936446578
EVS: -0.07557589403893616
