Model: GRU
MSE: 11.823852114235605
MAE: 2.659711449234574
EVS: -0.03428103768113311
