Model: GRU
MSE: 9.782882513332172
MAE: 1.6517097685072157
EVS: -0.04761971238510099
