Model: GRU
MSE: 13.799535579799407
MAE: 2.920018443354854
EVS: -0.18688073859765142
