Model: GRU
MSE: 9.632825009295528
MAE: 1.5727159358836986
EVS: -0.029807253732294425
