Model: GRU
MSE: 5.585748944618125
MAE: 2.0661871521561235
EVS: -0.48265517164548033
