Model: GRU
MSE: 18.227373409159696
MAE: 2.494033583888301
EVS: -0.09983037269400197
