Model: GRU
MSE: 9.467320228022597
MAE: 1.7008645092999493
EVS: -0.01474696804708664
