Model: GRU
MSE: 18.63594862157917
MAE: 3.072468987217656
EVS: -0.10315065088939157
