Model: GRU
MSE: 13.379142657276168
MAE: 2.808666158605505
EVS: -0.2047498916729682
