Model: GRU
MSE: 8.142606087016146
MAE: 1.8346405382509585
EVS: 0.1722452499102719
