Model: GRU
MSE: 2.3150776857114748
MAE: 1.2237520571108218
EVS: 0.046933439018509326
