Model: GRU
MSE: 10.091603303533601
MAE: 2.1319399586430303
EVS: -0.011769557044995826
