Model: GRU
MSE: 9.916033900704557
MAE: 1.6382134402239765
EVS: -0.06197145878928412
