Model: GRU
MSE: 15.942945431614639
MAE: 3.151667736194752
EVS: -0.3767963611245262
