Model: GRU
MSE: 11.381605923585656
MAE: 2.3033131846675166
EVS: -0.1578112036801047
