Model: GRU
MSE: 18.27427780971478
MAE: 3.04157938780608
EVS: -0.08129236261772887
