Model: GRU
MSE: 14.147259108070607
MAE: 3.1222958741364657
EVS: -0.08945876134039654
