Model: GRU
MSE: 2.002749976038171
MAE: 1.0847114280418113
EVS: 0.0739865751403791
