Model: GRU
MSE: 17.270081213100504
MAE: 2.8034532335069446
EVS: -0.03954623190528328
