Model: GRU
MSE: 230.42448634361548
MAE: 14.874665997646472
EVS: 0.0170509415128014
