Model: GRU
MSE: 22.543895434805428
MAE: 3.9944428691157587
EVS: -0.10581949992210782
