Model: GRU
MSE: 21.342915723219548
MAE: 4.124291314019097
EVS: -0.20327775012692517
