Model: GRU
MSE: 27.62313868979466
MAE: 4.726473172505696
EVS: -0.4681434826998432
