Model: GRU
MSE: 17.64237927085762
MAE: 2.8956642857304327
EVS: -0.05822787384345163
