Model: GRU
MSE: 9.85355709005287
MAE: 1.9642889941180195
EVS: -0.022610266849069083
