Model: GRU
MSE: 20.306071804985006
MAE: 2.5891975249562944
EVS: -0.07511236721489545
