Model: GRU
MSE: 10.275342274670745
MAE: 1.595095775745533
EVS: 0.010345756172107201
