Model: GRU
MSE: 3.8430254668145505
MAE: 1.6874183725427698
EVS: -0.31817942675388644
