Model: GRU
MSE: 11.351344373279366
MAE: 2.489158100552029
EVS: -0.061319682085065
