Model: GRU
MSE: 12.212688492524446
MAE: 2.17116281721327
EVS: -0.308647854916255
