Model: GRU
MSE: 11.457066707351496
MAE: 2.404839727613661
EVS: -0.1054004601531584
