Model: GRU
MSE: 9.371796435453117
MAE: 1.9052287914134838
EVS: 0.02585667743894482
