Model: GRU
MSE: 10.222925167897538
MAE: 2.0513318379720054
EVS: -0.057164090077457486
