Model: GRU
MSE: 22.287528164333033
MAE: 4.145682794076425
EVS: -0.34280764332360647
