Model: GRU
MSE: 11.512926249053331
MAE: 2.296939249391909
EVS: -0.18708663675526616
