Model: GRU
MSE: 12.579371251199653
MAE: 2.6503707391244395
EVS: -0.15105391799208623
