Model: GRU
MSE: 19.416108937976855
MAE: 2.986048627782751
EVS: -0.15566110642758368
