Model: GRU
MSE: 4.385447635374173
MAE: 1.8637126640037254
EVS: -0.0016189905803081217
