Model: GRU
MSE: 16.25376225696753
MAE: 2.466440236126935
EVS: 0.01755493897966176
