Model: GRU
MSE: 12.715855313927662
MAE: 2.7458619364985712
EVS: -0.11738387066805167
