Model: GRU
MSE: 9.435476010130852
MAE: 1.5634631404170283
EVS: -0.00031138017439391596
