Model: GRU
MSE: 17.888884059957054
MAE: 2.431681844923231
EVS: -0.04199449408586897
