Model: GRU
MSE: 11.083748499453476
MAE: 1.9356782348067672
EVS: -0.18617963903605173
