Model: GRU
MSE: 12.34935647607418
MAE: 2.673100895351834
EVS: -0.08767394359899616
