Model: GRU
MSE: 12.14550392514903
MAE: 2.538093743500886
EVS: -0.1772234693492345
