Model: GRU
MSE: 11248.792592091286
MAE: 106.01634188051577
EVS: 0.0
