Model: GRU
MSE: 12.784681005391812
MAE: 2.805508578265155
EVS: -0.0972029030618402
