Model: GRU
MSE: 20.02987438721653
MAE: 3.5190776542381004
EVS: -0.0972848985171435
