Model: GRU
MSE: 11.123134465074111
MAE: 2.4667241838243275
EVS: -0.04467206032957605
