Model: GRU
MSE: 10.337606247096893
MAE: 2.1894860091032804
EVS: -0.03729829054046774
