Model: GRU
MSE: 11.618941476241666
MAE: 2.4660804536607532
EVS: -0.12659705906871044
