Model: GRU
MSE: 8.729493365282467
MAE: 1.6971330642700195
EVS: 0.07442761466798387
