Model: GRU
MSE: 21.623795037838953
MAE: 3.7110689834312156
EVS: -0.13447816907111387
