Model: GRU
MSE: 14.115871553751681
MAE: 3.0071618821885853
EVS: -0.18067709712548607
