Model: GRU
MSE: 20.7204729391058
MAE: 3.2888809133459023
EVS: -0.1682037657591866
