Model: GRU
MSE: 10.15179329314449
MAE: 2.0244005344532154
EVS: -0.04075310960004108
