Model: GRU
MSE: 2.305743992424545
MAE: 1.198105529502586
EVS: 0.12098078674539992
