Model: GRU
MSE: 16.944621610127527
MAE: 2.6840859872323497
EVS: -0.021622322750867173
