Model: GRU
MSE: 12.650710593699571
MAE: 2.712684843275282
EVS: -0.13508962540668357
