Model: GRU
MSE: 35.22276385742492
MAE: 3.808691757065909
EVS: -0.7500191187121468
