Model: GRU
MSE: 10.282799938602693
MAE: 1.7830333003291376
EVS: -0.10187289131275756
