Model: GRU
MSE: 13.597001776159232
MAE: 2.9152841214780456
EVS: -0.15199111284276157
