Model: GRU
MSE: 4.330899113379389
MAE: 1.884842413443106
EVS: -0.01429047022249419
