Model: GRU
MSE: 10.465507155835203
MAE: 2.1399381778858326
EVS: -0.06241269141697159
