Model: GRU
MSE: 9.460743151271041
MAE: 1.9910298806649667
EVS: 0.03685187920703037
