Model: GRU
MSE: 9.441536043772295
MAE: 1.5866117124204282
EVS: -0.00882127975225866
