Model: GRU
MSE: 13.05695931465531
MAE: 2.8397485591747142
EVS: -0.1355895564127192
