Model: GRU
MSE: 10.161050114622075
MAE: 1.9420127162226923
EVS: -0.0730096061876826
