Model: GRU
MSE: 12.599755234805881
MAE: 2.7552928218135126
EVS: -0.1097619392267617
