Model: GRU
MSE: 10.621979229046735
MAE: 2.258822864956326
EVS: -0.05053855322690759
