Model: GRU
MSE: 18.33739277803213
MAE: 2.6717292114540383
EVS: -0.108255399626769
