Model: GRU
MSE: 15.55853997920059
MAE: 3.1894493103027344
EVS: -0.27336906477069567
