Model: GRU
MSE: 21.952222050706983
MAE: 4.072837617662218
EVS: 2.220446049250313e-16
