Model: GRU
MSE: 9.135595006398843
MAE: 1.7753080791897244
EVS: 0.030280482256329955
