Model: GRU
MSE: 20.28129412125438
MAE: 3.933238700584129
EVS: -0.24678558863178446
