Model: GRU
MSE: 14.025692188223864
MAE: 2.9272741035178855
EVS: -0.23936618386688457
