Model: GRU
MSE: 12.071703038191421
MAE: 2.6757677219532154
EVS: -0.06843003838122019
