Model: GRU
MSE: 14.518750663517562
MAE: 2.940826345373083
EVS: -0.3198444942206302
