Model: GRU
MSE: 18.063396405671316
MAE: 3.2584691224274813
EVS: 0.007796175026646424
