Model: GRU
MSE: 13.084657085505535
MAE: 2.7609696564850985
EVS: -0.1815740409561981
