Model: GRU
MSE: 15.979229197417865
MAE: 2.294300255952058
EVS: 0.037661010613182055
