Model: GRU
MSE: 19.465209371365383
MAE: 2.630665337597882
EVS: -0.17623323695372184
