Model: GRU
MSE: 12.899496870957726
MAE: 2.6927756556758173
EVS: -0.1920323225695708
