Model: GRU
MSE: 24.043613116704776
MAE: 2.757339707127324
EVS: -0.3024487479001112
