Model: GRU
MSE: 8.2368110919328
MAE: 2.6078465779622397
EVS: -0.4963922789147186
