Model: GRU
MSE: 14.162772037990685
MAE: 3.064064308449074
EVS: -0.13255429983219869
