Model: GRU
MSE: 9.688798682520293
MAE: 1.8578351338704426
EVS: -0.025803832531482662
