Model: GRU
MSE: 23.26435352140854
MAE: 3.6489074141890914
EVS: -0.27225102062352646
