Model: GRU
MSE: 18.57570658801756
MAE: 2.3836794605961553
EVS: -0.05720386181039294
