Model: GRU
MSE: 11.681103013213706
MAE: 2.6092485145286277
EVS: -0.044218450611163584
