Model: GRU
MSE: 11.779669933042896
MAE: 2.3304998609754772
EVS: -0.21132288739438843
