Model: GRU
MSE: 4.2804898378524205
MAE: 1.8331574687251337
EVS: -0.04809046475370926
