Model: GRU
MSE: 14.069429494852793
MAE: 2.7814276659930193
EVS: -0.30996562990191623
