Model: GRU
MSE: 19.404189904049964
MAE: 3.137752409334536
EVS: -0.12639385313279727
