Model: GRU
MSE: 18.8452074924137
MAE: 2.6833466777095087
EVS: -0.12447224580448557
