Model: GRU
MSE: 11.540034121482037
MAE: 2.530340795163755
EVS: -0.0603309021770877
