Model: GRU
MSE: 10.812547557114158
MAE: 2.3212363631637007
EVS: -0.05327930799020297
