Model: GRU
MSE: 13.314989408359267
MAE: 2.8563868557965315
EVS: -0.14064807161977022
