Model: GRU
MSE: 3.015033897891078
MAE: 1.4753754580462421
EVS: -0.04528235400821834
