Model: GRU
MSE: 18.804892270027366
MAE: 2.2981800149988243
EVS: -0.05586052798754659
