Model: GRU
MSE: 10.199406099284648
MAE: 1.6599051510846172
EVS: -0.08812000306675194
