Model: GRU
MSE: 3.0623825410450958
MAE: 1.4456455442640517
EVS: -0.1864232847058367
