Model: GRU
MSE: 12.72760862263109
MAE: 2.413686822961878
EVS: -0.3137479435813286
