Model: GRU
MSE: 3.2635254140609
MAE: 1.476064682006836
EVS: -0.271385200084739
