Model: GRU
MSE: 25784.662290144952
MAE: 160.5245123969184
EVS: 2.220446049250313e-16
