Model: GRU
MSE: 9.632994701428288
MAE: 2.0831324612652815
EVS: 0.0522447428110252
