Model: GRU
MSE: 18.57934699802237
MAE: 2.650424692365858
EVS: -0.11849128567098766
