Model: GRU
MSE: 17.944819158832825
MAE: 3.1610167026519775
EVS: 0.13513453211198767
