Model: GRU
MSE: 12.307194496099395
MAE: 2.6731063701488353
EVS: -0.11205026058612311
