Model: GRU
MSE: 15.001437106048662
MAE: 3.20882836094609
EVS: -0.15543248747569494
