Model: GRU
MSE: 24.037817503262346
MAE: 4.174899737040202
EVS: -0.0675875891054476
