Model: GRU
MSE: 10.758616511800332
MAE: 1.9216187795003254
EVS: -0.14953064632118318
