Model: GRU
MSE: 5.2145722720895185
MAE: 2.0706233978271484
EVS: -0.23694020726878984
