Model: GRU
MSE: 10.222789973063973
MAE: 2.074851318641945
EVS: -0.054768510891462174
