Model: GRU
MSE: 11.609416831206646
MAE: 2.5190531765973128
EVS: -0.08458630078882479
