Model: GRU
MSE: 16.403851317855864
MAE: 2.1620236149540655
EVS: 0.07565417575918099
