Model: GRU
MSE: 2.3448420004977515
MAE: 1.1838916495994285
EVS: -0.06374310662171845
