Model: GRU
MSE: 11.544435332921104
MAE: 2.247102702105487
EVS: -0.20166713017756654
