Model: GRU
MSE: 10.01152291341441
MAE: 2.051607096636737
EVS: -0.029089105976683127
