Model: GRU
MSE: 19.124674171737624
MAE: 2.9042628429554127
EVS: -0.15196853582945313
