Model: GRU
MSE: 17.704417003099042
MAE: 3.5719847502531827
EVS: -0.25615897229733453
