Model: GRU
MSE: 24.494675409095862
MAE: 3.616086306395354
EVS: -0.3287551790333214
