Model: GRU
MSE: 9.870344868857163
MAE: 2.035106093795211
EVS: -0.009029314294594304
