Model: GRU
MSE: 13.024542210094229
MAE: 2.809361139933268
EVS: -0.1495155829591197
