Model: GRU
MSE: 23.001588092252558
MAE: 3.488359557257758
EVS: -0.30989748072354706
