Model: GRU
MSE: 13.657835842378113
MAE: 2.0204106436835394
EVS: -0.2942117578037018
