Model: GRU
MSE: 9.32503328822629
MAE: 1.62349831616437
EVS: 0.0005100031588185505
