Model: GRU
MSE: 19.95768850752915
MAE: 2.5532956653171115
EVS: -0.20637753983585516
