Model: GRU
MSE: 16.82262477695376
MAE: 2.438556989034017
EVS: -0.016664792869904632
