Model: GRU
MSE: 11.211679706599776
MAE: 3.174170176188151
EVS: -0.01977968504436478
