Model: GRU
MSE: 18.171252227826127
MAE: 3.258992830912272
EVS: 0.0014056449448877073
