Model: GRU
MSE: 13.988070823986568
MAE: 3.086705631679959
EVS: -0.0868299694960728
