Model: GRU
MSE: 21.252250506299955
MAE: 3.6343176806414568
EVS: -0.848794624850735
