Model: GRU
MSE: 8.376715424890588
MAE: 2.6402691735161676
EVS: -0.4432860035923638
