Model: GRU
MSE: 12.724316787896761
MAE: 1.8940579449688946
EVS: -0.18192569221020127
