Model: GRU
MSE: 12.261461806501993
MAE: 2.3821646725689924
EVS: -0.2635305062377089
