Model: GRU
MSE: 26.87852447334727
MAE: 3.488712946573893
EVS: -0.5083297263463764
