Model: GRU
MSE: 29.75872124644934
MAE: 3.6017447400976113
EVS: -0.7421045259772701
