Model: GRU
MSE: 19.738350923659212
MAE: 3.0417657251711243
EVS: -0.14911271526651548
