Model: GRU
MSE: 16.863969898859708
MAE: 2.884821891784668
EVS: 0.00851120628158375
