Model: GRU
MSE: 8.749950143961204
MAE: 1.7356010719581887
EVS: 0.08356019018249305
