Model: GRU
MSE: 16.483579109028614
MAE: 2.5311192406548395
EVS: 0.00439792533835992
