Model: GRU
MSE: 17.711299801970366
MAE: 2.5484005256935403
EVS: -0.05872841316748878
