Model: GRU
MSE: 11.632560800367443
MAE: 2.511996622438784
EVS: -0.08974295806351762
