Model: GRU
MSE: 16.289121069185867
MAE: 2.5222900531910084
EVS: 0.025946162761791847
