Model: GRU
MSE: 15.476001375029092
MAE: 2.4388068163836443
EVS: 0.06470076073234132
