Model: GRU
MSE: 17.635104780449183
MAE: 3.219898435804579
EVS: 0.014024309707150628
