Model: GRU
MSE: 11.519821156441779
MAE: 1.930098780879268
EVS: -0.19360526444889592
