Model: GRU
MSE: 12.46165103776494
MAE: 2.302655891135887
EVS: -0.30632918270301346
