Model: GRU
MSE: 12.116422881244944
MAE: 2.7804024307816118
EVS: 0.012019752655562876
