Model: GRU
MSE: 23.627306800244057
MAE: 4.246340186507614
EVS: -0.46405148907898774
