Model: GRU
MSE: 11.275387412182377
MAE: 1.6975945013540763
EVS: -0.15103159031104996
