Model: GRU
MSE: 10.749922845514751
MAE: 2.3013750358864113
EVS: -0.06357716206639408
