Model: GRU
MSE: 23.70802182626674
MAE: 4.012360254923503
EVS: -0.14227909579053843
