Model: GRU
MSE: 9.240441888958534
MAE: 1.5909624099731445
EVS: 0.015187673532240265
