Model: GRU
MSE: 19.437380350161053
MAE: 3.4758548736572266
EVS: -0.04585937008643759
