Model: GRU
MSE: 10.112072178619302
MAE: 2.160278073063603
EVS: -0.0033732080093762384
