Model: GRU
MSE: 21.220511861073444
MAE: 3.2993074699684426
EVS: -0.21752619046382926
