Model: GRU
MSE: 18.70688747435856
MAE: 3.2523328993055554
EVS: -0.027120217997602225
