Model: GRU
MSE: 11.09642772677452
MAE: 2.4310950526484736
EVS: -0.06151015373562663
