Model: GRU
MSE: 6.188738101355503
MAE: 2.0779021227801286
EVS: -1.2261085363439417
