Model: GRU
MSE: 4.5605342099590285
MAE: 1.8584195242987738
EVS: -0.2938591734419289
