Model: GRU
MSE: 10.115155386468798
MAE: 1.8402313656277127
EVS: -0.07615988277053298
