Model: GRU
MSE: 5.854755792007179
MAE: 2.1142345357824257
EVS: -0.7136630697274067
