Model: GRU
MSE: 17.359186408812327
MAE: 2.543921188071922
EVS: -0.045651640505701474
