Model: GRU
MSE: 14.722058013590699
MAE: 3.281537550467032
EVS: -0.015690583219216236
