Model: GRU
MSE: 11.65607073442748
MAE: 2.4078048776697227
EVS: -0.15927869347649248
