Model: GRU
MSE: 22.603714048196167
MAE: 3.903156209875036
EVS: -0.14828454362554133
