Model: GRU
MSE: 19.86907579982306
MAE: 2.556531517593949
EVS: -0.17018488520926356
