Model: GRU
MSE: 10.763617856504963
MAE: 2.106897989908854
EVS: -0.12919809055491793
