Model: GRU
MSE: 11.839940724025231
MAE: 2.369150479634603
EVS: -0.17530022958994396
