Model: GRU
MSE: 15.413770698198782
MAE: 3.277106426380299
EVS: -0.16098620619594617
