Model: GRU
MSE: 22.234149924900066
MAE: 3.0789766399948686
EVS: -0.30165965874782197
