Model: GRU
MSE: 9.99952539759397
MAE: 2.0790502760145397
EVS: -0.021372394941647554
