Model: GRU
MSE: 10.966380918763678
MAE: 2.1185161802503796
EVS: -0.14620001812420158
