Model: GRU
MSE: 2.2469121661694467
MAE: 1.1609475171124493
EVS: -0.031151025747737426
