Model: GRU
MSE: 13.665375609119783
MAE: 2.783315481962981
EVS: -0.26435361732841867
