Model: GRU
MSE: 15.706933670618566
MAE: 3.3793582916259766
EVS: -0.11577114499798125
