Model: GRU
MSE: 17.149004127671745
MAE: 2.249052471584744
EVS: 0.002719707577024222
