Model: GRU
MSE: 18.503414936128777
MAE: 3.1692813590720847
EVS: -0.03488354239276115
