Model: GRU
MSE: 9.595026134655571
MAE: 1.5584304597642686
EVS: -0.02596576604330214
