Model: GRU
MSE: 11.462676749071964
MAE: 2.5230811083758318
EVS: -0.03310435828686531
