Model: GRU
MSE: 23.312570692734948
MAE: 2.7931755174089363
EVS: -0.38966801518128347
