Model: GRU
MSE: 11.762961016296416
MAE: 2.5732233965838396
EVS: -0.06530308633037207
