Model: GRU
MSE: 3.557945483486711
MAE: 1.6160507202148438
EVS: -0.2014589204970385
