Model: GRU
MSE: 17.509408798326824
MAE: 2.7373382073861583
EVS: -0.05121360035227407
