Model: GRU
MSE: 22.576743387092215
MAE: 2.617615665708269
EVS: -0.17478121394231816
