Model: GRU
MSE: 20.861699241093177
MAE: 3.5178814640751592
EVS: -0.1643454964755957
