Model: GRU
MSE: 23.04299999942868
MAE: 4.161189874013265
EVS: 0.023060423616481418
