Model: GRU
MSE: 7.698141243230229
MAE: 2.4399100409613714
EVS: -0.6171094069102725
