Model: GRU
MSE: 10.542744174392451
MAE: 2.1185426712036133
EVS: -0.08978303374054097
