Model: GRU
MSE: 11.004261334613249
MAE: 2.5883217564335577
EVS: 0.058452383118181794
