Model: GRU
MSE: 19.34940763425732
MAE: 3.249461845115379
EVS: -0.11724337533230433
