Model: GRU
MSE: 10.729267870678424
MAE: 2.1467617176197193
EVS: -0.10037742904478786
