Model: GRU
MSE: 14.296978474960202
MAE: 2.7020001588044344
EVS: -0.4167412156466692
