Model: GRU
MSE: 11.374102287780598
MAE: 2.412682639227973
EVS: -0.1143530950154692
