Model: GRU
MSE: 2.902188638130038
MAE: 1.3718415366278753
EVS: 0.02046841302172786
