Model: GRU
MSE: 13.332855823364264
MAE: 2.604930842364276
EVS: -0.32623325163355243
