Model: GRU
MSE: 12.817226445438386
MAE: 2.857239334671586
EVS: -0.054955266115441326
