Model: GRU
MSE: 15.314346051746522
MAE: 3.1782553990681968
EVS: -0.23006509279339915
