Model: GRU
MSE: 12.451891257608118
MAE: 2.7289614500822843
EVS: -0.08881713806700664
