Model: GRU
MSE: 15.164169680218173
MAE: 3.1841535215024597
EVS: -0.1969224890446406
