Model: GRU
MSE: 11.079416935771102
MAE: 2.2859426427770546
EVS: -0.12650476549038459
