Model: GRU
MSE: 11.082473651123346
MAE: 2.0759415096706815
EVS: -0.17190686449441528
