Model: GRU
MSE: 11.753133478510756
MAE: 2.560191931547942
EVS: -0.08092356868806605
