Model: GRU
MSE: 19.961306748159082
MAE: 2.372872246636285
EVS: -0.1722947841572564
