Model: GRU
MSE: 18.22839325048005
MAE: 2.8482814364963107
EVS: -0.10125859896774192
