Model: GRU
MSE: 7.0815933083828595
MAE: 2.3559869483665183
EVS: -0.8024978863156658
