Model: GRU
MSE: 14.016654846866846
MAE: 2.8596867102163808
EVS: -0.29682315590717034
