Model: GRU
MSE: 16.81408217760566
MAE: 3.4400964313083224
EVS: -0.2422133083903355
