Model: GRU
MSE: 11.063809528060187
MAE: 2.435497531184444
EVS: -0.03417743798071182
