Model: GRU
MSE: 10.639888988764916
MAE: 2.2096952862209744
EVS: -0.06867842424200266
