Model: GRU
MSE: 15.199996411105598
MAE: 2.380648860224971
EVS: 0.08120910640447565
