Model: GRU
MSE: 3.090759097151561
MAE: 1.5089177732114438
EVS: -0.0011965147266557175
