Model: GRU
MSE: 10.469787419324145
MAE: 1.7217490584762007
EVS: -0.11548661143002215
