Model: GRU
MSE: 9.245158196830879
MAE: 1.4398735187671803
EVS: 0.02276495706085291
