Model: GRU
MSE: 11.055300075323194
MAE: 2.01854168927228
EVS: -0.1794121604186043
