Model: GRU
MSE: 11.092472825161806
MAE: 2.4868929474442094
EVS: -0.01216412856908855
