Model: GRU
MSE: 21.972692731687967
MAE: 3.1672798262702093
EVS: -0.3183442851501781
