Model: GRU
MSE: 4.919427877933062
MAE: 1.9660650182653356
EVS: -0.22192828351850102
