Model: GRU
MSE: 25.151671181474033
MAE: 3.1907450711285628
EVS: -0.4525222437971297
