Model: GRU
MSE: 3.935382311031255
MAE: 1.708937856886122
EVS: -0.08074446400170365
