Model: GRU
MSE: 10.375485564823268
MAE: 2.2765590879652233
EVS: 0.004143678902434722
