Model: GRU
MSE: 16.580197938490258
MAE: 3.5636766221788196
EVS: -0.07089513953600535
