Model: GRU
MSE: 4.833641474364009
MAE: 1.9507072590015553
EVS: -0.034448866366041386
