Model: GRU
MSE: 14.79190315560313
MAE: 3.254929436577691
EVS: -0.08011695362954074
