Model: GRU
MSE: 9.878158894623489
MAE: 1.8972308194195782
EVS: -0.04978873906384962
