Model: GRU
MSE: 12.265059625472734
MAE: 2.5975172607987016
EVS: -0.1538750699393805
