Model: GRU
MSE: 9.237409732691217
MAE: 1.527297267207393
EVS: 0.010354260406738591
