Model: GRU
MSE: 12.654082930725862
MAE: 2.649079852634006
EVS: -0.1972332458757955
