Model: GRU
MSE: 213.72161831714558
MAE: 14.054627919638598
EVS: 0.02140802912647599
