Model: GRU
MSE: 17.318077525122234
MAE: 2.660159605520743
EVS: -0.046188053577985944
