Model: GRU
MSE: 10.681928393251601
MAE: 2.324909704702872
EVS: -0.014929304521596132
