Model: GRU
MSE: 9.336762950580495
MAE: 1.8860508954083477
EVS: 0.02462628909270259
