Model: GRU
MSE: 11.64260381923665
MAE: 2.6595820320977106
EVS: -0.007991928450118868
