Model: GRU
MSE: 10.691238768565233
MAE: 2.0159373813205295
EVS: -0.13430482967430857
