Model: GRU
MSE: 2.371417590631878
MAE: 1.2022844243932653
EVS: -0.1216276910419356
