Model: GRU
MSE: 14.460116185938475
MAE: 2.7021544774373374
EVS: -0.4753009373711725
