Model: GRU
MSE: 9.452836905055241
MAE: 1.6042221563833732
EVS: -0.013133092297886506
