Model: GRU
MSE: 14.342561898477403
MAE: 3.0161503332632558
EVS: -0.2043074824716531
