Model: GRU
MSE: 11.337377491017428
MAE: 2.541150622897678
EVS: -0.03441827902951711
