Model: GRU
MSE: 13.94954634353036
MAE: 2.9274846889354564
EVS: -0.21305429784466168
