Model: GRU
MSE: 1.906467293650874
MAE: 0.9587575417977793
EVS: -0.005763280780940905
