Model: GRU
MSE: 16.45520830069863
MAE: 2.8530527044225624
EVS: 0.04196090351781334
