Model: GRU
MSE: 18.34290749924252
MAE: 2.9219190809461804
EVS: -0.09795821547094219
