Model: GRU
MSE: 9.170940374336
MAE: 1.754661206845884
EVS: 0.02725727362434216
