Model: GRU
MSE: 26.484903585735697
MAE: 2.7032335466808743
EVS: -0.5865919739828911
