Model: GRU
MSE: 24.810822337861662
MAE: 3.58140335921888
EVS: -0.3358381472006373
