Model: GRU
MSE: 65.71901669475737
MAE: 7.920255131191677
EVS: -0.5925960755179684
