Model: GRU
MSE: 2.810857713808858
MAE: 1.3028535842895508
EVS: -0.3535773350811868
