Model: GRU
MSE: 12.0574917036286
MAE: 2.312461287887008
EVS: -0.25194268215313187
