Model: GRU
MSE: 11.969112709710249
MAE: 2.2011612079761647
EVS: -0.2746686662248248
