Model: GRU
MSE: 14.54657559623515
MAE: 2.7354436450534396
EVS: -0.4369519192032474
