Model: GRU
MSE: 21.56192630025318
MAE: 4.217455369454843
EVS: -0.10296984559101308
