Model: GRU
MSE: 15.694438878090935
MAE: 3.1439714431762695
EVS: -0.3170156779707418
