Model: GRU
MSE: 13.766696207774556
MAE: 2.861640965497052
EVS: -0.23412913175372996
