Model: GRU
MSE: 10.539935460664006
MAE: 2.0457564459906683
EVS: -0.11495890243360374
