Model: GRU
MSE: 13.012122540576287
MAE: 2.013893445332845
EVS: -0.3714750021876987
