Model: GRU
MSE: 10.50114599366993
MAE: 2.1513086601539895
EVS: -0.07488749246212967
