Model: GRU
MSE: 9.77466428326692
MAE: 2.054636354799624
EVS: 0.013744760388172517
