Model: GRU
MSE: 16.672651606121892
MAE: 2.3945211834377713
EVS: -0.00341223435606941
