Model: GRU
MSE: 9.284817766243073
MAE: 2.1237468366269714
EVS: 0.09425634014833528
