Model: GRU
MSE: 11.9202832709849
MAE: 2.49800788031684
EVS: -0.14320037179801615
