Model: GRU
MSE: 2.329117649464428
MAE: 1.1070850513599537
EVS: -0.23190683664665945
