Model: GRU
MSE: 11.729339676631854
MAE: 2.7245701683892145
EVS: 0.029385531917084817
