Model: GRU
MSE: 13.507458106783007
MAE: 2.435678623340748
EVS: -0.43320198643402197
