Model: GRU
MSE: 16.86950275692048
MAE: 2.7800521850585938
EVS: 0.1134189380697821
