Model: GRU
MSE: 9.87962081879033
MAE: 1.465006121882686
EVS: -0.004149657721978617
