Model: GRU
MSE: 14.053991452980577
MAE: 2.6365832576045283
EVS: -0.42928262247060767
