Model: GRU
MSE: 18.797027868947833
MAE: 3.418212855303729
EVS: -0.006293779638331998
