Model: GRU
MSE: 17.5699532551391
MAE: 2.3376796863697193
EVS: 0.058847472577777005
