Model: GRU
MSE: 12.47051169425305
MAE: 2.8300607116134078
EVS: -0.004774278076358884
