Model: GRU
MSE: 7.521125429331463
MAE: 2.5680981388798467
EVS: -0.021347246615546656
