Model: GRU
MSE: 11.345731028696248
MAE: 2.320522979453758
EVS: -0.14495412326732815
