Model: GRU
MSE: 21.099401432140304
MAE: 4.371653309574834
EVS: -0.2278844586056903
