Model: GRU
MSE: 10.841100947308034
MAE: 2.223009886565032
EVS: -0.08621850101688766
