Model: GRU
MSE: 9.875394621115346
MAE: 1.535752190483941
EVS: -0.030539678463834763
