Model: GRU
MSE: 9.914488278843978
MAE: 1.7478869756062825
EVS: -0.06200652386451755
