Model: GRU
MSE: 11.497679671956474
MAE: 2.0396013966313116
EVS: -0.22765824151973169
