Model: GRU
MSE: 9.464919005593334
MAE: 1.8961269943802446
EVS: 0.00858069519096849
