Model: GRU
MSE: 17.23465246882693
MAE: 2.931988892731843
EVS: -0.00677503900735843
