Model: GRU
MSE: 8.361589284520388
MAE: 1.5229465696546767
EVS: 0.13476024145183862
