Model: GRU
MSE: 9.313693185398868
MAE: 1.6470215408890336
EVS: 0.005277618099296055
