Model: GRU
MSE: 11.453387861290544
MAE: 2.299883630540636
EVS: -0.1589582688446245
