Model: GRU
MSE: 3.297820296135864
MAE: 1.6216702284636322
EVS: 0.17802802696830544
