Model: GRU
MSE: 19.565817913303
MAE: 2.7938938670688205
EVS: -0.17079364396083507
