Model: GRU
MSE: 19.574677460711673
MAE: 2.300277656979031
EVS: -0.15933686521160118
