Model: GRU
MSE: 9.91582354231064
MAE: 1.55748211895978
EVS: -0.04129884553090224
