Model: GRU
MSE: 13.172276747884064
MAE: 2.883207639058431
EVS: -0.09489197801154381
