Model: GRU
MSE: 21.27167565162486
MAE: 3.208678192562527
EVS: -0.21647412039778025
