Model: GRU
MSE: 10.673595070161523
MAE: 2.2686294979519315
EVS: -0.04387145312875429
