Model: GRU
MSE: 11.549929088092203
MAE: 2.273751082243743
EVS: -0.19461826729088227
