Model: GRU
MSE: 15.65556619665673
MAE: 3.2915689680311413
EVS: -0.17989224369677004
