Model: GRU
MSE: 8.888424486681457
MAE: 1.7821049866852936
EVS: 0.06643023679851068
