Model: GRU
MSE: 14.092920443229492
MAE: 2.869266404045953
EVS: -0.28561135953240013
