Model: GRU
MSE: 20.764505021944995
MAE: 3.5255052425243236
EVS: -0.14297180237416307
