Model: GRU
MSE: 11.658657053082505
MAE: 2.4104463082772716
EVS: -0.1384411973901949
