Model: GRU
MSE: 13.235384440657981
MAE: 2.710300339592828
EVS: -0.24289254427232065
