Model: GRU
MSE: 11.827091716800169
MAE: 2.4935053719414606
EVS: -0.13313195352530327
