Model: GRU
MSE: 18.058686719286555
MAE: 3.6432830316049083
EVS: -0.24114127084579207
