Model: GRU
MSE: 13.247921349733117
MAE: 2.7469522688123913
EVS: -0.2221341513080226
