Model: GRU
MSE: 11.96588595511582
MAE: 2.476727768226906
EVS: -0.17306802054128445
