Model: GRU
MSE: 9.21591359766646
MAE: 1.6213805233990704
EVS: 0.012031874014968968
