Model: GRU
MSE: 21.470737348908592
MAE: 3.1783357902809426
EVS: -0.23973180588953302
