Model: GRU
MSE: 17.960623632870686
MAE: 2.8283695998015226
EVS: -0.0808863973645162
