Model: GRU
MSE: 10.08376663116727
MAE: 2.058215282581471
EVS: -0.04760087738311336
