Model: GRU
MSE: 9.69311838860193
MAE: 1.6870064912018952
EVS: -0.017224007374886385
