Model: GRU
MSE: 10.342461505321774
MAE: 2.0202069459138094
EVS: -0.08251105345726684
