Model: GRU
MSE: 11.490817817299945
MAE: 2.293320302610044
EVS: -0.16315456899218583
