Model: GRU
MSE: 10.514960298153676
MAE: 1.8561855598732278
EVS: -0.12693590729586313
