Model: GRU
MSE: 23.362790340090516
MAE: 4.209421970226146
EVS: -0.06495181268826888
