Model: GRU
MSE: 11.575121490678477
MAE: 2.5295084847344294
EVS: -0.08314715415810459
