Model: GRU
MSE: 18.928106106678666
MAE: 3.5580414022718156
EVS: 0.106204448246626
