Model: GRU
MSE: 11.940915157661577
MAE: 2.3679735748856157
EVS: -0.22838636620565977
