Model: GRU
MSE: 12.82703000408795
MAE: 2.862831151043927
EVS: -0.0684602547529658
