Model: GRU
MSE: 10.889650125318102
MAE: 2.134166505601671
EVS: -0.13699174133841807
