Model: GRU
MSE: 9.346904683642167
MAE: 1.6778318617078993
EVS: 5.921105408490668e-05
