Model: GRU
MSE: 29.232814908603913
MAE: 2.9194433512511075
EVS: -0.7615853817944993
