Model: GRU
MSE: 21.690129384272446
MAE: 4.28626283009847
EVS: -0.07843196542874442
