Model: GRU
MSE: 10.161852781894595
MAE: 2.105859367935746
EVS: -0.03291767587015593
