Model: GRU
MSE: 15.981188626163943
MAE: 2.39999552126284
EVS: 0.03460858785107579
