Model: GRU
MSE: 10.149463031091592
MAE: 1.9267708813702618
EVS: -0.0771731413652963
