Model: GRU
MSE: 11.08434011269613
MAE: 2.4220525953504772
EVS: -0.047886591088159625
