Model: GRU
MSE: 9.919981284427665
MAE: 1.5388382099292897
EVS: -0.012670339606458692
