Model: GRU
MSE: 16.773911855055438
MAE: 2.6897223790486655
EVS: -0.01124304506760132
