Model: GRU
MSE: 9.889630237521724
MAE: 1.5603183110555012
EVS: -0.04603064671747448
