Model: GRU
MSE: 6.265239386745162
MAE: 2.246162520514594
EVS: -0.48972998488412856
