Model: GRU
MSE: 16.167442650476545
MAE: 2.3297687813087746
EVS: 0.02380978747388529
