Model: GRU
MSE: 10.843709119796653
MAE: 2.4139700642338506
EVS: -0.013507178898046979
