Model: GRU
MSE: 14.026348427193625
MAE: 2.8118615680270724
EVS: -0.29002153893851723
