Model: GRU
MSE: 9.702132348114665
MAE: 2.055951330396864
EVS: 0.028023411090783434
