Model: GRU
MSE: 16.71587218986682
MAE: 2.965248637729221
EVS: 0.0416553711899329
