Model: GRU
MSE: 16.199512192164246
MAE: 3.457386052166974
EVS: -0.11332937464830573
