Model: GRU
MSE: 3.5545213132498046
MAE: 1.479480672765661
EVS: -0.5978383461641967
