Model: GRU
MSE: 14.858979237496829
MAE: 3.299412409464518
EVS: -0.030611285045048175
