Model: GRU
MSE: 13.833205623053463
MAE: 2.5874044630262585
EVS: -0.40166276819366
