Model: GRU
MSE: 9.533551780229978
MAE: 1.848634543242278
EVS: -0.0054435394155298855
