Model: GRU
MSE: 3.011010574908209
MAE: 1.4655381661874276
EVS: 0.04085006349126996
