Model: GRU
MSE: 12.215357292621102
MAE: 2.521576351589627
EVS: -0.18874190415491188
