Model: GRU
MSE: 5.153091701757351
MAE: 2.06581539577908
EVS: -0.16724898897816987
