Model: GRU
MSE: 15.768672564498114
MAE: 2.4316283331976996
EVS: 0.049462337546589796
