Model: GRU
MSE: 19.622899217440608
MAE: 2.439419569792571
EVS: 0.07028455397847044
