Model: GRU
MSE: 13.009621161329456
MAE: 2.9188062879774304
EVS: -0.05479610966135695
