Model: GRU
MSE: 8.816613662435952
MAE: 1.7359964229442455
EVS: 0.06801186242386192
