Model: GRU
MSE: 12.320024324712332
MAE: 2.2129479867440685
EVS: -0.3204282081423506
