Model: GRU
MSE: 18.664936039380134
MAE: 2.236958892257125
EVS: -0.07523225161510338
