Model: GRU
MSE: 3.8999754012634016
MAE: 1.736853422941985
EVS: -0.2677641527338652
