Model: GRU
MSE: 16.793724528554844
MAE: 3.684535591690629
EVS: 0.03755209305957374
