Model: GRU
MSE: 19.70020904505072
MAE: 2.5918691754341125
EVS: -0.04240396350693865
