Model: GRU
MSE: 19.75059586402774
MAE: 2.819923648127803
EVS: -0.19227147771684305
