Model: GRU
MSE: 14.749258561071791
MAE: 3.1290823971783674
EVS: -0.17509724490764733
