Model: GRU
MSE: 9.534863503840084
MAE: 1.427009723804615
EVS: 0.02723693619432832
