Model: GRU
MSE: 11.268875215241307
MAE: 2.420077783090097
EVS: -0.08071202625310714
