Model: GRU
MSE: 9.680862344998618
MAE: 2.0625490259241173
EVS: 0.014411907992707307
