Model: GRU
MSE: 10.382386200133086
MAE: 2.2007808685302734
EVS: -0.03684552937772234
