Model: GRU
MSE: 61.48583132108743
MAE: 3.266468260023329
EVS: -2.686133240392015
