Model: GRU
MSE: 10.43900772073091
MAE: 2.2016657723320856
EVS: -0.04087356854863078
