Model: GRU
MSE: 9.166580175476863
MAE: 1.566788426151982
EVS: 0.01738699361101137
