Model: GRU
MSE: 4.192315640525555
MAE: 1.791083229912652
EVS: -0.4340932200398264
