Model: GRU
MSE: 19.801228071144948
MAE: 2.4952351958663375
EVS: -0.15481188805152923
