Model: GRU
MSE: 14.702519541426463
MAE: 3.100959883795844
EVS: -0.17154961648506384
