Model: GRU
MSE: 20.137255258595392
MAE: 3.375966955114294
EVS: -0.09720679725980053
