Model: GRU
MSE: 23.66883124388639
MAE: 4.035712895569978
EVS: -0.11438691547770352
