Model: GRU
MSE: 20.150915825502867
MAE: 3.260400030348036
EVS: -0.19519453978013335
