Model: GRU
MSE: 12.087924556780106
MAE: 2.5905651163171837
EVS: -0.1297837563061084
