Model: GRU
MSE: 10.668518290555026
MAE: 2.0122291070443614
EVS: -0.12285258948916855
