Model: GRU
MSE: 17.61080961265897
MAE: 3.542273238853172
EVS: -0.261432772074226
