Model: GRU
MSE: 9.239305275767443
MAE: 1.4630587542498554
EVS: 0.015177795674083283
