Model: GRU
MSE: 11.654710429165048
MAE: 2.1649987962510853
EVS: -0.23391962402325772
