Model: GRU
MSE: 17.090104202487638
MAE: 2.4015870447512024
EVS: -0.03305849897342017
