Model: GRU
MSE: 18.572299759976545
MAE: 2.3543583750724792
EVS: 0.08369586434842802
