Model: GRU
MSE: 19.345426032180782
MAE: 2.7633675116079823
EVS: -0.16519347350720537
