Model: GRU
MSE: 13.722032890824131
MAE: 3.017948857060185
EVS: -0.09895997221240105
