Model: GRU
MSE: 16.54901206255299
MAE: 3.1573846605088978
EVS: -0.4834342743974305
