Model: GRU
MSE: 3.0622481051464936
MAE: 1.48523094035961
EVS: -0.14337908828535673
