Model: GRU
MSE: 16.3412686259675
MAE: 3.357536280596698
EVS: -0.25343168196037347
