Model: GRU
MSE: 14.365136455867859
MAE: 2.73445842884205
EVS: -0.42795658448779395
