Model: GRU
MSE: 5.5060061083628105
MAE: 2.066364853470414
EVS: -0.3307709013824389
