Model: GRU
MSE: 9.888274865118715
MAE: 2.1410131101255065
EVS: 0.01197716189121778
