Model: GRU
MSE: 9.164123290175363
MAE: 1.6492056670012298
EVS: 0.02128643701735855
