Model: GRU
MSE: 20.62690917077257
MAE: 2.6106030499493635
EVS: -0.23947468344738732
