Model: GRU
MSE: 10.938189801708615
MAE: 2.370867058082863
EVS: -0.04360508236491101
