Model: GRU
MSE: 12.140772628358313
MAE: 2.3541221265439636
EVS: -0.24781423635203415
