Model: GRU
MSE: 14.924080610542122
MAE: 3.1310742696126304
EVS: -0.18647108403569557
