Model: GRU
MSE: 19.008650850270964
MAE: 3.4064560996161566
EVS: -0.05299874378547176
