Model: GRU
MSE: 9.9616167044984
MAE: 1.7676763887758609
EVS: -0.06779103418939258
