Model: GRU
MSE: 9.399309101560801
MAE: 1.5927070335105613
EVS: -0.006613513980659125
