Model: GRU
MSE: 12.790125823377753
MAE: 2.0342779512758606
EVS: -0.35245518051802116
