Model: GRU
MSE: 2.9147694901353303
MAE: 1.3762120847348813
EVS: -0.26748515233210024
