Model: GRU
MSE: 12.804301334696936
MAE: 2.8905421362982855
EVS: -0.04975054278481572
