Model: GRU
MSE: 12.082839438929888
MAE: 2.488167162294741
EVS: -0.18578494470352225
