Model: GRU
MSE: 13.52079764885632
MAE: 2.7714340068675853
EVS: -0.2460176548060964
