Model: GRU
MSE: 20.148102542689376
MAE: 3.091280017580305
EVS: -0.0014984691930186589
