Model: GRU
MSE: 12.717393915436467
MAE: 2.739211400349935
EVS: -0.12109124103727087
