Model: GRU
MSE: 8.832885989454418
MAE: 1.7645396126641169
EVS: 0.06987963733118474
