Model: GRU
MSE: 9.012500242414582
MAE: 1.4976162733855072
EVS: 0.04208139336964656
