Model: GRU
MSE: 11.84581088763281
MAE: 2.446149366873282
EVS: -0.15826455057216204
