Model: GRU
MSE: 14.71396791627989
MAE: 3.1180281462492765
EVS: -0.17668364369223677
