Model: GRU
MSE: 9.491723591828709
MAE: 1.6688886925026223
EVS: -0.015252426230645488
