Model: GRU
MSE: 3.0434381996614386
MAE: 1.502010839956778
EVS: -0.013078773570837976
