Model: GRU
MSE: 22.148527101133503
MAE: 3.9251551451506437
EVS: -0.09439943794253036
