Model: GRU
MSE: 20.71085834539242
MAE: 3.4075664944118924
EVS: -0.16787584345330875
