Model: GRU
MSE: 13.051484698080053
MAE: 2.368535289057979
EVS: -0.3550129232963888
