Model: GRU
MSE: 20.55292870292026
MAE: 3.243371115790473
EVS: -0.16034064684133376
