Model: GRU
MSE: 16.569007315596807
MAE: 2.75409295823839
EVS: 0.006026381328553487
