Model: GRU
MSE: 10.474150703989297
MAE: 2.130200951187699
EVS: -0.08507364487180413
