Model: GRU
MSE: 10.85859938494091
MAE: 2.273924368399161
EVS: -0.0820083713804256
