Model: GRU
MSE: 10.370058797972248
MAE: 2.135655332494665
EVS: -0.06318312858353092
