Model: GRU
MSE: 19.09793844751295
MAE: 3.2643503966154874
EVS: -0.11320499106098358
