Model: GRU
MSE: 9.74301260442031
MAE: 1.6861955501415111
EVS: -0.04062652695461022
