Model: GRU
MSE: 11.337445126794659
MAE: 2.2445399319684065
EVS: -0.17291935283510895
