Model: GRU
MSE: 11.843583564546558
MAE: 2.4951197659527815
EVS: -0.1414432497557545
