Model: GRU
MSE: 4.61295600963223
MAE: 1.9317406901606806
EVS: -0.2539290451489036
