Model: GRU
MSE: 11.451351549964413
MAE: 2.2793351632577403
EVS: -0.17470945672384675
