Model: GRU
MSE: 10.913267375237915
MAE: 2.4851691281353987
EVS: 0.015390662930274912
