Model: GRU
MSE: 14.86817583320428
MAE: 3.1145833333333335
EVS: -0.20513166874992272
