Model: GRU
MSE: 9.421323183867166
MAE: 1.7918775346544054
EVS: -0.0013680410315153324
