Model: GRU
MSE: 11.986420118981052
MAE: 2.6922596119068287
EVS: -0.01906546845703283
