Model: GRU
MSE: 24.68671710334015
MAE: 3.5393652077074402
EVS: -0.3677533870369356
