Model: GRU
MSE: 9.253492419418965
MAE: 1.9362195332845051
EVS: 0.043060522456747075
