Model: GRU
MSE: 12.7683029129398
MAE: 3.006410174899631
EVS: 0.07219407660910726
