Model: GRU
MSE: 9.638091305818442
MAE: 2.193893644544813
EVS: 0.08337174892846178
