Model: GRU
MSE: 16.07386379700603
MAE: 2.5278779135810003
EVS: 0.02837121733457204
