Model: GRU
MSE: 8.613354244029795
MAE: 1.4936919742160373
EVS: 0.08058876761800071
