Model: GRU
MSE: 14.811695927259313
MAE: 2.9535112380981445
EVS: -0.3652618339485283
