Model: GRU
MSE: 11.269793593356317
MAE: 2.140016626428675
EVS: -0.18526223383291907
