Model: GRU
MSE: 11.469018759648996
MAE: 2.056112042179814
EVS: -0.2224940242857747
