Model: GRU
MSE: 2888.8865385140357
MAE: 53.57242911202567
EVS: 0.0
