Model: GRU
MSE: 17.51980294611554
MAE: 3.3323808246188693
EVS: 0.08382189769443005
