Model: GRU
MSE: 18.370283300483035
MAE: 3.2557906398066767
EVS: -0.031181860682749196
