Model: GRU
MSE: 21.98756330671035
MAE: 3.086535202132331
EVS: -0.28598012728065236
