Model: GRU
MSE: 12.265725428811695
MAE: 1.7749581513581452
EVS: -0.11366172318775725
