Model: GRU
MSE: 9.435727385564725
MAE: 1.6240919254444264
EVS: -0.010062685709088859
