Model: GRU
MSE: 9.57288233130654
MAE: 1.9703218672010634
EVS: 0.006743441998428468
