Model: GRU
MSE: 10.439064093230089
MAE: 2.143981509738498
EVS: -0.06938270154865389
