Model: GRU
MSE: 4.327236023300025
MAE: 1.8765166247332539
EVS: -0.00765215099685479
