Model: GRU
MSE: 11.148019754642451
MAE: 2.066622910676179
EVS: -0.18782031931948429
