Model: GRU
MSE: 12.836411715536626
MAE: 2.729953553941515
EVS: -0.1543964704115195
