Model: GRU
MSE: 17.017373130900456
MAE: 2.9261557261149087
EVS: 0.009050306459601143
