Model: GRU
MSE: 10.423207166232546
MAE: 1.9564010478832103
EVS: -0.10580746830456533
