Model: GRU
MSE: 11.48926063636113
MAE: 2.232942581176758
EVS: -0.2127423778908739
