Model: GRU
MSE: 19.50511603049546
MAE: 2.5278829292014793
EVS: -0.17903971413994157
