Model: GRU
MSE: 9.623380026169967
MAE: 1.8877605155662254
EVS: -0.00480913289878071
