Model: GRU
MSE: 10.643389420482285
MAE: 2.0248421209829823
EVS: -0.13820946936764855
