Model: GRU
MSE: 17.696689855011655
MAE: 2.8695586169207536
EVS: -0.06592631007950112
