Model: GRU
MSE: 10.960806325865835
MAE: 2.4357708825005426
EVS: -0.02227243519229627
