Model: GRU
MSE: 24.459567104507272
MAE: 3.4240048428376517
EVS: -0.3592296162279196
