Model: GRU
MSE: 11.81511117715295
MAE: 2.5710651256419994
EVS: -0.10534132516850803
