Model: GRU
MSE: 16.883811945118094
MAE: 2.6319182360613786
EVS: -0.020102213130562596
