Model: GRU
MSE: 10.85418543761632
MAE: 2.25779335587113
EVS: -0.10310353531047656
