Model: GRU
MSE: 18.34129288077488
MAE: 3.385125018932201
EVS: 0.022923093686853413
