Model: GRU
MSE: 9.909648041936029
MAE: 1.7256978706077293
EVS: -0.06221561411147292
