Model: GRU
MSE: 33.84695489709103
MAE: 3.537378929279469
EVS: -0.956760926494477
