Model: GRU
MSE: 15.539072332836305
MAE: 2.955138665658456
EVS: -0.4631786770421471
