Model: GRU
MSE: 226.98837626942296
MAE: 14.758485438647094
EVS: 0.016334160347271753
