Model: GRU
MSE: 10.16005164312389
MAE: 1.6620170098763924
EVS: -0.08438547330889423
