Model: GRU
MSE: 14.056648531988753
MAE: 3.068619480839482
EVS: -0.10740966826900222
