Model: GRU
MSE: 9.73117801311158
MAE: 1.6584198916399921
EVS: -0.042159505932068075
