Model: GRU
MSE: 21.885651707110103
MAE: 3.4022085754959672
EVS: -0.3012127511262783
