Model: GRU
MSE: 15.358111185914417
MAE: 3.2073246991192854
EVS: -0.20167455734569106
