Model: GRU
MSE: 16.272779624753706
MAE: 2.0867093050921404
EVS: 0.08358383583796991
