Model: GRU
MSE: 10.705243362938441
MAE: 1.8263936219391999
EVS: -0.14669717158815132
