Model: GRU
MSE: 11.764674026776515
MAE: 2.549718256349917
EVS: -0.11388494933539062
