Model: GRU
MSE: 15.42843700272988
MAE: 2.592855700740108
EVS: -0.4411598091196667
