Model: GRU
MSE: 16.898865613128322
MAE: 3.4938990275065103
EVS: -0.19397135831523915
