Model: GRU
MSE: 11.011236975085787
MAE: 2.5917206516972295
EVS: 0.06524936035188356
