Model: GRU
MSE: 11.626404147951185
MAE: 2.459832474037453
EVS: -0.11729227842378132
