Model: GRU
MSE: 11.024308287827303
MAE: 2.428113760771575
EVS: -0.043775013818224684
