Model: GRU
MSE: 9.840837901620102
MAE: 2.14773107458044
EVS: 0.012431996311520699
