Model: GRU
MSE: 11.225447320538008
MAE: 2.3205137959233038
EVS: -0.12398351971955779
