Model: GRU
MSE: 225.9970861014306
MAE: 14.724738909138573
EVS: 0.01594110794020487
