Model: GRU
MSE: 18.50388000435224
MAE: 2.4444814611364296
EVS: -0.1066736370708894
