Model: GRU
MSE: 21.192660506413336
MAE: 3.003648704952664
EVS: -0.25204651659019595
