Model: GRU
MSE: 14.783404569669713
MAE: 3.1780400099577726
EVS: -0.14666863139914654
