Model: GRU
MSE: 18.682506896097948
MAE: 2.620820751896611
EVS: -0.12516185126798707
