Model: GRU
MSE: 10.50448955803562
MAE: 2.476762806927716
EVS: 0.08354201617595658
