Model: GRU
MSE: 10.694839394983454
MAE: 2.486996085555465
EVS: 0.040098975669368486
