Model: GRU
MSE: 16.91648319788611
MAE: 2.2532194632071034
EVS: 0.005238845889814048
