Model: GRU
MSE: 17.629872126540587
MAE: 2.9377041922675238
EVS: -0.04859223457081341
