Model: GRU
MSE: 9.900260664252023
MAE: 2.0231450398763022
EVS: -0.00792973102808836
