Model: GRU
MSE: 10.563446159324316
MAE: 1.949713247793692
EVS: -0.12189135310169408
