Model: GRU
MSE: 11.423193240936936
MAE: 1.9959871504041884
EVS: -0.2245923594795669
