Model: GRU
MSE: 11.524467629546423
MAE: 2.366959006698043
EVS: -0.15271411240588995
