Model: GRU
MSE: 12.188204474788412
MAE: 2.6795166156910084
EVS: -0.07061853232124227
