Model: GRU
MSE: 9.65777762078785
MAE: 2.067145488880299
EVS: 0.03566341812739393
