Model: GRU
MSE: 48694.879166923005
MAE: 220.63167487250433
EVS: 2.220446049250313e-16
