Model: GRU
MSE: 19.68227058636573
MAE: 3.1794327629937067
EVS: -0.16324834211486117
