Model: GRU
MSE: 25.24813210116601
MAE: 3.5261765276944197
EVS: -0.4299539096499989
