Model: GRU
MSE: 10.495288654934518
MAE: 2.3024488025241427
EVS: -0.021494249075518335
