Model: GRU
MSE: 10.622212173597358
MAE: 2.3504175256799766
EVS: -0.005750383304342632
