Model: GRU
MSE: 12.139942344892209
MAE: 2.1782973607381186
EVS: -0.3010432908938465
