Model: GRU
MSE: 23.33924347968386
MAE: 3.938306137367531
EVS: -0.14051000664544788
