Model: GRU
MSE: 13.188746612748016
MAE: 2.7381602393256292
EVS: -0.2276685651962167
