Model: GRU
MSE: 19.827928497376224
MAE: 3.240013493431939
EVS: -0.09729183398348185
