Model: GRU
MSE: 11.978485156297817
MAE: 2.286055423595287
EVS: -0.236170014916536
