Model: GRU
MSE: 17.310893193298096
MAE: 3.0678223857173212
EVS: -0.00023509786338959948
