Model: GRU
MSE: 11.98968897254424
MAE: 2.4171854654947915
EVS: -0.19412741005557232
