Model: GRU
MSE: 10.18336177740949
MAE: 1.9251006797507957
EVS: -0.08062583325436101
