Model: GRU
MSE: 15.36597033790861
MAE: 3.173950124669958
EVS: -0.2562038904232735
