Model: GRU
MSE: 17.27891571386378
MAE: 2.3602258187753185
EVS: -0.035883319164382144
