Model: GRU
MSE: 11.080954164827508
MAE: 2.3488342143871166
EVS: -0.08592430706119725
