Model: GRU
MSE: 12.460960607899896
MAE: 2.8364873462253146
EVS: -0.012135024739472033
