Model: GRU
MSE: 11.099993548930158
MAE: 2.2973698156851308
EVS: -0.10920810953633464
