Model: GRU
MSE: 5.5263673224728205
MAE: 2.0521556359750255
EVS: -0.5393203682471992
