Model: GRU
MSE: 22.738925840302095
MAE: 3.701971177701597
EVS: -0.21013327808762283
