Model: GRU
MSE: 20.13082770820522
MAE: 3.756029588204843
EVS: -0.4304800002735709
