Model: GRU
MSE: 9.912219760530913
MAE: 1.8794987643206562
EVS: -0.0506512426067387
