Model: GRU
MSE: 10.80433951582361
MAE: 1.940502025462963
EVS: -0.1560716666723847
