Model: GRU
MSE: 9.420874797118275
MAE: 1.4689018108226635
EVS: 0.012676307426774058
