Model: GRU
MSE: 10.721817386811482
MAE: 2.4227764341566296
EVS: 0.018650636168834
