Model: GRU
MSE: 12.419030686777289
MAE: 2.409284026534469
EVS: -0.26605188361345866
