Model: GRU
MSE: 19.32176927466683
MAE: 2.8006430555272988
EVS: -0.14461470185835323
