Model: GRU
MSE: 10.835987597696793
MAE: 2.208552254570855
EVS: -0.10385729222481888
