Model: GRU
MSE: 9.194389098945537
MAE: 1.6194722564132125
EVS: 0.014307862410333216
