Model: GRU
MSE: 9.850987693748586
MAE: 1.9350691548100225
EVS: -0.0350073175096397
