Model: GRU
MSE: 14.051819039965638
MAE: 3.0780069916336625
EVS: -0.10371676849445155
