Model: GRU
MSE: 16.91748298361344
MAE: 3.4849223737363464
EVS: -0.19067452297774534
