Model: GRU
MSE: 22.407968436046858
MAE: 4.161106674759476
EVS: -0.3550687849658778
