Model: GRU
MSE: 12.654966176396522
MAE: 2.737160188180429
EVS: -0.1219369528224068
