Model: GRU
MSE: 13.976423216216904
MAE: 3.0510988941899053
EVS: -0.09399017946568744
