Model: GRU
MSE: 13.982588210032562
MAE: 2.59726909354881
EVS: -0.4296411632823647
