Model: GRU
MSE: 9.590629157931492
MAE: 1.673677126566569
EVS: -0.02808916648106008
