Model: GRU
MSE: 12.405442056287669
MAE: 2.634862122712312
EVS: -0.16312624995980518
