Model: GRU
MSE: 10.053624268081169
MAE: 2.1861709312156394
EVS: 0.03138099773824399
