Model: GRU
MSE: 11.197017226265112
MAE: 2.2934898800320096
EVS: -0.10774236661822001
