Model: GRU
MSE: 19.98533888201355
MAE: 3.498509724934896
EVS: -0.0395162365681796
