Model: GRU
MSE: 24.695548813969555
MAE: 4.466682434082031
EVS: -0.3768207173072349
