Model: GRU
MSE: 10.906958203787056
MAE: 2.090935707092285
EVS: -0.14723473015126975
