Model: GRU
MSE: 17.707593571850616
MAE: 2.4980613743817366
EVS: -0.06985964178797333
