Model: GRU
MSE: 11.100943694766944
MAE: 2.1935365818164967
EVS: -0.14206815347613633
