Model: GRU
MSE: 12.216241128255408
MAE: 2.294234311139142
EVS: -0.2707093775574929
