Model: GRU
MSE: 10.80685262493164
MAE: 1.868633128978588
EVS: -0.1562743044612882
