Model: GRU
MSE: 16.5212789119342
MAE: 3.4462272502757885
EVS: -0.17943601366481543
