Model: GRU
MSE: 14.615440451040774
MAE: 3.2482404355649597
EVS: -0.051211941332559574
