Model: GRU
MSE: 13.212738085694818
MAE: 2.7975772928308555
EVS: -0.17220831310901907
