Model: GRU
MSE: 12.244326323186181
MAE: 2.8507963109899452
EVS: 0.025525262758458567
