Model: GRU
MSE: 24.051692537812617
MAE: 4.255438133522317
EVS: -0.046997929900566504
