Model: GRU
MSE: 16.278126671162546
MAE: 2.160262355098018
EVS: 0.05970435463691037
