Model: GRU
MSE: 13.943519214021324
MAE: 3.001913070678711
EVS: -0.14768891696738629
