Model: GRU
MSE: 10.309808557358506
MAE: 2.0995074731332286
EVS: -0.06103471676425998
