Model: GRU
MSE: 10.176908743353495
MAE: 1.926139443008988
EVS: -0.076548958680692
