Model: GRU
MSE: 19.51646194815618
MAE: 3.0929969681633844
EVS: -0.13129082398777459
