Model: GRU
MSE: 22.35421045567059
MAE: 3.359458534805863
EVS: -0.21004991791253258
