Model: GRU
MSE: 16.494349108696245
MAE: 3.4811009301079645
EVS: -0.13895596462167203
