Model: GRU
MSE: 12.833571651805128
MAE: 2.6908589469061956
EVS: -0.20247694061815036
