Model: GRU
MSE: 10.847157590078597
MAE: 2.0952094395955405
EVS: -0.12161933140272319
