Model: GRU
MSE: 22.590130729090628
MAE: 2.8752067353990345
EVS: -0.35918962331577187
