Model: GRU
MSE: 17.469016784607557
MAE: 2.8055558557863587
EVS: -0.04436682470907938
