Model: GRU
MSE: 10.317093320788175
MAE: 2.263905313279894
EVS: 0.0070973775807451345
