Model: GRU
MSE: 9.8005648237927
MAE: 1.6815449043556496
EVS: -0.05066703944358486
