Model: GRU
MSE: 44.9881179136445
MAE: 3.2368718959667064
EVS: -1.7144205564002117
