Model: GRU
MSE: 9.553798691630012
MAE: 2.0316972732543945
EVS: 0.03473053913153323
