Model: GRU
MSE: 3.5422711595907055
MAE: 1.5010990566677518
EVS: -0.7469703289593155
