Model: GRU
MSE: 9.65563742736032
MAE: 1.9117040634155273
EVS: -0.0068655028145008234
