Model: GRU
MSE: 10.796670417382403
MAE: 2.4983587618227356
EVS: 0.03336801987570692
