Model: GRU
MSE: 16.965272604658214
MAE: 2.785215731020327
EVS: -0.012671248217234865
