Model: GRU
MSE: 11.074327398771452
MAE: 2.2343143180564597
EVS: -0.1312956964024865
