Model: GRU
MSE: 11.320141293984037
MAE: 2.496655817385073
EVS: -0.050345018630608473
