Model: GRU
MSE: 21.36286484063062
MAE: 2.782057426593922
EVS: -0.29103741794570936
