Model: GRU
MSE: 25.10688092139535
MAE: 4.280433425196895
EVS: -0.08551880431508341
