Model: GRU
MSE: 10.22314732108818
MAE: 2.19390074412028
EVS: -0.014890159069353981
