Model: GRU
MSE: 18.478355928233448
MAE: 2.8351719820940935
EVS: -0.11384349718781994
