Model: GRU
MSE: 9.619244243561129
MAE: 1.8227945963541667
EVS: -0.022107844727006443
