Model: GRU
MSE: 13.815996693118821
MAE: 2.7170405564484774
EVS: 0.3046638626191006
