Model: GRU
MSE: 17.73471047392442
MAE: 3.5389584258750633
EVS: 0.40626639033026624
