Model: GRU
MSE: 15.97067764452041
MAE: 2.547098645457515
EVS: 0.19996719151696196
