Model: GRU
MSE: 11.13882256710929
MAE: 2.685722404056125
EVS: 0.45798296525453364
