Model: GRU
MSE: 10.462239524456756
MAE: 2.1889320656105324
EVS: 0.45786037572281746
