Model: GRU
MSE: 10.653709988070895
MAE: 2.542599006935402
EVS: 0.4003410671971265
