Model: GRU
MSE: 17.626802005997106
MAE: 2.977110668464943
EVS: 0.2923530362021536
