Model: GRU
MSE: 31.831472411994408
MAE: 3.721572389205297
EVS: -0.18957087154064456
