Model: GRU
MSE: 10.738706478371443
MAE: 2.669215749811243
EVS: 0.45101912659519017
