Model: GRU
MSE: 795.2116393648602
MAE: 27.853292889065212
EVS: -0.09596885218392281
