Model: GRU
MSE: 28.85451552610783
MAE: 3.7018104129367404
EVS: -0.10898069255102705
