Model: GRU
MSE: 15.688048008649721
MAE: 2.9671753954004356
EVS: 0.2759537065816392
