Model: GRU
MSE: 24.36078184334596
MAE: 3.453542373798512
EVS: 0.04451602146216882
