Model: GRU
MSE: 11.686338712077486
MAE: 2.341830571492513
EVS: 0.3537855945902515
