Model: GRU
MSE: 14.365452225669397
MAE: 2.9027143584357367
EVS: 0.37323195568799716
