Model: GRU
MSE: 16.896311188143436
MAE: 2.9537993448751942
EVS: 0.23769288032989622
