Model: GRU
MSE: 27.426711177847714
MAE: 4.037524885601467
EVS: -0.06555300922502494
