Model: GRU
MSE: 24.581958706521256
MAE: 3.5781365323949745
EVS: 0.03679413660606279
