Model: GRU
MSE: 14.075444020177345
MAE: 2.5984785115277327
EVS: 0.20519604790604407
