Model: GRU
MSE: 26.200937907899945
MAE: 3.414946441297178
EVS: -0.03608469355196808
