Model: GRU
MSE: 11.22480043100613
MAE: 2.3851727379692926
EVS: 0.3711487790892132
