Model: GRU
MSE: 13.570583199185227
MAE: 2.6707993436742714
EVS: 0.24553043845923306
