Model: GRU
MSE: 16.05355231777401
MAE: 2.9235763019985623
EVS: 0.1510048846842058
