Model: GRU
MSE: 52.31354855245588
MAE: 6.378529901857729
EVS: -0.16162389410113986
