Model: GRU
MSE: 18.54857550800702
MAE: 2.7042232619391546
EVS: -0.02656011081314702
