Model: GRU
MSE: 28.334414713445693
MAE: 4.002634384013988
EVS: -0.05900028729419993
