Model: GRU
MSE: 19.442721895439288
MAE: 3.227378968839292
EVS: -0.0978870586300209
