Model: GRU
MSE: 26.816976537860313
MAE: 4.530849774678548
EVS: 0.3539867261281
