Model: GRU
MSE: 34.33681555402828
MAE: 3.9632036509337247
EVS: -0.3021403572807104
