Model: GRU
MSE: 20.226516408246646
MAE: 2.8899921576182046
EVS: -0.09933531917146476
