Model: GRU
MSE: 12.103124909218927
MAE: 2.808627729062681
EVS: 0.4247655333707645
