Model: GRU
MSE: 17.616736447270508
MAE: 3.666296287819191
EVS: 0.46695692388199406
