Model: GRU
MSE: 20.45749548165641
MAE: 3.108581648932563
EVS: -0.040734678966584115
