Model: GRU
MSE: 14.75370777377128
MAE: 2.60173006410952
EVS: 0.1908851078793049
