Model: GRU
MSE: 22.725567046247374
MAE: 3.870001439695005
EVS: 0.3501969044296631
