Model: GRU
MSE: 57.44604423579403
MAE: 6.878776285383436
EVS: 0.07861387582214685
