Model: GRU
MSE: 26.96191606416343
MAE: 3.495297873461688
EVS: -0.018872432009023443
