Model: GRU
MSE: 14.376492328472557
MAE: 3.0290650614985712
EVS: 0.26353608825434105
