Model: GRU
MSE: 9.800492314950478
MAE: 2.2677516407436795
EVS: 0.49841302976880075
