Model: GRU
MSE: 12.104066611380075
MAE: 2.780934634032073
EVS: 0.46709671725936375
