Model: GRU
MSE: 35.36792668619863
MAE: 4.0634432412959915
EVS: -0.23630796886504557
