Model: GRU
MSE: 12.699955979164846
MAE: 2.6426121570445873
EVS: 0.35054668593174176
