Model: GRU
MSE: 26.294392659262787
MAE: 4.299743537549619
EVS: 0.18663348636930066
