Model: GRU
MSE: 30.028806429801534
MAE: 4.329948036758988
EVS: 0.0006914325107674202
