Model: GRU
MSE: 18.181363086592032
MAE: 3.2993217927438243
EVS: 0.12844041115398797
