Model: GRU
MSE: 14.806839235954797
MAE: 2.7807544425681785
EVS: 0.26254065641382485
