Model: GRU
MSE: 14.23831078139857
MAE: 3.0405628416273327
EVS: 0.3009141664313041
