Model: GRU
MSE: 28.464145366721056
MAE: 4.585507516507749
EVS: 0.2595138278881769
