Model: GRU
MSE: 17.254611859528453
MAE: 3.359876244156449
EVS: 0.2756495547262342
