Model: GRU
MSE: 31.1689929747466
MAE: 4.017178093945539
EVS: -0.005185000517674343
