Model: GRU
MSE: 28.828124884308508
MAE: 4.819635797429968
EVS: 0.45869032447602454
