Model: GRU
MSE: 31.709393211938284
MAE: 3.7923206664897777
EVS: -0.25252134687004046
