Model: GRU
MSE: 1485.9517305957993
MAE: 38.34240440086082
EVS: 0.10700575960671588
