Model: GRU
MSE: 28.594270870997324
MAE: 4.181234077171043
EVS: 0.03467575781586374
