Model: GRU
MSE: 18.63143856712188
MAE: 3.007604881569191
EVS: 0.25528687218239365
