Model: GRU
MSE: 11.456071803904134
MAE: 2.591398910239891
EVS: 0.3577046800651782
