Model: GRU
MSE: 17.698445892556965
MAE: 2.7511467227229365
EVS: 0.0043285080022814615
