Model: GRU
MSE: 17.61805941154046
MAE: 2.7073563116568105
EVS: 0.07246533007990819
