Model: GRU
MSE: 16.015421963270732
MAE: 3.477838569217258
EVS: 0.4133887338288119
