Model: GRU
MSE: 16.02099001290051
MAE: 3.1481493843926325
EVS: 0.30919606091996577
