Model: GRU
MSE: 15.060950880011156
MAE: 3.266167993898745
EVS: 0.26957704563924667
