Model: GRU
MSE: 16.831031815027423
MAE: 3.2274750956782587
EVS: 0.47099005350298495
