Model: GRU
MSE: 12.685956606716049
MAE: 2.669553385840522
EVS: 0.33998810463688134
