Model: GRU
MSE: 24.080130610322257
MAE: 4.145696745978461
EVS: 0.3281503185762179
