Model: GRU
MSE: 35.27602724667536
MAE: 4.445817620665939
EVS: -0.34527580202551555
