Model: GRU
MSE: 29.291896658569218
MAE: 3.782689165185999
EVS: -0.12195842684877212
