Model: GRU
MSE: 12.097962117388475
MAE: 2.5016485496803567
EVS: 0.331481661502502
