Model: GRU
MSE: 25.063480477416483
MAE: 3.7038252618577747
EVS: 0.022037648925260278
