Model: GRU
MSE: 14.361813758266273
MAE: 3.055579838929353
EVS: 0.31653258184911137
