Model: GRU
MSE: 16.152670394534358
MAE: 3.1612392884713634
EVS: 0.30806590817372914
