Model: GRU
MSE: 33.64850040817049
MAE: 4.457024031215244
EVS: -0.090396109669177
