Model: GRU
MSE: 12.511121510844397
MAE: 2.381935896696868
EVS: 0.32151717377227707
