Model: GRU
MSE: 11.768107724276618
MAE: 2.4360896569711192
EVS: 0.34029350860731444
