Model: GRU
MSE: 25.75305833832402
MAE: 4.1288849071220115
EVS: 0.11679577325074963
