Model: GRU
MSE: 31.42981268682474
MAE: 3.796153836780124
EVS: -0.1804960142597416
