Model: GRU
MSE: 36.56485685547405
MAE: 3.9522800092343933
EVS: -0.3937814920275622
