Model: GRU
MSE: 15.170366433470875
MAE: 2.7346350528575756
EVS: 0.319092865718554
