Model: GRU
MSE: 11023.669239767592
MAE: 104.87389455522809
EVS: -0.030929467947093503
