Model: GRU
MSE: 10.615135604503175
MAE: 2.6335565425731517
EVS: 0.4881091704651602
