Model: GRU
MSE: 13.94606674454656
MAE: 2.65367172382496
EVS: 0.262935559425593
