Model: GRU
MSE: 35.223082827677295
MAE: 5.187823428048028
EVS: 0.030811825366001466
