Model: GRU
MSE: 13.381835084261402
MAE: 2.5126995510525174
EVS: 0.25403437480849833
