Model: GRU
MSE: 28.178480003009714
MAE: 4.404518003816958
EVS: 0.0615409197527198
