Model: GRU
MSE: 17.77414955129712
MAE: 3.0750157744796187
EVS: 0.18639306355411833
