Model: GRU
MSE: 12.701248270375775
MAE: 2.7249532452336065
EVS: 0.3220647948709846
