Model: GRU
MSE: 20.187071613812073
MAE: 3.492169150599727
EVS: -0.006004222099664558
