Model: GRU
MSE: 10.792119648198051
MAE: 2.2507540031715676
EVS: 0.4446059560798382
