Model: GRU
MSE: 28.553973991134946
MAE: 4.867884388676396
EVS: 0.22410350983140237
