Model: GRU
MSE: 13.536833036325207
MAE: 2.7901875001412852
EVS: 0.24653692443863828
