Model: GRU
MSE: 28.647906979306693
MAE: 3.5370236767662897
EVS: -0.08990251111466963
