Model: GRU
MSE: 15.490976593056791
MAE: 2.8646485187389232
EVS: 0.3098861492655983
