Model: GRU
MSE: 20.500157470068366
MAE: 3.7813283602396646
EVS: 0.3773694991462384
