Model: GRU
MSE: 32.24502794241316
MAE: 5.044432710718225
EVS: 0.28087729102742887
