Model: GRU
MSE: 15.900265125036437
MAE: 2.9698649512396917
EVS: 0.2837361726801133
