Model: GRU
MSE: 13.429354053293427
MAE: 2.7376827840451843
EVS: 0.26669622969259477
