Model: GRU
MSE: 11.523471425534135
MAE: 2.7739733943232783
EVS: 0.35260302359413964
