Model: GRU
MSE: 14.229605972397772
MAE: 2.802606194107621
EVS: 0.20670868756820704
