Model: GRU
MSE: 16.627666702059884
MAE: 2.59270320115266
EVS: 0.13338552412625793
