Model: GRU
MSE: 24.493295079065327
MAE: 3.2762646321897155
EVS: 0.03112820790740578
