Model: GRU
MSE: 15.22694048861885
MAE: 2.5920849552860967
EVS: 0.2368335291770266
