Model: GRU
MSE: 26.235909750842374
MAE: 3.608552504468847
EVS: 0.012267397156939808
