Model: GRU
MSE: 33.4747978211722
MAE: 3.6478660191808427
EVS: -0.34881212750117085
