Model: GRU
MSE: 13214.332123714974
MAE: 114.87656713415075
EVS: 0.0
