Model: GRU
MSE: 16.283831487899466
MAE: 2.9343298099659108
EVS: 0.08175501527906104
