Model: GRU
MSE: 29.960229850228373
MAE: 4.582538295675207
EVS: 0.13251642360220317
