Model: GRU
MSE: 14.216027154212364
MAE: 2.442473950209441
EVS: 0.2053196837508412
