Model: GRU
MSE: 5965.789801354194
MAE: 77.01990325362594
EVS: -0.904634159431305
