Model: GRU
MSE: 12.498245517511258
MAE: 2.753484461042616
EVS: 0.296701242345777
