Model: GRU
MSE: 24.837074166744195
MAE: 4.419261649802879
EVS: 0.43493559996700315
