Model: GRU
MSE: 18.123185685422257
MAE: 2.889019321512293
EVS: 0.08196840977754649
