Model: GRU
MSE: 13.098124459186398
MAE: 2.5484747180232294
EVS: 0.33472036105371494
