Model: GRU
MSE: 16.90253804890838
MAE: 3.193960949226662
EVS: 0.3617445457509135
