Model: GRU
MSE: 16.924062908427103
MAE: 2.510021033110442
EVS: 0.11193629142223793
