Model: GRU
MSE: 14.252326049994508
MAE: 2.6518182577910245
EVS: 0.20859058933027208
