Model: GRU
MSE: 21.841112384922226
MAE: 3.488692354272913
EVS: 0.16163650155361897
