Model: GRU
MSE: 18.38290993005219
MAE: 3.6482052273220487
EVS: 0.11426076729730916
