Model: GRU
MSE: 16.018139842191186
MAE: 2.719296367080123
EVS: 0.16631460134606957
