Model: GRU
MSE: 14.486807355467219
MAE: 2.6384507285224066
EVS: 0.2590270143794091
