Model: GRU
MSE: 3852.0980952866485
MAE: 61.92097501401548
EVS: -0.010420013141655193
