Model: GRU
MSE: 28.48807260795889
MAE: 3.7957705038565175
EVS: -0.09148409183958006
