Model: GRU
MSE: 20.075140809452378
MAE: 3.001235361452456
EVS: 0.07799649169647793
