Model: GRU
MSE: 475.8232389627029
MAE: 21.383701730657506
EVS: -0.048236219269989666
