Model: GRU
MSE: 13.395653210438308
MAE: 2.68969021903144
EVS: 0.24413824452152177
