Model: GRU
MSE: 27.25350237745129
MAE: 3.6700604844976357
EVS: -0.011046528204007089
