Model: GRU
MSE: 16.415292737518637
MAE: 2.6820187745270907
EVS: 0.073751950429225
