Model: GRU
MSE: 11.804335314085527
MAE: 2.467878818511963
EVS: 0.3377173732206442
