Model: GRU
MSE: 25.480076966361334
MAE: 3.3240262314125344
EVS: 0.024706689003159088
