Model: GRU
MSE: 11.684925678376649
MAE: 2.337478408107051
EVS: 0.39423355207144906
