Model: GRU
MSE: 13.996320305534086
MAE: 2.668669682961923
EVS: 0.31420033191632324
