Model: GRU
MSE: 19.051104543226646
MAE: 3.0355996202539512
EVS: -0.07503289904177812
