Model: GRU
MSE: 14.487676298121565
MAE: 2.753528188776087
EVS: 0.2069153502580353
