Model: GRU
MSE: 41.492675245890226
MAE: 4.2121158582823615
EVS: -0.5871461397822737
