Model: GRU
MSE: 23.236147961229594
MAE: 4.1017289338288485
EVS: 0.33278048916083913
