Model: GRU
MSE: 12.755985117646391
MAE: 2.522269672817654
EVS: 0.2894474368551667
