Model: GRU
MSE: 12.378414267465276
MAE: 2.711578263176812
EVS: 0.31458121887668955
