Model: GRU
MSE: 13.057149843471027
MAE: 2.835264965339943
EVS: 0.32323771215824815
