Model: GRU
MSE: 30.562645544162258
MAE: 3.7425399003205477
EVS: -0.18457869761129841
