Model: GRU
MSE: 33.132843931403826
MAE: 4.802248226271735
EVS: 0.10452152295698935
