Model: GRU
MSE: 24.679824015398548
MAE: 3.7036537682568587
EVS: 0.12288432131780058
