Model: GRU
MSE: 10.032721082497691
MAE: 2.2785909440782337
EVS: 0.48963038287749916
