Model: GRU
MSE: 29.994721691667117
MAE: 4.376900054790355
EVS: -0.039017284074006175
