Model: GRU
MSE: 12.402096897488171
MAE: 2.976892630259196
EVS: 0.43103457325104233
