Model: GRU
MSE: 16.066710686272287
MAE: 3.2003646779943398
EVS: 0.26815083023218367
