Model: GRU
MSE: 17.22361538421544
MAE: 3.2902419655411332
EVS: 0.3297202622839607
