Model: GRU
MSE: 13.853665744622285
MAE: 3.087215458905255
EVS: 0.44259666836496325
