Model: GRU
MSE: 19.075154828656515
MAE: 3.2423979706234403
EVS: 0.1765292202345029
