Model: GRU
MSE: 13.30970501507983
MAE: 2.757942623562283
EVS: 0.25073343470976384
