Model: GRU
MSE: 18.202456013646263
MAE: 3.1298575224699796
EVS: 0.1587629769150336
