Model: GRU
MSE: 27.060706642720376
MAE: 4.344615971600568
EVS: 0.3055403091146007
