Model: GRU
MSE: 12.360236016086244
MAE: 2.9449542893303766
EVS: 0.3546842263822073
