Model: GRU
MSE: 31.770208845314478
MAE: 3.854426767144884
EVS: -0.30208832689860876
