Model: GRU
MSE: 16.379126784591318
MAE: 2.7922566025345414
EVS: 0.08283585366066504
