Model: GRU
MSE: 27.737117022232884
MAE: 3.517180001294171
EVS: -0.009260727375577149
