Model: GRU
MSE: 12.086871589303959
MAE: 2.6615107677601
EVS: 0.412793611264494
