Model: GRU
MSE: 22.91004342734822
MAE: 3.599773813177038
EVS: 0.1147725174399189
