Model: GRU
MSE: 35.210325848756845
MAE: 4.322719830053824
EVS: -0.28210191536754503
