Model: GRU
MSE: 11.20249091342798
MAE: 2.419014913064462
EVS: 0.42565109601136897
