Model: GRU
MSE: 20.08870600044713
MAE: 3.023779356921161
EVS: 0.07675035590549928
