Model: GRU
MSE: 14.05721213204938
MAE: 2.9327451211434825
EVS: 0.3322048919087809
