Model: GRU
MSE: 19.855499074569117
MAE: 3.6696859995524087
EVS: 0.45391496695245404
