Model: GRU
MSE: 12.303213626136792
MAE: 2.6795849800109863
EVS: 0.4404814052325241
