Model: GRU
MSE: 13.27513117618365
MAE: 2.554795406482838
EVS: 0.2823511982753797
