Model: GRU
MSE: 10.677666630413418
MAE: 2.4871233480947987
EVS: 0.4934391963674787
