Model: GRU
MSE: 30.577399508623337
MAE: 4.1755279346748635
EVS: -0.1379017220059613
