Model: GRU
MSE: 16.04977228136864
MAE: 2.7163032955593533
EVS: 0.14842120619531285
