Model: GRU
MSE: 40.00556546573091
MAE: 5.061834305524826
EVS: 0.00010126309331959238
