Model: GRU
MSE: 11.514958042110097
MAE: 2.916280887745045
EVS: 0.3724071691777714
