Model: GRU
MSE: 13.813732320937156
MAE: 2.7387286998607494
EVS: 0.22301807999831336
