Model: GRU
MSE: 17.362524428606488
MAE: 3.0174742098207825
EVS: 0.26427327620365215
