Model: GRU
MSE: 24.8545373677395
MAE: 3.1350480097311513
EVS: 0.017179214356235595
