Model: GRU
MSE: 10.368853165602255
MAE: 2.43367862701416
EVS: 0.5508247085218648
