Model: GRU
MSE: 14.747386223414718
MAE: 3.1651633933738426
EVS: 0.48204314237931156
