Model: GRU
MSE: 12.443927737418528
MAE: 2.5053795355337636
EVS: 0.3553221268198786
