Model: GRU
MSE: 28.315894667478208
MAE: 3.787209122269242
EVS: -0.05020347517006618
