Model: GRU
MSE: 15.068231446531442
MAE: 2.753712442186144
EVS: 0.2145080403715044
