Model: GRU
MSE: 18.76900896802458
MAE: 3.517034336372658
EVS: 0.4521248156498323
