Model: GRU
MSE: 14.719697346931214
MAE: 2.6648308436075845
EVS: 0.20499639519850177
