Model: GRU
MSE: 35.5036308416303
MAE: 4.136904032142074
EVS: -0.2370911892165457
