Model: GRU
MSE: 14.97057142631794
MAE: 2.4725633373966924
EVS: 0.23313720757856526
