Model: GRU
MSE: 11.124814872740167
MAE: 2.4886491033766003
EVS: 0.43391994410042845
