Model: GRU
MSE: 29.222415433723327
MAE: 3.336785404770463
EVS: -0.14858470521001643
