Model: GRU
MSE: 14.532078577515652
MAE: 3.1763366946467646
EVS: 0.3330561161782001
