Model: GRU
MSE: 9604.920833849113
MAE: 97.89171882911965
EVS: -0.2499525339438904
