Model: GRU
MSE: 16.017605950802277
MAE: 2.8389800213001393
EVS: 0.10293577805204202
