Model: GRU
MSE: 13.64620192905236
MAE: 2.5116505093044705
EVS: 0.229729856148018
