Model: GRU
MSE: 19.725674008897975
MAE: 3.5310638304109925
EVS: 0.2760631001405003
