Model: GRU
MSE: 37.80390779174336
MAE: 4.831927025759661
EVS: -0.16899310965965686
