Model: GRU
MSE: 15.718228670759075
MAE: 2.8780476605450667
EVS: 0.1282077156001007
