Model: GRU
MSE: 12.127262800985735
MAE: 2.454863813188341
EVS: 0.3353681553823392
