Model: GRU
MSE: 10.92366504196883
MAE: 2.7302112402739347
EVS: 0.49415989030485574
