Model: GRU
MSE: 13.073697852258444
MAE: 2.547907511393229
EVS: 0.30432074420195376
