Model: GRU
MSE: 16.5742653601797
MAE: 2.8132593013622142
EVS: 0.32831301628663434
