Model: GRU
MSE: 26.37174565916101
MAE: 3.6469571237210876
EVS: 0.09880022870617489
