Model: GRU
MSE: 28.615090063182404
MAE: 3.5078480861805104
EVS: -0.12390199836958504
