Model: GRU
MSE: 17.911677906327853
MAE: 3.5063282825328685
EVS: 0.5504944819677315
