Model: GRU
MSE: 13.591120079847954
MAE: 2.7296282803570784
EVS: 0.23338249059620275
