Model: GRU
MSE: 21.785736831460554
MAE: 3.594263059121591
EVS: -0.14766316279052671
