Model: GRU
MSE: 32.049120201058365
MAE: 3.5168446876384594
EVS: -0.266256412817226
