Model: GRU
MSE: 13.388733200807682
MAE: 2.721345301027651
EVS: 0.31885763358461805
