Model: GRU
MSE: 29.116848476862522
MAE: 3.793184103789153
EVS: -0.11050395453091033
