Model: GRU
MSE: 13.32052859259708
MAE: 2.8668944747359664
EVS: 0.365447262076091
