Model: GRU
MSE: 15.658947454565771
MAE: 2.9034506479899087
EVS: 0.2724372044821035
