Model: GRU
MSE: 761.7426410601727
MAE: 27.269879482410573
EVS: -0.02201835765859461
