Model: GRU
MSE: 13.118094581857576
MAE: 2.3989302493907787
EVS: 0.26573139100261656
