Model: GRU
MSE: 9.612444759496375
MAE: 2.150220093903718
EVS: 0.5017665164216624
