Model: GRU
MSE: 32.52688067808737
MAE: 4.411298968173839
EVS: -0.20759086832602813
