Model: GRU
MSE: 25.833262299671578
MAE: 3.828108787536621
EVS: -0.01642635780855639
