Model: GRU
MSE: 15.691375894503524
MAE: 3.1297587465356895
EVS: 0.31632673862016236
