Model: GRU
MSE: 25.40779832821127
MAE: 3.4326586458418102
EVS: -0.004130391086806018
