Model: GRU
MSE: 12.35221686420961
MAE: 2.6077338148046425
EVS: 0.3152796415688961
