Model: GRU
MSE: 37.98891956175979
MAE: 4.846992689150351
EVS: -0.15312519702174954
