Model: GRU
MSE: 23.17982593902702
MAE: 4.04940821506359
EVS: 0.2446805049537819
