Model: GRU
MSE: 18.947970724685884
MAE: 3.759482595655653
EVS: 0.5091970912940789
