Model: GRU
MSE: 20.927413546824617
MAE: 2.892885623154817
EVS: -0.11728809892752379
