Model: GRU
MSE: 13.220837910556602
MAE: 2.696963981345848
EVS: 0.28999844594719015
