Model: GRU
MSE: 33.56123488566294
MAE: 4.115543475857487
EVS: -0.25077584240493955
