Model: GRU
MSE: 14.361312911319862
MAE: 3.0131462768272117
EVS: 0.24684673127492063
