Model: GRU
MSE: 15.549242918718797
MAE: 2.8850892738059715
EVS: 0.3411511249191007
