Model: GRU
MSE: 18.14538409368528
MAE: 2.803014137126781
EVS: 0.04263814471323635
