Model: GRU
MSE: 12.603585608503307
MAE: 2.580818264572709
EVS: 0.4327727876021741
