Model: GRU
MSE: 15.506742410437575
MAE: 2.7852021323310003
EVS: 0.302784225382412
