Model: GRU
MSE: 13.097730072773974
MAE: 2.5298239213448985
EVS: 0.26225259280192026
