Model: GRU
MSE: 15.667315943987282
MAE: 2.976774321662055
EVS: 0.1656080229131094
