Model: GRU
MSE: 23.75163458730899
MAE: 3.4167487488852606
EVS: -0.12774125189361496
