Model: GRU
MSE: 28.5334106205835
MAE: 3.8871375152042935
EVS: -0.12305919876455929
