Model: GRU
MSE: 16.627914841121907
MAE: 2.473126429098624
EVS: 0.12974168439960143
