Model: GRU
MSE: 12.52676152703801
MAE: 2.578592865555375
EVS: 0.3210014598032289
