Model: GRU
MSE: 18.56761589510552
MAE: 3.277932944121184
EVS: 0.32849066135077765
