Model: GRU
MSE: 17.7512979868442
MAE: 3.165810814610234
EVS: 0.25768521006084444
