Model: GRU
MSE: 15.142551907660534
MAE: 2.9157694004200123
EVS: 0.17596796080337973
