Model: GRU
MSE: 16.980220074273365
MAE: 3.0730442470974393
EVS: 0.4057991010574524
