Model: GRU
MSE: 12.137301260295292
MAE: 2.4136637405112937
EVS: 0.3159554712709989
