Model: GRU
MSE: 25.064953926784593
MAE: 4.455926930462873
EVS: 0.3569709192243671
