Model: GRU
MSE: 1650.940392124187
MAE: 40.34047112641511
EVS: 0.06692187663297011
