Model: GRU
MSE: 33.2347738442511
MAE: 4.653727293014526
EVS: -0.07957758516566682
