Model: GRU
MSE: 11.528316825211
MAE: 2.594192875756158
EVS: 0.4105469579820141
