Model: GRU
MSE: 12.410121959479628
MAE: 2.3998905464454934
EVS: 0.32384618071097915
