Model: GRU
MSE: 28.276453322413317
MAE: 3.5748445987701416
EVS: -0.15012573327418988
