Model: GRU
MSE: 11.026950454099447
MAE: 2.7027607317324036
EVS: 0.37726139088019184
