Model: GRU
MSE: 32.252533797445444
MAE: 4.654598781040737
EVS: 0.005887488318685241
