Model: GRU
MSE: 16.060248952822096
MAE: 3.1301321100305626
EVS: 0.2813852481307697
