Model: GRU
MSE: 34.45831576618655
MAE: 4.016916389818545
EVS: -0.24173800702613546
