Model: GRU
MSE: 32.229152491844424
MAE: 4.090366275222213
EVS: -0.1575752487950679
