Model: GRU
MSE: 25.510722122086964
MAE: 3.3918041299890587
EVS: -0.42086144025769
