Model: GRU
MSE: 28.79798038507727
MAE: 3.5654298994276257
EVS: -0.13922942771518354
