Model: GRU
MSE: 17.471178358764014
MAE: 3.2175752498485424
EVS: 0.26568975676556306
