Model: GRU
MSE: 15.727955335943484
MAE: 2.9155073872318975
EVS: 0.1140552662837363
