Model: GRU
MSE: 14.923453481771064
MAE: 2.6425849066840277
EVS: 0.3061706447435618
