Model: GRU
MSE: 14.015784167451413
MAE: 2.4710960388183594
EVS: 0.3010247298227535
