Model: GRU
MSE: 14.131289293708951
MAE: 2.4410268112465188
EVS: 0.2499736389160172
