Model: GRU
MSE: 20.825434400570852
MAE: 3.695583802682382
EVS: 0.32247705238550717
