Model: GRU
MSE: 31.308533341005454
MAE: 3.680113748267845
EVS: -0.15288681623196076
