Model: GRU
MSE: 16.864020370144022
MAE: 2.756819000950566
EVS: 0.08934875316814361
