Model: GRU
MSE: 34.71815910565808
MAE: 4.352547281318241
EVS: -0.3097037145111805
