Model: GRU
MSE: 21.166248089712198
MAE: 4.04567849194562
EVS: 0.19102480388633736
