Model: GRU
MSE: 16.351388072991178
MAE: 2.8775717240792735
EVS: 0.27198543586733703
