Model: GRU
MSE: 24.157478187013155
MAE: 4.3026571097197355
EVS: 0.4498827050202572
