Model: GRU
MSE: 22.881323785875026
MAE: 3.720354945571334
EVS: 0.17850938036272235
