Model: GRU
MSE: 14.301062030147923
MAE: 2.8445436512982405
EVS: 0.2514695586415783
