Model: GRU
MSE: 31.718765878559772
MAE: 4.059280342525906
EVS: -0.13300228358699617
