Model: GRU
MSE: 29.727099940286845
MAE: 3.7436999479929605
EVS: -0.13253009891402745
