Model: GRU
MSE: 13.510350017853735
MAE: 2.8053393540558993
EVS: 0.2740129917215366
