Model: GRU
MSE: 13.979869103849287
MAE: 2.9174655631736472
EVS: 0.23082102279211547
