Model: GRU
MSE: 29.660749961062287
MAE: 3.7031233421078436
EVS: -0.12598352671071478
