Model: GRU
MSE: 31.699283276508748
MAE: 3.7633029884762235
EVS: -0.24817191751390255
