Model: GRU
MSE: 12.215373125966801
MAE: 2.411802857010453
EVS: 0.3692066648848644
