Model: GRU
MSE: 12.243499618610704
MAE: 2.7812790870666504
EVS: 0.3373351782270625
