Model: GRU
MSE: 16.678668622264098
MAE: 2.726355305424443
EVS: 0.058984633736023695
