Model: GRU
MSE: 33.79590460191817
MAE: 4.104453113343981
EVS: -0.2358008540327019
