Model: GRU
MSE: 17.61753773674303
MAE: 2.9917694992489285
EVS: 0.035857366534301494
