Model: GRU
MSE: 11.12398691230296
MAE: 2.3766407790007413
EVS: 0.3839114452263904
