Model: GRU
MSE: 313.4390549750621
MAE: 17.18520884160642
EVS: -0.022658687722480142
