Model: GRU
MSE: 15.10280070594059
MAE: 2.7382304580123336
EVS: 0.14711046701661135
