Model: GRU
MSE: 26.606199662153365
MAE: 3.7059455204893044
EVS: 0.09836712818373683
