Model: GRU
MSE: 13.606720526095353
MAE: 2.4919158617655435
EVS: 0.24248383841092336
