Model: GRU
MSE: 299.5474794425942
MAE: 16.598156929016113
EVS: 0.013646134143798339
