Model: GRU
MSE: 17.741129897625022
MAE: 3.4649967970671476
EVS: 0.45394192347869877
