Model: GRU
MSE: 13.410841557028865
MAE: 2.5951722816184715
EVS: 0.24393039568537955
