Model: GRU
MSE: 14.932424791132016
MAE: 2.912259172510218
EVS: 0.30995776091432214
