Model: GRU
MSE: 27.87306852472459
MAE: 3.3296064447473595
EVS: -0.10167457627253174
