Model: GRU
MSE: 18.36253918338444
MAE: 3.155985982329757
EVS: 0.1758583370313208
