Model: GRU
MSE: 1343.0546971022495
MAE: 36.33569858692311
EVS: -0.28606857495659876
