Model: GRU
MSE: 17.00677209497789
MAE: 2.8971517704151295
EVS: 0.13734224711929421
