Model: GRU
MSE: 27.106909946830665
MAE: 3.6760544423703796
EVS: -0.07096608255173842
