Model: GRU
MSE: 24.473700663943763
MAE: 4.150585510112621
EVS: 0.20703551514648566
