Model: GRU
MSE: 16.560118457698678
MAE: 2.9046538141038685
EVS: 0.13535221931338481
