Model: GRU
MSE: 14.696973167348537
MAE: 3.0661412168432167
EVS: 0.3567416600590072
