Model: GRU
MSE: 12.759226648590381
MAE: 2.570025885546649
EVS: 0.2817701126088086
