Model: GRU
MSE: 31.67539227352751
MAE: 3.8737758883723505
EVS: -0.19627037978861028
