Model: GRU
MSE: 27.86752784043206
MAE: 3.719883159354881
EVS: -0.08619898568901152
