Model: GRU
MSE: 19.23165712647087
MAE: 2.8005115191141763
EVS: -0.08367756179457042
