Model: GRU
MSE: 21.08081578407558
MAE: 4.116699589623345
EVS: 0.5414985380839274
