Model: GRU
MSE: 16.568233881021673
MAE: 2.7680857181549072
EVS: 0.1842848543370379
