Model: GRU
MSE: 14.169089055219283
MAE: 2.7423326704237194
EVS: 0.2955067270940024
