Model: GRU
MSE: 17.328724397987983
MAE: 2.566535154978434
EVS: 0.06701081344583626
