Model: GRU
MSE: 16.067630372676064
MAE: 2.572698646121555
EVS: 0.12624923018550005
