Model: GRU
MSE: 18.14508246667668
MAE: 3.2775328071029097
EVS: 0.022012765115817512
