Model: GRU
MSE: 27.07946131256795
MAE: 3.5243851873609753
EVS: -0.03152641532509648
