Model: GRU
MSE: 17.765417730570444
MAE: 3.656798839569092
EVS: 0.31797526953614796
