Model: GRU
MSE: 13.289322994354304
MAE: 2.8590982401812517
EVS: 0.3231366508538521
