Model: GRU
MSE: 18.781414973390813
MAE: 3.081744741510462
EVS: 0.1026664575743893
