Model: GRU
MSE: 27.836654248567736
MAE: 3.463885678185357
EVS: -0.10075054225456936
