Model: GRU
MSE: 27.983768033897167
MAE: 3.968047265653257
EVS: -0.05371044810625114
