Model: GRU
MSE: 23.548990076194606
MAE: 3.221450196372138
EVS: -0.04676912500146013
