Model: GRU
MSE: 14.591750266165642
MAE: 2.5733749954788774
EVS: 0.24753502982455666
