Model: GRU
MSE: 19.126051084921173
MAE: 3.333684108875416
EVS: 0.00965282692881475
