Model: GRU
MSE: 15.610601406443367
MAE: 2.4587433956287525
EVS: 0.1377021165678124
