Model: GRU
MSE: 28.46413267513313
MAE: 3.5435544980896845
EVS: -0.11364755586340625
