Model: GRU
MSE: 27.016719983555443
MAE: 3.5075955435081765
EVS: -0.0663159101487707
