Model: GRU
MSE: 25.057422378449136
MAE: 3.4587791054337114
EVS: -0.3938685458864801
