Model: GRU
MSE: 35.79443377470705
MAE: 3.981009324391683
EVS: -0.3693323309756136
