Model: GRU
MSE: 21.293557733680675
MAE: 3.4143974074610957
EVS: 0.10994223169513562
