Model: GRU
MSE: 15.66677670445384
MAE: 2.853284147050646
EVS: 0.1671008627461147
