Model: GRU
MSE: 34.5060752016695
MAE: 4.477635101035789
EVS: -0.20609695251006976
