Model: GRU
MSE: 13.002402481699308
MAE: 2.628718376159668
EVS: 0.3029081448141453
