Model: GRU
MSE: 13.971537821127235
MAE: 3.1416089093243635
EVS: 0.45461738221233117
