Model: GRU
MSE: 17.461204156224152
MAE: 2.7436929985328957
EVS: 0.12299330338993386
