Model: GRU
MSE: 11.478201613373198
MAE: 2.4691314344052917
EVS: 0.354154962161625
