Model: GRU
MSE: 12.855089373704551
MAE: 2.6011086923104747
EVS: 0.27969828492431603
