Model: GRU
MSE: 11.55889889871371
MAE: 2.5327974602028176
EVS: 0.36501414938252785
