Model: GRU
MSE: 16.591300283997253
MAE: 3.4932306960777
EVS: 0.5007176978575887
