Model: GRU
MSE: 14.39351835345436
MAE: 2.681013071978534
EVS: 0.1871052295838962
