Model: GRU
MSE: 26.631741453595513
MAE: 3.364684051937527
EVS: -0.053476569361050386
