Model: GRU
MSE: 25.66515877473233
MAE: 3.4986756841341653
EVS: -0.012462847192807658
