Model: GRU
MSE: 10.423284510585695
MAE: 2.5452627252649376
EVS: 0.48216189016327526
