Model: GRU
MSE: 36.86481571103069
MAE: 4.880317829273365
EVS: -0.24381521197942768
