Model: GRU
MSE: 31.331539147833364
MAE: 3.711582660675049
EVS: -0.226540597489284
