Model: GRU
MSE: 15.238874519422072
MAE: 2.837492995791965
EVS: 0.244117235504964
