Model: GRU
MSE: 34.45863447311268
MAE: 4.126758955143116
EVS: -0.1977540118745138
