Model: GRU
MSE: 28.40880862315075
MAE: 3.867757872298912
EVS: -0.07793625700858753
