Model: GRU
MSE: 34.89084484015867
MAE: 4.38676623944883
EVS: -0.17941012048681038
