Model: GRU
MSE: 15.586308403274609
MAE: 2.523391847257261
EVS: 0.19419270571355185
