Model: GRU
MSE: 14.106454408700252
MAE: 3.0759037512320058
EVS: 0.4343678273554582
