Model: GRU
MSE: 13.193106914445176
MAE: 2.652621957990858
EVS: 0.2654373921806933
