Model: GRU
MSE: 17.833860989327317
MAE: 3.6889785837244102
EVS: 0.3478652325301598
