Model: GRU
MSE: 29.532794652966004
MAE: 3.62890981303321
EVS: -0.13382583225399736
