Model: GRU
MSE: 30.96387134479281
MAE: 3.511435619106999
EVS: -0.21680053653721054
