Model: GRU
MSE: 12.302346167639909
MAE: 2.7199527245980724
EVS: 0.3263219602331081
