Model: GRU
MSE: 16.346891197598264
MAE: 3.3510436835112394
EVS: 0.3757824335601323
