Model: GRU
MSE: 25.970714484405082
MAE: 3.420740569079364
EVS: -0.00713624547153624
