Model: GRU
MSE: 14.724311862386221
MAE: 3.1553554888124817
EVS: 0.40077972146004925
