Model: GRU
MSE: 15.596378921734573
MAE: 3.3269996819672762
EVS: 0.2651378966057746
