Model: GRU
MSE: 12.374342401898039
MAE: 2.621624575720893
EVS: 0.306591938464836
