Model: GRU
MSE: 22.92566373811342
MAE: 3.8818274074130588
EVS: 0.1182446729282195
