Model: GRU
MSE: 25.885259076048982
MAE: 3.675196506358959
EVS: -0.015392987948742887
