Model: GRU
MSE: 16.48422909384663
MAE: 3.088302735929136
EVS: 0.3039695531641531
