Model: GRU
MSE: 18.250089446327145
MAE: 3.600187902097349
EVS: 0.36167361240611506
