Model: GRU
MSE: 12.884171627209003
MAE: 2.699615407873083
EVS: 0.30675371356114445
