Model: GRU
MSE: 15.752732978619001
MAE: 2.861147068164967
EVS: 0.25387053708191254
