Model: GRU
MSE: 34.63988997943709
MAE: 4.365463221514666
EVS: -0.2520867777643798
