Model: GRU
MSE: 25.799331931310395
MAE: 3.341397930074621
EVS: -0.020558845033492368
