Model: GRU
MSE: 14.866667432987654
MAE: 2.4616508837099427
EVS: 0.1763717166725599
