Model: GRU
MSE: 28.69159357419638
MAE: 3.8497798442840576
EVS: -0.029951273797540257
