Model: GRU
MSE: 16.565399204559057
MAE: 2.8061652271835893
EVS: 0.26694146003053687
