Model: GRU
MSE: 27.614757398957494
MAE: 3.639241091631077
EVS: -0.09186479397982272
