Model: GRU
MSE: 13.298040996696457
MAE: 3.150014382821542
EVS: 0.3055196585783322
