Model: GRU
MSE: 31.2514028377084
MAE: 3.7785555433343956
EVS: -0.1779648376382612
