Model: GRU
MSE: 15.349532491048405
MAE: 2.6520836618211536
EVS: 0.30845416545115123
