Model: GRU
MSE: 11.423433925311892
MAE: 2.4752298637672707
EVS: 0.457558273814482
