Model: GRU
MSE: 12.492642558983519
MAE: 2.7501324547661676
EVS: 0.3021635092679511
