Model: GRU
MSE: 22.838483123964384
MAE: 2.970146064405088
EVS: -0.09146546329747007
