Model: GRU
MSE: 26.933591137935167
MAE: 3.4663937003524214
EVS: -0.06289675456653487
