Model: GRU
MSE: 13.563874371926406
MAE: 2.8873656414173268
EVS: 0.3569878874982202
