Model: GRU
MSE: 29.907874491401724
MAE: 4.040900919172499
EVS: -0.12449846349384863
