Model: GRU
MSE: 11.63976719069022
MAE: 2.4428778047914856
EVS: 0.3545243580040569
