Model: GRU
MSE: 36.83120762560729
MAE: 3.808097450821488
EVS: -0.4506558710600177
