Model: GRU
MSE: 13.287712919936961
MAE: 2.7038897055166737
EVS: 0.4019428478661954
