Model: GRU
MSE: 12.338719025748576
MAE: 2.6198353590788663
EVS: 0.30928194964036115
