Model: GRU
MSE: 24.8265409744992
MAE: 4.227703182785599
EVS: -0.0771285515722242
