Model: GRU
MSE: 25.85192475837834
MAE: 3.2918419308132596
EVS: -0.022273389653638676
