Model: GRU
MSE: 11.44711051763692
MAE: 2.301796877825702
EVS: 0.40712315790883336
