Model: GRU
MSE: 32.57877262845014
MAE: 3.646737301791156
EVS: -0.288552030607661
