Model: GRU
MSE: 26.060454978552496
MAE: 3.6988777407893427
EVS: 0.008933024396514999
