Model: GRU
MSE: 32.039447088485076
MAE: 4.572146651921449
EVS: -0.0814282323866855
