Model: GRU
MSE: 12.176885250601723
MAE: 2.68204837375217
EVS: 0.36903476856308215
