Model: GRU
MSE: 27.15803722303995
MAE: 3.565746213708605
EVS: -0.11324643828330383
