Model: GRU
MSE: 32.0818296710697
MAE: 4.411022866213763
EVS: -0.19102993734919038
