Model: GRU
MSE: 14.380008971204713
MAE: 2.5669130042747215
EVS: 0.34106450720322434
