Model: GRU
MSE: 16.84802751503256
MAE: 3.1329751721134893
EVS: 0.07738495952007762
