Model: GRU
MSE: 28.128836367444634
MAE: 3.2173563374413385
EVS: -0.11233468322893381
