Model: GRU
MSE: 36.033060935889885
MAE: 4.2034942044152155
EVS: -0.259541428675075
