Model: GRU
MSE: 15.568875099644957
MAE: 2.6980691662541143
EVS: 0.13281457969014687
