Model: GRU
MSE: 14.847990345433312
MAE: 2.6704519589742026
EVS: 0.17313989138395558
