Model: GRU
MSE: 12.724645573692552
MAE: 2.701806139062952
EVS: 0.3944283274426791
