Model: GRU
MSE: 11.769256432109986
MAE: 2.917721536424425
EVS: 0.3441688775495326
