Model: GRU
MSE: 32.94367911437258
MAE: 4.489829422147186
EVS: -0.1726087588886822
