Model: GRU
MSE: 13.08355873986357
MAE: 2.611542542775472
EVS: 0.2639524449855688
