Model: GRU
MSE: 14.024605386718248
MAE: 2.312275833553738
EVS: 0.22414429670228664
