Model: GRU
MSE: 16.064174916318777
MAE: 2.919190389138681
EVS: 0.19492702514966453
