Model: GRU
MSE: 26.34304904764385
MAE: 3.5680133082248546
EVS: 0.0025187416012750763
