Model: GRU
MSE: 12.297441788247397
MAE: 2.655657167787905
EVS: 0.41169243758687657
