Model: GRU
MSE: 22.614997949896583
MAE: 3.2638290016739457
EVS: -0.009343401710400157
