Model: GRU
MSE: 15.234133717104685
MAE: 2.7321955362955728
EVS: 0.21735415838683336
