Model: GRU
MSE: 15.47608117779315
MAE: 2.5349160123754433
EVS: 0.22038102239122626
