Model: GRU
MSE: 26.960630008613315
MAE: 3.5843292077382407
EVS: -0.06651458567424018
