Model: GRU
MSE: 11.95491249471559
MAE: 2.6586418328461825
EVS: 0.35199017374344155
