Model: GRU
MSE: 11.71653654346358
MAE: 2.5909993560225875
EVS: 0.3383983516656066
