Model: GRU
MSE: 17.942130067512547
MAE: 3.2905791070726185
EVS: 0.29611070501978654
