Model: GRU
MSE: 15.486752031543642
MAE: 2.600814554426405
EVS: 0.13086764534320827
