Model: GRU
MSE: 15.274528625880057
MAE: 3.0684033323217323
EVS: 0.17327879335895624
