Model: GRU
MSE: 12.486101685883282
MAE: 2.4672550272058555
EVS: 0.3450401989684154
