Model: GRU
MSE: 12.664234638421442
MAE: 2.8542861585263855
EVS: 0.39209585952908177
