Model: GRU
MSE: 27.27187666131415
MAE: 3.771811335175126
EVS: -0.006259633353515426
