Model: GRU
MSE: 16.103863109458306
MAE: 3.5059225117718733
EVS: 0.426805154214545
