Model: GRU
MSE: 21.713484894442225
MAE: 3.5615484802811235
EVS: 0.32700543498716317
