Model: GRU
MSE: 23.09041616193562
MAE: 3.178428720544886
EVS: -0.05676705628851941
