Model: GRU
MSE: 15.164639209652789
MAE: 2.529534198619701
EVS: 0.1846037564182179
