Model: GRU
MSE: 32.55603049568728
MAE: 3.70457684552228
EVS: -0.24785781256997153
