Model: GRU
MSE: 12.989923554548989
MAE: 2.4638344446818032
EVS: 0.2707023789026257
