Model: GRU
MSE: 29.430039807366324
MAE: 4.137872952002066
EVS: -0.010110091694554235
