Model: GRU
MSE: 19.329835381466435
MAE: 3.5085258837099427
EVS: 0.4157724344459093
