Model: GRU
MSE: 12.606267807106498
MAE: 2.6141840616861978
EVS: 0.288269203638831
