Model: GRU
MSE: 22.63045866638488
MAE: 3.434469532083582
EVS: 0.06895961507602899
