Model: GRU
MSE: 14.567792267231585
MAE: 2.5378832993683993
EVS: 0.2840777850235733
