Model: GRU
MSE: 24.355804992776612
MAE: 3.898428440093994
EVS: 0.1545927340880454
