Model: GRU
MSE: 12.868973374704419
MAE: 2.4838438387270325
EVS: 0.2833355034875804
