Model: GRU
MSE: 20.634344000989365
MAE: 3.3135718592890986
EVS: 0.09244458193112459
