Model: GRU
MSE: 28.556771083336805
MAE: 3.50652896033393
EVS: -0.08176913265093133
