Model: GRU
MSE: 11.962656465484281
MAE: 2.586627412725378
EVS: 0.3279452143444834
