Model: GRU
MSE: 17.17148652358534
MAE: 3.5844251138192638
EVS: 0.43145284116666427
