Model: GRU
MSE: 36.70083781730133
MAE: 5.394066951892994
EVS: 0.0
