Model: GRU
MSE: 38.88840881940916
MAE: 4.574420886380332
EVS: -0.5563687761308944
