Model: GRU
MSE: 12.601397887317203
MAE: 2.582111711855288
EVS: 0.3618720621329784
