Model: GRU
MSE: 11.200869286576225
MAE: 2.4280449902569807
EVS: 0.37355461548713964
