Model: GRU
MSE: 28.049305062511166
MAE: 3.9916698193108595
EVS: -0.052038694122102935
