Model: GRU
MSE: 13.087506326343002
MAE: 2.3038693180790655
EVS: 0.38439349337967
