Model: GRU
MSE: 16.65591604037775
MAE: 3.247295626887569
EVS: 0.3490936596291251
