Model: GRU
MSE: 18.14922009995494
MAE: 2.9927651440655745
EVS: 0.2903885290779472
