Model: GRU
MSE: 10.400103602180698
MAE: 2.4213669388382524
EVS: 0.41432539083089537
