Model: GRU
MSE: 30.217665995520488
MAE: 3.6663661088262285
EVS: -0.23887165794497411
