Model: GRU
MSE: 19.79719374343974
MAE: 3.483643655423765
EVS: 0.17394137190384895
