Model: GRU
MSE: 20.41361977326305
MAE: 3.5619832144843206
EVS: 0.22513232207795186
