Model: GRU
MSE: 15.142379100836934
MAE: 2.641953538965296
EVS: 0.1466869823392054
