Model: GRU
MSE: 11.39061373468297
MAE: 2.519986594164813
EVS: 0.3591398677378218
