Model: GRU
MSE: 21.877545781233433
MAE: 3.8850948722274214
EVS: 0.3377165622050873
