Model: GRU
MSE: 17.242256648668892
MAE: 2.897734138700697
EVS: 0.1790569315651428
