Model: GRU
MSE: 24.399131349848513
MAE: 3.367444214997468
EVS: 0.04738763459673878
