Model: GRU
MSE: 13.908379523450414
MAE: 2.5657483206854925
EVS: 0.286124155268602
