Model: GRU
MSE: 20.386616150350374
MAE: 3.0399699917546026
EVS: -0.08411409155091065
