Model: GRU
MSE: 15.565016417297606
MAE: 2.9257403832894786
EVS: 0.3667247734374596
