Model: GRU
MSE: 15.26224506189969
MAE: 2.6574175975940846
EVS: 0.17049549516816287
