Model: GRU
MSE: 28.385850307101684
MAE: 3.970264293529369
EVS: -0.049373329215918416
