Model: GRU
MSE: 14.172995269603655
MAE: 2.7460900059452764
EVS: 0.21615890278903505
