Model: GRU
MSE: 15.077874971103736
MAE: 2.821642416494864
EVS: 0.2574728132962164
