Model: GRU
MSE: 12.972828295846604
MAE: 2.655626756173593
EVS: 0.31515487961438604
