Model: GRU
MSE: 16.814445346003208
MAE: 3.0325726403130426
EVS: 0.27971705175330097
