Model: GRU
MSE: 15.724518749299648
MAE: 2.9482822153303356
EVS: 0.19237238094344433
