Model: GRU
MSE: 17.887390817952532
MAE: 3.1225816585399486
EVS: 0.02150459167165386
