Model: GRU
MSE: 17.20246208929661
MAE: 3.4130209816826715
EVS: 0.4230905427523388
