Model: GRU
MSE: 12.918016858091757
MAE: 2.3052522164803966
EVS: 0.3328000057808963
