Model: GRU
MSE: 14.19082660655969
MAE: 2.7105715892933033
EVS: 0.3610732119622828
