Model: GRU
MSE: 15.185939019858619
MAE: 2.6781926861515752
EVS: 0.20524494919163594
