Model: GRU
MSE: 12.247070219695194
MAE: 2.9106564345183195
EVS: 0.4550459968974019
