Model: GRU
MSE: 15.788611504823873
MAE: 3.2234571244981556
EVS: 0.25408264986266327
