Model: GRU
MSE: 14.468610357385598
MAE: 2.7401138411627874
EVS: 0.3903075822398535
