Model: GRU
MSE: 18.827057992259554
MAE: 3.3217565218607583
EVS: -0.04897396098435336
