Model: GRU
MSE: 17.1282361441139
MAE: 3.257009258976689
EVS: 0.32948336367725184
