Model: GRU
MSE: 31.81128651863708
MAE: 3.7160674377723977
EVS: -0.23937700847485766
