Model: GRU
MSE: 13.124019933113308
MAE: 2.7010851436191134
EVS: 0.27247202075173316
