Model: GRU
MSE: 17.75711812569845
MAE: 3.600595315297445
EVS: 0.2776930302766739
