Model: GRU
MSE: 22.183676577365727
MAE: 3.5525121512236417
EVS: 0.14212135098979162
