Model: GRU
MSE: 12.634522627238564
MAE: 3.085257141678422
EVS: 0.32970222683365313
