Model: GRU
MSE: 12.460848695343353
MAE: 2.2811050238432706
EVS: 0.378368178486707
