Model: GRU
MSE: 12.750713346373702
MAE: 2.6651652300799333
EVS: 0.3017563143924882
