Model: GRU
MSE: 28.800220778109775
MAE: 3.4527811915786177
EVS: -0.12129280596324876
