Model: GRU
MSE: 31.96515032362144
MAE: 3.6513080426624844
EVS: -0.278067070268994
