Model: GRU
MSE: 28.328195021238756
MAE: 3.7238089596783674
EVS: -0.11651970259963007
