Model: GRU
MSE: 27.88191217693025
MAE: 3.534884478364672
EVS: -0.11936629537703514
