Model: GRU
MSE: 37.26387224450412
MAE: 4.890643720273618
EVS: -0.29301764730643076
