Model: GRU
MSE: 15.700813441814606
MAE: 2.748327131624575
EVS: 0.2509612787264929
