Model: GRU
MSE: 31.022848814876482
MAE: 3.8405220950091326
EVS: -0.14911575168496172
