Model: GRU
MSE: 34.27085234723476
MAE: 3.704694324069553
EVS: -0.3543344855846473
