Model: GRU
MSE: 51.18533330952373
MAE: 6.387419400391756
EVS: -0.009823247751427955
