Model: GRU
MSE: 14.038444999680147
MAE: 2.8283910398130065
EVS: 0.30043902163373926
