Model: GRU
MSE: 25.63814566765299
MAE: 3.978919400109185
EVS: 0.1617594534795248
