Model: GRU
MSE: 11.901733491956369
MAE: 2.587374281000208
EVS: 0.36663717882640634
