Model: GRU
MSE: 27.763515663513317
MAE: 4.695591396755642
EVS: 0.07071870823277016
