Model: GRU
MSE: 17.268083441925075
MAE: 3.056768770571108
EVS: 0.042889411783913256
