Model: GRU
MSE: 24.64193423740435
MAE: 3.4622370578624584
EVS: 0.0263584062960992
