Model: GRU
MSE: 17.766398512147614
MAE: 3.219887645156295
EVS: 0.2458471832436746
