Model: GRU
MSE: 16.374097606809528
MAE: 2.6768353250291614
EVS: 0.1080742957788472
