Model: GRU
MSE: 21.495143301735627
MAE: 3.790545180991844
EVS: 0.3441422163694321
