Model: GRU
MSE: 17.579324827041514
MAE: 2.947071393330892
EVS: 0.01245108372785586
