Model: GRU
MSE: 14.634882236619356
MAE: 3.2289894421895347
EVS: 0.4317899586440541
