Model: GRU
MSE: 11.516888767284366
MAE: 2.5221744466710976
EVS: 0.3705487560230537
