Model: GRU
MSE: 17.146265792504227
MAE: 3.6826328524836787
EVS: 0.5103782564163983
