Model: GRU
MSE: 14.592029496964289
MAE: 2.4646714528401694
EVS: 0.21622167677517046
