Model: GRU
MSE: 32.353705442687406
MAE: 3.837654219733344
EVS: -0.2797655242091337
