Model: GRU
MSE: 11.52633248423206
MAE: 2.5925676734359175
EVS: 0.3493584243448842
