Model: GRU
MSE: 29.33539188686048
MAE: 3.7004776972311513
EVS: -0.12621861114987598
