Model: GRU
MSE: 15.30085766750245
MAE: 3.3843480039525917
EVS: 0.42596794680826267
