Model: GRU
MSE: 12.283008700423672
MAE: 2.6883936104951083
EVS: 0.33101382276283575
