Model: GRU
MSE: 19.522156793300578
MAE: 3.349589436142533
EVS: 0.28247823522481896
