Model: GRU
MSE: 19.16883970684657
MAE: 2.8890146326135704
EVS: 0.09812072436682118
