Model: GRU
MSE: 38.702877823656046
MAE: 5.033634947878974
EVS: -0.4758066901946867
