Model: GRU
MSE: 26.075702888377943
MAE: 3.5975157419840493
EVS: -0.019541594940517992
