Model: GRU
MSE: 31.89865688916913
MAE: 4.5160032554909035
EVS: -0.15410576383236152
