Model: GRU
MSE: 30.68604805289836
MAE: 3.8572156252684415
EVS: -0.25833423032352276
