Model: GRU
MSE: 11.448239078800086
MAE: 2.3387728090639466
EVS: 0.35644388693612594
