Model: GRU
MSE: 16.029599913348378
MAE: 3.0837239159478083
EVS: 0.15710323541295101
