Model: GRU
MSE: 31.486738208631383
MAE: 3.9936729183903448
EVS: -0.07224995226687314
