Model: GRU
MSE: 8.85274102679459
MAE: 2.1885142856174045
EVS: 0.5409927378653157
