Model: GRU
MSE: 12.072070491057318
MAE: 2.554052723778619
EVS: 0.3456683057477119
