Model: GRU
MSE: 31.969228452177852
MAE: 3.9178907010290356
EVS: -0.17278031717322184
