Model: GRU
MSE: 12.152178479044677
MAE: 2.5963045756022134
EVS: 0.3156755295493614
