Model: GRU
MSE: 24.188518879315257
MAE: 3.14221958760862
EVS: 0.043136644106850364
