Model: GRU
MSE: 14.145643520240137
MAE: 2.527960565355089
EVS: 0.26665534965181437
