Model: GRU
MSE: 12.620574711077973
MAE: 2.669409822534632
EVS: 0.28753183071452904
