Model: GRU
MSE: 3358.1405944159114
MAE: 57.8398393701624
EVS: 0.2831099364542693
