Model: GRU
MSE: 21.23999874845672
MAE: 3.564075752540871
EVS: 0.26985615570579047
