Model: GRU
MSE: 18.755357084716135
MAE: 3.04838345668934
EVS: 0.15802365154723008
