Model: GRU
MSE: 18.505708269687755
MAE: 3.340050626684118
EVS: 0.2950597388715649
