Model: GRU
MSE: 15.56695757390225
MAE: 2.95387746669628
EVS: 0.3003914492204265
