Model: GRU
MSE: 17.919066686176418
MAE: 3.2895752765514232
EVS: 0.27845855373226813
