Model: GRU
MSE: 14.268248529679331
MAE: 3.283733615168819
EVS: 0.4850243331603493
