Model: GRU
MSE: 21.93448628041751
MAE: 4.14327496069449
EVS: 0.4660471750226767
