Model: GRU
MSE: 13.37637021607372
MAE: 2.6339656511942544
EVS: 0.311843379613266
