Model: GRU
MSE: 29.14507600272568
MAE: 4.501565438729745
EVS: 0.1567714664559533
