Model: GRU
MSE: 48.39901394410848
MAE: 4.3444196118248835
EVS: -0.6740037127086054
