Model: GRU
MSE: 12.778537068712644
MAE: 2.7862742212083607
EVS: 0.2807919315263543
