Model: GRU
MSE: 22.612531124121073
MAE: 4.311165897934525
EVS: 0.253533448843146
