Model: GRU
MSE: 14.2805732760879
MAE: 2.6387367954960577
EVS: 0.2040955011759965
