Model: GRU
MSE: 14.10889752867419
MAE: 2.82876659322668
EVS: 0.21241308673950632
