Model: GRU
MSE: 12.664893386957878
MAE: 2.663382141678422
EVS: 0.32984481296778845
