Model: GRU
MSE: 30.461433042051596
MAE: 3.738255883808489
EVS: -0.1102972066967216
