Model: GRU
MSE: 27.45706218366913
MAE: 3.4769458594145597
EVS: -0.06993374085982818
