Model: GRU
MSE: 14.60423669163649
MAE: 2.9794370509960033
EVS: 0.24325158739112507
