Model: GRU
MSE: 11.404586985016707
MAE: 2.787708459077058
EVS: 0.4071463355588627
