Model: GRU
MSE: 25.957906671928296
MAE: 3.526778644985623
EVS: 0.008652601817307648
