Model: GRU
MSE: 14.469974706491325
MAE: 2.533175026928937
EVS: 0.23420509607084694
