Model: GRU
MSE: 19.00601752992709
MAE: 3.075801584455702
EVS: 0.18617551896674978
