Model: GRU
MSE: 12.351921708097203
MAE: 2.8964658313327365
EVS: 0.44604662527861516
