Model: GRU
MSE: 22.79974933107904
MAE: 3.1846993057816118
EVS: 0.10732046333175937
