Model: GRU
MSE: 16.502132016825037
MAE: 2.55812931060791
EVS: 0.09397099192137615
