Model: GRU
MSE: 12.106401373992833
MAE: 2.3527678030508534
EVS: 0.31772248256209046
