Model: GRU
MSE: 15.842036637125771
MAE: 3.1084346771240234
EVS: 0.12018141074416355
