Model: GRU
MSE: 20.09479554688934
MAE: 3.3306434949239097
EVS: 0.15606260661311422
