Model: GRU
MSE: 9.342537488059364
MAE: 2.052706347571479
EVS: 0.5156776590892822
