Model: GRU
MSE: 14.02143741320439
MAE: 2.718822797139486
EVS: 0.22694756987367504
