Model: GRU
MSE: 9.324050746543906
MAE: 2.642522034821687
EVS: 0.5192398679427275
