Model: GRU
MSE: 24.764174217603635
MAE: 4.1557891457169145
EVS: -0.03418176735112022
