Model: GRU
MSE: 15.672778424144022
MAE: 2.7908318484271013
EVS: 0.2554781080055082
