Model: GRU
MSE: 11.731622815146837
MAE: 2.6032717139632613
EVS: 0.33869288224637906
