Model: GRU
MSE: 35.047166228807654
MAE: 3.8832465321929366
EVS: -0.26971793559983936
