Model: GRU
MSE: 20.341990448147012
MAE: 3.6055081332171404
EVS: 0.11010238670038974
