Model: GRU
MSE: 15.024933617453227
MAE: 2.690346841458921
EVS: 0.22118342285952353
