Model: GRU
MSE: 16.956103317730083
MAE: 2.7591474056243896
EVS: 0.1975709510094419
