Model: GRU
MSE: 18.159847218435264
MAE: 3.3154822808724864
EVS: 0.3518235254762764
