Model: GRU
MSE: 15.338467178843908
MAE: 2.700212672904686
EVS: 0.13382529088569606
