Model: GRU
MSE: 13.345805287005785
MAE: 2.399492617006655
EVS: 0.29398405662924887
