Model: GRU
MSE: 11.660056603276828
MAE: 2.416320659496166
EVS: 0.3702131766784348
