Model: GRU
MSE: 30.569337814694066
MAE: 3.4084622926182218
EVS: -0.20602852519868664
