Model: GRU
MSE: 907.396984274445
MAE: 29.769103544729727
EVS: 0.16144198033243007
