Model: GRU
MSE: 31.6502913949825
MAE: 3.557932624110469
EVS: -0.16123673704354835
