Model: GRU
MSE: 16.21077077885665
MAE: 2.677800770159121
EVS: 0.16860068485285096
