Model: GRU
MSE: 19.332368307055393
MAE: 3.4622845119900174
EVS: -0.03361189983729407
