Model: GRU
MSE: 13.00453424963599
MAE: 2.5596330607378923
EVS: 0.31384649488213145
