Model: GRU
MSE: 17.357115072267106
MAE: 2.869020868230749
EVS: 0.07894182366264313
