Model: GRU
MSE: 23.48960179336866
MAE: 3.4817392031351724
EVS: 0.0719978053202106
