Model: GRU
MSE: 13.761704299602503
MAE: 2.490466011895074
EVS: 0.3061237146441781
