Model: GRU
MSE: 28.696261842077465
MAE: 3.713408704157229
EVS: -0.11606819333871865
