Model: GRU
MSE: 16.235934991852563
MAE: 3.121508386400011
EVS: 0.4039597513478622
