Model: GRU
MSE: 15.182108599188563
MAE: 2.6109830185219094
EVS: 0.14580547581942305
