Model: GRU
MSE: 12.883529258373672
MAE: 2.8342332310146756
EVS: 0.4017350563176082
