Model: GRU
MSE: 23.256225330773304
MAE: 3.262698632699472
EVS: 0.08028740566497583
