Model: GRU
MSE: 14.379231874670579
MAE: 3.381897078620063
EVS: 0.24660123686652646
