Model: GRU
MSE: 10.115776805345158
MAE: 2.1585139168633356
EVS: 0.5083796844583693
