Model: GRU
MSE: 16.50881732528756
MAE: 2.6842709294071905
EVS: 0.06782785310629658
