Model: GRU
MSE: 17.429714714577297
MAE: 3.3797695371839733
EVS: 0.16877124909139973
