Model: GRU
MSE: 27.395057457984617
MAE: 3.4425235854254828
EVS: -0.06098641874203259
