Model: GRU
MSE: 14.13052331473564
MAE: 2.790354269522208
EVS: 0.2384942805334267
