Model: GRU
MSE: 38.45411781700647
MAE: 4.975016373175162
EVS: -0.19887240215694701
