Model: GRU
MSE: 15.871899542623362
MAE: 2.7480478286743164
EVS: 0.2963758196757058
