Model: GRU
MSE: 32.39923117863768
MAE: 3.9872505223309553
EVS: -0.19970386400976348
