Model: GRU
MSE: 16.538275841317642
MAE: 2.6962008476257324
EVS: 0.11839578082779001
