Model: GRU
MSE: 16.724689826573762
MAE: 3.397702446690312
EVS: 0.14064444821860145
