Model: GRU
MSE: 30.7779389457719
MAE: 3.684657644342493
EVS: -0.21481084407322704
