Model: GRU
MSE: 16.00168685308541
MAE: 3.0373217971236617
EVS: 0.2554418216618781
