Model: GRU
MSE: 17.62544762958428
MAE: 3.049794903507939
EVS: 0.20572259117769154
