Model: GRU
MSE: 10.676046443574167
MAE: 2.7778000654997648
EVS: 0.42890856251579745
