Model: GRU
MSE: 10.836730111225169
MAE: 2.3820299395808466
EVS: 0.39593234206954664
