Model: GRU
MSE: 15.281147465281483
MAE: 2.9876107109917536
EVS: 0.17313067196447685
