Model: GRU
MSE: 29.458857740598955
MAE: 3.733606629901462
EVS: -0.11651700506465024
