Model: GRU
MSE: 15.112830616768372
MAE: 2.9453018682974355
EVS: 0.2745827582330924
