Model: GRU
MSE: 16.21619930070446
MAE: 2.657587863780834
EVS: 0.14050675028691106
