Model: GRU
MSE: 20.812780003076895
MAE: 3.893016055778221
EVS: 0.10110347061811786
