Model: GRU
MSE: 12.43379666914084
MAE: 2.6198643931636103
EVS: 0.32900803364701414
