Model: GRU
MSE: 15.183877106774398
MAE: 2.651163348445186
EVS: 0.14399402901458436
