Model: GRU
MSE: 15.546177890893189
MAE: 2.8766206723672374
EVS: 0.13776480736310992
