Model: GRU
MSE: 34.26335417068836
MAE: 3.85618653120818
EVS: -0.3443332481611121
