Model: GRU
MSE: 12.655225447178054
MAE: 2.5823898668642395
EVS: 0.31832653759326557
