Model: GRU
MSE: 12.282488879658347
MAE: 2.491620328691271
EVS: 0.41194272928320674
