Model: GRU
MSE: 19.6085317331793
MAE: 3.126562586537114
EVS: 0.11129517596087501
