Model: GRU
MSE: 12.876563509493591
MAE: 2.6298139183609575
EVS: 0.3860250028951394
