Model: GRU
MSE: 17.167534284555966
MAE: 3.2307115307560674
EVS: 0.32885240587666764
