Model: GRU
MSE: 11.721908215203761
MAE: 2.380255028053566
EVS: 0.3615962949810494
