Model: GRU
MSE: 18.041432208269
MAE: 3.4175853022822626
EVS: 0.3316809005764384
