Model: GRU
MSE: 18.59348859514153
MAE: 3.403734383759675
EVS: 0.37698178654927306
