Model: GRU
MSE: 13.143527731721
MAE: 2.5966226789686413
EVS: 0.2595588304406622
