Model: GRU
MSE: 13.478672623537907
MAE: 2.5771322426972567
EVS: 0.42194569115321445
