Model: GRU
MSE: 26.14851627389008
MAE: 3.6072132057613797
EVS: 0.003623485657776815
