Model: GRU
MSE: 30.814862100070393
MAE: 3.891006065739526
EVS: -0.13828660516913227
