Model: GRU
MSE: 14.598136025390263
MAE: 2.6285738061975548
EVS: 0.19078325803813545
