Model: GRU
MSE: 27.019341256737178
MAE: 3.635021048563498
EVS: -0.027918611240160374
