Model: GRU
MSE: 37.28657869880356
MAE: 4.860103695480912
EVS: -0.27758637277311493
