Model: GRU
MSE: 29.937710900493727
MAE: 3.6958869474905507
EVS: -0.17208713337653903
