Model: GRU
MSE: 13.29526692222387
MAE: 2.759346396834762
EVS: 0.29237678231045494
