Model: GRU
MSE: 28.65879464954003
MAE: 3.942178249359131
EVS: -0.0011072376564855713
