Model: GRU
MSE: 28.924868890935244
MAE: 3.3298748245945684
EVS: -0.14042365152440417
