Model: GRU
MSE: 15.770991786874118
MAE: 3.038834006698043
EVS: 0.35045754903862203
