Model: GRU
MSE: 23.335430455254986
MAE: 3.7950954790468567
EVS: 0.2636689476282372
