Model: GRU
MSE: 14.71857007827081
MAE: 3.238410879064489
EVS: 0.20821196954779042
