Model: GRU
MSE: 29.95455662185455
MAE: 3.930176308861485
EVS: -0.15509013261633364
