Model: GRU
MSE: 21.010341211984016
MAE: 3.11122700020119
EVS: 0.18024009327514856
