Model: GRU
MSE: 26.708832350640176
MAE: 3.64576459814001
EVS: -0.02800980424707933
