Model: GRU
MSE: 27.738919308288242
MAE: 3.6047167778015137
EVS: -0.09547033310184894
