Model: GRU
MSE: 12.481359981137976
MAE: 2.676785151163737
EVS: 0.3350904229857734
