Model: GRU
MSE: 26.181235874330113
MAE: 3.7193136480119495
EVS: -0.01356704072994952
