Model: GRU
MSE: 14.450863417186198
MAE: 2.6252151595221624
EVS: 0.19081969614677763
