Model: GRU
MSE: 10.960386347189914
MAE: 2.4581577512953015
EVS: 0.4096233923317809
