Model: GRU
MSE: 16.527381740052792
MAE: 2.751421910745126
EVS: 0.06669174607971995
