Model: GRU
MSE: 16.649163971125645
MAE: 3.276102242646394
EVS: 0.4475269879854026
