Model: GRU
MSE: 14.58662725639715
MAE: 3.030296396326136
EVS: 0.33671656226861735
