Model: GRU
MSE: 35.843533450574064
MAE: 3.830736487000077
EVS: -0.3139262287478046
