Model: GRU
MSE: 13.68231434954374
MAE: 2.49189712383129
EVS: 0.23141816777148927
