Model: GRU
MSE: 16.10299543243155
MAE: 3.410411145952013
EVS: 0.4319292088544593
