Model: GRU
MSE: 15.809232376474837
MAE: 2.5809109299271196
EVS: 0.19980725705329572
