Model: GRU
MSE: 12.300471764012812
MAE: 2.958806832631429
EVS: 0.48765568158620487
