Model: GRU
MSE: 34.053187860986704
MAE: 3.732682587923827
EVS: -0.3450565343803933
