Model: GRU
MSE: 15.932915116119089
MAE: 2.5836885416949236
EVS: 0.13844454991742172
