Model: GRU
MSE: 15.456360141296887
MAE: 3.145583011485912
EVS: 0.3531894980583501
