Model: GRU
MSE: 26.510029524066372
MAE: 4.147486333493833
EVS: 0.145136858951727
