Model: GRU
MSE: 10.943537936685196
MAE: 2.3946803410847983
EVS: 0.38452236448119226
