Model: GRU
MSE: 14.600989626724422
MAE: 2.5997622454607927
EVS: 0.19020888503624678
