Model: GRU
MSE: 19.242906642451057
MAE: 3.360250649628816
EVS: 0.31205175085322656
