Model: GRU
MSE: 25.887398774315425
MAE: 3.469946755303277
EVS: 0.034509572339498695
