Model: GRU
MSE: 17.324258609962744
MAE: 2.6930063477268926
EVS: 0.11963932436590874
