Model: GRU
MSE: 22.584785402273205
MAE: 3.708271132575141
EVS: 0.22409367921117673
