Model: GRU
MSE: 34.559163268462164
MAE: 4.149839383584482
EVS: -0.22369807855263057
