Model: GRU
MSE: 19.539870401168493
MAE: 3.3694560086285628
EVS: 0.3008340649777159
