Model: GRU
MSE: 12.344325874348728
MAE: 2.643009309415464
EVS: 0.4220238349464557
