Model: GRU
MSE: 13.812823867180711
MAE: 2.940686985298439
EVS: 0.32069741420749753
