Model: GRU
MSE: 29.812832137728222
MAE: 4.478572845458984
EVS: 0.17620029333493537
