Model: GRU
MSE: 28.501770838799544
MAE: 3.7943321002854242
EVS: 0.010330988508087446
