Model: GRU
MSE: 33.99048534476534
MAE: 4.1922515674873635
EVS: -0.2002144354669484
