Model: GRU
MSE: 17.56779692488615
MAE: 3.705361754805953
EVS: 0.20935425485275216
