Model: GRU
MSE: 25.15523432447952
MAE: 3.548931024692677
EVS: 0.009559095342742574
