Model: GRU
MSE: 14.162613327297212
MAE: 2.302745077345106
EVS: 0.23394482672007122
