Model: GRU
MSE: 16.436625505537442
MAE: 2.735386027230157
EVS: 0.19676646346839155
