Model: GRU
MSE: 11.754408480029346
MAE: 2.4104223781161838
EVS: 0.4241208287567685
