Model: GRU
MSE: 15.685182598109055
MAE: 3.325111018286811
EVS: 0.3618212178465511
