Model: GRU
MSE: 12.430088173366231
MAE: 2.5263166780825013
EVS: 0.33016822195924056
