Model: GRU
MSE: 32.488976140469084
MAE: 3.7257991190309876
EVS: -0.2739611005559357
