Model: GRU
MSE: 26.735815419735495
MAE: 3.5446480733376964
EVS: -0.0476819315547099
