Model: GRU
MSE: 40.86098403443189
MAE: 5.279890378316243
EVS: -0.298064393404915
