Model: GRU
MSE: 12.660734895747114
MAE: 2.4218732339364513
EVS: 0.2922822074143251
