Model: GRU
MSE: 13.534862229717351
MAE: 2.3867345032868563
EVS: 0.25991610027728795
