Model: GRU
MSE: 13.926711963361345
MAE: 2.8053240246242948
EVS: 0.25826487316708446
