Model: GRU
MSE: 13.884874615883813
MAE: 2.749866697523329
EVS: 0.225893554316009
