Model: GRU
MSE: 28.77416504823321
MAE: 3.685800728974519
EVS: -0.13087627471843177
