Model: GRU
MSE: 14.679994491239128
MAE: 3.1226966116163464
EVS: 0.4681992087036646
