Model: GRU
MSE: 14.313691543425817
MAE: 2.641684143631547
EVS: 0.23413279999335568
