Model: GRU
MSE: 14.145616293455001
MAE: 2.6653185773778847
EVS: 0.2475602203926972
