Model: GRU
MSE: 13.379152120557027
MAE: 2.4957675050806114
EVS: 0.2674632601964927
