Model: GRU
MSE: 11.729287017199104
MAE: 2.5297838670236095
EVS: 0.3684139639491678
