Model: GRU
MSE: 12.083467264903717
MAE: 2.7441869665075234
EVS: 0.34488431343254644
