Model: GRU
MSE: 18.88548822486752
MAE: 2.8794203334384494
EVS: -0.06435833129433877
