Model: GRU
MSE: 15.486563748203286
MAE: 3.24778629232336
EVS: 0.33211465518647665
