Model: GRU
MSE: 4210.21832290046
MAE: 64.60918143943503
EVS: -1.0259285358543595
