Model: GRU
MSE: 33.85853592852731
MAE: 3.6884958766124867
EVS: -0.33893393242708636
