Model: GRU
MSE: 12.96508982732802
MAE: 2.6989973739341453
EVS: 0.2914362128939538
