Model: GRU
MSE: 18.466938452884154
MAE: 2.7321318608743175
EVS: 0.0488494812565623
