Model: GRU
MSE: 13.49287715142755
MAE: 2.5575394100613065
EVS: 0.289210519914575
