Model: GRU
MSE: 12.808368517466795
MAE: 2.717297359749123
EVS: 0.3235126287915293
