Model: GRU
MSE: 13.027871686793148
MAE: 2.7661091486612954
EVS: 0.29465059771608404
