Model: GRU
MSE: 16.46561044210642
MAE: 2.829056015721074
EVS: 0.08684420474311683
