Model: GRU
MSE: 13.298624089829193
MAE: 2.6143181765521013
EVS: 0.3438586162972592
