Model: GRU
MSE: 16.43933481540736
MAE: 3.533974700503879
EVS: 0.3809970457944618
