Model: GRU
MSE: 19.076332339260457
MAE: 3.6792874336242676
EVS: 0.27687156461115014
