Model: GRU
MSE: 15.429084804857178
MAE: 2.7126250796847873
EVS: 0.15223158666169856
