Model: GRU
MSE: 39.233197457032944
MAE: 4.207599392643681
EVS: -0.5445536610245665
