Model: GRU
MSE: 26.599358714731814
MAE: 3.981862085836905
EVS: 0.04398711029928859
