Model: GRU
MSE: 13.18680573784009
MAE: 3.0723150924400047
EVS: 0.43823123529337715
