Model: GRU
MSE: 10.739276843755063
MAE: 2.4819430421899864
EVS: 0.45968973540913216
