Model: GRU
MSE: 80.14130082483835
MAE: 8.2232153945499
EVS: -0.06460247782510997
