Model: GRU
MSE: 33.01298111544296
MAE: 3.99164132135255
EVS: -0.34361385157628743
