Model: GRU
MSE: 10.595115149975788
MAE: 2.622897995842828
EVS: 0.4584653635129249
