Model: GRU
MSE: 20.50043778615364
MAE: 3.8707120330245406
EVS: 0.1792580340457811
