Model: GRU
MSE: 28.65936681647707
MAE: 3.9360868577603942
EVS: -0.08798768026034653
