Model: GRU
MSE: 15.672012084111286
MAE: 2.700963532483136
EVS: 0.11503663507578443
