Model: GRU
MSE: 27.058075888629784
MAE: 3.809032086972837
EVS: 0.050698441765057334
