Model: GRU
MSE: 16.923588258876887
MAE: 2.8572310165122703
EVS: 0.05147559038684335
