Model: GRU
MSE: 20.582264394918084
MAE: 3.570016684355559
EVS: 0.3236531364618638
