Model: GRU
MSE: 15.802608757931088
MAE: 3.2600070282264992
EVS: 0.2748245798611275
