Model: GRU
MSE: 16.18320757552796
MAE: 3.5755199326409235
EVS: 0.3517065277001147
