Model: GRU
MSE: 17.830977473228316
MAE: 2.8645583082128456
EVS: 0.0046272704672502
