Model: GRU
MSE: 18.26120543065735
MAE: 3.367063292750606
EVS: 0.1251996829948684
