Model: GRU
MSE: 16.997430306542828
MAE: 2.5445275836520724
EVS: 0.08098011163346297
