Model: GRU
MSE: 13.86105979583062
MAE: 2.769471433427599
EVS: 0.26984903941527805
