Model: GRU
MSE: 15.382574010111865
MAE: 2.9913001590304904
EVS: 0.15806907309744656
