Model: GRU
MSE: 12.961007701544691
MAE: 2.8114173853838884
EVS: 0.4881864988596991
