Model: GRU
MSE: 28.713013726601535
MAE: 3.38508462022852
EVS: -0.13231082847186215
