Model: GRU
MSE: 18.22323386214128
MAE: 2.796153810289171
EVS: 0.0055152239836187
