Model: GRU
MSE: 11.09770254918113
MAE: 2.3166196434586137
EVS: 0.42894857708174094
