Model: GRU
MSE: 25.219632079766992
MAE: 3.4112999969058566
EVS: 0.04039937770934121
