Model: GRU
MSE: 14.895315979175175
MAE: 2.6740362732498735
EVS: 0.16118887348778144
