Model: GRU
MSE: 30.73863030416414
MAE: 3.662706896110817
EVS: -0.21395987103488756
