Model: GRU
MSE: 23.766604246130125
MAE: 3.236304865943061
EVS: 0.06078896477596585
