Model: GRU
MSE: 38.257000172055086
MAE: 5.238006176771941
EVS: -0.1526338142176309
