Model: GRU
MSE: 12.737112650613476
MAE: 2.8392206297980414
EVS: 0.32289354714304497
