Model: GRU
MSE: 13.538856563803334
MAE: 2.5902235949480974
EVS: 0.2775225572577886
