Model: GRU
MSE: 18.11069324433383
MAE: 3.5874944969459817
EVS: 0.11167611279279865
