Model: GRU
MSE: 10.837340180875977
MAE: 2.4276830708539046
EVS: 0.38842887331018283
