Model: GRU
MSE: 30.483055919802087
MAE: 4.829973609359176
EVS: 0.22285846522259944
