Model: GRU
MSE: 13.044017463443508
MAE: 2.4923065150225603
EVS: 0.27526949208527374
