Model: GRU
MSE: 14.556886371013443
MAE: 2.7438922458224826
EVS: 0.1842292257106969
