Model: GRU
MSE: 15.234124326445967
MAE: 2.7351589026274503
EVS: 0.22045353998238426
