Model: GRU
MSE: 29.927519285920738
MAE: 3.7480684883064694
EVS: -0.09746132542936414
