Model: GRU
MSE: 21.772198516834763
MAE: 3.888120580602575
EVS: 0.2595513036062751
