Model: GRU
MSE: 17.155879470105507
MAE: 3.6479606805024325
EVS: 0.36902184148805495
