Model: GRU
MSE: 32.482671095205475
MAE: 4.255765067206489
EVS: -0.14206899988640798
