Model: GRU
MSE: 12.278916481164853
MAE: 2.6822911898295083
EVS: 0.3329237378740576
