Model: GRU
MSE: 24.219450756743132
MAE: 2.9642421934339733
EVS: 0.04221907713649509
