Model: GRU
MSE: 11188.946901021825
MAE: 103.94848152443215
EVS: -20.667818829752186
