Model: GRU
MSE: 26.78486041361077
MAE: 3.6278944192109286
EVS: -0.016146556194910566
