Model: GRU
MSE: 25.798610934714688
MAE: 3.7298858254044145
EVS: 0.047691074066958716
