Model: GRU
MSE: 27.79831731585532
MAE: 4.396890463652434
EVS: 0.17748749424248844
