Model: GRU
MSE: 16.06747605965562
MAE: 2.991801314883762
EVS: 0.2022528649213926
