Model: GRU
MSE: 26.78617068330748
MAE: 3.305293807276973
EVS: -0.05610982041600221
