Model: GRU
MSE: 16.876798735979357
MAE: 2.980017997600414
EVS: 0.06511553698248562
