Model: GRU
MSE: 27.05077716771016
MAE: 4.088583946228027
EVS: 0.051681761958811245
