Model: GRU
MSE: 13.323512919079677
MAE: 2.8820931999771684
EVS: 0.4660638503231934
