Model: GRU
MSE: 15.111237001136537
MAE: 2.7441151583636247
EVS: 0.19551172082624657
