Model: GRU
MSE: 12.162985374544986
MAE: 2.7125051816304526
EVS: 0.33265464670095957
