Model: GRU
MSE: 17.4461315458642
MAE: 3.240124914381239
EVS: 0.36639669892192006
