Model: GRU
MSE: 19.036283247306965
MAE: 3.8833061500831887
EVS: 0.21576656219773027
