Model: GRU
MSE: 21.61119220230094
MAE: 2.9074020385742188
EVS: -0.1756791560693456
