Model: GRU
MSE: 12.220682232923275
MAE: 2.603185494740804
EVS: 0.31440309485827656
