Model: GRU
MSE: 14.955646094795055
MAE: 2.844966499893754
EVS: 0.20004194719240476
