Model: GRU
MSE: 10.404436588186003
MAE: 2.188242294170238
EVS: 0.4673091921378325
