Model: GRU
MSE: 30.812321002061253
MAE: 4.983119787993254
EVS: 0.40303722540915
