Model: GRU
MSE: 18.386781832589318
MAE: 3.3531399126406067
EVS: 0.07745752872360501
