Model: GRU
MSE: 15.469890835400342
MAE: 2.6006044105247215
EVS: 0.12632369839584456
