Model: GRU
MSE: 18.78232600318182
MAE: 3.262911884873002
EVS: 0.3030940960340822
