Model: GRU
MSE: 4311.720796645177
MAE: 65.52872919153285
EVS: 0.0
