Model: GRU
MSE: 10.978294158871062
MAE: 2.449787281177662
EVS: 0.44820006395943557
