Model: GRU
MSE: 26.52969600745244
MAE: 4.1895863921554
EVS: -0.34410765900144447
