Model: GRU
MSE: 39.11364649103267
MAE: 4.905497240799445
EVS: -0.13700326385704487
