Model: GRU
MSE: 16.552225092099164
MAE: 2.9000659871984413
EVS: 0.16248209395918056
