Model: GRU
MSE: 25.995149702680987
MAE: 3.5632276799943714
EVS: -0.01816979665771834
