Model: GRU
MSE: 14.228640395629116
MAE: 2.8647802494190358
EVS: 0.2421860330364487
