Model: GRU
MSE: 28.244970996508172
MAE: 4.475466445640281
EVS: 0.08670064732551008
