Model: GRU
MSE: 16.998433118856813
MAE: 3.27247178113019
EVS: 0.3807414014361825
