Model: GRU
MSE: 20.34832588906791
MAE: 2.863554972189444
EVS: -0.08110659733553938
