Model: GRU
MSE: 15.813595324258577
MAE: 2.569736922228778
EVS: 0.11260154268321754
