Model: GRU
MSE: 18.68668888535067
MAE: 3.1971905849598072
EVS: 0.2784602047731344
