Model: GRU
MSE: 31.249814472211185
MAE: 3.6451763908068338
EVS: -0.2235643236018976
