Model: GRU
MSE: 25.08195966817935
MAE: 3.7710395654042563
EVS: 0.017692578809130888
