Model: GRU
MSE: 20.273344563935908
MAE: 3.354128766942907
EVS: 0.21099770031749365
