Model: GRU
MSE: 18.14871167604054
MAE: 3.080458579240022
EVS: 0.137858493147773
