Model: GRU
MSE: 27.09624586358155
MAE: 4.023616393407186
EVS: -0.039248948461730215
