Model: GRU
MSE: 14.966583607936164
MAE: 3.315668017775924
EVS: 0.2298874079947244
