Model: GRU
MSE: 13.561204664574504
MAE: 2.570420406482838
EVS: 0.2762031577985311
