Model: GRU
MSE: 20.717500167876853
MAE: 2.9387644750100597
EVS: -0.03985902318043055
