Model: GRU
MSE: 13.019166973270936
MAE: 2.650448128029152
EVS: 0.2678048855849534
