Model: GRU
MSE: 28.256386673983982
MAE: 3.8923535170378507
EVS: -0.0917633647515812
