Model: GRU
MSE: 12.079964201490872
MAE: 2.683189462732386
EVS: 0.39673734974129193
