Model: GRU
MSE: 12.556191715800768
MAE: 2.549628575642904
EVS: 0.3320299960014267
