Model: GRU
MSE: 20.66266691608786
MAE: 3.4950959770767778
EVS: 0.3518061385446376
