Model: GRU
MSE: 17.754132514904995
MAE: 2.7115663599084923
EVS: 0.0020485299771211274
