Model: GRU
MSE: 27.60362077696645
MAE: 3.8318102712984436
EVS: -0.0318684136178915
