Model: GRU
MSE: 22.848411512160933
MAE: 3.4830696406187833
EVS: 0.12454784341101621
