Model: GRU
MSE: 14.943649864604629
MAE: 3.206119007534451
EVS: 0.38764063892749556
