Model: GRU
MSE: 26.93039812051509
MAE: 3.641662694789745
EVS: -0.05686093202218312
