Model: GRU
MSE: 14.849575826898032
MAE: 3.317155025623463
EVS: 0.4223130200631563
