Model: GRU
MSE: 30.274039999739006
MAE: 4.1588190374551
EVS: -0.019907569430460015
