Model: GRU
MSE: 12.881844441764803
MAE: 2.696674382245099
EVS: 0.2854943892003313
