Model: GRU
MSE: 29.16611386466158
MAE: 3.5312549273173013
EVS: -0.08677369644566935
