Model: GRU
MSE: 15.439447798982858
MAE: 2.9953246646457248
EVS: 0.15378666166487476
