Model: GRU
MSE: 17.048211288983854
MAE: 3.273583447491681
EVS: 0.30146739945430345
