Model: GRU
MSE: 27.259231481721113
MAE: 3.392243809170193
EVS: -0.07586224887597903
