Model: GRU
MSE: 11.134003309408408
MAE: 2.398360976466426
EVS: 0.37119113969464557
