Model: GRU
MSE: 14.733743814022134
MAE: 3.158949339831317
EVS: 0.29295089443068767
