Model: GRU
MSE: 29.946099196580192
MAE: 3.9194815070540816
EVS: -0.0850222454674685
