Model: GRU
MSE: 15.737250943231562
MAE: 3.017831873010706
EVS: 0.26676841253269157
