Model: GRU
MSE: 18.753079367571463
MAE: 3.467645115322537
EVS: 0.20844568503794914
