Model: GRU
MSE: 11.511999494525737
MAE: 2.6221203627409757
EVS: 0.40148686065681205
