Model: GRU
MSE: 29.75384821272
MAE: 3.5913033220503063
EVS: -0.16393178355595106
