Model: GRU
MSE: 18.405090879320337
MAE: 3.7653036294160067
EVS: 0.3922764879577688
