Model: GRU
MSE: 26.45540953968466
MAE: 3.518652412626478
EVS: -0.02288515241260325
