Model: GRU
MSE: 30.625936986095592
MAE: 3.5235312514834933
EVS: -0.16909326413135717
