Model: GRU
MSE: 33.75547808503466
MAE: 4.652687992368426
EVS: -0.06404067043345463
