Model: GRU
MSE: 14.925154350257175
MAE: 2.9362289993851274
EVS: 0.31816676440610525
