Model: GRU
MSE: 19.188913173398834
MAE: 3.649755742814806
EVS: 0.09374798454324973
