Model: GRU
MSE: 27.511662751114518
MAE: 3.472274762612802
EVS: -0.07727960154093205
