Model: GRU
MSE: 19.377115465111686
MAE: 3.7644654909769693
EVS: 0.4471037605093561
