Model: GRU
MSE: 30.165751338525457
MAE: 3.6652947355199745
EVS: -0.1702636220188236
