Model: GRU
MSE: 12.304041828698255
MAE: 2.700139946407742
EVS: 0.34012329211362824
