Model: GRU
MSE: 10.864198015281815
MAE: 2.358084042867025
EVS: 0.41432905839021694
