Model: GRU
MSE: 7.414236236767768
MAE: 2.0897289911905923
EVS: 0.5829336782740285
