Model: GRU
MSE: 12.558230320968716
MAE: 2.436829266724763
EVS: 0.29168443989372583
