Model: GRU
MSE: 19.831236616907805
MAE: 3.6337887799298323
EVS: 0.20270590891793394
