Model: GRU
MSE: 15.408515139647587
MAE: 2.745669621008414
EVS: 0.17783999880594759
