Model: GRU
MSE: 35.03965484499077
MAE: 4.240752965211868
EVS: -0.32520470628332077
