Model: GRU
MSE: 16.496955931269238
MAE: 2.9836164757057473
EVS: 0.08892917876654738
