Model: GRU
MSE: 13.84948844204399
MAE: 2.896435772931134
EVS: 0.363477078587615
