Model: GRU
MSE: 35.43689183807911
MAE: 4.142682905550356
EVS: -0.36269480300479495
