Model: GRU
MSE: 16.987877372209606
MAE: 2.972933195255421
EVS: 0.19455753888034988
