Model: GRU
MSE: 11.24165524750755
MAE: 2.467634359995524
EVS: 0.43761418141106345
