Model: GRU
MSE: 15.74419130529316
MAE: 3.438488077234339
EVS: 0.3444826144372338
