Model: GRU
MSE: 33.73204494589699
MAE: 4.4677576930434615
EVS: -0.17500913922244177
