Model: GRU
MSE: 24.618794005971697
MAE: 3.5750553166424788
EVS: 0.07071600011283752
