Model: GRU
MSE: 29.81851816624507
MAE: 3.546171435603389
EVS: -0.1747266285936122
