Model: GRU
MSE: 12.37316022807048
MAE: 2.5711272204363786
EVS: 0.3126263396092278
