Model: GRU
MSE: 18.09182884415493
MAE: 3.2517768718578197
EVS: 0.34428821853797975
