Model: GRU
MSE: 14.215562687829754
MAE: 2.838920663904261
EVS: 0.31620643207992905
