Model: GRU
MSE: 10.647560803822367
MAE: 2.6703653688783997
EVS: 0.46350448648787945
