Model: GRU
MSE: 29.425846959651203
MAE: 3.413767523235745
EVS: -0.16387965789264358
