Model: GRU
MSE: 37.95872392569471
MAE: 5.41963909290455
EVS: 0.08475656828029199
