Model: GRU
MSE: 18.208888541893092
MAE: 3.1247087054782443
EVS: 0.13646931502048443
