Model: GRU
MSE: 31.611353076810037
MAE: 3.48305732232553
EVS: -0.2501813598394915
