Model: GRU
MSE: 14.913561213800111
MAE: 2.7125835948520236
EVS: 0.24609896155999356
