Model: GRU
MSE: 16.86560909528477
MAE: 2.9905880645469383
EVS: 0.11290574325460145
