Model: GRU
MSE: 15.533357792246104
MAE: 2.7339188434459545
EVS: 0.12385531496973723
