Model: GRU
MSE: 29.61140728801335
MAE: 3.409816680131135
EVS: -0.16922558655922915
