Model: GRU
MSE: 41.70032915754237
MAE: 4.828372072290491
EVS: -0.5760520794956172
