Model: GRU
MSE: 19.972154681171247
MAE: 3.3669291072421603
EVS: 0.25618258571386077
