Model: GRU
MSE: 25.05539611062563
MAE: 3.4990475001158536
EVS: 0.04111676130876607
