Model: GRU
MSE: 20.457787878898966
MAE: 3.4282728654366954
EVS: -0.13538632005291862
