Model: GRU
MSE: 15.996166800026188
MAE: 2.613936177006474
EVS: 0.10317398940147682
