Model: GRU
MSE: 22.516980772593858
MAE: 4.305691418824373
EVS: 0.3091454755474311
