Model: GRU
MSE: 12.93695174318552
MAE: 2.424738124564842
EVS: 0.34377981949414793
