Model: GRU
MSE: 27.245039477087705
MAE: 3.6492872061552823
EVS: -0.06811538805234907
