Model: GRU
MSE: 28.005049532540195
MAE: 3.5719149465914124
EVS: -0.08634392111481914
