Model: GRU
MSE: 18.538123900202486
MAE: 2.7742196365639016
EVS: 0.029776487447011002
