Model: GRU
MSE: 17.481077663208175
MAE: 3.195853356961851
EVS: 0.33312551308123783
