Model: GRU
MSE: 14.27144389129331
MAE: 2.739643450136538
EVS: 0.20510569673151768
