Model: GRU
MSE: 10.678997952437696
MAE: 2.581206869196009
EVS: 0.4485798332219283
