Model: GRU
MSE: 17.933123656440564
MAE: 3.0957438857467086
EVS: 0.17970851097631446
