Model: GRU
MSE: 30.8844219769733
MAE: 4.067909269421189
EVS: -0.1061806855750711
