Model: GRU
MSE: 12.231741744972
MAE: 2.6908470083166054
EVS: 0.3531081066166085
