Model: GRU
MSE: 29.969701032771148
MAE: 3.307722301394851
EVS: -0.18545970371510023
