Model: GRU
MSE: 27.855937767908042
MAE: 3.793910856600161
EVS: -0.0849653821679397
