Model: GRU
MSE: 13.562292987731174
MAE: 2.608588112725152
EVS: 0.3115655877539222
