Model: GRU
MSE: 24.75473911568699
MAE: 3.434902791623716
EVS: 0.024777215778619133
