Model: GRU
MSE: 294.5256735411787
MAE: 16.652773336127954
EVS: 0.02799169285309744
