Model: GRU
MSE: 10.940546916927882
MAE: 2.8937579614144786
EVS: 0.40270882431230526
