Model: GRU
MSE: 15.966876092830692
MAE: 2.9519375871728966
EVS: 0.09963392374624724
