Model: GRU
MSE: 29.81687331694368
MAE: 3.901846221199742
EVS: -0.010062315384885556
