Model: GRU
MSE: 15.356597325546362
MAE: 2.6268431257318565
EVS: 0.32040173504918135
