Model: GRU
MSE: 14.415580939509288
MAE: 2.7153365876939564
EVS: 0.18600813808116523
