Model: GRU
MSE: 15.17068547538807
MAE: 2.813551567218922
EVS: 0.36380601879875674
