Model: GRU
MSE: 26.077196566197262
MAE: 3.3780526518821716
EVS: -0.06938759651182158
