Model: GRU
MSE: 34.446165044819914
MAE: 4.795295792597312
EVS: 0.07358344159650565
