Model: GRU
MSE: 8178.100979100072
MAE: 89.98917431301541
EVS: -3.5209230689922926
