Model: GRU
MSE: 13.84214981583873
MAE: 2.728249602847629
EVS: 0.35215435288252117
