Model: GRU
MSE: 15.939202672426896
MAE: 3.3028413631297924
EVS: 0.17186266738909062
