Model: GRU
MSE: 24.13790627728029
MAE: 3.2975853549109564
EVS: 0.06897194269700269
