Model: GRU
MSE: 14.847367959356445
MAE: 2.597443209754096
EVS: 0.16200948372462098
