Model: GRU
MSE: 12.765104399825928
MAE: 2.6303445321542247
EVS: 0.31350800946988155
