Model: GRU
MSE: 27.852433772353674
MAE: 3.254786394260548
EVS: -0.09936845599673538
