Model: GRU
MSE: 21.456261042346224
MAE: 3.2797970595183195
EVS: 0.10684228114001482
