Model: GRU
MSE: 13.912513461036902
MAE: 2.368109190905536
EVS: 0.22223838470762547
