Model: GRU
MSE: 29.238765070531308
MAE: 4.092907576649277
EVS: 0.07048355141144014
