Model: GRU
MSE: 13.351433512447514
MAE: 2.6211135299117476
EVS: 0.2969940625555584
