Model: GRU
MSE: 38.65443776288633
MAE: 4.7441175778706866
EVS: -0.3214856400392867
