Model: GRU
MSE: 10.627669479598842
MAE: 2.424584989194517
EVS: 0.4193723823000983
