Model: GRU
MSE: 20.591998223532443
MAE: 3.767808931845206
EVS: 0.39593770574069875
