Model: GRU
MSE: 21.07704610459452
MAE: 3.0708592821050575
EVS: -0.13824367061563025
