Model: GRU
MSE: 32.025761875780326
MAE: 3.6486568826216237
EVS: -0.19541390341258014
