Model: GRU
MSE: 25.011154870137293
MAE: 4.100270288961905
EVS: 0.06488526990606713
