Model: GRU
MSE: 14.123588818316959
MAE: 2.848285533763744
EVS: 0.26008646614818065
