Model: GRU
MSE: 16.071093637552707
MAE: 2.876596804018374
EVS: 0.32024374829960356
