Model: GRU
MSE: 15.519814184167208
MAE: 3.2082176208496094
EVS: 0.39652542204831676
