Model: GRU
MSE: 15.765008302405013
MAE: 2.5878021275555647
EVS: 0.13800277612577727
