Model: GRU
MSE: 14.197314810194543
MAE: 2.6198255750868054
EVS: 0.33902150285267807
