Model: GRU
MSE: 13.097226505025093
MAE: 3.07543585035536
EVS: 0.35342844287510267
