Model: GRU
MSE: 15.754422808402156
MAE: 2.8180425343690096
EVS: 0.2893180803594161
