Model: GRU
MSE: 17.095849398202713
MAE: 2.940785778893365
EVS: 0.24947238972126562
