Model: GRU
MSE: 39.12738217505943
MAE: 4.83225154876709
EVS: -0.21481671789273915
