Model: GRU
MSE: 29.086584080811885
MAE: 3.5640098695401794
EVS: -0.115404628806965
