Model: GRU
MSE: 27.514914268623105
MAE: 3.470461818906996
EVS: -0.0884501149053456
