Model: GRU
MSE: 22.47251426844716
MAE: 3.2473278840382895
EVS: -0.1183723537457364
