Model: GRU
MSE: 25.31341970124663
MAE: 3.570575069498133
EVS: 0.01485074630387262
