Model: GRU
MSE: 15.235653727495984
MAE: 2.669238973546911
EVS: 0.21925440462002654
