Model: GRU
MSE: 19.96702591454755
MAE: 3.092146184709337
EVS: 0.11617750173259078
