Model: GRU
MSE: 1230.4313121401146
MAE: 34.726668181242765
EVS: -0.26977848256844483
