Model: GRU
MSE: 28.061516656685054
MAE: 3.3450215569248907
EVS: -0.1052483243507698
