Model: GRU
MSE: 11.826019805433024
MAE: 2.2264341601619013
EVS: 0.3965957261709345
