Model: GRU
MSE: 14.159772200454965
MAE: 3.1835926550405995
EVS: 0.3123334202683631
