Model: GRU
MSE: 16.554512710771522
MAE: 2.722122492613616
EVS: 0.12605152989000612
