Model: GRU
MSE: 13.931011809353718
MAE: 2.559790434660735
EVS: 0.21678029645581498
