Model: GRU
MSE: 26.048201857207502
MAE: 4.020921618850143
EVS: -0.02541855813887528
