Model: GRU
MSE: 33.74459605771363
MAE: 3.781095133887397
EVS: -0.3067041488422668
