Model: GRU
MSE: 15.454993494095586
MAE: 2.5688909424675836
EVS: 0.16082314447552915
