Model: GRU
MSE: 11.534237920578335
MAE: 2.566257388503463
EVS: 0.4398618611600743
