Model: GRU
MSE: 13.085391073839075
MAE: 2.3758060843856246
EVS: 0.2969378331573834
