Model: GRU
MSE: 14.639188335639869
MAE: 2.765794135906078
EVS: 0.1832495017839978
