Model: GRU
MSE: 13.507916346304707
MAE: 2.4091891712612576
EVS: 0.3195816944596246
