Model: GRU
MSE: 19.594682363398004
MAE: 3.6245508370576083
EVS: 0.3883660588606356
