Model: GRU
MSE: 30.217862809783455
MAE: 3.8055361332716764
EVS: -0.16172720065699364
