Model: GRU
MSE: 16.742828931142565
MAE: 3.096239478499801
EVS: 0.33806110173479154
