Model: GRU
MSE: 14.316485459883223
MAE: 3.1250447697109647
EVS: 0.40569433617251893
