Model: GRU
MSE: 33.4777366966009
MAE: 3.7039686838785806
EVS: -0.3200266924936188
