Model: GRU
MSE: 28.322573198517645
MAE: 3.3624219364590116
EVS: -0.11924004849186454
