Model: GRU
MSE: 9.344614930761963
MAE: 2.33424801296658
EVS: 0.4768005653821251
