Model: GRU
MSE: 19.709278133516364
MAE: 3.6770545464974864
EVS: 0.2588534916278711
