Model: GRU
MSE: 30.85457076983203
MAE: 3.6876765842790955
EVS: -0.19192864168763646
