Model: GRU
MSE: 15.357241883977773
MAE: 2.457547258447718
EVS: 0.17047877248132293
