Model: GRU
MSE: 7045.396426750097
MAE: 83.83131860803675
EVS: 0.0
