Model: GRU
MSE: 16.245710397267263
MAE: 3.5155081572356046
EVS: 0.48513456363895446
