Model: GRU
MSE: 15.363006872410223
MAE: 2.762901217849166
EVS: 0.24316481279450264
