Model: GRU
MSE: 18.34331769453217
MAE: 3.1789345564665616
EVS: 0.24112414111008806
