Model: GRU
MSE: 23.268790321304355
MAE: 3.3175724700645164
EVS: 0.08796894792577281
