Model: GRU
MSE: 26.622630853701477
MAE: 3.803926953562984
EVS: 0.014697738266527205
