Model: GRU
MSE: 13.709803324256805
MAE: 2.7865951149551957
EVS: 0.34964231118743905
