Model: GRU
MSE: 15.024871271013387
MAE: 3.2398921648661294
EVS: 0.359949071830148
