Model: GRU
MSE: 18.583701331359173
MAE: 3.495181013036657
EVS: 0.07057035538945633
