Model: GRU
MSE: 9.496610486444768
MAE: 2.2672365329883717
EVS: 0.5102839739733593
