Model: GRU
MSE: 26.778774971226067
MAE: 3.46474191877577
EVS: 0.0005495849983773171
