Model: GRU
MSE: 34.720477630559124
MAE: 4.213501121316638
EVS: -0.14159383198698938
