Model: GRU
MSE: 16.293724799746332
MAE: 3.143463646924054
EVS: 0.15749913769941004
