Model: GRU
MSE: 31.0425004852603
MAE: 3.8586239836834095
EVS: -0.08159471341387747
