Model: GRU
MSE: 25.504972965744432
MAE: 3.511771652433607
EVS: -0.005310336024196838
