Model: GRU
MSE: 14.147791950519116
MAE: 2.489613250449852
EVS: 0.22388756608870475
