Model: GRU
MSE: 20.20159887686344
MAE: 3.325630947395607
EVS: 0.198864144551399
