Model: GRU
MSE: 13.687139930831345
MAE: 2.9300624352914317
EVS: 0.3128652730624575
