Model: GRU
MSE: 29.512196987797644
MAE: 3.561497657387345
EVS: -0.10391985755340238
