Model: GRU
MSE: 36.32298247503594
MAE: 4.628374241016529
EVS: -0.17518278988888913
