Model: GRU
MSE: 20.174553385766288
MAE: 3.1586935608475297
EVS: 0.17047570287544622
