Model: GRU
MSE: 12.32600964863266
MAE: 2.644587446142126
EVS: 0.32093564396976904
