Model: GRU
MSE: 12.533815561567685
MAE: 2.6014664614642107
EVS: 0.3771637603348148
