Model: GRU
MSE: 13.371432837271877
MAE: 3.307413207160102
EVS: 0.369555459952182
