Model: GRU
MSE: 17.373891047065946
MAE: 2.986472836247197
EVS: 0.2568477498456069
