Model: GRU
MSE: 13.506926839340395
MAE: 2.5871843408655235
EVS: 0.25231463711303115
