Model: GRU
MSE: 15.865776777216995
MAE: 3.252736621432834
EVS: 0.19273347876378366
