Model: GRU
MSE: 14.2892487364064
MAE: 2.8768959045410156
EVS: 0.2372915480506671
