Model: GRU
MSE: 30.87728251739416
MAE: 3.7675159330721253
EVS: -0.16081530741371663
