Model: GRU
MSE: 13.169631605465561
MAE: 2.476506957301387
EVS: 0.3022930780433726
