Model: GRU
MSE: 14.047544441590482
MAE: 2.5550127735844366
EVS: 0.21024180314924823
