Model: GRU
MSE: 12.500308430320864
MAE: 2.584042089956778
EVS: 0.3029625831000513
