Model: GRU
MSE: 19.1393862586058
MAE: 3.7108831229033292
EVS: 0.4405823136915539
