Model: GRU
MSE: 12.844940214592675
MAE: 2.7049240712766296
EVS: 0.35457399611524654
