Model: GRU
MSE: 14.631674454039496
MAE: 3.2662756178114147
EVS: 0.42685166862005
