Model: GRU
MSE: 18.321251757036894
MAE: 3.353690253363715
EVS: 0.14733393478238133
