Model: GRU
MSE: 25.878488741134166
MAE: 3.584148150903207
EVS: -0.07322397269445191
