Model: GRU
MSE: 28.824477947939048
MAE: 3.293838821075581
EVS: -0.1163437842671311
