Model: GRU
MSE: 30.843750363735715
MAE: 3.6606871287027993
EVS: -0.2085473458766789
