Model: GRU
MSE: 15.714675230089698
MAE: 2.990791603370949
EVS: 0.11933976711964633
