Model: GRU
MSE: 16.14807492686376
MAE: 3.192671616872152
EVS: 0.4298985639451929
