Model: GRU
MSE: 14.270777968744646
MAE: 2.9202638378849737
EVS: 0.23703570736038693
