Model: GRU
MSE: 15.049137001745429
MAE: 2.8913170849835432
EVS: 0.35000052987840324
