Model: GRU
MSE: 36.37940937327443
MAE: 4.236206452051799
EVS: -0.26102566022329965
