Model: GRU
MSE: 15.281584551014872
MAE: 2.7579800111276134
EVS: 0.23964117313496436
