Model: GRU
MSE: 13.258688886826551
MAE: 2.6482629776000977
EVS: 0.28722172420176195
