Model: GRU
MSE: 14.83165753450314
MAE: 2.5046343626799406
EVS: 0.17617342890637688
