Model: GRU
MSE: 36.99545354444144
MAE: 3.8172495276839644
EVS: -0.4588423525925702
