Model: GRU
MSE: 13.431514132177316
MAE: 2.641061606230559
EVS: 0.2414969247069545
