Model: GRU
MSE: 15.619790898178744
MAE: 2.93562885566994
EVS: 0.32726039605375035
