Model: GRU
MSE: 29.09282969198835
MAE: 4.031077137699834
EVS: -0.018160858593743834
