Model: GRU
MSE: 34.7585045738528
MAE: 5.048928764131334
EVS: 0.037804216336483565
