Model: GRU
MSE: 27.682711163667154
MAE: 3.520271341005961
EVS: -0.07672639199215059
