Model: GRU
MSE: 13.047090074833855
MAE: 2.5303392057065612
EVS: 0.2738524964140273
