Model: GRU
MSE: 15.43939391055742
MAE: 3.0130857538293907
EVS: 0.32632215658772445
