Model: GRU
MSE: 12.038884753828293
MAE: 2.4950703691553184
EVS: 0.32729561284318165
