Model: GRU
MSE: 10.917214600836882
MAE: 2.4443646183720342
EVS: 0.4344602926130081
