Model: GRU
MSE: 23.08439108295632
MAE: 3.301962516925953
EVS: 0.0873145285776783
