Model: GRU
MSE: 29.22903469645221
MAE: 3.3793133011570684
EVS: -0.12969325352604644
