Model: GRU
MSE: 16.465905449192185
MAE: 2.848882410261366
EVS: 0.07932340907792734
