Model: GRU
MSE: 9.695572867607215
MAE: 2.2539135261818215
EVS: 0.5121799294690319
