Model: GRU
MSE: 15.967287754861605
MAE: 2.850376676630091
EVS: 0.10511286878780868
