Model: GRU
MSE: 34.400536091947004
MAE: 4.239915344450209
EVS: -0.19685636407541085
