Model: GRU
MSE: 15.573661486219263
MAE: 2.7875237464904785
EVS: 0.12197997185419662
