Model: GRU
MSE: 19.028484548874783
MAE: 3.3625589918207237
EVS: 0.299372326569902
