Model: GRU
MSE: 15.24892900043445
MAE: 2.9538058881406433
EVS: 0.13943199470818002
