Model: GRU
MSE: 14.049551503134145
MAE: 2.484282025584468
EVS: 0.4004051314552144
