Model: GRU
MSE: 13.757251701120898
MAE: 2.6468791078638145
EVS: 0.40861467116053507
