Model: GRU
MSE: 27.45028875259186
MAE: 4.32230642106798
EVS: 0.15928710079893438
