Model: GRU
MSE: 28.977207068711962
MAE: 4.036407046847874
EVS: -0.010511969506900032
