Model: GRU
MSE: 17.089517615872392
MAE: 3.0092586587976524
EVS: 0.12502170512750121
