Model: GRU
MSE: 13.906642372401864
MAE: 2.5259704413237394
EVS: 0.2149078701558177
