Model: GRU
MSE: 12.808269484013627
MAE: 2.4975375599331326
EVS: 0.35690040748305296
