Model: GRU
MSE: 28.784623264520246
MAE: 3.426155964533488
EVS: -0.0876087357007882
