Model: GRU
MSE: 12.0086536778038
MAE: 2.689935666543466
EVS: 0.47950359524119446
