Model: GRU
MSE: 7955.120276341952
MAE: 89.09875149197049
EVS: 0.14278938489797022
