Model: GRU
MSE: 28.99555614740879
MAE: 3.7920657881984003
EVS: -0.03025071221639264
