Model: GRU
MSE: 10.729459587486653
MAE: 2.4595843067875616
EVS: 0.3978878827933646
