Model: GRU
MSE: 12.910680056453623
MAE: 2.4047506120469837
EVS: 0.29075723052496494
