Model: GRU
MSE: 44.0842871667709
MAE: 5.373249177579527
EVS: -0.3807653495644616
