Model: GRU
MSE: 13.312051135178788
MAE: 2.751363330417209
EVS: 0.33501067654765204
