Model: GRU
MSE: 11.775962251600756
MAE: 2.373555571944625
EVS: 0.39698905126714157
