Model: GRU
MSE: 30.022891994605306
MAE: 3.555599888165792
EVS: -0.17098063210233883
