Model: GRU
MSE: 23.779561927452395
MAE: 4.068220465271561
EVS: 0.3383294307227872
