Model: GRU
MSE: 14.747745736675158
MAE: 2.8057605778729475
EVS: 0.22794839374616116
