Model: GRU
MSE: 12.282826621848683
MAE: 2.6635423413029424
EVS: 0.3708994941723598
