Model: GRU
MSE: 19.598438749524693
MAE: 3.2977256774902344
EVS: -0.07564120267968621
