Model: GRU
MSE: 15.797107177273203
MAE: 2.857678625318739
EVS: 0.31380822470015846
