Model: GRU
MSE: 12.875263086793623
MAE: 2.907762633429633
EVS: 0.31546135492900595
