Model: GRU
MSE: 30.497842766296884
MAE: 4.599542441191496
EVS: 0.036720329972651844
