Model: GRU
MSE: 29.549770612946077
MAE: 3.5355091359880237
EVS: -0.16780856722553383
