Model: GRU
MSE: 20.07043319928252
MAE: 3.0077847992932356
EVS: -0.0744696722757121
