Model: GRU
MSE: 12.761865361484668
MAE: 2.566743338549579
EVS: 0.3469078524813416
