Model: GRU
MSE: 13.947803654016635
MAE: 2.5346111721462674
EVS: 0.27958907871360117
