Model: GRU
MSE: 30.780664222389095
MAE: 4.068463599240339
EVS: -0.05341029693194743
