Model: GRU
MSE: 25.591085229105303
MAE: 3.410880795231572
EVS: -0.31636691964217634
