Model: GRU
MSE: 20.427729037441605
MAE: 3.307822554199784
EVS: 0.023976405653422628
