Model: GRU
MSE: 24.21705686429753
MAE: 4.262832941832365
EVS: 0.322002497349529
