Model: GRU
MSE: 19.08116280496074
MAE: 3.028240115554244
EVS: -0.07632371332506338
