Model: GRU
MSE: 19.429456237625075
MAE: 3.8724018379493996
EVS: 0.35546659354274
