Model: GRU
MSE: 28.44042320939002
MAE: 3.501916182261926
EVS: -0.12280227220585638
