Model: GRU
MSE: 16.47553068833579
MAE: 3.098758255993878
EVS: 0.21255127805313856
