Model: GRU
MSE: 15.008657343895628
MAE: 2.7558514100533946
EVS: 0.2033040162016394
