Model: GRU
MSE: 13.573624264580708
MAE: 2.624168007462113
EVS: 0.23388299086710018
