Model: GRU
MSE: 13.59294465014041
MAE: 2.6579603089226618
EVS: 0.44849201999563615
