Model: GRU
MSE: 12.748031879602456
MAE: 2.830805778503418
EVS: 0.35833787494793257
