Model: GRU
MSE: 13.284748018217131
MAE: 2.402992778354221
EVS: 0.33228113764259526
