Model: GRU
MSE: 33.05859032535214
MAE: 3.7474972936842175
EVS: -0.30656095248761006
