Model: GRU
MSE: 15.010712424628604
MAE: 2.9353451375608093
EVS: 0.38604524786591143
