Model: GRU
MSE: 19.038894290233454
MAE: 3.264975936324508
EVS: 0.17843463817608307
