Model: GRU
MSE: 27.803965377000328
MAE: 3.9689889307375306
EVS: -0.04160408812524885
