Model: GRU
MSE: 12.632008132109192
MAE: 2.6510989401075573
EVS: 0.303734536613543
