Model: GRU
MSE: 14.182422872008491
MAE: 3.2945291024667247
EVS: 0.48056248928420753
