Model: GRU
MSE: 17.579383852565705
MAE: 3.1066359413994684
EVS: 0.15986172865561998
