Model: GRU
MSE: 29.359563325574523
MAE: 3.7199827609238802
EVS: -0.10766465519571988
