Model: GRU
MSE: 10.541890161288798
MAE: 2.556667610451027
EVS: 0.5820245139909861
