Model: GRU
MSE: 26.43723134312388
MAE: 3.702001887339133
EVS: 0.040966914966329315
