Model: GRU
MSE: 15.554305633493337
MAE: 2.894121558577926
EVS: 0.19147640274961242
