Model: GRU
MSE: 38.344733746923275
MAE: 3.879168497191535
EVS: -0.471705778431051
