Model: GRU
MSE: 17.022908305816333
MAE: 3.0940346982744007
EVS: 0.3027789868333466
