Model: GRU
MSE: 17.650022947711317
MAE: 3.6533068727563927
EVS: 0.33170220683729457
