Model: GRU
MSE: 16.91992946671803
MAE: 3.1009475036903664
EVS: 0.2121776559227334
