Model: GRU
MSE: 26.19793871688564
MAE: 3.2887715763515897
EVS: -0.20876289992501018
