Model: GRU
MSE: 16.157639369612077
MAE: 2.878408184757939
EVS: 0.22849428876563582
