Model: GRU
MSE: 26.620617173746723
MAE: 3.75903582572937
EVS: -0.0245329435012136
