Model: GRU
MSE: 13.691091147406041
MAE: 3.2571697941532842
EVS: 0.4129803412624653
