Model: GRU
MSE: 27.938219117235896
MAE: 3.5732875488422535
EVS: -0.10263341684883143
