Model: GRU
MSE: 21.164407331535468
MAE: 3.26461124420166
EVS: 0.11965990524910475
