Model: GRU
MSE: 15.28948008535168
MAE: 2.805699869438454
EVS: 0.16328824268963982
