Model: GRU
MSE: 27.677902936986552
MAE: 4.0658937030368385
EVS: -0.14845037063544253
