Model: GRU
MSE: 17.209712272508156
MAE: 3.3606114387512207
EVS: 0.25748584242308903
