Model: GRU
MSE: 15.547596030529364
MAE: 2.969992672955548
EVS: 0.3077497281876149
