Model: GRU
MSE: 15.103038018800412
MAE: 2.6117590091846608
EVS: 0.24775981410420078
