Model: GRU
MSE: 30.319684367771348
MAE: 3.7326460546917386
EVS: -0.16486352310941488
