Model: GRU
MSE: 16.486483649137636
MAE: 3.3056497750458895
EVS: 0.33666461093383726
