Model: GRU
MSE: 14.224088530517369
MAE: 2.593313976570412
EVS: 0.27261625471293316
