Model: GRU
MSE: 13.380008370364926
MAE: 2.7286470201280384
EVS: 0.4002186258173407
