Model: GRU
MSE: 15.999658493962729
MAE: 3.0007576942443848
EVS: 0.3111719157197337
