Model: GRU
MSE: 22.23005340952136
MAE: 3.5619623219525374
EVS: 0.19515679611829873
