Model: GRU
MSE: 22.967334471781847
MAE: 3.8284336902477123
EVS: 0.19217313443990514
