Model: GRU
MSE: 14.968718722024143
MAE: 2.873382144504123
EVS: 0.16437345728864172
