Model: GRU
MSE: 31.391207882810686
MAE: 3.4171548861044423
EVS: -0.24134980554716878
