Model: GRU
MSE: 41.004634955482004
MAE: 4.135559575898307
EVS: -0.61699259146339
