Model: GRU
MSE: 16.143583574558836
MAE: 2.697361539911341
EVS: 0.1659314132465407
