Model: GRU
MSE: 16.121958788834256
MAE: 2.7426533875642
EVS: 0.09946893330170081
