Model: GRU
MSE: 30.129382420227834
MAE: 3.8647722756421126
EVS: -0.1836740787149136
