Model: GRU
MSE: 12.345611490656404
MAE: 2.8536483446756997
EVS: 0.4178922335942187
