Model: GRU
MSE: 16.745057458146903
MAE: 2.7119174710026495
EVS: 0.09791705383471383
