Model: GRU
MSE: 16.364710632079642
MAE: 3.2565722465515137
EVS: 0.3374768501920111
