Model: GRU
MSE: 14.473139757462276
MAE: 2.917832268608941
EVS: 0.2312440794713002
