Model: GRU
MSE: 28.366346833590402
MAE: 3.5299619215506093
EVS: -0.08804298918696896
