Model: GRU
MSE: 25.661849187064323
MAE: 3.5591189154872187
EVS: 0.02416821786715062
