Model: GRU
MSE: 4008.84804807395
MAE: 63.04753649676287
EVS: -0.3393294083703038
