Model: GRU
MSE: 14.649221648334729
MAE: 2.373054098199915
EVS: 0.2233409239346018
