Model: GRU
MSE: 17.05276872458815
MAE: 3.0193993780348034
EVS: 0.3011989681815018
