Model: GRU
MSE: 13.227926527347707
MAE: 3.360959865428783
EVS: 0.3671119737028926
