Model: GRU
MSE: 14.744736050942644
MAE: 3.1429262691073947
EVS: 0.3452252996455605
