Model: GRU
MSE: 11.2394013774983
MAE: 2.5474918330157243
EVS: 0.36668639318515983
