Model: GRU
MSE: 13.732123797808526
MAE: 2.5212408701578775
EVS: 0.3537692179655735
