Model: GRU
MSE: 16.062021091122293
MAE: 3.044288670575177
EVS: 0.3863211901345327
