Model: GRU
MSE: 27.70062279598656
MAE: 3.4945914392118103
EVS: -0.0938981559200287
