Model: GRU
MSE: 16.20927173965333
MAE: 2.8405958634835704
EVS: 0.18802652213945614
