Model: GRU
MSE: 33.96638449627768
MAE: 4.128095856419316
EVS: -0.1696136315815875
