Model: GRU
MSE: 36.3885437291126
MAE: 4.577546459657174
EVS: -0.3050453966405833
