Model: GRU
MSE: 14.71521681581538
MAE: 2.833527088165283
EVS: 0.17917800164102882
