Model: GRU
MSE: 28.577705998447847
MAE: 3.4149686760372586
EVS: -0.1298881434019452
