Model: GRU
MSE: 10.503406424951848
MAE: 2.3423341115315757
EVS: 0.4514720944476177
