Model: GRU
MSE: 13.198944102425541
MAE: 2.715957871189824
EVS: 0.3196890490125932
