Model: GRU
MSE: 1439.8059483206928
MAE: 37.71602722450539
EVS: 0.022545938359655904
