Model: GRU
MSE: 14.045252902517026
MAE: 2.988561082769323
EVS: 0.3751636419438503
