Model: GRU
MSE: 2299.4716453662195
MAE: 47.678328902633105
EVS: -0.48243168942754244
