Model: GRU
MSE: 23.38754638943424
MAE: 3.9098209451746055
EVS: 0.30414754068239913
