Model: GRU
MSE: 17.736241120279423
MAE: 3.40341384322555
EVS: 0.41412870712904937
