Model: GRU
MSE: 311.8057341090669
MAE: 17.132104569011265
EVS: -0.033337007211930336
