Model: GRU
MSE: 26.94816387857912
MAE: 4.123963197072347
EVS: 0.12208201342950076
