Model: GRU
MSE: 30.018428262157293
MAE: 3.6951591968536377
EVS: -0.18649407477746505
