Model: GRU
MSE: 3776.3478308017134
MAE: 61.319584175392436
EVS: 0.08189219519102464
