Model: GRU
MSE: 13.995049055338516
MAE: 2.7241738637288413
EVS: 0.31377295627106283
