Model: GRU
MSE: 29.160528831901004
MAE: 3.684689574771457
EVS: -0.13039448691335442
