Model: GRU
MSE: 16.595086272439243
MAE: 3.0360941533689147
EVS: 0.40705427956441076
