Model: GRU
MSE: 29.081435174249556
MAE: 3.5624316533406577
EVS: -0.14355873822357856
