Model: GRU
MSE: 33.088446569926056
MAE: 4.19489230049981
EVS: -0.24415950393343366
