Model: GRU
MSE: 11.800574950651194
MAE: 2.6894534075701677
EVS: 0.3590230562170993
