Model: GRU
MSE: 25.195184542729834
MAE: 3.4909239256823503
EVS: 0.015495215169952559
