Model: GRU
MSE: 3349.928758058921
MAE: 57.617152743869354
EVS: -0.7051680344508968
