Model: GRU
MSE: 11.993196985718694
MAE: 2.4069689291494862
EVS: 0.34231919667132316
