Model: GRU
MSE: 16.865070400288207
MAE: 3.4470253697148077
EVS: 0.43674458556034057
