Model: GRU
MSE: 16.758141336199195
MAE: 3.3455704229849355
EVS: 0.3607084370756467
