Model: GRU
MSE: 17.585509629308397
MAE: 2.696384341628463
EVS: 0.03500388666465193
