Model: GRU
MSE: 20.880906140240818
MAE: 3.6707353945131653
EVS: 0.35153420396657187
