Model: GRU
MSE: 12.297562170985294
MAE: 2.956693137133563
EVS: 0.5644000466133045
