Model: GRU
MSE: 10.662187715382364
MAE: 2.699972717850297
EVS: 0.4100970770925134
