Model: GRU
MSE: 14.801108399185262
MAE: 3.224766183782507
EVS: 0.37306217243617634
