Model: GRU
MSE: 11.63279087232562
MAE: 2.5304139101946794
EVS: 0.378922277498818
