Model: GRU
MSE: 22.678752977042794
MAE: 3.326240645514594
EVS: -0.07384576525505837
