Model: GRU
MSE: 27.076687364129416
MAE: 4.427508725060357
EVS: 0.19142302424104596
