Model: GRU
MSE: 25.71844774236226
MAE: 3.3705790837605796
EVS: -0.006485100679265443
