Model: GRU
MSE: 15.221668248966008
MAE: 3.0338333624380605
EVS: 0.2079928868221853
