Model: GRU
MSE: 12.776035839864292
MAE: 2.8335408811216003
EVS: 0.38013974013257446
