Model: GRU
MSE: 14.327187775403454
MAE: 2.647437236927174
EVS: 0.23972920324820213
