Model: GRU
MSE: 12.510362998240023
MAE: 2.463273772486934
EVS: 0.42224793266333693
