Model: GRU
MSE: 14.618944732931064
MAE: 2.7792588163305214
EVS: 0.2698020457791461
