Model: GRU
MSE: 13.17736009058243
MAE: 2.714783438929805
EVS: 0.2933975576691519
