Model: GRU
MSE: 24.29958864932491
MAE: 3.4417910355108754
EVS: 0.04098082978106066
