Model: GRU
MSE: 18.493225607298157
MAE: 2.7244025336371527
EVS: 0.03349492401069698
