Model: GRU
MSE: 24.88203323870682
MAE: 3.713122014646177
EVS: 0.07894616978661861
