Model: GRU
MSE: 16.217521079542493
MAE: 2.677507665422228
EVS: 0.13602653290100553
