Model: GRU
MSE: 44.87656303755117
MAE: 4.873224929527
EVS: -0.5983611747176121
