Model: GRU
MSE: 38.65479063895026
MAE: 3.905303813793041
EVS: -0.5195229219378315
