Model: GRU
MSE: 17.475618046748853
MAE: 3.1129968607867204
EVS: 0.14576694219867325
