Model: GRU
MSE: 31.17678507216634
MAE: 3.759242614110311
EVS: -0.15518432161408957
