Model: GRU
MSE: 18.875481227371406
MAE: 3.270164304309421
EVS: 0.3497459587112578
