Model: GRU
MSE: 16.67386346929643
MAE: 3.131957354368987
EVS: 0.08988259526437714
