Model: GRU
MSE: 23.61278509172192
MAE: 4.295189928125452
EVS: 0.2532518552236874
