Model: GRU
MSE: 31.42957728152108
MAE: 3.9898144889760903
EVS: -0.18054114007952826
