Model: GRU
MSE: 8.82175812478686
MAE: 2.315535404064037
EVS: 0.5231464130390859
