Model: GRU
MSE: 15.898270125940009
MAE: 2.9808228457415544
EVS: 0.34004545525215046
