Model: GRU
MSE: 30.77072098340435
MAE: 4.127219473874128
EVS: -0.0636908724856593
