Model: GRU
MSE: 16.748483456854306
MAE: 2.7036804446467646
EVS: 0.056446532289576856
