Model: GRU
MSE: 20.792436613336584
MAE: 3.9671875812389232
EVS: 0.11643976852675175
