Model: GRU
MSE: 13.768399417033606
MAE: 2.816102080874973
EVS: 0.2348629886334055
