Model: GRU
MSE: 14.454601729577622
MAE: 2.7230256928337946
EVS: 0.3141242186300749
