Model: GRU
MSE: 27.768707862253095
MAE: 3.534064434192799
EVS: -0.09020357889891084
