Model: GRU
MSE: 22.849933800799143
MAE: 3.477829588784112
EVS: 0.12116463385138543
