Model: GRU
MSE: 29.407311254707405
MAE: 3.49296741132383
EVS: -0.11253180945544194
