Model: GRU
MSE: 23.72858079898513
MAE: 3.189073951156051
EVS: 0.08499676501731468
