Model: GRU
MSE: 16.346715205947095
MAE: 3.3006128558406123
EVS: 0.479556044854622
