Model: sequential_2
MSE: 2.993565728104386e-05
MAE: 0.005471348762512207
EVS: 1.0
