Model: sequential_2
MSE: 0.09982899429459646
MAE: 0.2110990732908249
EVS: 0.46803329719696407
