Model: sequential_19
MSE: 0.009761748396743875
MAE: 0.09880156069993973
EVS: 1.0
