Model: sequential_19
MSE: 0.7111343196208691
MAE: 0.5653234918912252
EVS: 0.6839917141637539
