Model: sequential_8
MSE: 0.0008471118790112087
MAE: 0.029105186462402344
EVS: 1.0
