Model: sequential_8
MSE: 0.7978656509242986
MAE: 0.5538253784179688
EVS: 0.651998271270758
