Model: sequential_15
MSE: 0.0019478223148325924
MAE: 0.04413414001464844
EVS: 1.0
