Model: sequential_15
MSE: 0.3712746081858616
MAE: 0.4078990618387858
EVS: 0.6300385293651896
