Model: GRU
MSE: 13.345816032160084
MAE: 3.004499400103534
EVS: 0.7313675539093409
