Model: GRU
MSE: 14.75109688163303
MAE: 3.0241410467359753
EVS: 0.6752788664350707
