Model: GRU
MSE: 17.279985097692748
MAE: 3.6744253547103316
EVS: 0.6532097009938386
