Model: GRU
MSE: 13.142291699576313
MAE: 3.074596051816587
EVS: 0.715226674035552
