Model: GRU
MSE: 10.581434617302572
MAE: 2.6635361070986145
EVS: 0.7482373845332801
