Model: GRU
MSE: 10.105638675654868
MAE: 2.6308821218985097
EVS: 0.7638353021214096
