Model: GRU
MSE: 9.772370905145753
MAE: 2.5434513445253724
EVS: 0.7672848721510548
