Model: GRU
MSE: 15.926236237552134
MAE: 3.560860616189462
EVS: 0.6491274031409127
