Model: GRU
MSE: 14.673135092998372
MAE: 3.038942063296283
EVS: 0.7133647063783165
