Model: GRU
MSE: 19.592080937447456
MAE: 3.846379933533845
EVS: 0.6478081680047887
