Model: GRU
MSE: 14.259074291262019
MAE: 3.3310994218896934
EVS: 0.7005600658788249
