Model: GRU
MSE: 14.69215076382197
MAE: 3.1343392972592956
EVS: 0.6544226981329268
