Model: GRU
MSE: 9.49791378560367
MAE: 2.5622658641250045
EVS: 0.8016703518435753
