Model: GRU
MSE: 11.669009154535658
MAE: 2.760581881911666
EVS: 0.7663843953578708
