Model: GRU
MSE: 16.58831378938415
MAE: 3.290530204772949
EVS: 0.6156841992533347
