Model: GRU
MSE: 56.56974319422593
MAE: 5.018454715057656
EVS: -0.16335817427580546
