Model: GRU
MSE: 15.732728131867328
MAE: 3.1855196952819824
EVS: 0.6664906617414184
