Model: GRU
MSE: 12.876763243771604
MAE: 2.933526109766077
EVS: 0.763149418370908
