Model: GRU
MSE: 15.219547431650021
MAE: 3.380054827089663
EVS: 0.6536348142872463
