Model: GRU
MSE: 18.568831637282173
MAE: 3.699398429305465
EVS: 0.7002485635813065
