Model: GRU
MSE: 11.682944971865535
MAE: 2.852058860990736
EVS: 0.7284358299124472
