Model: GRU
MSE: 15.884125490428543
MAE: 3.408414469824897
EVS: 0.7088134454370251
