Model: GRU
MSE: 11.634259557425455
MAE: 2.8357799318101673
EVS: 0.7515085636275578
