Model: GRU
MSE: 14.903170360263891
MAE: 3.31899192598131
EVS: 0.6974831727052382
