Model: GRU
MSE: 11.640841217503244
MAE: 2.897062407599555
EVS: 0.7416713818054517
