Model: GRU
MSE: 21.837700226201513
MAE: 3.9345983929104276
EVS: 0.665569941073293
