Model: GRU
MSE: 15.841816944993878
MAE: 3.498428256423385
EVS: 0.6793397554936187
