Model: GRU
MSE: 12.816137289909726
MAE: 2.9776866789217347
EVS: 0.6962034663896487
