Model: GRU
MSE: 11.299803066633169
MAE: 2.7912438622227422
EVS: 0.7783504428882924
