Model: GRU
MSE: 17.23111620492835
MAE: 3.5672681949756764
EVS: 0.6985961419184323
