Model: GRU
MSE: 15.515147550423409
MAE: 3.4161484153182418
EVS: 0.6851660812515556
