Model: GRU
MSE: 12.836085521538266
MAE: 3.187580046830354
EVS: 0.7202707488454922
