Model: GRU
MSE: 11.42932071421226
MAE: 3.057179662916395
EVS: 0.7531880961179636
