Model: GRU
MSE: 16.60836437022453
MAE: 3.441125604841444
EVS: 0.7283265978426201
