Model: GRU
MSE: 20.387567163938964
MAE: 3.82872595610442
EVS: 0.5115769301176827
