Model: GRU
MSE: 17.634392985891584
MAE: 3.6544322967529297
EVS: 0.6428365639267094
