Model: GRU
MSE: 11.254868849468648
MAE: 2.5987501056106
EVS: 0.7797941137195461
