Model: GRU
MSE: 11.149374491975802
MAE: 2.681010546507659
EVS: 0.7443308284141006
