Model: GRU
MSE: 11.12515435312582
MAE: 2.7602161743022777
EVS: 0.745463932695537
