Model: GRU
MSE: 16.691105453925122
MAE: 3.5208159729286477
EVS: 0.6117557224558883
