Model: GRU
MSE: 9.30176099438639
MAE: 2.573313695413095
EVS: 0.7654598617516586
