Model: GRU
MSE: 4002.3281474398723
MAE: 62.946833010073064
EVS: 0.04026842013328613
