Model: GRU
MSE: 888.5084943649575
MAE: 29.078547795613606
EVS: -0.02980187966754788
