Model: GRU
MSE: 17.356042847002207
MAE: 3.753272215525309
EVS: 0.6574483888075302
