Model: GRU
MSE: 9.204393367866807
MAE: 2.5929409662882485
EVS: 0.7820702202918836
