Model: GRU
MSE: 15.339243805902656
MAE: 3.201290316051907
EVS: 0.6459697016813379
