Model: GRU
MSE: 14.847048674058371
MAE: 3.309734856640851
EVS: 0.7271565357355005
