Model: GRU
MSE: 16.824066535775685
MAE: 3.5229592323303223
EVS: 0.6297803424993744
