Model: GRU
MSE: 11.54909208869561
MAE: 2.804807521678783
EVS: 0.7330771363207914
