Model: GRU
MSE: 14.450705043579799
MAE: 3.3918318571867765
EVS: 0.6701850586201097
