Model: GRU
MSE: 16.913644679260237
MAE: 3.4940870249712908
EVS: 0.6020470691138744
