Model: GRU
MSE: 17.55592221691058
MAE: 3.589637032261601
EVS: 0.6784251661853323
