Model: GRU
MSE: 19.51303377751721
MAE: 3.7395943182486073
EVS: 0.5770230516967012
