Model: GRU
MSE: 14.423219116507257
MAE: 3.1626000580964266
EVS: 0.7148288474685864
