Model: GRU
MSE: 15.624515106135581
MAE: 3.418781457123933
EVS: 0.6909288639853828
