Model: GRU
MSE: 14.599523291491618
MAE: 3.1894511116875544
EVS: 0.6853622142304874
