Model: GRU
MSE: 13.833686845329217
MAE: 3.089944768834997
EVS: 0.7002144040177446
