Model: GRU
MSE: 18.570544227472638
MAE: 3.8016324396486634
EVS: 0.5820417026312048
