Model: GRU
MSE: 7.692413611894499
MAE: 2.388060587423819
EVS: 0.8165831967021255
