Model: GRU
MSE: 166.54040121839463
MAE: 10.884408906654075
EVS: -0.12051742837385815
