Model: GRU
MSE: 15.451245142127247
MAE: 3.318598023167363
EVS: 0.657784524071179
