Model: GRU
MSE: 12.839306735801639
MAE: 3.1097090509202747
EVS: 0.7010391853843891
