Model: GRU
MSE: 12.549665882909526
MAE: 3.093724330266317
EVS: 0.7487147246050714
