Model: GRU
MSE: 17.599175087801203
MAE: 3.6517551210191517
EVS: 0.6435082304037759
