Model: GRU
MSE: 10.906912544841042
MAE: 2.720944122031883
EVS: 0.7318403564127338
