Model: GRU
MSE: 11.767881352969
MAE: 2.9859759189464428
EVS: 0.757628214483222
