Model: GRU
MSE: 12.007147821004942
MAE: 2.7500781129907677
EVS: 0.720641205061532
