Model: GRU
MSE: 13.99278450652797
MAE: 3.137378780930131
EVS: 0.671401104332146
