Model: GRU
MSE: 17.18194991231622
MAE: 3.5257133377922907
EVS: 0.6823553426683291
