Model: GRU
MSE: 16.841133543242652
MAE: 3.5222833774707936
EVS: 0.7147710205819849
