Model: GRU
MSE: 15.724537524837718
MAE: 3.0938051100130433
EVS: 0.6337315089122566
