Model: GRU
MSE: 15.211033073355928
MAE: 3.2666062955503112
EVS: 0.6413679722169986
