Model: GRU
MSE: 10.330355487624201
MAE: 2.7808498541514077
EVS: 0.7528878051030939
