Model: GRU
MSE: 16.788558533524085
MAE: 3.437465031941732
EVS: 0.7288505563602483
