Model: GRU
MSE: 11.915537595679755
MAE: 2.988888228381122
EVS: 0.73997779275351
