Model: GRU
MSE: 10.525603503350649
MAE: 2.727969355053372
EVS: 0.7527352043072157
