Model: GRU
MSE: 13.237917613371522
MAE: 3.070654621830693
EVS: 0.7269438972716091
