Model: GRU
MSE: 14.393652202424047
MAE: 3.2355296170270003
EVS: 0.7505035640871152
