Model: GRU
MSE: 14.538906562722534
MAE: 3.2774127854241266
EVS: 0.6720793404382144
