Model: GRU
MSE: 10.721230042712067
MAE: 2.6432421030821622
EVS: 0.7298191679547532
