Model: GRU
MSE: 10.03845314410772
MAE: 2.7243457811850087
EVS: 0.7507429545681528
