Model: GRU
MSE: 16.696551170417074
MAE: 3.5867606975414135
EVS: 0.6410287174317071
