Model: GRU
MSE: 11.831981869409573
MAE: 2.8563006895559804
EVS: 0.7176557529145374
