Model: GRU
MSE: 19.519790349799838
MAE: 3.805414464738634
EVS: 0.5942097888095561
