Model: GRU
MSE: 14.708824161586428
MAE: 3.3635391659206815
EVS: 0.6574595653920015
