Model: GRU
MSE: 8.945804683489358
MAE: 2.514931051819413
EVS: 0.7882807721749685
