Model: GRU
MSE: 11.533940826935366
MAE: 2.8529102007548013
EVS: 0.7343744730590229
