Model: GRU
MSE: 19.557081055020003
MAE: 3.8504865611041033
EVS: 0.5742338288733638
