Model: GRU
MSE: 13.906056880932981
MAE: 3.1157817663969816
EVS: 0.6773833847431603
