Model: GRU
MSE: 15.549416622903065
MAE: 3.4067995459945113
EVS: 0.6586549173464165
