Model: GRU
MSE: 15.168834990172089
MAE: 3.3819787237379284
EVS: 0.7289377538853486
