Model: GRU
MSE: 12.920653357045417
MAE: 3.0124277891936124
EVS: 0.7062551971613751
