Model: GRU
MSE: 11.192620058814997
MAE: 2.755185780701814
EVS: 0.7414067789660568
