Model: GRU
MSE: 12.641845457433206
MAE: 2.9151067292248762
EVS: 0.7053195753718906
