Model: GRU
MSE: 11.214927227456359
MAE: 2.90618273946974
EVS: 0.7328327463127733
