Model: GRU
MSE: 13.436223072263871
MAE: 3.143488778008355
EVS: 0.6862639184944876
