Model: GRU
MSE: 22.768395192491063
MAE: 3.9132646454705133
EVS: 0.5317970584299411
