Model: GRU
MSE: 12.577415803051258
MAE: 2.911225098150748
EVS: 0.7088446017739072
