Model: GRU
MSE: 19.5417267064219
MAE: 3.860383475268329
EVS: 0.6140268936272983
