Model: GRU
MSE: 16.90311483511286
MAE: 3.4570527253327548
EVS: 0.6187887763700276
