Model: GRU
MSE: 10.993153516050514
MAE: 2.9120099632828325
EVS: 0.747588936429969
