Model: GRU
MSE: 16.880509213048654
MAE: 3.550702836778429
EVS: 0.7771930166816249
