Model: GRU
MSE: 9.944541854875856
MAE: 2.6459642163029424
EVS: 0.7615465706077995
