Model: GRU
MSE: 12.819426162993068
MAE: 2.9385811311227306
EVS: 0.7162123959336084
