Model: GRU
MSE: 8.861324920686275
MAE: 2.510688340222394
EVS: 0.7903352014491534
