Model: GRU
MSE: 20.50151150287183
MAE: 3.693189331463405
EVS: 0.6617268175092714
