Model: GRU
MSE: 9.731269299849972
MAE: 2.5764683794092247
EVS: 0.7667186546586695
