Model: GRU
MSE: 13.720923479113086
MAE: 3.2032271402853505
EVS: 0.6891137864881283
