Model: GRU
MSE: 12.603701717969283
MAE: 2.9239612508703163
EVS: 0.7351230237635669
