Model: GRU
MSE: 13.585203263847866
MAE: 3.2409972261499473
EVS: 0.7028094002769226
