Model: GRU
MSE: 22.62258457333066
MAE: 3.5885139192853654
EVS: 0.47179909605108594
