Model: GRU
MSE: 14.236816492302523
MAE: 3.4127065340677896
EVS: 0.7070144792598625
