Model: GRU
MSE: 26.765657404905916
MAE: 4.414792908562554
EVS: 0.5091344475038179
