Model: GRU
MSE: 11.681629300737857
MAE: 2.8387369049919977
EVS: 0.7257898293888752
