Model: GRU
MSE: 11.504998719961922
MAE: 2.908384817617911
EVS: 0.7325564241575027
