Model: GRU
MSE: 16.729870691930046
MAE: 3.560214395876284
EVS: 0.6218731396833433
