Model: GRU
MSE: 17.90693187971635
MAE: 3.286111937628852
EVS: 0.6069799154493348
