Model: GRU
MSE: 16.129545283497094
MAE: 3.478218855681243
EVS: 0.6568052666963295
