Model: GRU
MSE: 13.746085102467102
MAE: 3.1442438231574164
EVS: 0.6854169454903751
