Model: GRU
MSE: 16.865476240233193
MAE: 3.4460898681923195
EVS: 0.7368221682735974
