Model: GRU
MSE: 11.546343017566377
MAE: 2.8629882953785084
EVS: 0.7357176860117748
