Model: GRU
MSE: 19.262909730881944
MAE: 3.747065879680492
EVS: 0.647509769697427
