Model: GRU
MSE: 13.645131461351268
MAE: 3.1840590547632286
EVS: 0.7548181054885312
