Model: GRU
MSE: 13.502877194122497
MAE: 3.025146908230252
EVS: 0.6618988978985254
