Model: GRU
MSE: 25.242110056235916
MAE: 4.396494900738752
EVS: 0.5275011552566756
