Model: GRU
MSE: 11.357615800203048
MAE: 2.9234474235110812
EVS: 0.7606875110774747
