Model: GRU
MSE: 12.873233667794436
MAE: 3.0330308455008046
EVS: 0.7538495332384415
