Model: GRU
MSE: 19.0707304674069
MAE: 3.8247141484861022
EVS: 0.6483027960327101
