Model: GRU
MSE: 8.55673084017908
MAE: 2.374090556745176
EVS: 0.8196736936194725
