Model: GRU
MSE: 8.498059579595452
MAE: 2.3189231907879866
EVS: 0.8026107078663325
