Model: GRU
MSE: 15.21582371174492
MAE: 3.3212927359121815
EVS: 0.6545242188084677
