Model: GRU
MSE: 14.18436605345287
MAE: 3.218124018775092
EVS: 0.6721607629581797
