Model: GRU
MSE: 12.221706677042002
MAE: 3.036730201156051
EVS: 0.7093520132606341
