Model: GRU
MSE: 11.075089300050037
MAE: 2.7463334136539035
EVS: 0.7473407040359583
