Model: GRU
MSE: 11.759042209662775
MAE: 2.9751639366149902
EVS: 0.7273738142511623
