Model: GRU
MSE: 12.722677143909694
MAE: 3.1845526695251465
EVS: 0.6960268089133279
