Model: GRU
MSE: 12.114857442915065
MAE: 3.0322058465745716
EVS: 0.7095157599190363
