Model: GRU
MSE: 11.431950910165032
MAE: 2.8598631929468223
EVS: 0.7345890776673406
