Model: GRU
MSE: 10.703427361491153
MAE: 2.720076384367766
EVS: 0.7613180239000288
