Model: GRU
MSE: 20.868570538865182
MAE: 3.972115640287046
EVS: 0.5354579377181347
