Model: GRU
MSE: 10.144757467944961
MAE: 2.676000444977372
EVS: 0.7600037892968787
