Model: GRU
MSE: 24.387813286309044
MAE: 4.242005595454463
EVS: 0.5878181238507934
