Model: GRU
MSE: 15.217798051984051
MAE: 3.5267920317473234
EVS: 0.6497783321605164
