Model: GRU
MSE: 12.565375862207517
MAE: 3.0843809445699057
EVS: 0.7137273072236456
