Model: GRU
MSE: 7.930114166174464
MAE: 2.209127258371424
EVS: 0.8142639809984175
