Model: GRU
MSE: 13.18155631098423
MAE: 3.1957244166621455
EVS: 0.6958278978276055
