Model: GRU
MSE: 11.616324757884925
MAE: 2.8549042807685003
EVS: 0.7287115271354604
