Model: GRU
MSE: 13.95326108950463
MAE: 3.1799884372287326
EVS: 0.679342299503342
