Model: GRU
MSE: 12.199029185692991
MAE: 2.924774823365388
EVS: 0.6925717214458477
