Model: GRU
MSE: 9.909604693302295
MAE: 2.495056222986292
EVS: 0.7738040642921962
