Model: GRU
MSE: 8.754684581473485
MAE: 2.441452220634178
EVS: 0.7926262907524748
