Model: GRU
MSE: 12.195521557377916
MAE: 2.987032175064087
EVS: 0.7163213572966134
