Model: GRU
MSE: 15.852839977812911
MAE: 3.138364659415351
EVS: 0.7034103424876903
