Model: GRU
MSE: 12.018653032158431
MAE: 2.796585515693382
EVS: 0.7121165225413641
