Model: GRU
MSE: 12.998464765009064
MAE: 2.9879475522924355
EVS: 0.6895617527683472
