Model: GRU
MSE: 16.643491635529504
MAE: 3.561550228684037
EVS: 0.6308939805492322
