Model: GRU
MSE: 14.11326750617275
MAE: 3.2114407927901656
EVS: 0.670240810138137
