Model: GRU
MSE: 11.631019876416358
MAE: 2.8680102030436196
EVS: 0.7213999932030568
