Model: GRU
MSE: 10.545945261685704
MAE: 2.7307781643337674
EVS: 0.7663450223113965
