Model: GRU
MSE: 14.521202250433934
MAE: 3.2016223978113243
EVS: 0.7545681846863063
