Model: GRU
MSE: 18.103129992094594
MAE: 3.790562294147633
EVS: 0.6457740951072475
