Model: GRU
MSE: 17.5337647394524
MAE: 3.6093386190908925
EVS: 0.6269816239710035
