Model: GRU
MSE: 12.656671018773144
MAE: 3.1093280756915056
EVS: 0.704984284421986
