Model: GRU
MSE: 14.235923756974223
MAE: 3.0217250806313976
EVS: 0.6641655744016369
