Model: GRU
MSE: 15.484897388189749
MAE: 3.4230956501430936
EVS: 0.7223745976172109
