Model: GRU
MSE: 22.782230649867955
MAE: 3.8933786462854454
EVS: 0.6572625198008548
