Model: GRU
MSE: 9.555498579845471
MAE: 2.542843880476775
EVS: 0.7873977253533275
