Model: GRU
MSE: 10.778735452453404
MAE: 2.665148063942238
EVS: 0.7496801337395176
