Model: GRU
MSE: 11.216383794646845
MAE: 2.8007355442753545
EVS: 0.7490054562965436
