Model: GRU
MSE: 23.31648662487428
MAE: 4.162232045774107
EVS: 0.559149054502764
