Model: GRU
MSE: 1282.055596726014
MAE: 35.22771241929796
EVS: 0.015342265017878498
