Model: GRU
MSE: 14.283975552454345
MAE: 3.274775010568124
EVS: 0.74875431968215
