Model: GRU
MSE: 10.961155527045548
MAE: 2.890530886473479
EVS: 0.74562260061573
