Model: GRU
MSE: 10.841997700175481
MAE: 2.530577624285663
EVS: 0.7510681241998877
