Model: GRU
MSE: 17.488918009073206
MAE: 3.6322102193479187
EVS: 0.6010810511455245
