Model: GRU
MSE: 151.64692287443825
MAE: 10.52193898404086
EVS: 0.01841517047504071
