Model: GRU
MSE: 10.460888769004905
MAE: 2.784918431882505
EVS: 0.7516889750305489
