Model: GRU
MSE: 12.764282634493872
MAE: 2.957372541780825
EVS: 0.7257498863664471
