Model: GRU
MSE: 12.566388251498388
MAE: 3.061623485000045
EVS: 0.7071088808367536
