Model: GRU
MSE: 20.712754186987585
MAE: 3.9043723388954445
EVS: 0.5284940613906474
