Model: GRU
MSE: 18.455561709795827
MAE: 3.7085813769587763
EVS: 0.6393151953752185
