Model: GRU
MSE: 15.43791963941865
MAE: 3.1759304912001998
EVS: 0.6313761228370931
