Model: GRU
MSE: 11.191288318719497
MAE: 2.8786805205874972
EVS: 0.7858553609798691
