Model: GRU
MSE: 19.37476378011378
MAE: 3.499270863003201
EVS: 0.5851543524500644
