Model: GRU
MSE: 17.37745942426257
MAE: 3.6545717451307507
EVS: 0.582241787905016
