Model: GRU
MSE: 10.152010795257443
MAE: 2.8021940920088024
EVS: 0.7733192245574211
