Model: GRU
MSE: 19.30380822083446
MAE: 3.775260748686614
EVS: 0.6717329586480987
