Model: GRU
MSE: 10.190269390856136
MAE: 2.710933305599071
EVS: 0.7573795307735192
