Model: GRU
MSE: 19.11046692346505
MAE: 3.8257941140068903
EVS: 0.6363003896614032
