Model: GRU
MSE: 15.59625496623348
MAE: 3.325984831209536
EVS: 0.6548189066945513
