Model: GRU
MSE: 15.385837432490453
MAE: 3.3344725326255515
EVS: 0.6921909389730587
