Model: GRU
MSE: 11.314193712688335
MAE: 2.9110009052135326
EVS: 0.7485641594217032
