Model: GRU
MSE: 11.556855904337121
MAE: 2.791470933843542
EVS: 0.7364527609830321
