Model: GRU
MSE: 13.125629858267985
MAE: 3.185376449867531
EVS: 0.6978646385393728
