Model: GRU
MSE: 10.767753083890451
MAE: 2.5511700400599726
EVS: 0.7420942436872966
