Model: GRU
MSE: 155.37604139140709
MAE: 10.524251187289202
EVS: -0.04000748252808872
