Model: GRU
MSE: 11.50685216869524
MAE: 2.900609881789596
EVS: 0.7307466518652108
