Model: GRU
MSE: 13.176165407861534
MAE: 3.1415082260414406
EVS: 0.734441978135288
