Model: GRU
MSE: 11.6375864896557
MAE: 2.9530107886702925
EVS: 0.7163161414010732
