Model: GRU
MSE: 12.195907670374094
MAE: 3.0023598317746765
EVS: 0.7078116157003793
