Model: GRU
MSE: 12.672664493462252
MAE: 2.8896687384004944
EVS: 0.6993518441794347
