Model: GRU
MSE: 13.440691631444569
MAE: 2.981207759292037
EVS: 0.6923671271281323
