Model: GRU
MSE: 14.574210409150695
MAE: 3.3696005079481335
EVS: 0.7062506353915157
