Model: GRU
MSE: 15.550637282230886
MAE: 3.303482514840585
EVS: 0.6364393739077064
