Model: GRU
MSE: 11.249227044019651
MAE: 2.750693515495018
EVS: 0.731036892027104
