Model: GRU
MSE: 14.286021135704122
MAE: 3.29708574436329
EVS: 0.7073454845444648
