Model: GRU
MSE: 10.905500257412704
MAE: 2.6495256070737487
EVS: 0.7381841146743768
