Model: GRU
MSE: 11.779130315897461
MAE: 2.9455439426280834
EVS: 0.7246364528521432
