Model: GRU
MSE: 9.595148631137738
MAE: 2.468800279829237
EVS: 0.7902568923397253
