Model: GRU
MSE: 11.999180474650124
MAE: 2.8454407585991754
EVS: 0.7178353281004902
