Model: GRU
MSE: 773.3647920561523
MAE: 27.043249836674445
EVS: -0.007762538933142826
