Model: GRU
MSE: 9.909205530106506
MAE: 2.676482986520838
EVS: 0.76266447923921
