Model: GRU
MSE: 18.7365361319577
MAE: 3.7756241339224355
EVS: 0.6924649249348533
