Model: GRU
MSE: 14.772410389619052
MAE: 3.2561950153774686
EVS: 0.6543542805788103
