Model: GRU
MSE: 12.788171845340685
MAE: 3.0023866406193487
EVS: 0.6945978901841192
