Model: GRU
MSE: 11.70822379114644
MAE: 2.8574514389038086
EVS: 0.7672574846247878
