Model: GRU
MSE: 10.209646538758115
MAE: 2.656941528673525
EVS: 0.7558854130849444
