Model: GRU
MSE: 22.85676598495677
MAE: 4.05279396198414
EVS: 0.7004102599721371
