Model: GRU
MSE: 17.93772919859694
MAE: 3.6761098084626376
EVS: 0.7045238565552732
