Model: GRU
MSE: 15.968590287103451
MAE: 3.5512087610032825
EVS: 0.6305929781428197
