Model: GRU
MSE: 18.876522897151034
MAE: 3.661415488631637
EVS: 0.5599894049173226
