Model: GRU
MSE: 21.655059310300558
MAE: 3.865426840605559
EVS: 0.6111543708098236
