Model: GRU
MSE: 16.388017506818922
MAE: 3.4316511507387513
EVS: 0.7144534278807204
