Model: GRU
MSE: 9.386911951366967
MAE: 2.420085801018609
EVS: 0.775550481721023
