Model: GRU
MSE: 11.25580656224706
MAE: 2.760576336472123
EVS: 0.7505427598727208
