Model: GRU
MSE: 25.031440612048787
MAE: 4.2957427766588
EVS: 0.5769548929112605
