Model: GRU
MSE: 12.291828492549971
MAE: 2.9022070831722684
EVS: 0.7382548080263569
