Model: GRU
MSE: 10.926758090237822
MAE: 2.846360515665125
EVS: 0.7382163968565509
