Model: GRU
MSE: 12.111105532917144
MAE: 3.052316418400517
EVS: 0.7235335803706563
