Model: GRU
MSE: 16.481535023308037
MAE: 3.4792794474848994
EVS: 0.726984882272774
