Model: GRU
MSE: 15.590396956200603
MAE: 3.3373168486135976
EVS: 0.7146629119499188
