Model: GRU
MSE: 14.401032648618811
MAE: 3.141395604168927
EVS: 0.7113504134932842
