Model: GRU
MSE: 9.882116050849106
MAE: 2.669185611936781
EVS: 0.7541235236557018
