Model: GRU
MSE: 14.585284644435475
MAE: 3.045879946814643
EVS: 0.6350992872817527
