Model: GRU
MSE: 7258.15628155865
MAE: 84.96066566749856
EVS: 0.07128908416386626
