Model: GRU
MSE: 16.358662951591583
MAE: 3.3940243191189237
EVS: 0.6893433793609188
