Model: GRU
MSE: 22.01475622206072
MAE: 4.056620509536178
EVS: 0.6524913124453502
