Model: GRU
MSE: 13.493716366183738
MAE: 3.1653962665134006
EVS: 0.7179678639065203
