Model: GRU
MSE: 25.978440886322257
MAE: 4.172445897702818
EVS: 0.6597655514583392
