Model: GRU
MSE: 12.88634817192393
MAE: 3.058920524738453
EVS: 0.6997621989109741
