Model: GRU
MSE: 14.313300480775718
MAE: 3.142421775394016
EVS: 0.7716603866905307
