Model: GRU
MSE: 21.102353915979503
MAE: 3.5925294999723083
EVS: 0.49650002487702083
