Model: GRU
MSE: 11.46923077758676
MAE: 2.8186561089974864
EVS: 0.766292779418047
