Model: GRU
MSE: 13.298954102069452
MAE: 3.0999692457693593
EVS: 0.6751261363466551
