Model: GRU
MSE: 14.457376216652577
MAE: 3.201061566670736
EVS: 0.6670387864501162
