Model: GRU
MSE: 16.137083526194576
MAE: 3.136751660594234
EVS: 0.6213258181208592
