Model: GRU
MSE: 11.371090608586995
MAE: 2.882755094104343
EVS: 0.7757984323866587
