Model: GRU
MSE: 10.381187161545832
MAE: 2.690602567460802
EVS: 0.7757180871757928
