Model: GRU
MSE: 21.90859977580229
MAE: 3.7179713955631963
EVS: 0.713882692297144
