Model: GRU
MSE: 18.011196145964867
MAE: 3.7084123116952403
EVS: 0.589051799955248
