Model: GRU
MSE: 9.991040166672052
MAE: 2.581071041248463
EVS: 0.7700195491897857
