Model: GRU
MSE: 13.342340464034763
MAE: 3.0847666528489857
EVS: 0.7137127327436106
