Model: GRU
MSE: 12.52518519523592
MAE: 2.933220545450846
EVS: 0.6997041582587713
