Model: GRU
MSE: 9.93020639779991
MAE: 2.5620670318603516
EVS: 0.7858826439604918
