Model: GRU
MSE: 150.66074805536465
MAE: 10.414618253707886
EVS: -0.011816000437191443
