Model: GRU
MSE: 14.526581827140145
MAE: 2.9966306156582303
EVS: 0.6598614123542312
