Model: GRU
MSE: 14.476414188330375
MAE: 3.1269401797541865
EVS: 0.6549393566597617
