Model: GRU
MSE: 12.437698476743979
MAE: 3.0232786536216736
EVS: 0.710151031205914
