Model: GRU
MSE: 20.649568405284693
MAE: 3.911538388994005
EVS: 0.6580048179432316
