Model: GRU
MSE: 17.315959700088232
MAE: 3.5948065651787653
EVS: 0.6678283277184865
