Model: GRU
MSE: 17.438252465183027
MAE: 3.454381880936799
EVS: 0.584559134078515
