Model: GRU
MSE: 12.335366352379108
MAE: 3.170880353009259
EVS: 0.7289740873228547
