Model: GRU
MSE: 9.930964595200534
MAE: 2.678419519353796
EVS: 0.7689830064687607
