Model: GRU
MSE: 17.81699243812786
MAE: 3.531793934958322
EVS: 0.6396320910496461
