Model: GRU
MSE: 13.202766122006963
MAE: 2.9922088693689415
EVS: 0.6834195042032285
