Model: GRU
MSE: 14.763335114520622
MAE: 3.244021627638075
EVS: 0.6471665538384114
