Model: GRU
MSE: 10.54523532064542
MAE: 2.8745745199697987
EVS: 0.7691378375572421
