Model: GRU
MSE: 10.187287024255303
MAE: 2.60015516810947
EVS: 0.7436556239059786
