Model: GRU
MSE: 11.391514397993227
MAE: 2.6513704193962946
EVS: 0.728266909701282
