Model: GRU
MSE: 16.098030570385205
MAE: 3.369911458757189
EVS: 0.6780600085080344
