Model: GRU
MSE: 16.37331047335204
MAE: 3.4353356184782804
EVS: 0.6198924085405082
