Model: GRU
MSE: 16.378652561872293
MAE: 3.446245687979239
EVS: 0.6216123221366463
