Model: GRU
MSE: 12.56862702860034
MAE: 2.927431203700878
EVS: 0.698803584540745
