Model: GRU
MSE: 16.100528305200257
MAE: 3.565241919623481
EVS: 0.6272940276002587
