Model: GRU
MSE: 10.923940239967763
MAE: 2.687908243249964
EVS: 0.7521745359151976
