Model: GRU
MSE: 11.901527884868116
MAE: 2.9656776498865196
EVS: 0.7269518943954488
