Model: GRU
MSE: 16.064416350506242
MAE: 3.316501175915753
EVS: 0.7637306494747145
