Model: GRU
MSE: 15.674138059528172
MAE: 3.4887318081325955
EVS: 0.7206100098667556
