Model: GRU
MSE: 11.907682075636794
MAE: 2.8705920996489347
EVS: 0.7289157537595761
