Model: GRU
MSE: 13.78247368709832
MAE: 3.198159138361613
EVS: 0.7029213162818981
