Model: GRU
MSE: 22.046082583898336
MAE: 3.9151870939466686
EVS: 0.5718966063119024
