Model: GRU
MSE: 20.48023346237097
MAE: 3.9718826611836753
EVS: 0.5630575926491987
