Model: GRU
MSE: 16.73124928771403
MAE: 3.435751508783411
EVS: 0.5988368781459101
