Model: GRU
MSE: 11.765331487433784
MAE: 2.853558805253771
EVS: 0.7468064908591449
