Model: GRU
MSE: 19.251026695876885
MAE: 3.466764246975934
EVS: 0.5706593883765466
