Model: GRU
MSE: 11.780121070257419
MAE: 2.886858666384662
EVS: 0.7225203357266576
