Model: GRU
MSE: 11.648422798706667
MAE: 2.6039547390407987
EVS: 0.740458043258219
