Model: GRU
MSE: 17.792526503809388
MAE: 3.640999917630796
EVS: 0.7080788108248113
