Model: GRU
MSE: 12.667267122403237
MAE: 2.848893059624566
EVS: 0.6993491278636471
