Model: GRU
MSE: 13.90894233579043
MAE: 3.0399650202857122
EVS: 0.6764893233926264
