Model: GRU
MSE: 10.51837729380876
MAE: 2.7138946497881853
EVS: 0.7837280760398123
