Model: GRU
MSE: 10.562837069339274
MAE: 2.8077988271360046
EVS: 0.7801274833691769
