Model: GRU
MSE: 12.03766458133042
MAE: 3.023452158327456
EVS: 0.7361868231791359
