Model: GRU
MSE: 10.94735122479866
MAE: 2.785188568962945
EVS: 0.7247325248984552
