Model: GRU
MSE: 13.360671830918784
MAE: 2.8865146283750183
EVS: 0.6984034902713019
