Model: GRU
MSE: 33523.14986946168
MAE: 182.97935994466147
EVS: 2.220446049250313e-16
