Model: GRU
MSE: 9.999579640956236
MAE: 2.5425566567314997
EVS: 0.7605321246533173
