Model: GRU
MSE: 10.27643605886265
MAE: 2.7831479531747325
EVS: 0.7536382932669541
