Model: GRU
MSE: 11.148722789691355
MAE: 2.6558216412862143
EVS: 0.7351910384962175
