Model: GRU
MSE: 10.981871760204365
MAE: 2.8230123696503817
EVS: 0.7444354344371766
