Model: GRU
MSE: 18.192084397485544
MAE: 3.8164378625375255
EVS: 0.6655334015470813
