Model: GRU
MSE: 12.185821313012958
MAE: 2.76102786593967
EVS: 0.7347016691681535
