Model: GRU
MSE: 16.69671818466261
MAE: 3.491312927669949
EVS: 0.7032264262282624
