Model: GRU
MSE: 16.166827728225286
MAE: 3.5064268995214394
EVS: 0.7115496844026672
