Model: GRU
MSE: 16.465040659510485
MAE: 3.55071172007808
EVS: 0.6162480520442872
