Model: GRU
MSE: 13.186345002081124
MAE: 3.208724675355134
EVS: 0.683812255483464
