Model: GRU
MSE: 12.790494138825496
MAE: 2.9851566244054726
EVS: 0.7496094284271585
