Model: GRU
MSE: 11.529227490592188
MAE: 2.9305518998040094
EVS: 0.7266021443950093
