Model: GRU
MSE: 16.600378680292383
MAE: 3.527157765847665
EVS: 0.6988747752279911
