Model: GRU
MSE: 12.820060349672346
MAE: 3.032317126238788
EVS: 0.6965894794107215
