Model: GRU
MSE: 23.35753432424304
MAE: 4.137727631462945
EVS: 0.6284118039764908
