Model: GRU
MSE: 12.234967636875547
MAE: 3.0224942984404386
EVS: 0.7439951432254547
