Model: GRU
MSE: 13.32468093311
MAE: 3.000504317107024
EVS: 0.7046101905914892
