Model: GRU
MSE: 10.212300801928277
MAE: 2.5317893381471985
EVS: 0.7619915448916277
