Model: GRU
MSE: 16.41984439534876
MAE: 3.469693554772271
EVS: 0.6473414646679363
