Model: GRU
MSE: 573.9246965318036
MAE: 23.07203565325056
EVS: -2.220446049250313e-16
