Model: GRU
MSE: 21.56158336263279
MAE: 3.889264707212095
EVS: 0.6762142217766448
