Model: GRU
MSE: 14.120106031228387
MAE: 3.134281953175863
EVS: 0.7046720720334618
