Model: GRU
MSE: 16.588844280096744
MAE: 3.454162668298792
EVS: 0.6516480598138576
