Model: GRU
MSE: 17.741170888860914
MAE: 3.762199119285301
EVS: 0.5845008384954905
