Model: GRU
MSE: 12.119097322284992
MAE: 2.9150382854320385
EVS: 0.7035696897539397
