Model: GRU
MSE: 10.133059204451195
MAE: 2.803093751271566
EVS: 0.7795240497884772
