Model: GRU
MSE: 13.920712407310441
MAE: 3.399434690122251
EVS: 0.7086712497870231
