Model: GRU
MSE: 15.96734166860633
MAE: 3.4901575688962585
EVS: 0.6822776181529048
