Model: GRU
MSE: 14.034807279411451
MAE: 3.2009341805069536
EVS: 0.7430762508976343
