Model: GRU
MSE: 17.700930253017766
MAE: 3.6833257851777255
EVS: 0.6710586609138824
