Model: GRU
MSE: 10.477210544958611
MAE: 2.618079326770924
EVS: 0.735922510372906
