Model: GRU
MSE: 12.68223338121326
MAE: 2.997669061024984
EVS: 0.7027619862793822
