Model: GRU
MSE: 8.628907634426541
MAE: 2.53038168836523
EVS: 0.8049012107077297
