Model: GRU
MSE: 17.073254009594418
MAE: 3.6358808588098595
EVS: 0.6893591338424098
