Model: GRU
MSE: 13.211776598084565
MAE: 2.983230855729845
EVS: 0.7180747158099523
