Model: GRU
MSE: 11.274803866678658
MAE: 2.9005026817321777
EVS: 0.7710695126315291
