Model: GRU
MSE: 14.547822566440775
MAE: 3.2694003493697554
EVS: 0.6814331428118202
