Model: GRU
MSE: 12.562601270060963
MAE: 3.1546475092569985
EVS: 0.7233074155924163
