Model: GRU
MSE: 14.457727152011735
MAE: 3.1167890937240035
EVS: 0.6717800506713907
