Model: GRU
MSE: 11.48079431386284
MAE: 2.9149569317146584
EVS: 0.7380599061550872
