Model: GRU
MSE: 19.749957343194392
MAE: 3.5995552804734974
EVS: 0.609682383862397
