Model: GRU
MSE: 14.697129572692624
MAE: 3.3159472147623696
EVS: 0.7163162693877658
