Model: GRU
MSE: 10.872625141321434
MAE: 2.7579627566867404
EVS: 0.7496554997176026
