Model: GRU
MSE: 25.145609956472835
MAE: 4.28630382674081
EVS: 0.4466432497152486
