Model: GRU
MSE: 13.895232277606302
MAE: 3.4948085369887174
EVS: 0.6946285338520166
