Model: GRU
MSE: 17.577951805022504
MAE: 3.677578466909903
EVS: 0.6666374697396806
