Model: GRU
MSE: 15.086916090042198
MAE: 3.337871233622233
EVS: 0.6490521968590901
