Model: GRU
MSE: 12.53813515717263
MAE: 2.8087310791015625
EVS: 0.7046200170250443
