Model: GRU
MSE: 11.605409911935096
MAE: 2.7838367532800743
EVS: 0.7298476736956321
