Model: GRU
MSE: 10.973851725562156
MAE: 2.6246208349863687
EVS: 0.754872078315246
