Model: GRU
MSE: 10.411771309388406
MAE: 2.625736854694508
EVS: 0.7518825168700636
