Model: GRU
MSE: 14.248274329617415
MAE: 3.1059696232831038
EVS: 0.6825115291661035
