Model: GRU
MSE: 21.078868325299464
MAE: 3.853813136065448
EVS: 0.6629315974403855
