Model: GRU
MSE: 11.3029606461796
MAE: 2.6932503382364907
EVS: 0.7404733777531681
