Model: GRU
MSE: 14.964696765674026
MAE: 3.310097606093795
EVS: 0.7008014833492953
