Model: GRU
MSE: 9.152438373074608
MAE: 2.589523403732865
EVS: 0.7807021038050662
