Model: GRU
MSE: 17.85983959031771
MAE: 3.663148791701705
EVS: 0.6291249344392205
