Model: GRU
MSE: 10.284854430616347
MAE: 2.8637332916259766
EVS: 0.7575247859390719
