Model: GRU
MSE: 10.428545415943761
MAE: 2.7940332094828286
EVS: 0.7572793590305034
