Model: GRU
MSE: 15.317344434343786
MAE: 3.2295629889876754
EVS: 0.6372966030986945
