Model: GRU
MSE: 15.041876508654873
MAE: 3.25838655895657
EVS: 0.6600944945977683
