Model: GRU
MSE: 14.925380457518465
MAE: 3.146515210469564
EVS: 0.7429764416303704
