Model: GRU
MSE: 14.323192351847688
MAE: 3.2663691661976
EVS: 0.6668532859278714
