Model: GRU
MSE: 12.589217988692385
MAE: 2.9664478125395597
EVS: 0.7345690236943809
