Model: GRU
MSE: 11.175666789514104
MAE: 2.8198441840984203
EVS: 0.7240511744981084
