Model: GRU
MSE: 10.709871254094246
MAE: 2.6755391403480813
EVS: 0.7436354413555095
