Model: GRU
MSE: 9.370502287973231
MAE: 2.5407709545559354
EVS: 0.7765081775469528
