Model: GRU
MSE: 14.978214567627186
MAE: 3.289073661521629
EVS: 0.7031946093269774
