Model: GRU
MSE: 16.613900884836976
MAE: 3.3173131059717247
EVS: 0.753498934537886
