Model: GRU
MSE: 11.162810904914092
MAE: 2.8298510445488825
EVS: 0.7341164558920362
