Model: GRU
MSE: 13.431749137840185
MAE: 3.3068138228522406
EVS: 0.6984897342963687
