Model: GRU
MSE: 16.542692741613223
MAE: 3.2823024136679515
EVS: 0.6555508238835299
