Model: GRU
MSE: 13.632583087893105
MAE: 3.201747594056306
EVS: 0.6894208600528917
