Model: GRU
MSE: 11.109084495224309
MAE: 2.8411442791974104
EVS: 0.7346103981010954
