Model: GRU
MSE: 12.798916344372579
MAE: 2.9000637266370983
EVS: 0.7004951955900807
