Model: GRU
MSE: 11.241411372466947
MAE: 2.771741858235112
EVS: 0.7410636975984795
