Model: GRU
MSE: 11.45636739896884
MAE: 2.750877274407281
EVS: 0.7339030972023214
