Model: GRU
MSE: 10.931098263299598
MAE: 2.7969822618696423
EVS: 0.7716344788845926
