Model: GRU
MSE: 12.174905249892962
MAE: 2.7575176733511464
EVS: 0.7541743224043397
