Model: GRU
MSE: 19.280132185851958
MAE: 3.9088941150241427
EVS: 0.5885021597104456
