Model: GRU
MSE: 785.9136282359696
MAE: 27.233600828382706
EVS: -0.06092769291263522
