Model: GRU
MSE: 12.102499292812277
MAE: 2.8775348839936434
EVS: 0.7703985034218161
