Model: GRU
MSE: 13.90585383747369
MAE: 3.0403416951497397
EVS: 0.6804377582465
