Model: GRU
MSE: 10.606126624290027
MAE: 2.8649973692717374
EVS: 0.7663051800338054
