Model: GRU
MSE: 20.69590906587543
MAE: 3.8529662202905723
EVS: 0.5269341639897132
