Model: GRU
MSE: 11.362537811480623
MAE: 2.744612729107892
EVS: 0.7647433012005148
