Model: GRU
MSE: 9.970424642093484
MAE: 2.5283037468239113
EVS: 0.7686477026166686
