Model: GRU
MSE: 13.735806408815094
MAE: 3.2121411429511175
EVS: 0.7240253828139234
