Model: GRU
MSE: 10.714106396664532
MAE: 2.618954720320525
EVS: 0.7659685930239046
