Model: GRU
MSE: 10.410308235433213
MAE: 2.8212343145299843
EVS: 0.7796362995217954
