Model: GRU
MSE: 15.199551511896837
MAE: 3.094052517855609
EVS: 0.6172135218004635
