Model: GRU
MSE: 11.453093736235848
MAE: 2.6563482107939542
EVS: 0.8182955879777861
