Model: GRU
MSE: 11.682921514953419
MAE: 2.7773111131456165
EVS: 0.7215874349475302
