Model: GRU
MSE: 20.632422610422957
MAE: 3.9734835271482116
EVS: 0.6165193633228421
