Model: GRU
MSE: 13.209175709427374
MAE: 3.1537758244408503
EVS: 0.6921239686444374
