Model: GRU
MSE: 9.890073631758007
MAE: 2.7375496140232793
EVS: 0.76569868203259
