Model: GRU
MSE: 23.276119212305602
MAE: 4.0082005571436
EVS: 0.7443536749342023
