Model: GRU
MSE: 18232.000124458715
MAE: 134.86697246410228
EVS: 1.1102230246251565e-16
