Model: GRU
MSE: 15.321943056223576
MAE: 3.393365877645987
EVS: 0.692651127188812
