Model: GRU
MSE: 19.61618454780723
MAE: 3.5192098264341003
EVS: 0.6911700281336206
