Model: GRU
MSE: 10.27171030475156
MAE: 2.5963585200133146
EVS: 0.7569076740549453
