Model: GRU
MSE: 12.680206517838954
MAE: 2.9842297765943737
EVS: 0.7101086753333936
