Model: GRU
MSE: 13.448997688986807
MAE: 3.2020964975710267
EVS: 0.6924699187171122
