Model: GRU
MSE: 22.359887236550364
MAE: 4.028305936742712
EVS: 0.656732513204106
