Model: GRU
MSE: 13.396621345344366
MAE: 2.991556414851436
EVS: 0.6888059557582207
