Model: GRU
MSE: 13.571572012970577
MAE: 3.059563080469767
EVS: 0.6855872713058333
