Model: GRU
MSE: 11.61345283559319
MAE: 3.014269157692238
EVS: 0.764919341894759
