Model: GRU
MSE: 14.262578371464913
MAE: 3.188490143528691
EVS: 0.7357843644307764
