Model: GRU
MSE: 14.583320809077224
MAE: 3.288493368360731
EVS: 0.7190661683250889
