Model: GRU
MSE: 14.29620556627257
MAE: 2.967741259822139
EVS: 0.6582710527325888
