Model: GRU
MSE: 16.218110410124492
MAE: 3.3334564279626915
EVS: 0.6370029473024055
