Model: GRU
MSE: 11.880226123030347
MAE: 2.915902031792535
EVS: 0.7429544566171784
