Model: GRU
MSE: 11.513045330651858
MAE: 2.8095420466528997
EVS: 0.7240580825472225
