Model: GRU
MSE: 10.662597679159093
MAE: 2.749581072065565
EVS: 0.744770961357248
