Model: GRU
MSE: 11.923724975910782
MAE: 2.858058311321117
EVS: 0.7905681588343666
