Model: GRU
MSE: 11.092293995555305
MAE: 2.64585010210673
EVS: 0.7435630149589689
