Model: GRU
MSE: 9.67191806571909
MAE: 2.6820874214172363
EVS: 0.7722596797381797
