Model: GRU
MSE: 15.021183105969394
MAE: 3.2114685199878834
EVS: 0.6402840212458218
