Model: GRU
MSE: 9.387486291278151
MAE: 2.580740805025454
EVS: 0.7809678547218213
