Model: GRU
MSE: 21.691333409961867
MAE: 3.961890459060669
EVS: 0.6272523133958786
