Model: GRU
MSE: 20.0185783816181
MAE: 3.8580004197579845
EVS: 0.6721716001181562
