Model: GRU
MSE: 15.138432010691876
MAE: 3.438468473928946
EVS: 0.6865229620715498
