Model: GRU
MSE: 17.06947288449481
MAE: 3.3286147294221102
EVS: 0.596162153127016
