Model: GRU
MSE: 17.40580911447648
MAE: 3.7192518446180554
EVS: 0.6122042940100032
