Model: GRU
MSE: 10.838609637672137
MAE: 2.786604881286621
EVS: 0.7518721073498442
