Model: GRU
MSE: 10.912048394990212
MAE: 2.8112767007615833
EVS: 0.7560572720885345
