Model: GRU
MSE: 13.407735162965125
MAE: 3.0015625423855252
EVS: 0.6986961342650432
