Model: GRU
MSE: 13.961794779333568
MAE: 3.132965988583035
EVS: 0.6735605302738993
