Model: GRU
MSE: 14.371474073271589
MAE: 3.230916906286169
EVS: 0.6655581052538797
