Model: GRU
MSE: 14.158562493696932
MAE: 3.125490559471978
EVS: 0.6711164199707234
