Model: GRU
MSE: 15.540628593050954
MAE: 3.398313522338867
EVS: 0.6649254136888965
