Model: GRU
MSE: 13.053222580481874
MAE: 3.053489808683042
EVS: 0.713802097588252
