Model: GRU
MSE: 17.620151325871436
MAE: 3.4492866463131375
EVS: 0.6247622322536258
