Model: GRU
MSE: 14.469657263784795
MAE: 2.9444108362551087
EVS: 0.6425223275885836
