Model: GRU
MSE: 9.837212038622242
MAE: 2.6594117040987366
EVS: 0.7642247533299429
