Model: GRU
MSE: 17.41377095195299
MAE: 3.65446083633988
EVS: 0.5947900409790888
