Model: GRU
MSE: 12.475817195614464
MAE: 2.9296969307793512
EVS: 0.7014123792564158
