Model: GRU
MSE: 10.706471589353983
MAE: 2.7384237271768077
EVS: 0.7432733974929224
