Model: GRU
MSE: 25.22374848817489
MAE: 4.119714560332121
EVS: 0.5786802568472841
