Model: GRU
MSE: 12.3362548977488
MAE: 2.9737823804219565
EVS: 0.7136185590056183
