Model: GRU
MSE: 10.350171261709933
MAE: 2.7798494233025446
EVS: 0.7600783868890217
