Model: GRU
MSE: 18.191212389464116
MAE: 3.596475671838831
EVS: 0.7112597078967429
