Model: GRU
MSE: 12.893560274917776
MAE: 3.1923613018459744
EVS: 0.7163585168755764
