Model: GRU
MSE: 11.039403703370976
MAE: 2.8348626207422325
EVS: 0.7352983029565077
