Model: GRU
MSE: 11.735205632736609
MAE: 2.8292866901115135
EVS: 0.7289615940020289
