Model: GRU
MSE: 13.840003318824015
MAE: 3.149633283968325
EVS: 0.7162925982584132
