Model: GRU
MSE: 15.45511384682607
MAE: 3.2410187544646085
EVS: 0.7502796297729717
