Model: GRU
MSE: 17.44719284446781
MAE: 3.471698036900273
EVS: 0.7132533614781806
