Model: GRU
MSE: 14.391766115281033
MAE: 3.0165525365758827
EVS: 0.669541660475862
