Model: GRU
MSE: 13.551312366844842
MAE: 2.9022571245829263
EVS: 0.6751837929150992
