Model: GRU
MSE: 11.389066415669971
MAE: 2.7777778837415905
EVS: 0.7270853149032575
