Model: GRU
MSE: 12.587926104860916
MAE: 2.9285565129032842
EVS: 0.7354696385687662
