Model: GRU
MSE: 15.853928351032463
MAE: 3.2980585363176136
EVS: 0.6568939186348135
