Model: GRU
MSE: 11.651562099772658
MAE: 3.001748976884065
EVS: 0.7240704035434261
