Model: GRU
MSE: 10.114311086177294
MAE: 2.5776921554848
EVS: 0.7630805628565591
