Model: GRU
MSE: 11.323424434619923
MAE: 2.846985755143342
EVS: 0.7329172878765835
