Model: GRU
MSE: 11.65629398786425
MAE: 2.923694513462208
EVS: 0.7210554528284607
