Model: GRU
MSE: 20.727491141491715
MAE: 3.851206761819345
EVS: 0.7058468249829373
