Model: GRU
MSE: 14.053066899784245
MAE: 3.2780723395170988
EVS: 0.7017509290186268
