Model: GRU
MSE: 15.28921814802082
MAE: 3.36738595256099
EVS: 0.6995531084641173
