Model: GRU
MSE: 6542.332963648944
MAE: 80.5994468971535
EVS: -0.16175228506256545
