Model: GRU
MSE: 12.390237129648616
MAE: 2.88170176965219
EVS: 0.7038225290405444
