Model: GRU
MSE: 12.58952893665634
MAE: 3.1177736123402915
EVS: 0.7107729683541706
