Model: GRU
MSE: 13.27619727714923
MAE: 3.1937211707786277
EVS: 0.6955882353159974
