Model: GRU
MSE: 14.428127803908788
MAE: 3.381734512470387
EVS: 0.6748186832931725
