Model: GRU
MSE: 11.848272806068408
MAE: 2.9532097268987587
EVS: 0.7409151082428196
