Model: GRU
MSE: 18.769262985300195
MAE: 3.742142571343316
EVS: 0.5937043259704627
