Model: GRU
MSE: 12.392277423189821
MAE: 2.9220141922986067
EVS: 0.7037107737739361
