Model: GRU
MSE: 19.42572586835808
MAE: 3.3813055091434054
EVS: 0.5616252113418087
