Model: GRU
MSE: 13.06683865139664
MAE: 2.943042172325982
EVS: 0.6883332100174617
