Model: GRU
MSE: 18.949926203192096
MAE: 3.802103607742875
EVS: 0.5681660518877396
