Model: GRU
MSE: 6469.538350269017
MAE: 80.20100176775897
EVS: 0.0582909525446581
