Model: GRU
MSE: 23.280280430368766
MAE: 4.025355904190628
EVS: 0.49149308196988517
