Model: GRU
MSE: 19.7824969655487
MAE: 3.6032832286976
EVS: 0.5091967382501612
