Model: GRU
MSE: 12.37069662311629
MAE: 3.0499012028729475
EVS: 0.7425610921571943
