Model: GRU
MSE: 16.803212397695773
MAE: 3.6919424445540816
EVS: 0.6397967997150125
