Model: GRU
MSE: 12.60243290589516
MAE: 3.0113129527480513
EVS: 0.7215096839117963
