Model: GRU
MSE: 19.670116590751444
MAE: 3.427621137212824
EVS: 0.5306179023120007
