Model: GRU
MSE: 19.455810357064635
MAE: 3.5612944850215205
EVS: 0.6709149711437195
