Model: GRU
MSE: 12.01211870094114
MAE: 2.9006458741647227
EVS: 0.7029892088853404
