Model: GRU
MSE: 14.928085588999785
MAE: 3.175666014353434
EVS: 0.6610560324931087
