Model: GRU
MSE: 28.413180060815066
MAE: 4.452487927896005
EVS: 0.5597318679879071
