Model: GRU
MSE: 11.040878935894797
MAE: 2.63313681991012
EVS: 0.7440814181052658
