Model: GRU
MSE: 12.594330403737171
MAE: 2.915468869385896
EVS: 0.7289191290626573
