Model: GRU
MSE: 15.028691931070423
MAE: 3.312957798993146
EVS: 0.7204070643317063
