Model: GRU
MSE: 12.61750321032199
MAE: 3.0641568855003074
EVS: 0.7170118435561516
