Model: GRU
MSE: 13.94252990611636
MAE: 3.0687622052651866
EVS: 0.6702399247982329
