Model: GRU
MSE: 13.409932646616038
MAE: 2.920670668284098
EVS: 0.6838563022226546
