Model: GRU
MSE: 12.518005713754578
MAE: 3.0328582657708063
EVS: 0.715865258848573
