Model: GRU
MSE: 15.158174584472052
MAE: 3.431898028762252
EVS: 0.6942092416114627
