Model: GRU
MSE: 16.6829355298088
MAE: 3.098148319456312
EVS: 0.63573676314493
