Model: GRU
MSE: 16.274577639527624
MAE: 3.2337542261396135
EVS: 0.6450716553827573
