Model: GRU
MSE: 12.6267018662925
MAE: 3.0479609171549478
EVS: 0.6991311284260195
