Model: GRU
MSE: 9.745030338281456
MAE: 2.7553719591211387
EVS: 0.7697504853160266
