Model: GRU
MSE: 13.440534050029354
MAE: 2.9339292226014315
EVS: 0.6778407774922486
