Model: GRU
MSE: 13.175426843723862
MAE: 3.1409491609644005
EVS: 0.6945923136804895
