Model: GRU
MSE: 18.194337294647497
MAE: 3.3825715559500233
EVS: 0.7460156798134456
