Model: GRU
MSE: 19.628301747601384
MAE: 3.6690132706253618
EVS: 0.5709984774900595
