Model: GRU
MSE: 9.903531843615998
MAE: 2.5269820425245495
EVS: 0.7629291803039489
