Model: GRU
MSE: 17.854634642644502
MAE: 3.4782562609072083
EVS: 0.6132387590235051
