Model: GRU
MSE: 14.701489085548078
MAE: 3.172829928221526
EVS: 0.682872059512514
