Model: GRU
MSE: 13.643548639427358
MAE: 3.0574347001534923
EVS: 0.6950809431963979
