Model: GRU
MSE: 11.99015565205318
MAE: 2.8482397573965565
EVS: 0.72074692180946
