Model: GRU
MSE: 13.056777547920992
MAE: 2.816541495146575
EVS: 0.7140638057450956
