Model: GRU
MSE: 11.777914096977772
MAE: 2.7972883383433023
EVS: 0.7498974055180346
