Model: GRU
MSE: 13.129973001354111
MAE: 3.1679960356818304
EVS: 0.7055160672926916
