Model: GRU
MSE: 14.19047588875422
MAE: 3.264699105863218
EVS: 0.6765999822577748
