Model: GRU
MSE: 19.32741820259656
MAE: 3.658016630581447
EVS: 0.6270999721255595
