Model: GRU
MSE: 19.58114045003972
MAE: 3.619031729521575
EVS: 0.5991069969428041
