Model: GRU
MSE: 21.612020860527906
MAE: 4.050315079865633
EVS: 0.6810712632994327
