Model: GRU
MSE: 46.68099627044497
MAE: 5.764090326097277
EVS: 0.4859472717731399
