Model: GRU
MSE: 14.627800131428945
MAE: 3.1623142030504017
EVS: 0.7217379925160239
