Model: GRU
MSE: 11.784841167824046
MAE: 2.8160963411684388
EVS: 0.7174706280138493
