Model: GRU
MSE: 11.604180272417075
MAE: 2.9383438251636647
EVS: 0.722195195589694
