Model: GRU
MSE: 17.90588878895898
MAE: 3.4999667273627386
EVS: 0.6981082134858364
