Model: GRU
MSE: 13.339631620219636
MAE: 2.989019411581534
EVS: 0.6948363080323099
