Model: GRU
MSE: 13.464630179225018
MAE: 3.143073965001989
EVS: 0.6812796341846772
