Model: GRU
MSE: 13.270475495913278
MAE: 3.035886799847638
EVS: 0.7152979584221204
