Model: GRU
MSE: 16.862007158754867
MAE: 3.427641232808431
EVS: 0.735700583032507
