Model: GRU
MSE: 17.467905740958386
MAE: 3.7982151243421765
EVS: 0.5977371464464791
