Model: GRU
MSE: 11.913019701600117
MAE: 2.962345388200548
EVS: 0.7386938720446949
