Model: GRU
MSE: 14.40038657139493
MAE: 3.372651735941569
EVS: 0.6775493323443311
