Model: GRU
MSE: 11.418264952096537
MAE: 2.8850078229550964
EVS: 0.734611127119728
