Model: GRU
MSE: 11.674956734924763
MAE: 2.939184965910735
EVS: 0.7502104141577666
