Model: GRU
MSE: 13.346467910814807
MAE: 3.133374902937147
EVS: 0.76149419943968
