Model: GRU
MSE: 13.254474058700369
MAE: 3.20043295401114
EVS: 0.7075682195314816
