Model: GRU
MSE: 12.859880375208967
MAE: 2.8026473080670393
EVS: 0.6917273358530986
