Model: GRU
MSE: 19.3048474037234
MAE: 3.7734314600626626
EVS: 0.6601742645208963
