Model: GRU
MSE: 11.267637741823433
MAE: 2.8672411795015686
EVS: 0.7322965778858785
