Model: GRU
MSE: 20.495214467470273
MAE: 3.668842668886538
EVS: 0.5616696638587922
