Model: GRU
MSE: 13.974099076171756
MAE: 3.0322274013801858
EVS: 0.6933085701615578
