Model: GRU
MSE: 16.11254901094529
MAE: 3.3709216294465243
EVS: 0.6868090877852375
