Model: GRU
MSE: 11.768019710905595
MAE: 2.8233045207129583
EVS: 0.7389707975929742
