Model: GRU
MSE: 13.308117335892437
MAE: 3.029844778555411
EVS: 0.6968906034281233
