Model: GRU
MSE: 15.441224855558747
MAE: 3.2409309104636863
EVS: 0.645870395305147
