Model: GRU
MSE: 12.102283551557665
MAE: 2.967062967794913
EVS: 0.7423390558882242
