Model: GRU
MSE: 13.446077995708048
MAE: 2.814752605226305
EVS: 0.6776372010875669
