Model: GRU
MSE: 18.717159721869596
MAE: 3.375134000071773
EVS: 0.592086093524802
