Model: GRU
MSE: 11.132260931724984
MAE: 2.896267855608905
EVS: 0.7337965845359735
