Model: GRU
MSE: 10.863737074593397
MAE: 2.5404895146687827
EVS: 0.7439334300527709
