Model: GRU
MSE: 11.065703845426672
MAE: 2.8499222508183233
EVS: 0.738263941097406
