Model: GRU
MSE: 13.34622488882654
MAE: 3.1332819638428866
EVS: 0.6891579775542326
