Model: GRU
MSE: 11.29738128469174
MAE: 2.857588626720287
EVS: 0.7370235243800455
