Model: GRU
MSE: 11.998171958264775
MAE: 3.0740098776640714
EVS: 0.7442200995190001
