Model: GRU
MSE: 13.804084283469946
MAE: 3.168398521564625
EVS: 0.6797039181307514
