Model: GRU
MSE: 11.211790118536307
MAE: 3.0240957825272172
EVS: 0.7416659748095595
