Model: GRU
MSE: 12.728402340333737
MAE: 2.9765129619174533
EVS: 0.7117467701947211
