Model: GRU
MSE: 10.529942668982288
MAE: 2.699855742631135
EVS: 0.7506309108828202
