Model: GRU
MSE: 18.15590378850845
MAE: 3.58517003942419
EVS: 0.5783648022152987
