Model: GRU
MSE: 25.53088146548079
MAE: 4.255461516203703
EVS: 0.6537305011258963
