Model: GRU
MSE: 10.585448489214285
MAE: 2.604355220441465
EVS: 0.7493961700611249
