Model: GRU
MSE: 9.346914978125945
MAE: 2.595478649492617
EVS: 0.775934606488577
