Model: GRU
MSE: 12.643162093152535
MAE: 3.1359034997445567
EVS: 0.7393382061601828
