Model: GRU
MSE: 14.550293883654204
MAE: 2.7868612386562206
EVS: 0.6695198499718773
