Model: GRU
MSE: 12.52812502235306
MAE: 2.9107901785108776
EVS: 0.7136130675381462
