Model: GRU
MSE: 13.028163110675601
MAE: 2.942409868593569
EVS: 0.7316796815232345
