Model: GRU
MSE: 12.232698339858608
MAE: 3.163890582543832
EVS: 0.7331994105122217
