Model: GRU
MSE: 5983.923507534106
MAE: 77.08579508463542
EVS: 0.0
