Model: GRU
MSE: 11.046949519785256
MAE: 2.674401954368309
EVS: 0.7529462452052648
