Model: GRU
MSE: 11.86605489675895
MAE: 3.034053828981188
EVS: 0.7676141822728163
