Model: GRU
MSE: 12.45402287487411
MAE: 2.815718474211516
EVS: 0.6907903390681847
