Model: GRU
MSE: 12.933154883912099
MAE: 2.8130632594779685
EVS: 0.6738413525144977
