Model: GRU
MSE: 13.73405063192625
MAE: 3.2308434910244412
EVS: 0.7079501663860139
