Model: GRU
MSE: 24.09600601734071
MAE: 4.12559410377785
EVS: 0.6605552074610912
