Model: GRU
MSE: 412.5733384348239
MAE: 19.187358573631005
EVS: -0.06509987020140584
