Model: GRU
MSE: 12.52737931092131
MAE: 2.884912464353773
EVS: 0.7008052935262754
