Model: GRU
MSE: 17.7897286317753
MAE: 3.6361668198196977
EVS: 0.6964355583962072
