Model: GRU
MSE: 16.104449060915833
MAE: 3.532176759507921
EVS: 0.6613169844906214
