Model: GRU
MSE: 13.086243273512514
MAE: 2.847701840930515
EVS: 0.6969719223855408
