Model: GRU
MSE: 10.897242534031117
MAE: 2.8236919155827276
EVS: 0.7460322501562494
