Model: GRU
MSE: 12.288661891771746
MAE: 2.8289093794646085
EVS: 0.707647588593302
