Model: GRU
MSE: 14.924109626326661
MAE: 3.295582400427924
EVS: 0.6840545438778391
