Model: GRU
MSE: 9.266065207256512
MAE: 2.5422372817993164
EVS: 0.7855870195083756
