Model: GRU
MSE: 17.80571121566823
MAE: 3.4712253676520453
EVS: 0.5972210356350813
