Model: GRU
MSE: 11.621824009773219
MAE: 2.7804898420969644
EVS: 0.7344478404313302
