Model: GRU
MSE: 13.142617866656419
MAE: 2.92725357302913
EVS: 0.6912687588087969
