Model: GRU
MSE: 17.4490487226833
MAE: 3.572170310550266
EVS: 0.6187099075534895
