Model: GRU
MSE: 11.622532259225544
MAE: 2.906782927336516
EVS: 0.7709910889329383
