Model: GRU
MSE: 15.769039033484466
MAE: 3.367779431519685
EVS: 0.7224152471333112
