Model: GRU
MSE: 19.81576443042916
MAE: 3.8119096049556025
EVS: 0.6504856356740751
