Model: GRU
MSE: 16.266165569190306
MAE: 3.3985770720022694
EVS: 0.66354573611367
