Model: GRU
MSE: 12.672567328383613
MAE: 3.136294055868078
EVS: 0.6967344371246111
