Model: GRU
MSE: 14.692174754661403
MAE: 3.353719057860198
EVS: 0.6709458311474819
