Model: GRU
MSE: 16.33791388608178
MAE: 3.4549551010131836
EVS: 0.6227109423408267
