Model: GRU
MSE: 10.609712451226995
MAE: 2.7702349203604237
EVS: 0.7457463433087006
