Model: GRU
MSE: 16.667752462757104
MAE: 3.1805114922700106
EVS: 0.6580242424891631
