Model: GRU
MSE: 13.191883518692665
MAE: 3.1421648837901928
EVS: 0.7226753095076646
