Model: GRU
MSE: 12.888502130308549
MAE: 2.9822704880325883
EVS: 0.699587899577357
