Model: GRU
MSE: 11.97106209526561
MAE: 2.7607692082722983
EVS: 0.7243334612782636
