Model: GRU
MSE: 15.361737611324736
MAE: 3.073762575785319
EVS: 0.6977863649923458
