Model: GRU
MSE: 10.640265031509342
MAE: 2.603370843110261
EVS: 0.7602032635558866
