Model: GRU
MSE: 12.727625770301833
MAE: 3.0056037549619323
EVS: 0.7028167566954449
