Model: GRU
MSE: 20.352752324136755
MAE: 3.9044079603972257
EVS: 0.6871578413749202
