Model: GRU
MSE: 12.85343557594723
MAE: 2.9846815268198648
EVS: 0.6994051646812629
