Model: GRU
MSE: 15.24448475631324
MAE: 3.246031250272478
EVS: 0.6533639219601566
