Model: GRU
MSE: 15.357506044238546
MAE: 3.314185071874548
EVS: 0.7442169564718788
