Model: GRU
MSE: 12.512225937851717
MAE: 3.0502540270487466
EVS: 0.7281855584716546
