Model: GRU
MSE: 17.2338705807254
MAE: 3.4445881137141474
EVS: 0.7029804131606199
