Model: GRU
MSE: 10.99823986775314
MAE: 2.681468407313029
EVS: 0.7227206524956785
