Model: GRU
MSE: 15.97108301712971
MAE: 3.3493398560418024
EVS: 0.7732470106042979
