Model: GRU
MSE: 16.963757781886258
MAE: 3.253761309164542
EVS: 0.6209839781603684
