Model: GRU
MSE: 19.799725056146244
MAE: 3.8110119501749673
EVS: 0.6260133956385621
