Model: GRU
MSE: 12.693537280880811
MAE: 3.0567325486077204
EVS: 0.7138855231263923
