Model: GRU
MSE: 12.751507855076873
MAE: 2.998040941026476
EVS: 0.6972984488160665
