Model: GRU
MSE: 13.122816257817455
MAE: 2.9821704228719077
EVS: 0.6962291448604486
