Model: GRU
MSE: 25.151326422625743
MAE: 4.202148349196823
EVS: 0.6045517617443867
