Model: GRU
MSE: 17.674853029722676
MAE: 3.6343556156864874
EVS: 0.6369586225974173
