Model: GRU
MSE: 15.087003676971108
MAE: 3.4704616334703235
EVS: 0.6939749954658052
