Model: GRU
MSE: 10.491958480383396
MAE: 2.5357481285377785
EVS: 0.7488826449424492
