Model: GRU
MSE: 21.513436467219773
MAE: 3.844991118819625
EVS: 0.7358686254639639
