Model: GRU
MSE: 16.47099659306662
MAE: 3.232840891237612
EVS: 0.6024268239928067
