Model: GRU
MSE: 13.10893170236672
MAE: 3.072141276465522
EVS: 0.7001945305205027
