Model: GRU
MSE: 11.158037357440621
MAE: 2.5622638684731944
EVS: 0.7328574797411755
