Model: GRU
MSE: 13.446469022227767
MAE: 2.9139770136939154
EVS: 0.6870705382804176
