Model: GRU
MSE: 17.751814367125885
MAE: 3.352195174605758
EVS: 0.6009929854968363
