Model: GRU
MSE: 11.108585272412839
MAE: 2.940142852288705
EVS: 0.7412424564477144
