Model: GRU
MSE: 16.912165810549638
MAE: 3.549337793279577
EVS: 0.6104426366308459
