Model: GRU
MSE: 13.065951243113672
MAE: 3.10317450982553
EVS: 0.7329385074279318
