Model: GRU
MSE: 11.184948985375263
MAE: 2.8600649568769665
EVS: 0.7521936031342075
