Model: GRU
MSE: 19.28740851096116
MAE: 3.66539967501605
EVS: 0.5513485276258949
