Model: GRU
MSE: 16.500002394996407
MAE: 3.4199623708371765
EVS: 0.7540904776416427
