Model: GRU
MSE: 17.05940697238537
MAE: 3.401767059608742
EVS: 0.6297820082187471
