Model: GRU
MSE: 16.22001551738347
MAE: 3.4943137345490634
EVS: 0.6803711945336625
