Model: GRU
MSE: 10.766303825563842
MAE: 2.8956123104801885
EVS: 0.7505945582468432
