Model: GRU
MSE: 11.189543154944111
MAE: 2.6514557202657065
EVS: 0.7552349044385291
