Model: GRU
MSE: 12.324187585533638
MAE: 2.7831015586853027
EVS: 0.7181889105104584
