Model: GRU
MSE: 13.354380955101963
MAE: 3.1392340660095215
EVS: 0.6981149107109688
