Model: GRU
MSE: 10.6254785892466
MAE: 2.7216234030546964
EVS: 0.7324098925579754
