Model: GRU
MSE: 13.019914115152737
MAE: 2.9530641944320113
EVS: 0.6716235840841767
