Model: GRU
MSE: 14.489514654681628
MAE: 3.3234739656801575
EVS: 0.7037114613069196
