Model: GRU
MSE: 11.493361810837397
MAE: 2.8680367469787598
EVS: 0.7604510062826921
