Model: GRU
MSE: 12.412274316548823
MAE: 3.0586556681880244
EVS: 0.7078595072693178
