Model: GRU
MSE: 10.923754939219256
MAE: 2.794916859379521
EVS: 0.7394560005835014
