Model: GRU
MSE: 12.369021104408167
MAE: 2.957541545232137
EVS: 0.7118023042832862
