Model: GRU
MSE: 2427.684806645213
MAE: 48.87663664641204
EVS: 0.07060540581236985
