Model: GRU
MSE: 12.634026360797778
MAE: 3.0714170138041177
EVS: 0.6972833644184159
