Model: GRU
MSE: 15.56642512421804
MAE: 3.2740253695735224
EVS: 0.6495601460431016
