Model: GRU
MSE: 13.231981320420116
MAE: 2.904770188861423
EVS: 0.6913325634194191
