Model: GRU
MSE: 10.085932332916455
MAE: 2.656020199811017
EVS: 0.7508671819133976
