Model: GRU
MSE: 24.10722784578522
MAE: 4.361771689520942
EVS: 0.5758317969036748
