Model: GRU
MSE: 11.736391720770929
MAE: 2.712293033246641
EVS: 0.7193894884604766
