Model: GRU
MSE: 10.395533635186682
MAE: 2.7777777601171425
EVS: 0.7615441106390594
