Model: GRU
MSE: 9.41240063164552
MAE: 2.5681123203701444
EVS: 0.775695803292861
