Model: GRU
MSE: 14.888457103533904
MAE: 3.348055327380145
EVS: 0.7318128521155345
