Model: GRU
MSE: 20.762085303399612
MAE: 3.922009680006239
EVS: 0.5820187274709343
