Model: GRU
MSE: 15.063980900295295
MAE: 3.065440160256845
EVS: 0.6514632732599485
