Model: GRU
MSE: 15150.59254756262
MAE: 122.91335437915943
EVS: 1.1102230246251565e-16
