Model: GRU
MSE: 10.204245316919573
MAE: 2.5151974889967175
EVS: 0.7641374028699104
