Model: GRU
MSE: 19.031126353118562
MAE: 3.659521226529722
EVS: 0.7721024844501042
