Model: GRU
MSE: 13.236713105879037
MAE: 3.149699052174886
EVS: 0.6827881767133628
