Model: GRU
MSE: 12.853124003741026
MAE: 3.134892216435185
EVS: 0.7365436473736876
