Model: GRU
MSE: 12.278508993240166
MAE: 3.032076323473895
EVS: 0.7062130803776716
