Model: GRU
MSE: 17.346056401492266
MAE: 3.3905844688415527
EVS: 0.7812309834481403
