Model: GRU
MSE: 11.815519383800277
MAE: 2.892164627710978
EVS: 0.7258763679160458
