Model: GRU
MSE: 12.924442820487187
MAE: 2.8193461100260415
EVS: 0.7010383673126754
