Model: GRU
MSE: 11.258683581356271
MAE: 2.8160952108877675
EVS: 0.7439344984255343
