Model: GRU
MSE: 15.560300864032259
MAE: 3.2982196101435908
EVS: 0.665766033027508
