Model: GRU
MSE: 12.81402780571443
MAE: 2.8623133500417075
EVS: 0.7867278931833338
