Model: GRU
MSE: 12.411116827002038
MAE: 2.8811075422498913
EVS: 0.7024200541664878
