Model: GRU
MSE: 11.734279687260763
MAE: 2.8338648389886925
EVS: 0.7200661776332323
