Model: GRU
MSE: 13.140073604526496
MAE: 3.0391797489590116
EVS: 0.6701999302331975
