Model: GRU
MSE: 9.773806287840738
MAE: 2.732729364324499
EVS: 0.7552674442344743
