Model: GRU
MSE: 12.184790962277452
MAE: 2.9827976491716175
EVS: 0.7185499696149773
