Model: GRU
MSE: 11.773727921576118
MAE: 2.9715318856415927
EVS: 0.7245424067870777
