Model: GRU
MSE: 12.13568128720423
MAE: 2.839168177710639
EVS: 0.7122937232545996
