Model: GRU
MSE: 16.164580262465726
MAE: 3.4166295616715043
EVS: 0.7191277079099998
