Model: GRU
MSE: 14.759488744866289
MAE: 3.4643278740070484
EVS: 0.6966806599715187
