Model: GRU
MSE: 14.903897968606273
MAE: 3.387689060635037
EVS: 0.7141263130435285
