Model: GRU
MSE: 11.921181693917848
MAE: 2.98913961869699
EVS: 0.7425896605892686
