Model: GRU
MSE: 9.851556304976448
MAE: 2.644642547324852
EVS: 0.7672055462596358
