Model: GRU
MSE: 16.293276308591246
MAE: 3.485841892383717
EVS: 0.6904221158414101
