Model: GRU
MSE: 13.310320940251202
MAE: 2.805210996557165
EVS: 0.6858538130697468
