Model: GRU
MSE: 20.9827296401209
MAE: 3.994090362831398
EVS: 0.5158621468476221
