Model: GRU
MSE: 10.320034132961966
MAE: 2.7397899097866483
EVS: 0.7476115842873217
