Model: GRU
MSE: 13.41180553630047
MAE: 3.045489540806523
EVS: 0.6979256676944214
