Model: GRU
MSE: 13.365086348209397
MAE: 3.018190790105749
EVS: 0.7278202939934812
