Model: GRU
MSE: 11.822026269731076
MAE: 3.071115564416956
EVS: 0.749928390157829
