Model: GRU
MSE: 14.900511559834857
MAE: 3.3500980094627097
EVS: 0.737633917215665
