Model: GRU
MSE: 10.692639836585878
MAE: 2.4807051905879267
EVS: 0.7441251392634598
