Model: GRU
MSE: 15.539940100787893
MAE: 3.4512567166928894
EVS: 0.6380788075095103
