Model: GRU
MSE: 10.98733354077708
MAE: 2.8054237718935364
EVS: 0.7685744877698015
