Model: GRU
MSE: 12.126602452901436
MAE: 3.021898481580946
EVS: 0.7331454085158313
