Model: GRU
MSE: 12.318949647850172
MAE: 2.994976661823414
EVS: 0.7091229111421166
