Model: GRU
MSE: 13.278227960769275
MAE: 2.949300200850875
EVS: 0.6821623706855026
