Model: GRU
MSE: 15.903507211024193
MAE: 3.3744628164503307
EVS: 0.7194403185512592
