Model: GRU
MSE: 13.50931454327877
MAE: 3.1365569079363786
EVS: 0.6953447059099029
