Model: GRU
MSE: 9.031519587036568
MAE: 2.638667592295894
EVS: 0.7879816962758047
