Model: GRU
MSE: 12.144384763595886
MAE: 3.0706725120544434
EVS: 0.7243403766608354
