Model: GRU
MSE: 15.53212067748215
MAE: 3.463162386858905
EVS: 0.6841273276737344
