Model: GRU
MSE: 12.72601232901401
MAE: 2.9219926021717213
EVS: 0.7209353750325578
