Model: GRU
MSE: 13.986895014903812
MAE: 3.1592408727716514
EVS: 0.7107497242657863
