Model: GRU
MSE: 12.426723323534134
MAE: 2.8833045253047236
EVS: 0.703745927814376
