Model: GRU
MSE: 19.51341506053972
MAE: 4.031188046490705
EVS: 0.5942764732958146
