Model: GRU
MSE: 19.95150197973965
MAE: 3.867039751123499
EVS: 0.5849097096791913
