Model: GRU
MSE: 14.000778887139539
MAE: 3.2261137785734952
EVS: 0.7146116326168392
