Model: GRU
MSE: 17.84830205136482
MAE: 3.4625270631578235
EVS: 0.5808742860720459
