Model: GRU
MSE: 14.713409231097954
MAE: 3.176795482635498
EVS: 0.6595668692104493
