Model: GRU
MSE: 13.407435834389641
MAE: 2.9531373801054777
EVS: 0.681446691615013
