Model: GRU
MSE: 21.207448278898028
MAE: 3.842459290115922
EVS: 0.5140104055240198
