Model: GRU
MSE: 11.648358371227209
MAE: 2.765035108283714
EVS: 0.7505003313959822
