Model: GRU
MSE: 22.51516319182128
MAE: 4.061898249166983
EVS: 0.5289028543702041
