Model: GRU
MSE: 19.53777633631944
MAE: 3.7357635838644847
EVS: 0.5326508767041822
