Model: GRU
MSE: 17.42485689165348
MAE: 3.681079634913692
EVS: 0.5939164690322696
