Model: GRU
MSE: 12.925840736283378
MAE: 3.0259032249450684
EVS: 0.7121507235392931
