Model: GRU
MSE: 17.516997015122122
MAE: 3.566230950532136
EVS: 0.6461608491957902
