Model: GRU
MSE: 37.921992776395236
MAE: 5.364042388068305
EVS: 0.4625688576597532
