Model: GRU
MSE: 9.03925921559472
MAE: 2.5186519976015442
EVS: 0.7860279897104236
