Model: GRU
MSE: 26.946634204946182
MAE: 4.425555688363534
EVS: 0.6538596332261164
