Model: GRU
MSE: 18.728586295985433
MAE: 3.2420507625297263
EVS: 0.5535680042420967
