Model: GRU
MSE: 9.733341783168884
MAE: 2.585459823961611
EVS: 0.7676228721396372
