Model: GRU
MSE: 17.6969225468433
MAE: 3.43085926550406
EVS: 0.5760534042375678
