Model: GRU
MSE: 13.663898292580726
MAE: 3.1129394548910634
EVS: 0.6859214512888674
