Model: GRU
MSE: 20.61687523505624
MAE: 3.777777636492694
EVS: 0.5699591227560528
