Model: GRU
MSE: 12.832262033019417
MAE: 3.1486723687913685
EVS: 0.7009659534414239
