Model: GRU
MSE: 9.460193163061392
MAE: 2.5658080312940807
EVS: 0.779404002527487
