Model: GRU
MSE: 22.09531351501772
MAE: 4.0014928535178855
EVS: 0.6698845140541267
