Model: GRU
MSE: 14.030503170482369
MAE: 3.2288813944216126
EVS: 0.7196371550693124
