Model: GRU
MSE: 13.835466044642057
MAE: 2.9569346374935574
EVS: 0.6909873337513581
