Model: GRU
MSE: 9.754284634929446
MAE: 2.550356697153162
EVS: 0.7664010691348645
