Model: GRU
MSE: 13.082834494523231
MAE: 3.1156381677698204
EVS: 0.6966680881254305
