Model: GRU
MSE: 12.105823793053105
MAE: 2.8482153680589466
EVS: 0.7414272671552231
