Model: GRU
MSE: 16.605306162073973
MAE: 3.4672179045500577
EVS: 0.6841926873477175
