Model: GRU
MSE: 11.79540500447175
MAE: 2.702467273782801
EVS: 0.7273198359024893
