Model: GRU
MSE: 13.546560810349606
MAE: 3.208576891157362
EVS: 0.6877050681011172
