Model: GRU
MSE: 17.774036154548234
MAE: 3.731459140777588
EVS: 0.6103069437509925
