Model: GRU
MSE: 9.967216680992014
MAE: 2.592102227387605
EVS: 0.7718469089447983
