Model: GRU
MSE: 10.325564809232075
MAE: 2.485190091309724
EVS: 0.7720880193083335
