Model: GRU
MSE: 16.51037300638311
MAE: 3.4447381408126265
EVS: 0.6191566387542982
