Model: GRU
MSE: 8.431443395575684
MAE: 2.346691378840694
EVS: 0.8046025129729325
