Model: GRU
MSE: 14.326541061833066
MAE: 3.1961392296685114
EVS: 0.6663006877042406
