Model: GRU
MSE: 10.092228861156748
MAE: 2.6313769464139587
EVS: 0.760276696382874
