Model: GRU
MSE: 12.930804245707442
MAE: 3.1594465926841453
EVS: 0.7062083240130292
