Model: GRU
MSE: 17.440285839827514
MAE: 3.4410500173215515
EVS: 0.6380986843308896
