Model: GRU
MSE: 12.025579738733624
MAE: 2.8431604173448353
EVS: 0.7391669098339562
