Model: GRU
MSE: 12.761413622182783
MAE: 2.9239387247297497
EVS: 0.6940349746537355
