Model: GRU
MSE: 14.128457872699183
MAE: 3.189482883170799
EVS: 0.6938430614142475
