Model: GRU
MSE: 22.562579769860147
MAE: 3.9521170368901006
EVS: 0.6792252117967815
