Model: GRU
MSE: 13.898983590648523
MAE: 3.2126907772488065
EVS: 0.7232171234847509
