Model: GRU
MSE: 13.30629209505455
MAE: 3.0352655428427235
EVS: 0.6908253037919989
