Model: GRU
MSE: 10.232030179329287
MAE: 2.5159066606450966
EVS: 0.7555226792769443
