Model: GRU
MSE: 15.009833578821228
MAE: 3.267809302718551
EVS: 0.6656483391310641
