Model: GRU
MSE: 12.673992819497437
MAE: 3.0511754353841147
EVS: 0.7203381948689758
