Model: GRU
MSE: 13.835133048334523
MAE: 2.9527652351944536
EVS: 0.6533051339758589
