Model: GRU
MSE: 16.879186812812552
MAE: 3.4555960761176214
EVS: 0.6487838009461071
