Model: GRU
MSE: 15.373538285564303
MAE: 3.3427000045776367
EVS: 0.7193183306387081
