Model: GRU
MSE: 11.646517121642681
MAE: 2.96757858770865
EVS: 0.7324854624621099
