Model: GRU
MSE: 15.483983191028983
MAE: 3.410753709298593
EVS: 0.6643368582331259
