Model: GRU
MSE: 17.194409602934893
MAE: 3.4716132658499257
EVS: 0.5926757411218969
