Model: GRU
MSE: 12.733416312506245
MAE: 3.131600503568296
EVS: 0.7356331223937441
