Model: GRU
MSE: 11.87429578368963
MAE: 2.8193713559044733
EVS: 0.7169688012915496
