Model: GRU
MSE: 17.91539019093466
MAE: 3.5899401947304055
EVS: 0.6427202480806098
