Model: GRU
MSE: 12.976754585831317
MAE: 3.089669598473443
EVS: 0.6893662096502471
