Model: GRU
MSE: 13.9551758194807
MAE: 3.079215650205259
EVS: 0.6729578761890513
