Model: GRU
MSE: 153.81617914489019
MAE: 10.558870439176205
EVS: -0.014932258638268303
