Model: GRU
MSE: 18.557403345130684
MAE: 3.5630408039799444
EVS: 0.6534265425538308
