Model: GRU
MSE: 9.486416871471135
MAE: 2.561655954078392
EVS: 0.7847743809833126
