Model: GRU
MSE: 10.614676208423246
MAE: 2.761955729237309
EVS: 0.7491858485664987
