Model: GRU
MSE: 10.667778079474916
MAE: 2.653543410477815
EVS: 0.7640036705235966
