Model: GRU
MSE: 15.69685100189627
MAE: 3.3306833373175726
EVS: 0.7561891758910205
