Model: GRU
MSE: 19.488052113350925
MAE: 3.7150464057922363
EVS: 0.5782954089002297
