Model: GRU
MSE: 13.20601707251195
MAE: 3.1695018697668007
EVS: 0.6702105595224224
