Model: GRU
MSE: 15.60705138684285
MAE: 3.391903347439236
EVS: 0.7301263700359526
