Model: GRU
MSE: 14.780837833505007
MAE: 3.2696905312714755
EVS: 0.6624104405679477
