Model: GRU
MSE: 19.777847694245718
MAE: 3.94337581705164
EVS: 0.6641666218606238
