Model: GRU
MSE: 8.94133035434337
MAE: 2.561842741789641
EVS: 0.7747517200960994
