Model: GRU
MSE: 11.990238941442035
MAE: 2.779686556922065
EVS: 0.7133037360319969
