Model: GRU
MSE: 17.778091751342217
MAE: 3.581095430586073
EVS: 0.6636561454781446
