Model: GRU
MSE: 12.893222101686737
MAE: 3.103273691954436
EVS: 0.678594068044381
