Model: GRU
MSE: 17.73304936980556
MAE: 3.4000408138547624
EVS: 0.6285721517786119
