Model: GRU
MSE: 12.961427929198324
MAE: 3.0642276163454407
EVS: 0.7103451810574514
