Model: GRU
MSE: 25.246504790976925
MAE: 4.237627082400852
EVS: 0.4890079848377037
