Model: GRU
MSE: 19.447637119412395
MAE: 3.7924019319039806
EVS: 0.6543363234704241
