Model: GRU
MSE: 18.98610753546075
MAE: 3.7440816031561956
EVS: 0.6661254167875776
