Model: GRU
MSE: 9.984681463275718
MAE: 2.5926697519090443
EVS: 0.7992932469905066
