Model: GRU
MSE: 10.560683529668479
MAE: 2.7311633781150535
EVS: 0.7609218190418768
