Model: GRU
MSE: 15.70628998097395
MAE: 3.2573622774194786
EVS: 0.7304411755277127
