Model: GRU
MSE: 12.687106089341299
MAE: 3.0875646979720504
EVS: 0.7289348035454968
