Model: GRU
MSE: 19.40859113265577
MAE: 3.75790677247224
EVS: 0.68588462380804
