Model: GRU
MSE: 14.156719028208837
MAE: 3.2528822510330766
EVS: 0.6600874894767442
