Model: GRU
MSE: 44.0177809794633
MAE: 5.443285915586683
EVS: 0.41321367870469494
