Model: GRU
MSE: 12.26198944367887
MAE: 3.051004162541142
EVS: 0.7158567161148158
