Model: GRU
MSE: 8.752240830712632
MAE: 2.5127482767458313
EVS: 0.7905345019659692
