Model: GRU
MSE: 11.670606923314507
MAE: 2.8561571262500904
EVS: 0.7479185839991551
