Model: GRU
MSE: 21.25190291971512
MAE: 3.937914565757469
EVS: 0.5604252071659133
