Model: GRU
MSE: 18.073606687864725
MAE: 3.7484466234842935
EVS: 0.617677159378573
