Model: GRU
MSE: 9.819284334581315
MAE: 2.528487276147913
EVS: 0.7733816595461033
