Model: GRU
MSE: 9.043429352102477
MAE: 2.581696943000511
EVS: 0.7905033024046814
