Model: GRU
MSE: 15.479002235281659
MAE: 3.4493026910004794
EVS: 0.6554555291265954
