Model: GRU
MSE: 23.231770142215755
MAE: 4.122550434536404
EVS: 0.6190418275868343
