Model: GRU
MSE: 14.99253665752414
MAE: 3.4758386788544833
EVS: 0.7023970919982052
