Model: GRU
MSE: 10.348597064709702
MAE: 2.8320822804062455
EVS: 0.7518563008925783
