Model: GRU
MSE: 12.232596709268652
MAE: 2.963707756113123
EVS: 0.7162435918426812
