Model: GRU
MSE: 11.738899211823199
MAE: 2.9519728554619684
EVS: 0.7255832499511493
