Model: GRU
MSE: 17.242115467767185
MAE: 3.5784540088088423
EVS: 0.6008573021154775
