Model: GRU
MSE: 15.08739641673816
MAE: 3.4312549343815557
EVS: 0.6587564773351711
