Model: GRU
MSE: 13.744203387727962
MAE: 3.0675647170455367
EVS: 0.7354030276908152
