Model: GRU
MSE: 12.098525241629565
MAE: 2.798733808376171
EVS: 0.7218132025015589
