Model: GRU
MSE: 11.01637490407589
MAE: 2.9272270379243075
EVS: 0.7617531471285964
