Model: GRU
MSE: 11.790749911459333
MAE: 2.853185388776991
EVS: 0.734665852607055
