Model: GRU
MSE: 16.57799111789065
MAE: 3.4384403581972474
EVS: 0.7390717970525906
