Model: GRU
MSE: 12.094298320437744
MAE: 2.910892045056378
EVS: 0.7548765147597774
