Model: GRU
MSE: 9.804381201925377
MAE: 2.5898688722539833
EVS: 0.7837710508156207
