Model: GRU
MSE: 10.663705306886195
MAE: 2.649854377464012
EVS: 0.7451882360140496
