Model: GRU
MSE: 11.467698162235534
MAE: 2.846191883087158
EVS: 0.7265620600116722
