Model: GRU
MSE: 11.149400259583544
MAE: 2.7326131485126637
EVS: 0.7413380401574607
