Model: GRU
MSE: 16.813444454615095
MAE: 3.6157135786833585
EVS: 0.6838875277947871
