Model: GRU
MSE: 9.838354700141121
MAE: 2.4284586200007685
EVS: 0.7852738188216813
