Model: GRU
MSE: 25.408942512857905
MAE: 4.147319961477209
EVS: 0.5886337507852091
