Model: GRU
MSE: 15.353472649708044
MAE: 3.4008860234861022
EVS: 0.6658767470919655
