Model: GRU
MSE: 12.654912154184482
MAE: 3.0055675859804505
EVS: 0.6927188346268975
