Model: GRU
MSE: 23.93590748689884
MAE: 3.9676308543593795
EVS: 0.4574211239350874
