Model: GRU
MSE: 13.253607319522281
MAE: 3.0765224032931857
EVS: 0.6828151211287805
