Model: GRU
MSE: 10.309897155100453
MAE: 2.5636100150920726
EVS: 0.7671330356027859
