Model: GRU
MSE: 16.639595407466143
MAE: 3.394456241812025
EVS: 0.6078267036824712
