Model: GRU
MSE: 11.54600704055005
MAE: 2.9673751018665455
EVS: 0.7528095255663545
