Model: GRU
MSE: 19.796470724447175
MAE: 3.928693506452772
EVS: 0.5560794939183731
