Model: GRU
MSE: 19.107949890429946
MAE: 3.640697267320421
EVS: 0.6289020146593465
