Model: GRU
MSE: 11.837367082915476
MAE: 3.0045393484610097
EVS: 0.7489019887714102
