Model: GRU
MSE: 13.36329073336406
MAE: 3.03102175394694
EVS: 0.7025460656144742
