Model: GRU
MSE: 11.729620533684486
MAE: 2.974954675745081
EVS: 0.7192233393304521
