Model: GRU
MSE: 12.61835462882445
MAE: 2.939686589770847
EVS: 0.7081981509087585
