Model: GRU
MSE: 18.313668509748915
MAE: 3.498386330074734
EVS: 0.5980934427120117
