Model: GRU
MSE: 16.380148446407777
MAE: 3.2531924424348055
EVS: 0.6592916440963559
