Model: GRU
MSE: 12.265263257124163
MAE: 2.745633522669474
EVS: 0.7064967159018565
