Model: GRU
MSE: 12.555163328376263
MAE: 2.9420693538807057
EVS: 0.7073543890273293
