Model: GRU
MSE: 11.853594234496851
MAE: 2.725599447886149
EVS: 0.7163379207738817
