Model: GRU
MSE: 15.24009338591433
MAE: 3.2561483912997775
EVS: 0.6345755340835029
