Model: GRU
MSE: 14.849425955070744
MAE: 3.2846989455046476
EVS: 0.6562506957903449
