Model: GRU
MSE: 20.14554482922413
MAE: 3.997501179024025
EVS: 0.5969578217310545
