Model: GRU
MSE: 30.272015659035528
MAE: 4.083529852054737
EVS: 0.2748678621477333
