Model: GRU
MSE: 18.080763990622927
MAE: 3.818574693467882
EVS: 0.6729384355274854
