Model: GRU
MSE: 10.434944488480383
MAE: 2.6714420406906694
EVS: 0.7721122448425248
