Model: GRU
MSE: 15.312144615583486
MAE: 3.3388284577263727
EVS: 0.6163703766400128
