Model: GRU
MSE: 10.491457535958432
MAE: 2.6809408841309725
EVS: 0.7532098689169145
