Model: GRU
MSE: 16.657207198400783
MAE: 3.522277001981382
EVS: 0.6154273027562449
