Model: GRU
MSE: 726.0907747887148
MAE: 26.026798460218643
EVS: -0.13512103517967566
