Model: GRU
MSE: 10.3593002552859
MAE: 2.717934838047734
EVS: 0.7550374735627488
