Model: GRU
MSE: 16.39132999371045
MAE: 3.5896648124412254
EVS: 0.6250028504719709
