Model: GRU
MSE: 11.899956936405648
MAE: 2.895939491413258
EVS: 0.7377798993732172
