Model: GRU
MSE: 12.415474015655617
MAE: 2.9681914470813893
EVS: 0.7470431565733615
