Model: GRU
MSE: 12.98656170705082
MAE: 3.1690511526884855
EVS: 0.6896763069320029
