Model: GRU
MSE: 12.938260817446777
MAE: 3.023176873171771
EVS: 0.7032041025028439
