Model: GRU
MSE: 1432.5051187665754
MAE: 37.17644423025626
EVS: -0.2089361059973176
