Model: GRU
MSE: 16.51658853985698
MAE: 3.2185905597828053
EVS: 0.583896785598576
