Model: GRU
MSE: 17.021303151721458
MAE: 3.366941725766217
EVS: 0.6197879764889512
