Model: GRU
MSE: 27.178467460522242
MAE: 4.439023106186478
EVS: 0.5184688972127758
