Model: GRU
MSE: 14.940141848553518
MAE: 3.1952203291433827
EVS: 0.6711802907720665
