Model: GRU
MSE: 9.356838315461253
MAE: 2.6801994111802845
EVS: 0.7795737233840534
