Model: GRU
MSE: 13.946444617124227
MAE: 3.258641101695873
EVS: 0.6894916568176529
