Model: GRU
MSE: 17.20789580667588
MAE: 3.605209739119918
EVS: 0.6903897051092731
