Model: GRU
MSE: 15.13412562646527
MAE: 3.1998545858595104
EVS: 0.6482358415921317
