Model: GRU
MSE: 14.320233450531692
MAE: 3.273520964163321
EVS: 0.6714804460398522
