Model: GRU
MSE: 13.81925168900076
MAE: 3.189938297978154
EVS: 0.7080487863407795
