Model: GRU
MSE: 10.960924484393942
MAE: 2.801912201775445
EVS: 0.7665926410054682
