Model: GRU
MSE: 19.225111092557057
MAE: 3.7893164422776966
EVS: 0.5548776078365656
