Model: GRU
MSE: 17.293396690957664
MAE: 3.603265320813214
EVS: 0.7073233967001609
