Model: GRU
MSE: 14.698748362212477
MAE: 3.2172729704115124
EVS: 0.7919161500275922
