Model: GRU
MSE: 11.666273053437752
MAE: 2.8780047452008284
EVS: 0.7361292420289662
