Model: GRU
MSE: 15.128921511296015
MAE: 3.188511362782231
EVS: 0.6591155746808273
