Model: GRU
MSE: 12.447717200600211
MAE: 2.950438031443843
EVS: 0.7167883153691758
