Model: GRU
MSE: 11.464782541931516
MAE: 2.7519590854644775
EVS: 0.7352537221670636
