Model: GRU
MSE: 11.462603962027835
MAE: 2.7554566242076732
EVS: 0.7729305943214726
