Model: GRU
MSE: 16.176300015656153
MAE: 3.653721217755918
EVS: 0.6815031936010092
