Model: GRU
MSE: 15.971347111741014
MAE: 3.525124814775255
EVS: 0.6311073567775327
