Model: GRU
MSE: 17.22430412288234
MAE: 3.5486655588503235
EVS: 0.7279427277184162
