Model: GRU
MSE: 11.131450191605055
MAE: 2.8405589439250805
EVS: 0.7469192536526302
