Model: GRU
MSE: 14.53608746698601
MAE: 3.111353282575254
EVS: 0.6870371073487883
