Model: GRU
MSE: 9.306915936164126
MAE: 2.52530629546554
EVS: 0.7771712936488376
