Model: GRU
MSE: 10.496074656048362
MAE: 2.7978475623660617
EVS: 0.7496640707191198
