Model: GRU
MSE: 11.461263912792376
MAE: 2.832095905586525
EVS: 0.725561970319424
