Model: GRU
MSE: 13.571632813678873
MAE: 3.063541853869403
EVS: 0.7670550950333503
