Model: GRU
MSE: 20.276113276544496
MAE: 3.4663626706158674
EVS: 0.5396149499699128
