Model: GRU
MSE: 13.29718512980145
MAE: 3.1940558044998735
EVS: 0.6951583280674416
