Model: GRU
MSE: 16.064280938230613
MAE: 3.1687018518094665
EVS: 0.5971212704666189
