Model: GRU
MSE: 12.676265989933098
MAE: 2.874744839138455
EVS: 0.7051618531788756
