Model: GRU
MSE: 11.8302569628249
MAE: 2.9947174566763417
EVS: 0.7230488494095497
