Model: GRU
MSE: 6.895658762525996
MAE: 2.084435498272931
EVS: 0.8359587664072308
