Model: GRU
MSE: 16.341893055769155
MAE: 3.4289721736201533
EVS: 0.6423207451581535
