Model: GRU
MSE: 14.011980373954948
MAE: 3.0270946290757923
EVS: 0.6814747205036483
