Model: GRU
MSE: 15.441008989699109
MAE: 3.078569500534623
EVS: 0.7057128676414728
