Model: GRU
MSE: 16.87991139470637
MAE: 3.558589594704764
EVS: 0.6461479071875341
