Model: GRU
MSE: 16.60130502889076
MAE: 3.4992812474568686
EVS: 0.6898915301801218
