Model: GRU
MSE: 13.78665917409278
MAE: 3.2495786348978677
EVS: 0.690002840384953
