Model: GRU
MSE: 10.486015726360082
MAE: 2.5792631926359952
EVS: 0.748657396765646
