Model: GRU
MSE: 23.86180186919771
MAE: 4.227090817910653
EVS: 0.4447267204899188
