Model: GRU
MSE: 8.379634650247326
MAE: 2.274234921843917
EVS: 0.8141870117880714
