Model: GRU
MSE: 15.732513281006774
MAE: 3.249550289577908
EVS: 0.6450171732298675
