Model: GRU
MSE: 9.79257312520633
MAE: 2.6906790645034224
EVS: 0.7890355381403056
