Model: GRU
MSE: 1110.3627965449682
MAE: 32.58989411813241
EVS: -0.1572496835478987
