Model: GRU
MSE: 446.9724082211988
MAE: 19.88715500301785
EVS: -0.19985171785207334
