Model: GRU
MSE: 12.470989649999344
MAE: 3.0127407091635243
EVS: 0.7114956917057169
