Model: GRU
MSE: 18.448032970484082
MAE: 3.7378836561132363
EVS: 0.611770822585298
