Model: GRU
MSE: 17.68253640121265
MAE: 3.3996580441792807
EVS: 0.6979485136635347
