Model: GRU
MSE: 14.645699767972353
MAE: 3.37878245777554
EVS: 0.708594086040177
