Model: GRU
MSE: 13.933144333988313
MAE: 3.0206088931472213
EVS: 0.6830656315133143
