Model: GRU
MSE: 10.404968243317425
MAE: 2.6259180263236717
EVS: 0.7565185317503988
