Model: GRU
MSE: 18.738650494883654
MAE: 3.5584867618702076
EVS: 0.7147364841172326
