Model: GRU
MSE: 11.311286575498286
MAE: 2.7922393569239863
EVS: 0.7287896141054764
