Model: GRU
MSE: 10.709971508230693
MAE: 2.7277729952776872
EVS: 0.7520398160205941
