Model: GRU
MSE: 16.306626146028353
MAE: 3.6150595347086587
EVS: 0.626954863260512
