Model: GRU
MSE: 14.07789824323291
MAE: 3.2548114282113536
EVS: 0.682703252528662
