Model: GRU
MSE: 12.97417598294159
MAE: 3.093219527491817
EVS: 0.7517522133718212
