Model: GRU
MSE: 8.606586698498742
MAE: 2.4813358342206038
EVS: 0.7938757536881869
