Model: GRU
MSE: 12.350958417408249
MAE: 2.9723094127796315
EVS: 0.6898114213830973
