Model: GRU
MSE: 19.278269367474717
MAE: 3.7318807354679815
EVS: 0.7044629171687031
