Model: GRU
MSE: 155.87570781918214
MAE: 10.618408918380737
EVS: -0.03408321159265881
