Model: GRU
MSE: 3888.71395346624
MAE: 62.08806482950846
EVS: 0.18985231064755648
