Model: GRU
MSE: 16.94931862814947
MAE: 3.5878302609478987
EVS: 0.6238423832009243
