Model: GRU
MSE: 13.899405386222055
MAE: 3.14967355021724
EVS: 0.6829322359442469
