Model: GRU
MSE: 13.795518171339332
MAE: 3.135611657743101
EVS: 0.6964275476545948
