Model: GRU
MSE: 22.35232489602003
MAE: 3.947563577581335
EVS: 0.5408314898301112
