Model: GRU
MSE: 12.127081896919746
MAE: 2.9951061319421837
EVS: 0.7401034829317163
