Model: GRU
MSE: 47.28165145308258
MAE: 5.306770730901648
EVS: 0.09060601034108695
