Model: GRU
MSE: 11.828448918170167
MAE: 2.7437274897540056
EVS: 0.7054763291923764
