Model: GRU
MSE: 12.272122997951172
MAE: 2.881657741687916
EVS: 0.7071684508003763
