Model: GRU
MSE: 11.908000691165954
MAE: 2.739435972990813
EVS: 0.7310546795299828
