Model: GRU
MSE: 17.809515399685356
MAE: 3.626301818423801
EVS: 0.7155506817309121
