Model: GRU
MSE: 14.267798787131401
MAE: 2.8981761005189686
EVS: 0.6665226336260162
