Model: GRU
MSE: 14.139303492593623
MAE: 3.0704427118654603
EVS: 0.7278976376883153
