Model: GRU
MSE: 15.328924115571327
MAE: 3.4496767962420427
EVS: 0.6761351422894264
