Model: GRU
MSE: 14.047050026554366
MAE: 3.0967386210406267
EVS: 0.6631704524829884
