Model: GRU
MSE: 11.532981234299314
MAE: 2.824776049013491
EVS: 0.7457534728393038
