Model: GRU
MSE: 12.280683020141328
MAE: 2.9567660402368614
EVS: 0.7292496510156419
