Model: GRU
MSE: 10.951998815111288
MAE: 2.713441009874697
EVS: 0.7649553785488341
