Model: GRU
MSE: 12.068494389284668
MAE: 2.9939273904871055
EVS: 0.7168786610317079
