Model: GRU
MSE: 2385.183651995886
MAE: 48.40950266520182
EVS: -2.220446049250313e-16
