Model: GRU
MSE: 15.206681236817126
MAE: 3.1394066280788846
EVS: 0.6828907020520999
