Model: GRU
MSE: 15.355150608842063
MAE: 3.393953464649342
EVS: 0.7306218508608966
