Model: GRU
MSE: 13.51853679962101
MAE: 2.878986641212746
EVS: 0.6792647990670702
