Model: GRU
MSE: 9.026174352541652
MAE: 2.4778321584065757
EVS: 0.8000340332505649
