Model: GRU
MSE: 15.841939921048867
MAE: 3.484959602355957
EVS: 0.6396399501614018
