Model: GRU
MSE: 13.682311339766876
MAE: 3.0595724141156233
EVS: 0.6776199055257708
