Model: GRU
MSE: 12.453094853819367
MAE: 2.912785865642406
EVS: 0.7357595779002836
