Model: GRU
MSE: 20.937919652552484
MAE: 3.867289490169949
EVS: 0.5124294958212848
