Model: GRU
MSE: 17.34252197785866
MAE: 3.492365598678589
EVS: 0.6039516458158354
