Model: GRU
MSE: 11.32477258084826
MAE: 2.77619907591078
EVS: 0.7294490663287498
