Model: GRU
MSE: 11.850125913614901
MAE: 2.7726291638833507
EVS: 0.7188073627126377
