Model: GRU
MSE: 16.11377296099709
MAE: 3.6681391574718334
EVS: 0.6785015679080699
