Model: GRU
MSE: 12.705826050507303
MAE: 3.0506818736041033
EVS: 0.7068892322775726
