Model: GRU
MSE: 14.75354793340562
MAE: 3.238519032796224
EVS: 0.6462456389726223
