Model: GRU
MSE: 13.67276825728377
MAE: 3.1424611939324274
EVS: 0.6777021724922943
