Model: GRU
MSE: 11.28535885227618
MAE: 2.8238239376633256
EVS: 0.7293981008326502
