Model: GRU
MSE: 15.773812369343375
MAE: 3.3677623095335782
EVS: 0.6416122843269517
