Model: GRU
MSE: 11.560990672422887
MAE: 2.699097756986265
EVS: 0.7266978254946261
