Model: GRU
MSE: 10.730097572503146
MAE: 2.65694738317419
EVS: 0.7500249381699798
