Model: GRU
MSE: 16.774703236383555
MAE: 3.5797326653091996
EVS: 0.7072780727828558
