Model: GRU
MSE: 9.566250825482612
MAE: 2.503249654063472
EVS: 0.8076416077532663
