Model: GRU
MSE: 24.91583186208297
MAE: 4.262149298632586
EVS: 0.6684041551081538
