Model: GRU
MSE: 12.353684475281819
MAE: 2.958785957760281
EVS: 0.7037934475001983
