Model: GRU
MSE: 15.199721067517396
MAE: 3.199060599009196
EVS: 0.6358210980592536
