Model: GRU
MSE: 13.663377809880869
MAE: 3.0248584747314453
EVS: 0.7159726049759676
