Model: GRU
MSE: 12.716144379138449
MAE: 3.127327530472367
EVS: 0.7176781117694813
