Model: GRU
MSE: 13.760936966357306
MAE: 3.123052402778908
EVS: 0.680767674745353
