Model: GRU
MSE: 13.85864816223763
MAE: 3.15202972624037
EVS: 0.6826746473214595
