Model: GRU
MSE: 12.001952360620946
MAE: 2.845257564827248
EVS: 0.7200090615992025
