Model: GRU
MSE: 15.764559342024743
MAE: 3.5917022669756853
EVS: 0.6503254558321372
