Model: GRU
MSE: 9.993629111569867
MAE: 2.7604339211075395
EVS: 0.7898636988591343
