Model: GRU
MSE: 11.878700779553744
MAE: 2.909655138298317
EVS: 0.7269801240217031
