Model: GRU
MSE: 21.233408156273438
MAE: 3.894238931792123
EVS: 0.5982951196770995
