Model: GRU
MSE: 12.43521469768715
MAE: 3.0058844884236655
EVS: 0.7127927966880157
