Model: GRU
MSE: 21.928012707274245
MAE: 3.841492034770824
EVS: 0.4760599896348272
