Model: GRU
MSE: 11.703085018173775
MAE: 2.917106169241446
EVS: 0.7516066999678015
