Model: GRU
MSE: 13.50894054366217
MAE: 3.0698560255545155
EVS: 0.6767187545297737
