Model: GRU
MSE: 15.138479037272385
MAE: 3.3993821850529424
EVS: 0.6480368763593483
