Model: GRU
MSE: 11.434269185508617
MAE: 2.819776005215115
EVS: 0.7742776373489748
