Model: GRU
MSE: 16.0761161144538
MAE: 3.5827353265550403
EVS: 0.6984265077152797
