Model: GRU
MSE: 10.805273864495483
MAE: 2.96219884024726
EVS: 0.7498572665691476
