Model: GRU
MSE: 11.722564065696293
MAE: 2.9508387777540417
EVS: 0.7196439079384909
