Model: GRU
MSE: 21.006211879463972
MAE: 4.137313242311831
EVS: 0.6302395876258555
