Model: GRU
MSE: 14.091676542517506
MAE: 3.087429673583419
EVS: 0.6659467076851288
