Model: GRU
MSE: 10.404777112364323
MAE: 2.623962720235189
EVS: 0.7626497765026976
