Model: GRU
MSE: 4747.997493070151
MAE: 68.60644658406575
EVS: -0.037936705981069574
