Model: GRU
MSE: 12.641673699795842
MAE: 2.9169517446447304
EVS: 0.6968772291606373
