Model: GRU
MSE: 13.951637317575571
MAE: 2.9891506092888966
EVS: 0.6741220572730379
