Model: GRU
MSE: 13.707329959057752
MAE: 2.8007070929915816
EVS: 0.6723801129743885
