Model: GRU
MSE: 13.434972785535669
MAE: 3.068499935997857
EVS: 0.6965260085682521
