Model: GRU
MSE: 2312.4534002248047
MAE: 47.392104396113645
EVS: -0.5931880200551543
