Model: GRU
MSE: 9.580521947728222
MAE: 2.7438863471702293
EVS: 0.7583937848890656
