Model: GRU
MSE: 8.243579359647496
MAE: 2.3709407294238054
EVS: 0.8126661623766863
