Model: GRU
MSE: 11.87512931368494
MAE: 2.8866566198843495
EVS: 0.7152501484520706
