Model: GRU
MSE: 12.037668335449114
MAE: 2.7827263408237033
EVS: 0.7311097117110978
