Model: GRU
MSE: 9.46938330078236
MAE: 2.5365554844891585
EVS: 0.7730256377426572
