Model: GRU
MSE: 22.23567705465343
MAE: 4.230364799499512
EVS: 0.5566120740431622
