Model: GRU
MSE: 23.303887595551807
MAE: 4.160092053589998
EVS: 0.6844433404773367
