Model: GRU
MSE: 15.121582366261102
MAE: 3.081477712701868
EVS: 0.6393715339139312
