Model: GRU
MSE: 13.559197091226535
MAE: 3.065814724674931
EVS: 0.6996392740881073
