Model: GRU
MSE: 11.971652210797762
MAE: 2.8178665152302496
EVS: 0.7131241327548268
