Model: GRU
MSE: 10.46375291989455
MAE: 2.712723731994629
EVS: 0.7493180719162797
