Model: GRU
MSE: 13.38072787910012
MAE: 2.9897080439108388
EVS: 0.7211133477606573
