Model: GRU
MSE: 16.74514550401594
MAE: 3.515927138151946
EVS: 0.6072494307932776
