Model: GRU
MSE: 19.556259504482778
MAE: 3.550779007099293
EVS: 0.5595458945618295
