Model: GRU
MSE: 13.352303056371966
MAE: 3.090114699469672
EVS: 0.6805887320713964
