Model: GRU
MSE: 12.321141904517003
MAE: 3.079343795776367
EVS: 0.7346653233691727
