Model: GRU
MSE: 14.141801682538008
MAE: 3.372498547589337
EVS: 0.6945647826071855
