Model: GRU
MSE: 16.24061787960056
MAE: 3.522739957880091
EVS: 0.6715142428887482
