Model: GRU
MSE: 13.208236936778913
MAE: 3.057493421766493
EVS: 0.6903213285004755
