Model: GRU
MSE: 11.410025046832816
MAE: 2.879433411139029
EVS: 0.7277062072564147
