Model: GRU
MSE: 16.05932558056451
MAE: 3.2598929228606046
EVS: 0.6689464637440644
