Model: GRU
MSE: 10.980389484632552
MAE: 2.608529885609945
EVS: 0.7453629067579206
