Model: GRU
MSE: 12.778742913328777
MAE: 2.999999929357458
EVS: 0.7227829876623824
