Model: GRU
MSE: 11.115411944404276
MAE: 2.76412358990422
EVS: 0.7408152065917286
