Model: GRU
MSE: 12.519450245108779
MAE: 3.029768784840902
EVS: 0.7166619331277018
