Model: GRU
MSE: 11.291800384591241
MAE: 2.61084344651964
EVS: 0.7295881390425792
