Model: GRU
MSE: 12.770509952977987
MAE: 3.0153243630020707
EVS: 0.6940644317267204
