Model: GRU
MSE: 12.822933639112307
MAE: 3.024482656408239
EVS: 0.7335525996498373
