Model: GRU
MSE: 9.65587804413793
MAE: 2.5767039546260126
EVS: 0.7691980088008284
