Model: GRU
MSE: 11.025911150651575
MAE: 2.811378584967719
EVS: 0.7370273595544727
