Model: GRU
MSE: 15.791656142935414
MAE: 3.322153886159261
EVS: 0.7419257283638044
