Model: GRU
MSE: 16.567518575379026
MAE: 3.363543121903031
EVS: 0.6106398898833227
