Model: GRU
MSE: 11.882142233890674
MAE: 2.891452188845034
EVS: 0.7623172475119154
