Model: GRU
MSE: 10.471646007871927
MAE: 2.6436150868733725
EVS: 0.76491292856919
