Model: GRU
MSE: 21.26033901801004
MAE: 3.794026427798801
EVS: 0.6120557167100116
