Model: GRU
MSE: 19.02767456852263
MAE: 3.7664042578803167
EVS: 0.6183631166860014
