Model: GRU
MSE: 10.493635922403781
MAE: 2.623027148070159
EVS: 0.7555604551289928
