Model: GRU
MSE: 12.348785631569685
MAE: 2.715361400886818
EVS: 0.7048845071148695
