Model: GRU
MSE: 16.02796506049736
MAE: 3.449019500187465
EVS: 0.6797186564537088
