Model: GRU
MSE: 17.984080817894014
MAE: 3.6583704241999873
EVS: 0.5916878117791329
