Model: GRU
MSE: 11.957227563335959
MAE: 2.72458263679787
EVS: 0.7217981551485484
