Model: GRU
MSE: 16.70496055114576
MAE: 3.351699776119656
EVS: 0.6248742804225892
