Model: GRU
MSE: 15.844569506507362
MAE: 3.291216488237734
EVS: 0.6357124944185095
