Model: GRU
MSE: 16.190649493446976
MAE: 3.3982102076212564
EVS: 0.6629600909039775
