Model: GRU
MSE: 18.493199847359932
MAE: 3.516358764083297
EVS: 0.5630332894207536
