Model: GRU
MSE: 13.851103419124982
MAE: 3.16767097402502
EVS: 0.7398633645891346
