Model: GRU
MSE: 14.699486445828942
MAE: 3.043824902287236
EVS: 0.641115838863902
