Model: GRU
MSE: 9.194124721131296
MAE: 2.563914007610745
EVS: 0.7855430657480841
