Model: GRU
MSE: 14.137862226347082
MAE: 3.3160954934579356
EVS: 0.672494690451527
