Model: GRU
MSE: 12.750548796269685
MAE: 2.7734071678585477
EVS: 0.6996931350523194
