Model: GRU
MSE: 18.741798688781703
MAE: 3.872355408138699
EVS: 0.5980896368275874
