Model: GRU
MSE: 19.29416459496971
MAE: 3.675809489356147
EVS: 0.5731217156280772
