Model: GRU
MSE: 16.081236499834144
MAE: 3.3064080344306097
EVS: 0.6165794470849172
