Model: GRU
MSE: 10.33681870658114
MAE: 2.7463279123659485
EVS: 0.7535783616504287
