Model: GRU
MSE: 69.76101196727804
MAE: 6.228215690012331
EVS: -0.23159360275374508
