Model: GRU
MSE: 13.6475009771329
MAE: 3.1738535916363753
EVS: 0.6747833928908019
