Model: GRU
MSE: 11.396456379120435
MAE: 2.6709329463817455
EVS: 0.751805421915376
