Model: GRU
MSE: 10.408720601744289
MAE: 2.684740172492133
EVS: 0.7873887917206978
