Model: GRU
MSE: 18.129171929491914
MAE: 3.470495656684593
EVS: 0.6740682022876943
