Model: GRU
MSE: 10.01522207702961
MAE: 2.662515234064173
EVS: 0.7676787773659706
