Model: GRU
MSE: 13.510986658053286
MAE: 3.029783920005516
EVS: 0.6800312969033836
