Model: GRU
MSE: 10.17582846601879
MAE: 2.6275348398420544
EVS: 0.7565765634802437
