Model: GRU
MSE: 14.773878254069402
MAE: 3.303931554158529
EVS: 0.6664063488456352
