Model: GRU
MSE: 19.30784440597258
MAE: 3.7502142941510237
EVS: 0.6259542033679006
