Model: GRU
MSE: 16.257920082571506
MAE: 3.2151099698884145
EVS: 0.6432347915689973
