Model: GRU
MSE: 17.733148871063584
MAE: 3.601149594342267
EVS: 0.5928828810667603
