Model: GRU
MSE: 17.250167701956283
MAE: 3.5308065591035067
EVS: 0.6099451106700787
