Model: GRU
MSE: 12.382080839951717
MAE: 2.9473210087528936
EVS: 0.7246008396674201
