Model: GRU
MSE: 12.757907341041081
MAE: 2.6482895259503967
EVS: 0.6994925416205015
