Model: GRU
MSE: 15.855563436085227
MAE: 3.4681383238898382
EVS: 0.6313996537491889
