Model: GRU
MSE: 26.379837924013575
MAE: 4.3012837657222045
EVS: 0.6844249277674357
