Model: GRU
MSE: 14.168052098259842
MAE: 3.3625156967728227
EVS: 0.7046319257346907
