Model: GRU
MSE: 12.004333426299228
MAE: 2.9405811804312245
EVS: 0.7372854522560456
