Model: GRU
MSE: 16.57659915434874
MAE: 3.6676125173215515
EVS: 0.6253718532892723
