Model: GRU
MSE: 15.27759146404383
MAE: 3.240842748571325
EVS: 0.6486145112939299
