Model: GRU
MSE: 14.89551911495147
MAE: 3.38524126123499
EVS: 0.681076076827415
