Model: GRU
MSE: 12.784840551387443
MAE: 2.974933465321859
EVS: 0.7118071981947879
