Model: GRU
MSE: 10.970206028975827
MAE: 2.7426437625178584
EVS: 0.7383785121650309
