Model: GRU
MSE: 14.005222519821464
MAE: 3.2305747314735695
EVS: 0.6771977841219872
