Model: GRU
MSE: 10.391423258303709
MAE: 2.734639211937233
EVS: 0.7525525009526206
