Model: GRU
MSE: 14.533470600279399
MAE: 3.3465947928252042
EVS: 0.7212292269305862
