Model: GRU
MSE: 19.11769582531302
MAE: 3.6739489414073803
EVS: 0.5437530721435745
