Model: GRU
MSE: 19.77771159244882
MAE: 3.2398749236707336
EVS: 0.5278953198877265
