Model: GRU
MSE: 11.196249833149345
MAE: 2.8726056946648493
EVS: 0.7606400503115023
