Model: GRU
MSE: 11.322481134271246
MAE: 2.7656150040803134
EVS: 0.7291395757370737
