Model: GRU
MSE: 13.522758305204654
MAE: 3.1122702404304787
EVS: 0.6786275524064457
