Model: GRU
MSE: 10.896535665419142
MAE: 2.7053827003196433
EVS: 0.7407348639430658
