Model: GRU
MSE: 17.43385019853021
MAE: 3.370339005081742
EVS: 0.6572237357950912
