Model: GRU
MSE: 16.272002030274297
MAE: 3.458155257361276
EVS: 0.6093411594722057
