Model: GRU
MSE: 28.831079470931822
MAE: 4.631337949207851
EVS: 0.5247463133006783
