Model: GRU
MSE: 13.27164789459699
MAE: 3.070007430182563
EVS: 0.6968996441391797
