Model: GRU
MSE: 145.81972762660322
MAE: 10.281996206000999
EVS: -0.0113861514051401
