Model: GRU
MSE: 11.934180998831893
MAE: 3.079609429394757
EVS: 0.7266430335293248
