Model: GRU
MSE: 12.630378178067202
MAE: 3.008464301073993
EVS: 0.6972870633439063
