Model: GRU
MSE: 9.859126097245861
MAE: 2.6389017281708895
EVS: 0.7662669718167092
