Model: GRU
MSE: 14.203867442534264
MAE: 3.286042407706932
EVS: 0.6867230175543484
