Model: GRU
MSE: 10.668338281228834
MAE: 2.889966876418502
EVS: 0.7495882277446118
