Model: GRU
MSE: 11.242731648384085
MAE: 2.793868418093081
EVS: 0.7219379121302305
