Model: GRU
MSE: 15.343199942826526
MAE: 3.4177306316517018
EVS: 0.7037404082047913
