Model: GRU
MSE: 13.971116226691388
MAE: 3.192986558984827
EVS: 0.6744494567072845
