Model: GRU
MSE: 12.644450642472293
MAE: 3.059243025603118
EVS: 0.7039476243909857
