Model: GRU
MSE: 13.55636601460656
MAE: 3.21111790339152
EVS: 0.731712583577999
