Model: GRU
MSE: 14.169459782601491
MAE: 3.2796309612415455
EVS: 0.7013584262034929
