Model: GRU
MSE: 9.309535990302098
MAE: 2.547833963676735
EVS: 0.7785897357089097
