Model: GRU
MSE: 17.880088261692638
MAE: 3.6297690073649087
EVS: 0.708566614153852
