Model: GRU
MSE: 19.71559367737898
MAE: 3.6836467848883734
EVS: 0.6515449382875693
