Model: GRU
MSE: 19.778193608594545
MAE: 3.8197040911074036
EVS: 0.5558181247989957
