Model: GRU
MSE: 10.371644533706247
MAE: 2.757934075814706
EVS: 0.7445800485295293
