Model: GRU
MSE: 11.056674389270128
MAE: 2.850809359991992
EVS: 0.7460585352703324
