Model: GRU
MSE: 15.119491084403926
MAE: 3.3175231085883246
EVS: 0.6683846478433974
