Model: GRU
MSE: 13.173477626778322
MAE: 2.9977740005210594
EVS: 0.7787065774259243
