Model: GRU
MSE: 10.795646155538575
MAE: 2.570151346701163
EVS: 0.7447776939930548
