Model: GRU
MSE: 11.038231914311336
MAE: 2.6759965861285173
EVS: 0.7391792995165399
