Model: GRU
MSE: 16.472035975566996
MAE: 3.3448057527895325
EVS: 0.6083423766369642
