Model: GRU
MSE: 11.259228832670976
MAE: 2.926742023891873
EVS: 0.7381010270784338
