Model: GRU
MSE: 17.05951908778768
MAE: 3.7029356250056513
EVS: 0.638029292180279
