Model: GRU
MSE: 12.387400996740006
MAE: 3.096088974564164
EVS: 0.7065605719809407
