Model: GRU
MSE: 11.386408449189922
MAE: 2.6533530641485146
EVS: 0.7270435746189368
