Model: GRU
MSE: 12.141588736113953
MAE: 2.975531489760787
EVS: 0.7316956129315911
