Model: GRU
MSE: 15.079678818566528
MAE: 3.275219952618634
EVS: 0.6504221505770411
