Model: GRU
MSE: 13.210192220867343
MAE: 2.929406934314304
EVS: 0.6947167874110971
