Model: GRU
MSE: 13.643965343832136
MAE: 3.2666887353967735
EVS: 0.7114369604037301
