Model: GRU
MSE: 154.40310541869727
MAE: 10.604592036317896
EVS: -0.005803548288569216
