Model: GRU
MSE: 1248.2195056065325
MAE: 34.75355049415871
EVS: 0.03101571161161243
