Model: GRU
MSE: 11.515012135555104
MAE: 2.9962593802699335
EVS: 0.7316767313553745
