Model: GRU
MSE: 9.140758188164776
MAE: 2.4606443599418357
EVS: 0.784253103309582
