Model: GRU
MSE: 12.475770732770739
MAE: 2.7437975141737194
EVS: 0.6881891523520863
