Model: GRU
MSE: 1237.998696194061
MAE: 33.98818990919325
EVS: -0.9854745630978912
