Model: GRU
MSE: 13.602307584440355
MAE: 2.9077210514633745
EVS: 0.6906386904956755
