Model: GRU
MSE: 12.669882787341091
MAE: 2.744255224863688
EVS: 0.7065304026902957
