Model: GRU
MSE: 12.744961706943675
MAE: 3.079616802710074
EVS: 0.7237590348342081
