Model: GRU
MSE: 10.95259457380449
MAE: 2.719733794530233
EVS: 0.7464968144676918
