Model: GRU
MSE: 11.044874268312183
MAE: 2.574923109125208
EVS: 0.7415539822467742
