Model: GRU
MSE: 17.384117748395933
MAE: 3.274995768511737
EVS: 0.5838517705553665
