Model: GRU
MSE: 13.355949014027933
MAE: 3.061698065863715
EVS: 0.7202269061777782
