Model: GRU
MSE: 18.9522450132629
MAE: 3.6696249820567943
EVS: 0.5546658989121684
