Model: GRU
MSE: 9.9186281635913
MAE: 2.475086291631063
EVS: 0.7804920526203616
