Model: GRU
MSE: 16.70931189277697
MAE: 3.536542945437961
EVS: 0.7194052247951198
