Model: GRU
MSE: 15.018153251302685
MAE: 3.372064475659971
EVS: 0.728452933660813
