Model: GRU
MSE: 38.96770051563585
MAE: 4.233974085913764
EVS: 0.09647113762701154
