Model: GRU
MSE: 369.5556511503307
MAE: 18.09849848570647
EVS: -0.007104884775051223
