Model: GRU
MSE: 11.076598609543588
MAE: 2.8904302738330983
EVS: 0.7344779844073352
