Model: GRU
MSE: 11.823084871795382
MAE: 2.832279328946714
EVS: 0.726078987967284
