Model: GRU
MSE: 17.786361823107544
MAE: 3.599104121879295
EVS: 0.6967547557631477
