Model: GRU
MSE: 11.31504509379528
MAE: 2.784742311195091
EVS: 0.7330851956690914
