Model: GRU
MSE: 11.830103571793197
MAE: 2.719188849131266
EVS: 0.7313997694978044
