Model: GRU
MSE: 13.42569697201228
MAE: 3.2222222222222223
EVS: 0.7069041750238488
