Model: GRU
MSE: 12.63656517032358
MAE: 3.077010084081579
EVS: 0.7000395680361201
