Model: GRU
MSE: 15.486305305845072
MAE: 3.1983954818160445
EVS: 0.643285845284407
