Model: GRU
MSE: 10.984737328634655
MAE: 2.7692100207010903
EVS: 0.7375672195587513
