Model: GRU
MSE: 11.74704033813806
MAE: 2.9141996966467962
EVS: 0.7291394107562668
