Model: GRU
MSE: 24.269490088601387
MAE: 4.242864043624313
EVS: 0.5535116234425823
