Model: GRU
MSE: 12.24011076498002
MAE: 2.9556911256578235
EVS: 0.7651081979307119
