Model: GRU
MSE: 11.76243080497827
MAE: 2.7567415678942644
EVS: 0.7442568834117128
