Model: GRU
MSE: 18.59989678087677
MAE: 3.7231668366326227
EVS: 0.6955625765055573
