Model: GRU
MSE: 13.480483007126066
MAE: 3.235367492393211
EVS: 0.708836510912666
