Model: GRU
MSE: 15.035661879309147
MAE: 3.342622130005448
EVS: 0.6648158332561298
