Model: GRU
MSE: 14.758876228456927
MAE: 2.9630552662743463
EVS: 0.681177852819991
