Model: GRU
MSE: 513.4658624523631
MAE: 21.636768305743182
EVS: -0.08662098833984189
