Model: GRU
MSE: 14.631390864792273
MAE: 3.510259239761918
EVS: 0.687770839458393
