Model: GRU
MSE: 13.44761711799066
MAE: 2.98963639471266
EVS: 0.7058158643518101
