Model: GRU
MSE: 10.460924349677693
MAE: 2.7062761606993497
EVS: 0.7612947039885292
