Model: GRU
MSE: 12.183542208859611
MAE: 2.843285595929181
EVS: 0.708338559894474
