Model: sequential_23
MSE: 0.1213195195678054
MAE: 0.3483095169067383
EVS: 1.0
