Model: sequential_23
MSE: 1.5031207642620454
MAE: 0.9358687400817871
EVS: 0.6277451863471379
