Model: sequential_14
MSE: 0.11750643997212595
MAE: 0.3427921235561371
EVS: 1.0
