Model: sequential_14
MSE: 3.9025393918228155
MAE: 1.344514439503352
EVS: 0.6814253591442259
