Model: sequential_5
MSE: 0.0029840506613254547
MAE: 0.05462646484375
EVS: 1.0
