Model: sequential_5
MSE: 0.3022280824519233
MAE: 0.41242551803588867
EVS: 0.560466863002901
