Model: sequential_18
MSE: 0.00551592814099422
MAE: 0.07426929473876953
EVS: 1.0
