Model: sequential_18
MSE: 0.028276333588204732
MAE: 0.1368473768234253
EVS: 0.0
