Model: GRU
MSE: 12.946879348092033
MAE: 2.0960638258192272
EVS: -0.854371645534225
