Model: GRU
MSE: 16.00497239320907
MAE: 2.3762109632845276
EVS: -1.5694704226267118
