Model: GRU
MSE: 29.429080495625325
MAE: 2.683610757191976
EVS: -3.43881633416538
