Model: GRU
MSE: 18.261611794902695
MAE: 2.0233991234390825
EVS: -1.9692565475003745
