Model: GRU
MSE: 10.975353572879207
MAE: 1.6410840352376301
EVS: -0.687500881046265
