Model: GRU
MSE: 6.227501633298886
MAE: 1.403200661694562
EVS: -0.3073143761114181
