Model: GRU
MSE: 6.322246986089037
MAE: 1.4106064549198858
EVS: -0.24149847578197337
