Model: GRU
MSE: 12.232719153286082
MAE: 1.824934235325566
EVS: -0.9123593810848876
