Model: GRU
MSE: 11.7542085792129
MAE: 1.8322100109524198
EVS: -0.771808272510937
