Model: GRU
MSE: 10.819928161972678
MAE: 1.6982760605988678
EVS: -0.66377479639976
