Model: GRU
MSE: 9.79944594047404
MAE: 1.6028805662084509
EVS: -0.5215783868268618
