Model: GRU
MSE: 129.1784572296959
MAE: 11.085001499564559
EVS: 0.014677378895485815
