Model: GRU
MSE: 11.77192351764326
MAE: 1.9842709435356989
EVS: -0.7463128526759855
