Model: GRU
MSE: 13.312962862864962
MAE: 2.408701437490958
EVS: -0.736924567490975
