Model: GRU
MSE: 11.593359544775215
MAE: 1.8923957259566695
EVS: -0.7032532097834303
