Model: GRU
MSE: 11.440559258578283
MAE: 1.8034970495435927
EVS: -0.6943926207315045
