Model: GRU
MSE: 10.6969514172536
MAE: 1.724753944962113
EVS: -0.6589231270798968
