Model: GRU
MSE: 11.302977328880573
MAE: 1.6259513784337927
EVS: -0.7608474536105758
