Model: GRU
MSE: 11.0580777809859
MAE: 1.7149026305587203
EVS: -0.7030511656035074
