Model: GRU
MSE: 23.009398636874202
MAE: 2.5328590869903564
EVS: -1.9852351258488126
