Model: GRU
MSE: 12.609531085402674
MAE: 1.9510427404333044
EVS: -0.9320701744149631
