Model: GRU
MSE: 17.271655093017014
MAE: 3.281580924987793
EVS: -0.642857557761241
