Model: GRU
MSE: 22.047260669669726
MAE: 2.5089065940291793
EVS: -2.5876463982609224
