Model: GRU
MSE: 11.699319511296961
MAE: 2.0418267250061035
EVS: -0.6497003066055034
