Model: GRU
MSE: 12.949471356568472
MAE: 2.2587557015595614
EVS: -0.80580290132322
