Model: GRU
MSE: 15.459768142219984
MAE: 2.6804178202593767
EVS: -1.323543782631913
