Model: GRU
MSE: 21.544310416072122
MAE: 2.321886980975116
EVS: -2.404012513027813
