Model: GRU
MSE: 10.229794681700561
MAE: 1.8634891156797055
EVS: -0.64626644531909
