Model: GRU
MSE: 21.864940212941747
MAE: 2.4232684947826244
EVS: -2.305070748480082
