Model: GRU
MSE: 6.34998295396717
MAE: 1.2274468739827473
EVS: -0.4228136848275619
