Model: GRU
MSE: 12.907925873981462
MAE: 2.248110047093144
EVS: -0.8295085189660247
