Model: GRU
MSE: 10.529122450255752
MAE: 1.647124308126944
EVS: -0.6447454220074784
