Model: GRU
MSE: 6.066575424352204
MAE: 1.7919465877391674
EVS: -0.12436972231222865
