Model: GRU
MSE: 10.945833732610254
MAE: 1.693833969257496
EVS: -0.6588138555543492
