Model: GRU
MSE: 12.450432602020017
MAE: 1.9036292676572446
EVS: -0.8873319757389435
