Model: GRU
MSE: 38.150252638639536
MAE: 2.784964755729393
EVS: -4.6963162179762
