Model: GRU
MSE: 12.107692281302594
MAE: 1.6711112128363714
EVS: -0.8743974550619176
