Model: GRU
MSE: 21.828362197044143
MAE: 3.186721788512336
EVS: -2.3283734503280873
