Model: GRU
MSE: 11.742797322608745
MAE: 2.079813974874991
EVS: -0.6517499584862605
