Model: GRU
MSE: 6.215497043680047
MAE: 1.2758976441842538
EVS: -0.39427761255118
