Model: GRU
MSE: 11.5473109201153
MAE: 1.6203731960720487
EVS: -0.7997479145174646
