Model: GRU
MSE: 27.183451384346622
MAE: 2.603655055717186
EVS: -3.4220409371418476
