Model: GRU
MSE: 9.002502552251295
MAE: 2.3189564281039767
EVS: -0.6461795982639749
