Model: GRU
MSE: 12.240666391588446
MAE: 1.756043963962131
EVS: -0.9084564455037891
