Model: GRU
MSE: 13.8486112830605
MAE: 2.0289002082965992
EVS: -1.1112237853865374
