Model: GRU
MSE: 13.59255000308945
MAE: 1.9273055041277851
EVS: -1.048656793987162
