Model: GRU
MSE: 12.460846120998086
MAE: 1.833851690645571
EVS: -0.8821955198764886
