Model: GRU
MSE: 12.349139078823168
MAE: 1.9288012539898907
EVS: -0.8405145030181858
