Model: GRU
MSE: 12.50653593011662
MAE: 2.1355053936993635
EVS: -0.7462772221033345
