Model: GRU
MSE: 13.328373708787366
MAE: 2.1297304541976363
EVS: -0.9331821854748419
