Model: GRU
MSE: 12.71581215829367
MAE: 1.9780245357089572
EVS: -0.9282666554852221
