Model: GRU
MSE: 14.068331175010998
MAE: 1.8862657988512959
EVS: -1.2903176212849985
