Model: GRU
MSE: 65.11725337520569
MAE: 3.1179446114434137
EVS: -9.455858307102066
