Model: GRU
MSE: 11.428956240013687
MAE: 1.6976317829555936
EVS: -0.778879006626009
