Model: GRU
MSE: 14.336535674368944
MAE: 2.190724090293602
EVS: -1.33705697155052
