Model: GRU
MSE: 15.584433113457045
MAE: 2.934949768914117
EVS: -0.7465126514210882
