Model: GRU
MSE: 42.2318931121303
MAE: 2.9811289651053294
EVS: -4.9512727728759005
