Model: GRU
MSE: 11.640073115011479
MAE: 1.7665762724699798
EVS: -0.7669028011653507
