Model: GRU
MSE: 11.779821587811941
MAE: 2.1497673988342285
EVS: -0.5974740582899678
