Model: GRU
MSE: 42.36336150945317
MAE: 2.8366933045563876
EVS: -5.834327507073527
