Model: GRU
MSE: 26.27453574254514
MAE: 2.4974768603289568
EVS: -3.2719570962135247
