Model: GRU
MSE: 12.546138110289585
MAE: 1.9344306345339175
EVS: -0.968677813731667
