Model: GRU
MSE: 28.97097297997691
MAE: 3.1499963336520724
EVS: -3.63538476626631
