Model: GRU
MSE: 11.678039969400347
MAE: 1.669590013998526
EVS: -0.800759000275439
