Model: GRU
MSE: 10.99279252678975
MAE: 1.6130101945665147
EVS: -0.6790682849140808
