Model: GRU
MSE: 11.544277046594432
MAE: 1.7675381589818884
EVS: -0.7772402959230873
