Model: GRU
MSE: 27.685728708334132
MAE: 2.3830246572141296
EVS: -3.4149054882393672
