Model: GRU
MSE: 10.892494044211137
MAE: 1.607454847406458
EVS: -0.7028503679880016
