Model: GRU
MSE: 14.093800987131385
MAE: 2.3432211875915527
EVS: -1.0769627737405183
