Model: GRU
MSE: 11.5374989235861
MAE: 1.975210260461878
EVS: -0.6769726629253838
