Model: GRU
MSE: 12.58588235540625
MAE: 2.2118639416164823
EVS: -0.8011213481664503
