Model: GRU
MSE: 23.086339072296205
MAE: 2.511823926653181
EVS: -2.116068090732944
