Model: GRU
MSE: 13.154720524645334
MAE: 2.5783967265376337
EVS: -0.527990849486393
