Model: GRU
MSE: 7.4130282404609416
MAE: 1.6775401786521629
EVS: -0.5963470087098448
