Model: GRU
MSE: 16.797612025831487
MAE: 2.1967580097692982
EVS: -1.735152863520439
