Model: GRU
MSE: 11.804622956235512
MAE: 1.6265400780571833
EVS: -0.8397548738021221
