Model: GRU
MSE: 11.082227383970551
MAE: 2.0574334815696433
EVS: -0.5473623335084483
