Model: GRU
MSE: 11.109291164496442
MAE: 1.6516914367675781
EVS: -0.7371671489710143
