Model: GRU
MSE: 10.759142062900546
MAE: 1.6989646311159488
EVS: -0.6751712359158926
