Model: GRU
MSE: 10.08962121040676
MAE: 1.5715055465698242
EVS: -0.5645429803786299
