Model: GRU
MSE: 7.750368130574383
MAE: 1.5672993836579499
EVS: -0.44962405275114614
