Model: GRU
MSE: 12.32469738536033
MAE: 1.8718621995713975
EVS: -0.853290185779076
