Model: GRU
MSE: 10.76260770206669
MAE: 1.8508505821228027
EVS: -0.6643176047660213
