Model: GRU
MSE: 11.699360008149268
MAE: 1.7885029227645308
EVS: -0.7304755224358415
