Model: GRU
MSE: 17.9960834205488
MAE: 3.4054058216236256
EVS: -0.7304402773937471
