Model: GRU
MSE: 10.814100833105806
MAE: 1.6818493383902091
EVS: -0.6646894432570665
