Model: GRU
MSE: 11.346561962542259
MAE: 1.8136416011386447
EVS: -0.6813693928199283
