Model: GRU
MSE: 11.302081218912395
MAE: 1.6781420177883573
EVS: -0.7205838926196562
