Model: GRU
MSE: 1003.1197786437281
MAE: 31.571223576863606
EVS: 0.0027272957973258904
