Model: GRU
MSE: 132.51147005818484
MAE: 11.228729365048585
EVS: -0.005010925249259612
