Model: GRU
MSE: 17.694128541312082
MAE: 2.966963220525671
EVS: -1.601816959616746
