Model: GRU
MSE: 11.232845838967588
MAE: 2.007114851916278
EVS: -0.6035194201816891
