Model: GRU
MSE: 11.740094251843132
MAE: 1.8713018629286025
EVS: -0.8130497510684604
