Model: GRU
MSE: 8.225225213137028
MAE: 1.8889389921117712
EVS: -0.7762014451749519
