Model: GRU
MSE: 14.494677303606034
MAE: 2.698927331853796
EVS: -0.7966122122760546
