Model: GRU
MSE: 11.111181267790228
MAE: 1.8765969629640933
EVS: -0.6937436573605815
