Model: GRU
MSE: 7.3242885502846145
MAE: 2.136133653146249
EVS: -0.22019704760777437
