Model: GRU
MSE: 10.422842395570157
MAE: 1.5847847726609972
EVS: -0.6202525088026698
