Model: GRU
MSE: 12.454831488504556
MAE: 1.768564365528248
EVS: -0.9379059581032043
