Model: GRU
MSE: 9.99066609516643
MAE: 1.924980640411377
EVS: -0.3821427181452335
