Model: GRU
MSE: 18.655717779236802
MAE: 2.3479155699412027
EVS: -2.0390028252678274
