Model: GRU
MSE: 13.273937035631612
MAE: 1.8116049943146881
EVS: -1.0523192167842281
