Model: GRU
MSE: 13.813974080861524
MAE: 2.0234790201540345
EVS: -1.0478709993254767
