Model: GRU
MSE: 35.320484716080564
MAE: 3.468139895686397
EVS: -4.667922432155237
