Model: GRU
MSE: 12.108179499565074
MAE: 2.1368215878804526
EVS: -0.69802051995444
