Model: GRU
MSE: 10.662202506803565
MAE: 1.6999780690228496
EVS: -0.6565409696186382
