Model: GRU
MSE: 14.920649466699572
MAE: 2.7445884457340948
EVS: -0.8286475816551038
