Model: GRU
MSE: 10.85853128809534
MAE: 1.6002254132871274
EVS: -0.6977726253201768
