Model: GRU
MSE: 5140.7499657279395
MAE: 71.65441301133897
EVS: -2.220446049250313e-16
