Model: GRU
MSE: 19.233120830011472
MAE: 2.242271317376031
EVS: -2.0564341205358403
