Model: GRU
MSE: 21.127062377203377
MAE: 3.325876686860014
EVS: -1.470993183533671
