Model: GRU
MSE: 10.02333852053154
MAE: 1.6398448590879087
EVS: -0.5191370067058483
