Model: GRU
MSE: 6.135462716562945
MAE: 1.3137027069374367
EVS: -0.2656343297013617
