Model: GRU
MSE: 30.143191649885726
MAE: 2.561383335678666
EVS: -3.9065882427026972
