Model: GRU
MSE: 23.18089762529563
MAE: 2.667647785610623
EVS: -2.399461225868127
