Model: GRU
MSE: 15.013911789683437
MAE: 2.430770485489457
EVS: -1.1275623533106804
