Model: GRU
MSE: 14.33342262321758
MAE: 2.6112316096270525
EVS: -0.8547159607735324
