Model: GRU
MSE: 11.642116669671521
MAE: 1.7098989310087982
EVS: -0.8169197340302572
