Model: GRU
MSE: 17.076886792987597
MAE: 2.5392148229810925
EVS: -1.6200541077731936
