Model: GRU
MSE: 15.456983642908098
MAE: 2.892899160031919
EVS: -0.7533513624190229
