Model: GRU
MSE: 28.36967204805094
MAE: 2.4941368103027344
EVS: -3.4340124250298922
