Model: GRU
MSE: 22.554522940543208
MAE: 3.7007513531932124
EVS: -1.9207573028077376
