Model: GRU
MSE: 10.262689044906908
MAE: 1.5082803655553747
EVS: -0.5929048373904275
