Model: GRU
MSE: 15.442110370440593
MAE: 2.1008875988147877
EVS: -1.5150962463842435
