Model: GRU
MSE: 12.098443709981195
MAE: 1.7241213586595323
EVS: -0.890938402572905
