Model: GRU
MSE: 15.592802815010616
MAE: 2.6297853964346425
EVS: -1.0680822943595416
