Model: GRU
MSE: 10.43390939241707
MAE: 1.8837022251553006
EVS: -0.5549431149490971
