Model: GRU
MSE: 10.534701229944075
MAE: 1.6729863661306876
EVS: -0.6471821668276816
