Model: GRU
MSE: 32.393165167798855
MAE: 3.401071036303485
EVS: -4.186010462558712
