Model: GRU
MSE: 11.448269232073235
MAE: 2.0393264911792897
EVS: -0.629781011177226
