Model: GRU
MSE: 10.195964690885578
MAE: 1.6169792457863137
EVS: -0.5940563459299433
