Model: GRU
MSE: 43.9677579488844
MAE: 3.1520610915289984
EVS: -6.162543459574397
