Model: GRU
MSE: 11.657156749595659
MAE: 2.0067195185908564
EVS: -0.7330811403137698
