Model: GRU
MSE: 22.77339129320369
MAE: 2.454714722103543
EVS: -2.4663078080921816
