Model: GRU
MSE: 18.198960003117715
MAE: 2.291983733574549
EVS: -1.9666450017821089
