Model: GRU
MSE: 12.835882341859016
MAE: 2.3099958455121077
EVS: -0.7211651955111951
