Model: GRU
MSE: 37.835160100181696
MAE: 3.0302942593892417
EVS: -4.544210836658781
