Model: GRU
MSE: 12.572170840031875
MAE: 2.2305399576822915
EVS: -0.8078824440606047
