Model: GRU
MSE: 52.067463365074325
MAE: 2.880826614521168
EVS: -7.243883343617101
