Model: GRU
MSE: 5.980600533088599
MAE: 1.3321490464387116
EVS: -0.3279907452273889
