Model: GRU
MSE: 17.982759465805298
MAE: 2.155136390968605
EVS: -1.9172292102330566
