Model: GRU
MSE: 10.42012201893024
MAE: 1.617956143838388
EVS: -0.6292509722252726
