Model: GRU
MSE: 11.329803171090429
MAE: 1.782426604518184
EVS: -0.7275113155211985
