Model: GRU
MSE: 10.384917564549513
MAE: 1.7547420219138816
EVS: -0.6212076078541122
