Model: GRU
MSE: 12.417745542815199
MAE: 2.6434996216385453
EVS: -0.28569369260920796
