Model: GRU
MSE: 11.98402931665348
MAE: 1.6552898795516402
EVS: -0.8625855987232429
