Model: GRU
MSE: 10.33942791001839
MAE: 1.6739959363584165
EVS: -0.601866320220314
