Model: GRU
MSE: 11.331537351897639
MAE: 1.751322039851436
EVS: -0.7701667438738362
