Model: GRU
MSE: 9.950641150934038
MAE: 1.5730482384010598
EVS: -0.5544796060713919
