Model: GRU
MSE: 14.954692427978548
MAE: 2.189175687454365
EVS: -1.2898494518686263
