Model: GRU
MSE: 37.502046691549744
MAE: 2.754544840918647
EVS: -4.987381303646266
