Model: GRU
MSE: 12.348080054848928
MAE: 2.3741405098526567
EVS: -0.5513465625067948
