Model: GRU
MSE: 10.359110912636694
MAE: 1.5984135027284976
EVS: -0.6186798066477261
