Model: GRU
MSE: 17.28141711051523
MAE: 2.3702252081462314
EVS: -1.3449865351498347
