Model: GRU
MSE: 14.824307844563716
MAE: 2.827201666655364
EVS: -0.6885064353698156
