Model: GRU
MSE: 12.115579455627229
MAE: 1.8228594638683178
EVS: -0.8629848669737072
