Model: GRU
MSE: 11.580120687640374
MAE: 2.0989561787358038
EVS: -0.6357947846082304
