Model: GRU
MSE: 10.892863434613968
MAE: 1.5709041312888816
EVS: -0.6954553839922939
