Model: GRU
MSE: 16.339066440428184
MAE: 2.842935985989041
EVS: -1.0060730594015141
