Model: GRU
MSE: 11.941435129023207
MAE: 1.847476429409451
EVS: -0.779850138528279
