Model: GRU
MSE: 36.32210571772849
MAE: 2.8156514079482466
EVS: -4.698044921821311
