Model: GRU
MSE: 13.748529062906764
MAE: 2.5636748914365417
EVS: -0.7325930327906058
