Model: GRU
MSE: 10.326039447801678
MAE: 1.760016335381402
EVS: -0.5453185754566252
