Model: GRU
MSE: 12.397758632456199
MAE: 2.2491560335512513
EVS: -0.6682029402047647
