Model: GRU
MSE: 11.297041973115013
MAE: 1.8080676043475117
EVS: -0.7504082446878448
