Model: GRU
MSE: 11.450348230290738
MAE: 1.7239759763081868
EVS: -0.709172360036811
