Model: GRU
MSE: 11.0635257750934
MAE: 1.6260907738297075
EVS: -0.7299865275548507
