Model: GRU
MSE: 24.026114675854032
MAE: 2.298243840535482
EVS: -2.902000238385165
