Model: GRU
MSE: 11.612019090347767
MAE: 1.8140783309936523
EVS: -0.7279846066506155
