Model: GRU
MSE: 12.01763166218607
MAE: 2.0080700803686073
EVS: -0.741431964352522
