Model: GRU
MSE: 15.05459516532396
MAE: 2.724238060138844
EVS: -0.8943709073473403
