Model: GRU
MSE: 14.99557282055147
MAE: 1.9177828232447307
EVS: -1.4190868477448104
