Model: GRU
MSE: 12.372401400917886
MAE: 1.7514892684088812
EVS: -0.9292748334486491
