Model: GRU
MSE: 11.238346179079194
MAE: 1.605703071311668
EVS: -0.7573370119933205
