Model: GRU
MSE: 15.131912097523559
MAE: 2.084502789709303
EVS: -1.4611659896434546
