Model: GRU
MSE: 6.67080666734722
MAE: 1.4656987543459292
EVS: -0.48563244198088773
