Model: GRU
MSE: 17.67034226537753
MAE: 2.097666890532882
EVS: -1.8174224633857414
