Model: GRU
MSE: 67.38450455832862
MAE: 3.614476928004512
EVS: -9.966923066147736
