Model: GRU
MSE: 12.473557069184414
MAE: 2.2910530832078724
EVS: -0.671044711257649
