Model: GRU
MSE: 11.88414163119296
MAE: 1.7025396205760814
EVS: -0.8358218747220205
