Model: GRU
MSE: 11.28283760588087
MAE: 1.639899766003644
EVS: -0.764300238294652
