Model: GRU
MSE: 10.11421483639808
MAE: 1.5834951753969546
EVS: -0.5462838728766848
