Model: GRU
MSE: 10.23627358437656
MAE: 1.7571317708050762
EVS: -0.5520485208375034
