Model: GRU
MSE: 12.099038155207987
MAE: 1.9945456893355757
EVS: -0.736039266800252
