Model: GRU
MSE: 10.896291856413983
MAE: 1.681266678704156
EVS: -0.6915531889320579
