Model: GRU
MSE: 10.428712986283346
MAE: 2.0575796056676796
EVS: -0.4717879161620566
