Model: GRU
MSE: 19.52877021988291
MAE: 2.555137369367811
EVS: -2.145150003942888
