Model: GRU
MSE: 11.067668385864451
MAE: 1.8309532448097512
EVS: -0.6726053188881753
