Model: GRU
MSE: 36.79770783645651
MAE: 2.7324586267824524
EVS: -4.9892613867037925
