Model: GRU
MSE: 11.12766250977445
MAE: 1.6126725232159649
EVS: -0.7220796158589686
