Model: GRU
MSE: 24.22021948292049
MAE: 2.593937079111735
EVS: -2.944169424791429
