Model: GRU
MSE: 13.585839355442195
MAE: 2.530797340251781
EVS: -0.7842526499422176
