Model: GRU
MSE: 12.560856745285626
MAE: 1.975736759327076
EVS: -0.8875141545824776
