Model: GRU
MSE: 13.281152146559272
MAE: 1.8986635737948947
EVS: -1.0480975037487563
