Model: GRU
MSE: 12.01301518541644
MAE: 2.0109081268310547
EVS: -0.7082278405997227
