Model: GRU
MSE: 41.03931148755884
MAE: 2.6894133002669722
EVS: -5.605566257391175
