Model: GRU
MSE: 12.38921327376564
MAE: 2.004348666579635
EVS: -0.8338815519637708
