Model: GRU
MSE: 10.848120969431488
MAE: 1.6320939947057653
EVS: -0.693194025120407
