Model: GRU
MSE: 15.636577962227618
MAE: 2.5461284584469266
EVS: -1.2459703906007995
