Model: GRU
MSE: 11.70867925316744
MAE: 1.8253330124749079
EVS: -0.7875087125563425
