Model: GRU
MSE: 13.049216429411967
MAE: 2.4447268733271845
EVS: -0.7065067382101831
