Model: GRU
MSE: 12.495700292399238
MAE: 2.477034851356789
EVS: -0.5541268879323067
