Model: GRU
MSE: 11.17550667707253
MAE: 2.079565754643193
EVS: -0.5863706138906373
