Model: GRU
MSE: 18.85998926782022
MAE: 2.1819187535179987
EVS: -2.040488465833873
