Model: GRU
MSE: 30.654857300667715
MAE: 2.6264161180566856
EVS: -3.731488843400461
