Model: GRU
MSE: 11.334317087327463
MAE: 1.7355226763972529
EVS: -0.770632059086936
