Model: GRU
MSE: 20.900357054733124
MAE: 2.3097959801002785
EVS: -2.3372027974770617
