Model: GRU
MSE: 9.75214525431836
MAE: 1.6201483055397317
EVS: -0.5226448308607523
