Model: GRU
MSE: 9.929709900820558
MAE: 1.7195631486398202
EVS: -0.5489070963143037
