Model: GRU
MSE: 12.497563760740217
MAE: 1.9676203374509458
EVS: -0.8481870894396846
