Model: GRU
MSE: 16.737393126599244
MAE: 2.0856676476973073
EVS: -1.7274774770559373
