Model: GRU
MSE: 23.757190310853108
MAE: 2.9583844078911676
EVS: -2.2823298248204447
