Model: GRU
MSE: 15.164435058938343
MAE: 2.3067891862657337
EVS: -1.4246602387854708
