Model: GRU
MSE: 12.901926389014617
MAE: 1.8786229380854853
EVS: -0.9564019636443486
