Model: GRU
MSE: 16.343908562957903
MAE: 2.074868511270594
EVS: -1.6235661597061126
