Model: GRU
MSE: 15.118773341399935
MAE: 2.823940559669777
EVS: -0.7322305961357332
