Model: GRU
MSE: 12.435441487822825
MAE: 1.8501560776321977
EVS: -0.8912771773766042
