Model: GRU
MSE: 11.198054230997219
MAE: 1.790712550834373
EVS: -0.7271850631658126
