Model: GRU
MSE: 18.929413771556458
MAE: 2.4039696667875563
EVS: -1.6452991400044437
