Model: GRU
MSE: 35.739944163551904
MAE: 2.847048725400652
EVS: -3.837916133447269
