Model: GRU
MSE: 11.332316360541107
MAE: 1.789505746629503
EVS: -0.7075460633343356
