Model: GRU
MSE: 17.255229478996025
MAE: 1.9986925257576837
EVS: -1.809762305295592
