Model: GRU
MSE: 27.137032233392212
MAE: 2.3603881200154624
EVS: -3.321326727822065
