Model: GRU
MSE: 11.129388437193315
MAE: 1.9594448584097404
EVS: -0.5515952169952636
