Model: GRU
MSE: 35.48777013438728
MAE: 2.6406808252687806
EVS: -4.6274561104390335
