Model: GRU
MSE: 13.337849129793952
MAE: 1.9674574710704662
EVS: -1.0048466383911157
