Model: GRU
MSE: 55.810857339911045
MAE: 2.93832759503965
EVS: -7.911658665551661
