Model: GRU
MSE: 22.329280629678856
MAE: 2.722913477155897
EVS: -2.2355760017161614
