Model: GRU
MSE: 17.84638892818219
MAE: 3.1172230685198747
EVS: -1.0138134967090613
