Model: GRU
MSE: 51.59159897288882
MAE: 3.8894291983710394
EVS: -7.326007737109684
