Model: GRU
MSE: 11.655219343607861
MAE: 1.6895789570278592
EVS: -0.7821908906320685
