Model: GRU
MSE: 6.6124705615076085
MAE: 1.3627830434728552
EVS: -0.486681213774248
