Model: GRU
MSE: 13.503374406210217
MAE: 2.1315338523299605
EVS: -0.9686279470971326
