Model: GRU
MSE: 21.63833142819914
MAE: 2.370425153661657
EVS: -2.4603474698546903
