Model: GRU
MSE: 11.455421845885683
MAE: 1.6757190845630787
EVS: -0.7641488625811323
