Model: GRU
MSE: 20.228818483435244
MAE: 3.6291523862768105
EVS: -1.0694936415396659
