Model: GRU
MSE: 19.550465111522566
MAE: 3.8349808586968317
EVS: -0.4595910946256081
