Model: GRU
MSE: 12.745277854066915
MAE: 2.2287835721616394
EVS: -0.7036062134688985
