Model: GRU
MSE: 12.834017964778914
MAE: 1.975143556241636
EVS: -0.9265712511038491
