Model: GRU
MSE: 15.616882809125686
MAE: 2.860412103158456
EVS: -0.7999224974059882
