Model: GRU
MSE: 12.3024020893587
MAE: 1.9947129355536566
EVS: -0.8027925670818714
