Model: GRU
MSE: 15.213770449482379
MAE: 2.598173388728389
EVS: -0.8992907505144279
