Model: GRU
MSE: 11.290955704461744
MAE: 1.7111982063010887
EVS: -0.7517714770645454
