Model: GRU
MSE: 6.548089647841859
MAE: 1.6952069600423176
EVS: -0.38035947412990767
