Model: GRU
MSE: 36.716045635859416
MAE: 3.0177031269779913
EVS: -4.964782887571131
