Model: GRU
MSE: 6.766716284730551
MAE: 1.5268953994468406
EVS: -0.20113678068839058
