Model: GRU
MSE: 13.594991683628914
MAE: 1.9846100807189941
EVS: -1.043283091892782
