Model: GRU
MSE: 804.5232069054966
MAE: 28.25278487028899
EVS: 0.014340401019387383
