Model: GRU
MSE: 14.0272406641689
MAE: 2.1482232588308827
EVS: -1.1203583931872596
