Model: GRU
MSE: 12.298208110293656
MAE: 2.187144067552355
EVS: -0.7434063014445815
