Model: GRU
MSE: 12.709171893746921
MAE: 2.1460641931604454
EVS: -0.8034117004219765
