Model: GRU
MSE: 15.274086942597874
MAE: 2.731844248595061
EVS: -0.9492521067856121
