Model: GRU
MSE: 12.42344730801285
MAE: 1.8718269489429615
EVS: -0.9152242855003982
