Model: GRU
MSE: 6.706254545179069
MAE: 1.8071442003603335
EVS: -0.3050674323485816
