Model: GRU
MSE: 15.584308273738285
MAE: 2.18913847428781
EVS: -1.4696820908008013
