Model: GRU
MSE: 22.44532397055623
MAE: 2.4987699897200972
EVS: -2.4497025526473157
