Model: GRU
MSE: 17.264490632659445
MAE: 2.8695731692843967
EVS: -1.1546595587747404
