Model: GRU
MSE: 10.837124240751084
MAE: 1.8958805048907246
EVS: -0.5699123081256021
