Model: GRU
MSE: 31.362704979705995
MAE: 2.3759060965643988
EVS: -4.022019136762765
