Model: GRU
MSE: 6.120308880036174
MAE: 1.3761091232299805
EVS: -0.368623643722352
