Model: GRU
MSE: 12.662482229218776
MAE: 1.724126515565095
EVS: -0.9778713414643949
