Model: GRU
MSE: 12.713090582877468
MAE: 2.41020193806401
EVS: -0.6134258237422971
