Model: GRU
MSE: 11.640194102613897
MAE: 1.6887137624952528
EVS: -0.8149837631988632
