Model: GRU
MSE: 19.21504888836101
MAE: 2.4863518890407352
EVS: -2.1130958171758105
