Model: GRU
MSE: 10.245839315768468
MAE: 1.850009141144929
EVS: -0.5454940580582255
