Model: GRU
MSE: 14.393921687885873
MAE: 2.592506938510471
EVS: -0.7884452024410933
