Model: GRU
MSE: 6.513063364144433
MAE: 1.4103907655786585
EVS: -0.4439333504019636
