Model: GRU
MSE: 6.2319133290393856
MAE: 1.3709977291248463
EVS: -0.30058796045208
