Model: GRU
MSE: 13.264737732676664
MAE: 1.9171565550344962
EVS: -1.0499918248022175
