Model: GRU
MSE: 10.614566181998246
MAE: 1.5344132847256131
EVS: -0.6586971847648704
