Model: GRU
MSE: 6.04298144912362
MAE: 1.4126704710501212
EVS: -0.34033694014649396
