Model: GRU
MSE: 23.54937453412896
MAE: 3.2879017017505787
EVS: -2.063253887252608
