Model: GRU
MSE: 3.3994342144843794
MAE: 1.1294021253232605
EVS: 0.24010033922364948
