Model: GRU
MSE: 10.144055781771149
MAE: 1.6426942260177047
EVS: -0.5855636207079213
