Model: GRU
MSE: 368.6827830542112
MAE: 19.041781213548447
EVS: 0.04717866248120828
