Model: GRU
MSE: 12.093838844614782
MAE: 1.8277464266176577
EVS: -0.8859644542290337
