Model: GRU
MSE: 10.709167503478966
MAE: 1.5918302889223452
EVS: -0.6527789767663685
