Model: GRU
MSE: 9.52736895473872
MAE: 1.773293141965513
EVS: -0.36210502757840257
