Model: GRU
MSE: 11.154655935451384
MAE: 1.7542763815985785
EVS: -0.6896667851484066
