Model: GRU
MSE: 11.384071798790476
MAE: 1.806570459295202
EVS: -0.6953998382957467
