Model: GRU
MSE: 10.802728783485353
MAE: 1.623422552038122
EVS: -0.6769056472915329
