Model: GRU
MSE: 19.027423065455285
MAE: 2.271328422758314
EVS: -2.099025052424989
