Model: GRU
MSE: 21.990596048193925
MAE: 2.5044108673378274
EVS: -2.5796329709974626
