Model: GRU
MSE: 15.095570998037484
MAE: 2.7013938338668257
EVS: -0.9751236588940124
