Model: GRU
MSE: 12.11210627054411
MAE: 1.9141713601571542
EVS: -0.7905400364095918
