Model: GRU
MSE: 12.961488090676573
MAE: 1.7363647178367332
EVS: -1.0201173848590908
