Model: GRU
MSE: 10.52489531953065
MAE: 1.65389382397687
EVS: -0.6314567016664645
