Model: GRU
MSE: 23.618218579340844
MAE: 3.2682605849372015
EVS: -2.6228631511498297
