Model: GRU
MSE: 12.516473287659142
MAE: 1.7799723943074544
EVS: -0.9366616248779294
