Model: GRU
MSE: 18.200073643018804
MAE: 2.256299067426611
EVS: -1.9411770203372862
