Model: GRU
MSE: 15.17076492038657
MAE: 2.6940268410576715
EVS: -0.9166236895888589
