Model: GRU
MSE: 13.292390288087997
MAE: 2.2097404444659197
EVS: -0.9416245494172746
