Model: GRU
MSE: 11.153910234213948
MAE: 1.605709393819173
EVS: -0.7077945154843963
