Model: GRU
MSE: 17.150003917364334
MAE: 2.0006030946969986
EVS: -1.7501612777872912
