Model: GRU
MSE: 11.120411858424776
MAE: 1.672751197108516
EVS: -0.7366865269058576
