Model: GRU
MSE: 6.279345321372434
MAE: 1.6492378446790907
EVS: -0.294692198332563
