Model: GRU
MSE: 11.514769246628491
MAE: 1.7257398322776512
EVS: -0.7388061123290401
