Model: GRU
MSE: 12.708907474832577
MAE: 2.3113572509200484
EVS: -0.7123021919900372
