Model: GRU
MSE: 12.798798994757412
MAE: 1.8086711742259838
EVS: -0.9992509150391125
