Model: GRU
MSE: 21.863428127265273
MAE: 2.338484031182748
EVS: -2.549140152086045
