Model: GRU
MSE: 10.520911811069515
MAE: 1.713524200298168
EVS: -0.6207379211494211
