Model: GRU
MSE: 14.646460979710222
MAE: 1.9841757527104131
EVS: -1.3474861526859931
