Model: GRU
MSE: 6.730982496557436
MAE: 1.5853435375072338
EVS: -0.23248559807374392
