Model: GRU
MSE: 9.457438446694175
MAE: 2.481175281383373
EVS: -0.5605335438230012
