Model: GRU
MSE: 32.18212896320746
MAE: 3.331796328226725
EVS: -4.1950599324012
