Model: GRU
MSE: 18.984755824736627
MAE: 3.21272290635992
EVS: -1.7135013094878495
