Model: GRU
MSE: 17.380079652111046
MAE: 2.1179417150991933
EVS: -1.8328897548811094
