Model: GRU
MSE: 7.706814987916257
MAE: 1.8131572935316298
EVS: -0.6241942069637445
