Model: GRU
MSE: 7.517322227108244
MAE: 1.3666001602455422
EVS: -0.6886713462954723
