Model: GRU
MSE: 29.275395907134595
MAE: 4.790451776098322
EVS: -1.9595844347527418
