Model: GRU
MSE: 18.890606072599866
MAE: 2.715194117139887
EVS: -1.9807384952464804
