Model: GRU
MSE: 12.299317490295026
MAE: 1.809136602613661
EVS: -0.9204668567897154
