Model: GRU
MSE: 12.357397687566221
MAE: 2.0175636079576282
EVS: -0.8423986109596275
