Model: GRU
MSE: 12.764137684848189
MAE: 1.9767699948063604
EVS: -0.9124519235254902
