Model: GRU
MSE: 12.969974685204601
MAE: 2.2052903175354004
EVS: -0.8417299071010236
