Model: GRU
MSE: 12.28891695114815
MAE: 1.7550658120049372
EVS: -0.9188925083042145
