Model: GRU
MSE: 15.408747759918436
MAE: 2.8694892636051885
EVS: -0.738063981502384
