Model: GRU
MSE: 11.105684899187272
MAE: 1.6091249960440177
EVS: -0.7205963627371135
