Model: GRU
MSE: 11.760275487459737
MAE: 1.689611099384449
EVS: -0.8385498289419064
