Model: GRU
MSE: 12.77174424021036
MAE: 2.242677829883717
EVS: -0.7491185434944991
