Model: GRU
MSE: 10.661490428767188
MAE: 1.7546941262704354
EVS: -0.6576567748234481
