Model: GRU
MSE: 18.55126942144957
MAE: 2.4367544606879905
EVS: -1.8093276435484706
