Model: GRU
MSE: 131.52855808971856
MAE: 11.193757458969399
EVS: -0.01531051806460626
