Model: GRU
MSE: 8.708970268545508
MAE: 2.294981285377785
EVS: -0.5268401366145394
