Model: GRU
MSE: 7.13713356190629
MAE: 1.449768931777389
EVS: -0.40587274196510625
