Model: GRU
MSE: 49.188103883064656
MAE: 3.198910254019278
EVS: -6.454894359100836
