Model: GRU
MSE: 26.978750762181125
MAE: 2.546373102400038
EVS: -3.186703975851513
