Model: GRU
MSE: 13.95577714063738
MAE: 2.601597715307165
EVS: -0.7061214205272386
