Model: GRU
MSE: 11.157872217811667
MAE: 1.816879148836489
EVS: -0.8120012548215605
