Model: GRU
MSE: 10.556692651672678
MAE: 1.6419897962499548
EVS: -0.6401461073195525
