Model: GRU
MSE: 6.6438849470604495
MAE: 1.3519236776563857
EVS: -0.47036683245285626
