Model: GRU
MSE: 10.563405600364435
MAE: 1.9500291612413194
EVS: -0.572697192267061
