Model: GRU
MSE: 12.427774606390635
MAE: 1.7659833872759785
EVS: -0.9374567132708733
