Model: GRU
MSE: 10.081091033533564
MAE: 1.7331260575188532
EVS: -0.5218693798191587
