Model: GRU
MSE: 10.580336040960665
MAE: 1.4888765193797924
EVS: -0.6476679460263377
