Model: GRU
MSE: 12.929363342796831
MAE: 2.4110544699209706
EVS: -0.6727744482123796
