Model: GRU
MSE: 33.737160163965235
MAE: 2.6840731302897134
EVS: -4.4634490194851475
