Model: GRU
MSE: 12.062163143901815
MAE: 1.8210539111384638
EVS: -0.8316667288196928
