Model: GRU
MSE: 10.019825924779482
MAE: 1.5726668922989457
EVS: -0.5442543714005612
