Model: GRU
MSE: 10.983550767926966
MAE: 1.8556451267666287
EVS: -0.6972319576056589
