Model: GRU
MSE: 12.1144821046292
MAE: 1.6762062355324074
EVS: -0.8545201654983712
