Model: GRU
MSE: 11.508110437221536
MAE: 1.6253177501537182
EVS: -0.7994595906537423
