Model: GRU
MSE: 16.894812535639996
MAE: 2.2630518277486167
EVS: -1.6278319649792223
