Model: GRU
MSE: 6.583297123695064
MAE: 1.325397738703975
EVS: -0.30246374354035677
