Model: GRU
MSE: 11.022810180229238
MAE: 1.731155307204635
EVS: -0.6985290190770084
