Model: GRU
MSE: 12.443254268953549
MAE: 1.8555510485613789
EVS: -0.8675835416561715
