Model: GRU
MSE: 12.730227989497651
MAE: 1.7909778489006891
EVS: -0.9880575157780669
