Model: GRU
MSE: 15.714919176570643
MAE: 2.3496883379088507
EVS: -1.312778921151851
