Model: GRU
MSE: 11.631672931214958
MAE: 2.044360567022253
EVS: -0.7121127117087735
