Model: GRU
MSE: 12.272264674694682
MAE: 1.9022966844064217
EVS: -0.8771973025860316
