Model: GRU
MSE: 12.628954266831114
MAE: 1.881470591933639
EVS: -0.9376788553911173
