Model: GRU
MSE: 54.29889945495149
MAE: 2.8580317673859774
EVS: -7.67107190035764
