Model: GRU
MSE: 10.519028620290328
MAE: 1.5812974329347964
EVS: -0.6316276445293658
