Model: GRU
MSE: 13.114302173309575
MAE: 1.877399727150246
EVS: -1.0456666005453084
