Model: GRU
MSE: 9.700958204029828
MAE: 2.1117340017248085
EVS: -0.3683949360918575
