Model: GRU
MSE: 24.80464963502959
MAE: 2.394505836345531
EVS: -3.027247791387227
