Model: GRU
MSE: 10.347168809947712
MAE: 1.651935859962746
EVS: -0.6029621224538282
