Model: GRU
MSE: 15.266205986327108
MAE: 2.2762161934817278
EVS: -1.252653461209977
