Model: GRU
MSE: 12.028221935698673
MAE: 2.003436971593786
EVS: -0.7302522297041276
