Model: GRU
MSE: 12.201277512351496
MAE: 1.997224454526548
EVS: -0.8014758494453278
