Model: GRU
MSE: 12.482643339627868
MAE: 2.085788020381221
EVS: -0.8216414980446765
