Model: GRU
MSE: 14.981829628555952
MAE: 2.713866869608561
EVS: -1.120292087001551
