Model: GRU
MSE: 12.672694937020694
MAE: 1.7945242987738714
EVS: -0.9246076494177917
