Model: GRU
MSE: 24.8705634697706
MAE: 2.464258723788791
EVS: -3.0487672809270068
