Model: GRU
MSE: 11.18016408881473
MAE: 1.6989501670554832
EVS: -0.7477315721698947
