Model: GRU
MSE: 11.734277257107394
MAE: 1.713721752166748
EVS: -0.8023466219727657
