Model: GRU
MSE: 12.263980064613053
MAE: 2.0073870906123408
EVS: -0.714944666718411
