Model: GRU
MSE: 11.225683330095746
MAE: 1.627822381478769
EVS: -0.7079610188222583
