Model: GRU
MSE: 25.487382985927677
MAE: 3.0882688098483615
EVS: -3.059692366251494
