Model: GRU
MSE: 11.538509434270164
MAE: 2.10288522861622
EVS: -0.6279784439954605
