Model: GRU
MSE: 11.327792931012853
MAE: 1.8192851455123336
EVS: -0.7511674110463069
