Model: GRU
MSE: 10.149190439912141
MAE: 1.8329655859205458
EVS: -0.4818647666939275
