Model: GRU
MSE: 25.690290780176408
MAE: 2.8517529699537487
EVS: -2.701254544975532
