Model: GRU
MSE: 11.874839463435247
MAE: 2.161583582560221
EVS: -0.641745238253447
