Model: GRU
MSE: 14.018303480931873
MAE: 2.596353848775228
EVS: -0.7370448308828319
