Model: GRU
MSE: 20.022922994292664
MAE: 3.076708249471806
EVS: -2.0333008273830577
