Model: GRU
MSE: 13.19821640231463
MAE: 1.750055472056071
EVS: -1.0630138174862807
