Model: GRU
MSE: 11.633798690866806
MAE: 2.0521808906837746
EVS: -0.6024560199665958
