Model: GRU
MSE: 12.748743783885764
MAE: 2.074339001267045
EVS: -0.8427602308927142
