Model: GRU
MSE: 14.488204252224527
MAE: 2.6181675593058267
EVS: -0.7994430334700493
