Model: GRU
MSE: 12.013801774277269
MAE: 1.6908783736052337
EVS: -0.8505474986810244
