Model: GRU
MSE: 11.942921544350721
MAE: 1.9566744521812156
EVS: -0.7427087102407384
