Model: GRU
MSE: 12.781007170871623
MAE: 2.164395491282145
EVS: -0.8357901618429684
