Model: GRU
MSE: 10.006384843524858
MAE: 1.5272529743335865
EVS: -0.5571114803608197
