Model: GRU
MSE: 6.4516467310599594
MAE: 1.3863871185867875
EVS: -0.19377968679229718
