Model: GRU
MSE: 14.950559060444531
MAE: 2.4966809308087385
EVS: -1.053013417819725
