Model: GRU
MSE: 49.86300636504473
MAE: 3.6313682308903448
EVS: -7.121705217211677
