Model: GRU
MSE: 16.473246334708826
MAE: 2.0480876333183713
EVS: -1.6835641356889801
