Model: GRU
MSE: 11.35969671317105
MAE: 1.7564455138312445
EVS: -0.7630443225057892
