Model: GRU
MSE: 10.38842983141093
MAE: 2.0464921527438693
EVS: -0.41145522856617345
