Model: GRU
MSE: 10.8747889875987
MAE: 1.7946925339875397
EVS: -0.6647595857950459
