Model: GRU
MSE: 133.72187642594122
MAE: 11.372400124867758
EVS: 0.012771239653318056
