Model: GRU
MSE: 35.36635876073905
MAE: 2.532297240363227
EVS: -4.68939786829368
