Model: GRU
MSE: 11.752142442743999
MAE: 1.8392312085186993
EVS: -0.8332372139357398
