Model: GRU
MSE: 11.943570590185859
MAE: 1.7762155179624204
EVS: -0.8623653073768331
