Model: GRU
MSE: 12.66585153362472
MAE: 2.3082949850294323
EVS: -0.7139103875287436
