Model: GRU
MSE: 15.37780139599165
MAE: 2.6243115354467323
EVS: -1.0611583002844416
