Model: GRU
MSE: 21.57670009454332
MAE: 2.363336933983697
EVS: -2.3225897823682424
