Model: GRU
MSE: 10.588684679810159
MAE: 1.5693837448402688
EVS: -0.6554201631442074
