Model: GRU
MSE: 11.661515164875473
MAE: 1.726014949657299
EVS: -0.8170144242292556
