Model: GRU
MSE: 12.537291307813591
MAE: 2.349760620682328
EVS: -0.6520808253521557
