Model: GRU
MSE: 13.489443685963604
MAE: 2.0018650514108165
EVS: -1.0373542674020055
