Model: GRU
MSE: 32.94363327597378
MAE: 2.6211353761178477
EVS: -4.202096287226582
