Model: GRU
MSE: 6.061680816255123
MAE: 1.2553922511913158
EVS: -0.21152516514871222
