Model: GRU
MSE: 11.949763744985098
MAE: 1.7554081987451624
EVS: -0.9423278884019042
