Model: GRU
MSE: 13.034426257989658
MAE: 1.8754907537389685
EVS: -1.0115130798009084
