Model: GRU
MSE: 11.585837316783294
MAE: 1.9256720542907715
EVS: -0.8369591410243165
