Model: GRU
MSE: 10.053144165592736
MAE: 1.5795985681039315
EVS: -0.5693201343067631
