Model: GRU
MSE: 12.929772073046513
MAE: 1.94440816949915
EVS: -1.0300630994981166
