Model: GRU
MSE: 11.934896465392168
MAE: 1.9124737139101382
EVS: -0.7681685261540296
