Model: GRU
MSE: 10.523776182396803
MAE: 1.6713886967411749
EVS: -0.6455076998664662
