Model: GRU
MSE: 6.191553542505138
MAE: 1.3610162558378998
EVS: -0.29549073108707713
