Model: GRU
MSE: 21.36821976116137
MAE: 2.357888530801844
EVS: -2.482800452424366
