Model: GRU
MSE: 14.056859578498107
MAE: 2.609067775585033
EVS: -0.7744907023584968
