Model: GRU
MSE: 40.04765986372287
MAE: 2.7486018074883356
EVS: -5.325006305685596
