Model: GRU
MSE: 12.027987577546684
MAE: 1.6770317112957989
EVS: -0.880577978725978
