Model: GRU
MSE: 10.394282190248406
MAE: 1.6383612597430195
EVS: -0.5694180284040695
