Model: GRU
MSE: 12.395894079405412
MAE: 2.222787998340748
EVS: -0.728080442237856
