Model: GRU
MSE: 11.54320984131588
MAE: 1.714700910780165
EVS: -0.8048009453489005
