Model: GRU
MSE: 12.342889138936378
MAE: 1.7938806745741103
EVS: -0.9115339898317643
