Model: GRU
MSE: 11.621428033598157
MAE: 2.1883805239642107
EVS: -0.5667167368640762
