Model: GRU
MSE: 13.873849167038829
MAE: 2.1445198588901095
EVS: -1.0258367868267029
