Model: GRU
MSE: 56.50151381096448
MAE: 3.217564088326913
EVS: -7.600201748433051
