Model: GRU
MSE: 11.268820230728773
MAE: 1.8528644950301558
EVS: -0.7339536242285531
