Model: GRU
MSE: 11.386391453860327
MAE: 1.838237585844817
EVS: -0.720456923844536
