Model: GRU
MSE: 19.218094881398194
MAE: 3.6245092109397605
EVS: -0.7335661520693844
