Model: GRU
MSE: 26.005596446245104
MAE: 3.120473861694336
EVS: -2.66604586991581
