Model: GRU
MSE: 14.873997346198534
MAE: 2.0013762800781816
EVS: -1.4072406172342
