Model: GRU
MSE: 13.151490521156331
MAE: 2.382026124883581
EVS: -0.7296075920950125
