Model: GRU
MSE: 27.501355140136216
MAE: 2.562882741292318
EVS: -3.478312261035178
