Model: GRU
MSE: 14.20651310762211
MAE: 1.9834734598795574
EVS: -1.1007227789499154
