Model: GRU
MSE: 11.529564518610616
MAE: 1.7061072632118508
EVS: -0.7979445631982283
