Model: GRU
MSE: 13.376625404570843
MAE: 2.488465838962131
EVS: -0.7368066576339156
