Model: GRU
MSE: 35.033819073873026
MAE: 3.217559019724528
EVS: -4.671968327865533
