Model: GRU
MSE: 9.93200506025062
MAE: 1.7573254903157551
EVS: -0.5017840273300787
