Model: GRU
MSE: 13.261979420643472
MAE: 1.8611095922964591
EVS: -1.042933672445339
