Model: GRU
MSE: 16.910764675591718
MAE: 2.214373884377656
EVS: -1.7454519893677354
