Model: GRU
MSE: 11.284590916513892
MAE: 2.0710372394985623
EVS: -0.5688223974248376
