Model: GRU
MSE: 13.513865754054711
MAE: 2.2637411753336587
EVS: -0.8565767976893768
