Model: GRU
MSE: 10.64867002075624
MAE: 1.6087333537914135
EVS: -0.6350501053884321
