Model: GRU
MSE: 10.792836408269102
MAE: 1.6827143563164606
EVS: -0.6784591723970361
