Model: GRU
MSE: 13.898053259360124
MAE: 2.31891808686433
EVS: -0.9784333193893588
