Model: GRU
MSE: 11.517403018476527
MAE: 1.5722049960383662
EVS: -0.7964984167429146
