Model: GRU
MSE: 13.7700205157726
MAE: 1.9311992680584942
EVS: -1.1522980468820077
