Model: GRU
MSE: 8.579495976008797
MAE: 2.1875407254254378
EVS: -0.6250727399138682
