Model: GRU
MSE: 24.025870717794515
MAE: 2.428690451162833
EVS: -2.863809396716473
