Model: GRU
MSE: 11.812500079592947
MAE: 1.7382003289681893
EVS: -0.8407378074729757
