Model: GRU
MSE: 151.42944789613327
MAE: 12.06905781781232
EVS: 0.05984898304734387
