Model: GRU
MSE: 16.780344816853738
MAE: 2.0254628040172435
EVS: -1.6993867751964862
