Model: GRU
MSE: 25.508651669356006
MAE: 2.608190660123472
EVS: -2.8782313860900364
