Model: GRU
MSE: 10.377947058420702
MAE: 1.5798764052214447
EVS: -0.5901337565820368
