Model: GRU
MSE: 6.241174325089526
MAE: 1.2910955217149522
EVS: -0.3610555368901063
