Model: GRU
MSE: 8.333976461010067
MAE: 1.7737667119061504
EVS: -0.4036023810432343
