Model: GRU
MSE: 10.134374981992728
MAE: 1.7145708048785175
EVS: -0.5604006434544186
