Model: GRU
MSE: 13.291339012665334
MAE: 1.8135362201266818
EVS: -1.0672465695548694
