Model: GRU
MSE: 21.45198842874326
MAE: 2.3156111858509205
EVS: -2.3802955139416135
