Model: GRU
MSE: 13.627614152225188
MAE: 2.4489462110731335
EVS: -0.7878792265011119
