Model: GRU
MSE: 12.624586904654086
MAE: 1.920704929916947
EVS: -0.9035372569013462
