Model: GRU
MSE: 11.539774590152673
MAE: 1.9010128445095487
EVS: -0.6837670001451253
