Model: GRU
MSE: 11.647387374223197
MAE: 1.6345763736300998
EVS: -0.8202614156560684
