Model: GRU
MSE: 11.982148650759756
MAE: 1.9579166306389704
EVS: -0.9160670654515122
