Model: GRU
MSE: 9.84243577755576
MAE: 2.5875007841322155
EVS: -0.5650667071300419
