Model: GRU
MSE: 13.645373596698375
MAE: 2.6866378784179688
EVS: -0.5755428800431257
