Model: GRU
MSE: 11.397831477911065
MAE: 1.7758045726352267
EVS: -0.7818118315498193
