Model: GRU
MSE: 21.434864990384305
MAE: 2.3895904046517833
EVS: -2.2630534781223512
