Model: GRU
MSE: 9.997816132909975
MAE: 1.7943254046969943
EVS: -0.5486790774795041
