Model: GRU
MSE: 9.79358721257766
MAE: 1.6547180458351418
EVS: -0.5202157471802469
