Model: GRU
MSE: 12.691769145905726
MAE: 1.8271507333826136
EVS: -0.9503065862380009
