Model: GRU
MSE: 11.416368829738632
MAE: 1.8452697330050998
EVS: -0.6691931997215783
