Model: GRU
MSE: 11.679843881510148
MAE: 1.8041225362707067
EVS: -0.785588520610806
