Model: GRU
MSE: 15.077563785941223
MAE: 2.588869977880407
EVS: -1.2312810369458047
