Model: GRU
MSE: 13.140368005353189
MAE: 2.242115585892289
EVS: -0.966987244248859
