Model: GRU
MSE: 56.129207667911516
MAE: 3.0178634325663247
EVS: -7.971871944518279
