Model: GRU
MSE: 37.18209022511036
MAE: 2.927924050225152
EVS: -5.06078850818011
