Model: GRU
MSE: 11.947202620844859
MAE: 1.7466875888683178
EVS: -0.8378674002631137
