Model: GRU
MSE: 22.410955866740434
MAE: 2.401891107912417
EVS: -2.5563842170018156
