Model: GRU
MSE: 12.932915497413433
MAE: 1.740216643721969
EVS: -0.9963828601775122
