Model: GRU
MSE: 12.18744966049585
MAE: 1.7412074053729023
EVS: -0.8935053027007474
