Model: GRU
MSE: 11.543074021120834
MAE: 2.0669147350169994
EVS: -0.6574723746492968
