Model: GRU
MSE: 19.494744847264656
MAE: 2.247614524982594
EVS: -2.161213650637739
