Model: GRU
MSE: 11.56135598445202
MAE: 1.674617502424452
EVS: -0.791691708307843
