Model: GRU
MSE: 12.041924421003664
MAE: 1.796763508408158
EVS: -0.8782950599566941
