Model: GRU
MSE: 11.861880457608239
MAE: 1.6933869079307273
EVS: -0.8354798958435001
