Model: GRU
MSE: 10.19170819546788
MAE: 1.8487348203305844
EVS: -0.4072756999294125
