Model: GRU
MSE: 35.741811958564476
MAE: 2.6125603075380677
EVS: -4.790524119210819
