Model: GRU
MSE: 10.964837055541171
MAE: 1.6589850496362757
EVS: -0.7135976974228948
