Model: GRU
MSE: 6.94719997776661
MAE: 1.6264094599971064
EVS: -0.1464518649125257
