Model: GRU
MSE: 11.232020870865242
MAE: 1.6120123510007505
EVS: -0.7422514839805141
