Model: GRU
MSE: 19.229188492764614
MAE: 2.8128814344052917
EVS: -1.9644254852260281
