Model: GRU
MSE: 11.604890949006437
MAE: 2.101113707930953
EVS: -0.7818045278384191
