Model: GRU
MSE: 23.311635387941013
MAE: 2.578641750194408
EVS: -2.7965573292480284
