Model: GRU
MSE: 25.675933657405274
MAE: 3.0801861115864346
EVS: -2.5979906247923226
