Model: GRU
MSE: 14.738678231491079
MAE: 2.629679768173783
EVS: -0.8993114303278624
