Model: GRU
MSE: 12.537886741731436
MAE: 2.2414146352697304
EVS: -0.6492281136996458
