Model: GRU
MSE: 63.8562565431438
MAE: 3.123477405971951
EVS: -9.066313370706496
