Model: GRU
MSE: 15.442484027114208
MAE: 2.9786591353239835
EVS: -0.7581783020527966
