Model: GRU
MSE: 11.079165991595362
MAE: 1.662337232519079
EVS: -0.689683882732955
