Model: GRU
MSE: 16.701479840777385
MAE: 2.1256952705206693
EVS: -1.6839380396533645
