Model: GRU
MSE: 10.856907567224342
MAE: 1.6481560247915763
EVS: -0.6575295757890065
