Model: GRU
MSE: 11.06264560963408
MAE: 1.9436994658576117
EVS: -0.6341308759611695
