Model: GRU
MSE: 15.912087689282728
MAE: 3.0144938716182
EVS: -0.8085468979466126
