Model: GRU
MSE: 11.104366025756429
MAE: 1.663449146129467
EVS: -0.7318084246484553
