Model: GRU
MSE: 19.31954029247605
MAE: 2.7860320414657944
EVS: -2.0179878725083347
