Model: GRU
MSE: 11.408076223525129
MAE: 1.7586437154699255
EVS: -0.7599103738795043
