Model: GRU
MSE: 23.62472870580257
MAE: 2.6152036984761557
EVS: -2.5554351800886628
