Model: GRU
MSE: 45.91274726126035
MAE: 2.9523688245702675
EVS: -6.030965287463311
