Model: GRU
MSE: 12.851164356333298
MAE: 2.408303596355297
EVS: -0.646811868679513
