Model: GRU
MSE: 14.632652912448261
MAE: 2.1526026044573103
EVS: -1.0236663155586205
