Model: GRU
MSE: 11.299223195189278
MAE: 1.7852236606456615
EVS: -0.6944097327252103
