Model: GRU
MSE: 15.491162681161061
MAE: 2.7090320587158203
EVS: -0.9256164906979558
