Model: GRU
MSE: 15.838454617039782
MAE: 3.0071647608721697
EVS: -0.6630661818923602
