Model: GRU
MSE: 21.129736580940087
MAE: 2.3774394105981895
EVS: -2.442658131730965
