Model: GRU
MSE: 12.888697424584937
MAE: 1.8298848823264793
EVS: -0.9808414942456787
