Model: GRU
MSE: 3788.627909597369
MAE: 61.49986055162218
EVS: -2.220446049250313e-16
