Model: GRU
MSE: 20.51394605646297
MAE: 2.482157406983552
EVS: -2.089466969117791
