Model: GRU
MSE: 15.709533554400798
MAE: 2.5294449859195285
EVS: -1.2388465066366625
