Model: GRU
MSE: 11.308664278886521
MAE: 1.7405181990729437
EVS: -0.7354428992737589
