Model: GRU
MSE: 12.223882472574216
MAE: 2.353553983900282
EVS: -0.6074324626709813
