Model: GRU
MSE: 11.026121468812587
MAE: 1.8376242143136483
EVS: -0.6908732532197821
