Model: GRU
MSE: 18.683940294347362
MAE: 2.3424310330991394
EVS: -2.026476346033142
