Model: GRU
MSE: 13.011896910398313
MAE: 1.879593601933232
EVS: -1.0265013914477463
