Model: GRU
MSE: 15.571282502819898
MAE: 2.742009922310158
EVS: -1.0381315445090054
