Model: GRU
MSE: 5.27654672659473
MAE: 1.1599835289849176
EVS: -0.16910166011061167
