Model: GRU
MSE: 22.127183681332976
MAE: 2.5980242976435908
EVS: -2.1684393386813023
