Model: GRU
MSE: 6.7330145214926045
MAE: 1.4828653688784
EVS: -0.189238158524758
