Model: GRU
MSE: 12.291234035365616
MAE: 1.6977869492989999
EVS: -0.921406845799289
