Model: GRU
MSE: 12.196254331219684
MAE: 2.1484275747228554
EVS: -0.645762267071015
