Model: GRU
MSE: 1247.1133539864468
MAE: 35.22857249224627
EVS: 0.052232112462069824
