Model: GRU
MSE: 11.490522551267903
MAE: 1.8738728276005499
EVS: -0.7962023638671911
