Model: GRU
MSE: 12.119434360495722
MAE: 2.3140780131022134
EVS: -0.5632695494432558
