Model: GRU
MSE: 12.076673987819959
MAE: 1.9729083025896992
EVS: -0.8718320093471645
