Model: GRU
MSE: 12.031603210688512
MAE: 1.7255689479686596
EVS: -0.8800723820619645
