Model: GRU
MSE: 12.428191957516463
MAE: 1.9816565690217194
EVS: -0.8248960109445704
