Model: GRU
MSE: 6.778576231009673
MAE: 1.6309051160459165
EVS: -0.44928632624737275
