Model: GRU
MSE: 12.813882692713916
MAE: 2.0239319271511502
EVS: -0.9182973828977954
