Model: GRU
MSE: 14.764720581142557
MAE: 1.975384447309706
EVS: -1.406800220305103
