Model: GRU
MSE: 10.20562998430045
MAE: 1.5865844090779622
EVS: -0.5958187900890726
