Model: GRU
MSE: 12.083472262355961
MAE: 1.9565403902972187
EVS: -0.7946265195100488
