Model: GRU
MSE: 12.952229996517746
MAE: 2.0156295034620495
EVS: -0.902958576938313
