Model: GRU
MSE: 13.634795520442056
MAE: 2.22824204409564
EVS: -0.9642534425861617
