Model: GRU
MSE: 10.996380893852036
MAE: 1.7206294271681044
EVS: -0.7146291021031546
