Model: GRU
MSE: 11.869729419728788
MAE: 1.7151245364436396
EVS: -0.8249942694247863
