Model: GRU
MSE: 10.407018043242193
MAE: 1.77461016619647
EVS: -0.5921123175274174
