Model: GRU
MSE: 13.744347901956475
MAE: 2.679492138050221
EVS: -0.6780277552632863
