Model: GRU
MSE: 6.929267275761419
MAE: 1.250017801920573
EVS: -0.5580279980896519
