Model: GRU
MSE: 12.672203456357524
MAE: 2.232399304707845
EVS: -0.7687026360134008
