Model: GRU
MSE: 11.386871804934454
MAE: 1.9120535497312192
EVS: -0.7129589504745744
