Model: GRU
MSE: 11.704622012011626
MAE: 1.6881124708387587
EVS: -0.7945286559993967
