Model: GRU
MSE: 42.36087299509183
MAE: 2.772190146976047
EVS: -5.73340028798186
