Model: GRU
MSE: 11.128939557931382
MAE: 1.774383544921875
EVS: -0.6535884433268317
