Model: GRU
MSE: 11.088459761537816
MAE: 1.91106437753748
EVS: -0.677886404238351
