Model: GRU
MSE: 11.366796389500838
MAE: 1.9724306177209925
EVS: -0.64955393158068
