Model: GRU
MSE: 6.366825203693065
MAE: 1.4472496068036114
EVS: -0.3087714563545798
