Model: GRU
MSE: 34.460643129359134
MAE: 2.686292771939878
EVS: -4.601955330786258
