Model: GRU
MSE: 23.224037503524556
MAE: 2.3666953157495567
EVS: -2.7812902107300745
