Model: GRU
MSE: 11.439326568442
MAE: 1.78049808078342
EVS: -0.7146994504239168
