Model: GRU
MSE: 13.396056422746538
MAE: 2.62473996480306
EVS: -0.635271929232696
