Model: GRU
MSE: 10.007192210421332
MAE: 1.931783711468732
EVS: -0.5322870985179042
