Model: GRU
MSE: 20.876612465797407
MAE: 2.6006738698041
EVS: -2.0629217754767026
