Model: GRU
MSE: 20.61196922522606
MAE: 2.426892121632894
EVS: -2.359786005206501
