Model: GRU
MSE: 10.737671202943872
MAE: 1.8101914017288774
EVS: -0.6458701839438552
