Model: GRU
MSE: 13.931228731840983
MAE: 2.2030773516054505
EVS: -1.0436778777843259
