Model: GRU
MSE: 15.1444286748216
MAE: 2.6733774609035916
EVS: -0.9492040357005789
