Model: GRU
MSE: 19.095485633814732
MAE: 2.1767307740670665
EVS: -2.065667655767218
