Model: GRU
MSE: 44.02472026577376
MAE: 3.4014832885177047
EVS: -6.175005881807453
