Model: GRU
MSE: 39.25066108233984
MAE: 3.5140873237892434
EVS: -4.381493170882599
