Model: GRU
MSE: 11.750331300709158
MAE: 1.6985130486664948
EVS: -0.8317414783315218
