Model: GRU
MSE: 10.149900672076035
MAE: 1.6595229396113642
EVS: -0.5639653382993912
