Model: GRU
MSE: 10.591441809644396
MAE: 2.021756410598755
EVS: -0.4780955451904285
