Model: GRU
MSE: 11.203987517257769
MAE: 1.7591411449291088
EVS: -0.689983235042944
