Model: GRU
MSE: 16.659210249246737
MAE: 3.000237924712045
EVS: -1.0786198011803223
