Model: GRU
MSE: 12.276645595712479
MAE: 1.7725200653076172
EVS: -0.9178170040081954
