Model: GRU
MSE: 12.261104764396267
MAE: 1.9063649354157624
EVS: -0.8260127127096584
