Model: GRU
MSE: 12.279610349241189
MAE: 2.081523206498888
EVS: -0.7793101094310333
