Model: GRU
MSE: 25.68693448251045
MAE: 2.500466964862965
EVS: -2.87993262753011
