Model: GRU
MSE: 16.517097170266762
MAE: 2.9551258793583624
EVS: -0.9626477704545024
