Model: GRU
MSE: 14.870708983461462
MAE: 2.2854822476704917
EVS: -1.2118765735347066
