Model: GRU
MSE: 19.939450012690298
MAE: 2.4935725618291786
EVS: -1.9660650960851886
