Model: GRU
MSE: 12.625205901362927
MAE: 1.7613700054309986
EVS: -0.9208088539939936
