Model: GRU
MSE: 22.246045350446987
MAE: 2.2713005631058305
EVS: -2.6181217057408315
