Model: GRU
MSE: 12.330368809471153
MAE: 2.279580663751673
EVS: -0.6099404164622704
