Model: GRU
MSE: 11.036514011152105
MAE: 1.9655431464866355
EVS: -0.5510559122968945
