Model: GRU
MSE: 14.322966934602627
MAE: 1.8869734163637515
EVS: -1.320996814826675
