Model: GRU
MSE: 12.6640671284333
MAE: 1.9307508645234284
EVS: -1.044689803015158
