Model: GRU
MSE: 10.07097300466902
MAE: 1.6253097145645707
EVS: -0.5703462854446484
