Model: GRU
MSE: 12.090929671352207
MAE: 1.751889670336688
EVS: -0.8531591147553887
