Model: GRU
MSE: 12.171878418789852
MAE: 1.7392123010423448
EVS: -0.9007603414114698
