Model: GRU
MSE: 11.056498247502919
MAE: 1.781812243991428
EVS: -0.6964473513702079
