Model: GRU
MSE: 12.39496382873912
MAE: 1.948796272277832
EVS: -0.7856960866546334
