Model: GRU
MSE: 10.99490848030116
MAE: 1.6373480337637443
EVS: -0.7130060168501728
