Model: GRU
MSE: 11.002959275621867
MAE: 1.8107887903849285
EVS: -0.6558901138584263
