Model: GRU
MSE: 28.747897570233228
MAE: 2.5996758143107095
EVS: -3.6862498274144837
