Model: GRU
MSE: 11.959220805923914
MAE: 1.9015400674608018
EVS: -0.8636316391890182
