Model: GRU
MSE: 13.457794054504793
MAE: 1.9316334194607205
EVS: -0.9773364030197558
