Model: GRU
MSE: 15.308945506845939
MAE: 2.868249504654496
EVS: -0.6703939390829676
