Model: GRU
MSE: 10.627757374710713
MAE: 1.7234479233070656
EVS: -0.6497244588759201
