Model: GRU
MSE: 10.887204775953158
MAE: 1.5998851811444317
EVS: -0.6877192520338902
