Model: GRU
MSE: 10.612233088355636
MAE: 1.912551826900906
EVS: -0.580663769107713
