Model: GRU
MSE: 12.097034328883106
MAE: 2.0917581805476435
EVS: -0.7420533561272116
