Model: GRU
MSE: 12.675095618035492
MAE: 1.7975134672941986
EVS: -0.9591486483580192
