Model: GRU
MSE: 11.313195785564252
MAE: 1.7700461281670465
EVS: -0.7257639085436671
