Model: GRU
MSE: 10.273664275695982
MAE: 1.7153453473691587
EVS: -0.5927483805428779
