Model: GRU
MSE: 13.473191339212496
MAE: 2.5439203756826894
EVS: -0.7349748152899083
