Model: GRU
MSE: 22.080114852376138
MAE: 2.222909273924651
EVS: -2.5723204846138685
