Model: GRU
MSE: 12.009383508215159
MAE: 1.9347024317140933
EVS: -0.8146385582658702
