Model: GRU
MSE: 13.070252288389417
MAE: 2.253830803765191
EVS: -0.820897145355791
