Model: GRU
MSE: 11.879507414822877
MAE: 1.6366502973768446
EVS: -0.8335503109917601
