Model: GRU
MSE: 14.915907426004845
MAE: 2.8612513895388
EVS: -0.7052120850563828
