Model: GRU
MSE: 11.842103599341137
MAE: 1.7272052235073514
EVS: -0.8511788907984639
