Model: GRU
MSE: 12.24150004080732
MAE: 1.9341025705690738
EVS: -0.858420719582998
