Model: GRU
MSE: 13.169996296989439
MAE: 1.7435635637353968
EVS: -1.0473651796354853
