Model: GRU
MSE: 15.164687749545314
MAE: 2.574411321569372
EVS: -1.0619778593860092
