Model: GRU
MSE: 11.662207002193874
MAE: 1.6837652347705983
EVS: -0.79746449622464
