Model: GRU
MSE: 11.991191661736268
MAE: 2.005472916143912
EVS: -0.7299236758320009
