Model: GRU
MSE: 12.398947802131731
MAE: 1.7713529445506908
EVS: -0.9373977787373233
