Model: GRU
MSE: 12.954161019398608
MAE: 2.3218312086882413
EVS: -0.7675749952311746
