Model: GRU
MSE: 9.979969897579664
MAE: 1.5369780151932328
EVS: -0.553073809037625
