Model: GRU
MSE: 11.3535845134954
MAE: 1.611765808529324
EVS: -0.7666434071895731
