Model: GRU
MSE: 13.688468566185705
MAE: 2.0148960219489203
EVS: -1.214878203291251
