Model: GRU
MSE: 10.6756529644937
MAE: 1.6000891791449652
EVS: -0.667102840481959
