Model: GRU
MSE: 20.118664241315855
MAE: 2.1958665494565612
EVS: -2.277413973754807
