Model: GRU
MSE: 11.695192807408889
MAE: 1.85231261783176
EVS: -0.8034039491111948
