Model: GRU
MSE: 12.103655153051452
MAE: 1.9518205324808757
EVS: -0.8047900723209962
