Model: GRU
MSE: 10.39579798456433
MAE: 1.6913695688600894
EVS: -0.6252221961002282
