Model: GRU
MSE: 13.486639587015757
MAE: 2.398260204880326
EVS: -0.7819679053734236
