Model: GRU
MSE: 5.697939081786798
MAE: 1.2639221968474212
EVS: -0.2764720303800994
