Model: GRU
MSE: 12.270125851951855
MAE: 2.0429377732453524
EVS: -0.7877349843296628
