Model: GRU
MSE: 16.682318173115096
MAE: 3.1754034183643483
EVS: -0.5719316616434518
