Model: GRU
MSE: 12.6571646898862
MAE: 2.054241251062464
EVS: -0.8839736701290981
