Model: GRU
MSE: 12.789370510564982
MAE: 2.1365595040497958
EVS: -0.8319668048720381
