Model: GRU
MSE: 10.273937435495437
MAE: 1.5701430285418476
EVS: -0.6056624557529577
