Model: GRU
MSE: 9.803881252759716
MAE: 1.7892886974193432
EVS: -0.5097259505840068
