Model: GRU
MSE: 28.017729832652254
MAE: 2.570330814079002
EVS: -3.428432339048551
