Model: GRU
MSE: 11.749690111975253
MAE: 1.694114049275716
EVS: -0.8369519831306569
