Model: GRU
MSE: 21.851326470108294
MAE: 2.4644730356004505
EVS: -2.5575249977977315
