Model: GRU
MSE: 139.88471102516147
MAE: 11.557361037642867
EVS: -0.028965384339576294
