Model: GRU
MSE: 13.46013835493501
MAE: 2.2537815747437655
EVS: -0.963097338887936
