Model: GRU
MSE: 16.777744765954516
MAE: 2.291840354601542
EVS: -1.6206248444725269
