Model: GRU
MSE: 10.827592865472475
MAE: 1.6653574131153248
EVS: -0.6903372362436677
