Model: GRU
MSE: 13.991483973076894
MAE: 2.4060354939213506
EVS: -0.8875766174451005
