Model: GRU
MSE: 11.195110843498654
MAE: 1.7326256963941786
EVS: -0.7440239554813644
