Model: GRU
MSE: 5.7871874144472155
MAE: 1.2653295552289043
EVS: -0.2953531843757935
