Model: GRU
MSE: 8.34392186716091
MAE: 1.9617906499792028
EVS: -0.16274657327938935
