Model: GRU
MSE: 20.078673591951276
MAE: 3.1303266242698387
EVS: -1.4431533168175084
