Model: GRU
MSE: 13.961565576701812
MAE: 2.166986076920121
EVS: -0.9841384108470503
