Model: GRU
MSE: 15.04545806327797
MAE: 2.742551150145354
EVS: -0.9173425331315077
