Model: GRU
MSE: 15.44074872709866
MAE: 2.13819048360542
EVS: -1.4987331709469167
