Model: GRU
MSE: 6.324102994054791
MAE: 1.2491588945742007
EVS: -0.42173614688699446
