Model: GRU
MSE: 10.876847938407082
MAE: 1.6418548160129123
EVS: -0.7007839098972786
