Model: GRU
MSE: 12.954058074875084
MAE: 1.9975545671251085
EVS: -0.9496454516559962
