Model: GRU
MSE: 11.230581481049073
MAE: 1.5896173229923956
EVS: -0.7454807605815463
