Model: GRU
MSE: 12.714055448711845
MAE: 1.7719819104229961
EVS: -0.9766447035112744
