Model: GRU
MSE: 10.418448808130128
MAE: 1.5785195209361889
EVS: -0.5965967947638726
