Model: GRU
MSE: 23.822985600990528
MAE: 2.4295394862139665
EVS: -2.7093476857002643
