Model: GRU
MSE: 11.178028979920816
MAE: 1.6047441341258861
EVS: -0.7403880362972246
