Model: GRU
MSE: 15.993973303820006
MAE: 2.2269312982205993
EVS: -1.5915653697031584
