Model: GRU
MSE: 23.5585827090275
MAE: 4.391723769051688
EVS: -0.41184302748734547
