Model: GRU
MSE: 10.796721792553214
MAE: 1.8410283547860604
EVS: -0.6397335938209043
