Model: GRU
MSE: 5.572025458371315
MAE: 1.1942476519831904
EVS: -0.23788545097404823
