Model: GRU
MSE: 20.560380347633092
MAE: 2.986798851578324
EVS: -2.209163859269031
