Model: GRU
MSE: 28.14649085615124
MAE: 3.0009851455688477
EVS: -3.5358978459176704
