Model: GRU
MSE: 7.187720428324509
MAE: 1.7542335015756112
EVS: -0.4831741879775935
