Model: GRU
MSE: 7.3141123576604405
MAE: 1.6275702759071633
EVS: -0.26067720100798475
