Model: GRU
MSE: 11.703071966142252
MAE: 1.8089090983072917
EVS: -0.7962847936677206
