Model: GRU
MSE: 24.321860430618877
MAE: 3.185355363068757
EVS: -2.787609244190799
