Model: GRU
MSE: 11.72335495705456
MAE: 1.610588479925085
EVS: -0.8080603784195546
