Model: GRU
MSE: 26.498335710416548
MAE: 2.380426565806071
EVS: -3.122566048286127
