Model: GRU
MSE: 6.713328508467165
MAE: 1.364863431012189
EVS: -0.44781353545554214
