Model: GRU
MSE: 11.609202947463903
MAE: 1.8872347407870822
EVS: -0.7000054427685347
