Model: GRU
MSE: 31.823746824482416
MAE: 2.6681147151523166
EVS: -4.178136550140756
