Model: GRU
MSE: 12.569992857733412
MAE: 2.0133442172297724
EVS: -0.8156162327759955
