Model: GRU
MSE: 13.92194064125006
MAE: 2.5070968204074435
EVS: -0.8227081366948441
