Model: GRU
MSE: 12.278738857624173
MAE: 1.7289732120655201
EVS: -0.890207394029108
