Model: GRU
MSE: 12.31983351226734
MAE: 1.7956957110652216
EVS: -0.8479674980087244
