Model: GRU
MSE: 12.680252385573862
MAE: 1.719916961811207
EVS: -0.9798909565382079
