Model: GRU
MSE: 11.130772663878108
MAE: 1.6482262081570096
EVS: -0.7377622527065015
