Model: GRU
MSE: 11.249823017935618
MAE: 1.7748429863541215
EVS: -0.7467431390388901
