Model: GRU
MSE: 11.058815593958984
MAE: 1.7806737422943115
EVS: -0.6735537342693783
