Model: GRU
MSE: 7.388869917494158
MAE: 1.4631637820491084
EVS: -0.6217674235188861
