Model: GRU
MSE: 12.162777259257584
MAE: 1.8226582915694625
EVS: -0.838866359863613
