Model: GRU
MSE: 17.76110858585601
MAE: 2.2360033818653653
EVS: -1.4813262866828953
