Model: GRU
MSE: 11.479763368725639
MAE: 2.1925446722242565
EVS: -0.49964442710215584
