Model: GRU
MSE: 11.881226329205978
MAE: 1.828112037093551
EVS: -0.8182648868800295
