Model: GRU
MSE: 24.37903475202408
MAE: 2.390620726126212
EVS: -2.9540633325644197
