Model: GRU
MSE: 11.934200473995766
MAE: 1.8231605423821344
EVS: -0.925818343502312
