Model: GRU
MSE: 11.819337204124404
MAE: 1.643360314545808
EVS: -0.8170294578819892
