Model: GRU
MSE: 10.69107390338215
MAE: 1.74796814388699
EVS: -0.6454186755880347
