Model: GRU
MSE: 6.9670745042825795
MAE: 1.7725729412502713
EVS: -0.42846497394507055
