Model: GRU
MSE: 11.28814088771351
MAE: 1.685379840709545
EVS: -0.7634598220637032
