Model: GRU
MSE: 11.67186071458879
MAE: 1.950140123014097
EVS: -0.7149228346842449
