Model: GRU
MSE: 12.603038930111275
MAE: 2.0303715246695058
EVS: -0.8861800808758595
