Model: GRU
MSE: 12.862518611992527
MAE: 2.270299311037417
EVS: -0.7946814190405265
