Model: GRU
MSE: 11.265306407159558
MAE: 1.6716798852991175
EVS: -0.7615377805651271
