Model: GRU
MSE: 7.080264319937139
MAE: 1.569720815729212
EVS: -0.23064790412734215
