Model: GRU
MSE: 13.563120812081934
MAE: 1.9441828727722168
EVS: -1.0418151168121312
