Model: GRU
MSE: 13.6451412838241
MAE: 2.1891988295095937
EVS: -0.9575772146060719
