Model: GRU
MSE: 15.016503215438249
MAE: 2.4929956683406123
EVS: -1.0252767437159966
