Model: GRU
MSE: 29.404352056418013
MAE: 2.6670768172652632
EVS: -3.6341517715486864
