Model: GRU
MSE: 137.1371801404132
MAE: 11.436818118448612
EVS: 0.009177434862854161
