Model: GRU
MSE: 13.210473029116859
MAE: 2.3225170064855507
EVS: -0.8218628619261308
