Model: GRU
MSE: 12.93601470227966
MAE: 2.5416793116816767
EVS: -0.5866681770322526
