Model: GRU
MSE: 16.32991657000848
MAE: 2.9835176821108216
EVS: -0.779283646650176
