Model: GRU
MSE: 14.154452848774419
MAE: 2.503011014726427
EVS: -0.8810887171282669
