Model: GRU
MSE: 22.343527435836577
MAE: 2.2277122426916054
EVS: -2.620223623095452
