Model: GRU
MSE: 35.228669554749054
MAE: 3.0576296559086553
EVS: -4.083811270964583
