Model: GRU
MSE: 34.66119900933333
MAE: 2.884190400441488
EVS: -4.650111397820954
