Model: GRU
MSE: 20.809268554268417
MAE: 2.664178486223574
EVS: -2.004521655967044
