Model: GRU
MSE: 18.353538728538037
MAE: 2.6537356729860657
EVS: -1.8717765563851394
