Model: GRU
MSE: 28.944842154557264
MAE: 2.4750505553351507
EVS: -3.703755976023003
