Model: GRU
MSE: 10.493086235800615
MAE: 2.17988830142551
EVS: -0.505874111924181
