Model: GRU
MSE: 12.305497133202657
MAE: 2.0277599405359337
EVS: -0.7410886016094074
