Model: GRU
MSE: 11.550877109291243
MAE: 1.7448913432933666
EVS: -0.8015965744449847
