Model: GRU
MSE: 12.781593085612426
MAE: 2.263561566670736
EVS: -0.7940925237930874
