Model: GRU
MSE: 9.606447535189014
MAE: 1.7098864626001429
EVS: -0.4438818710734853
