Model: GRU
MSE: 18.52915249547907
MAE: 2.901696268607069
EVS: -1.4387620949855755
