Model: GRU
MSE: 12.564868831894913
MAE: 1.83302225889983
EVS: -0.907992381283683
