Model: GRU
MSE: 24.701790076848226
MAE: 2.756429212433951
EVS: -2.1906738244355273
