Model: GRU
MSE: 11.26867319144547
MAE: 1.6514734692043729
EVS: -0.7603998098579057
