Model: GRU
MSE: 12.520345738166085
MAE: 1.8994836807250977
EVS: -0.8759356601837334
