Model: GRU
MSE: 11.264038050445109
MAE: 1.7824696434868708
EVS: -0.681930140658435
