Model: GRU
MSE: 12.99648251362167
MAE: 1.9902483975445782
EVS: -0.9902441045415467
