Model: GRU
MSE: 18.082090667578292
MAE: 2.235433836068426
EVS: -1.512755079721296
