Model: GRU
MSE: 10.901032525023707
MAE: 1.8944386199668601
EVS: -0.6430879369857465
