Model: GRU
MSE: 12.235926829670436
MAE: 2.0562259002968117
EVS: -0.7816304998375745
