Model: GRU
MSE: 14.675029868750682
MAE: 2.520564397176107
EVS: -1.0246408191288996
