Model: GRU
MSE: 29.06220495268021
MAE: 2.8194427137021667
EVS: -3.153731084364244
