Model: GRU
MSE: 29.31292155276838
MAE: 2.4994276188038014
EVS: -3.726997937907986
