Model: GRU
MSE: 13.365391447963914
MAE: 1.962184817702682
EVS: -0.9921044866579709
