Model: GRU
MSE: 10.700736408241566
MAE: 1.616496792546025
EVS: -0.6732768576384729
