Model: GRU
MSE: 1848.9068831464042
MAE: 42.92448976304796
EVS: -2.220446049250313e-16
