Model: GRU
MSE: 13.3239398177759
MAE: 2.0069790239687317
EVS: -1.0178209016945137
