Model: GRU
MSE: 11.448568122266604
MAE: 1.9472860406946253
EVS: -0.6100195563903668
