Model: GRU
MSE: 10.363976414128215
MAE: 1.5983754263983831
EVS: -0.6196570456176058
