Model: GRU
MSE: 15.246319628912117
MAE: 2.659701047120271
EVS: -1.0181950742337205
