Model: GRU
MSE: 17.908245366095848
MAE: 2.4111998313003116
EVS: -1.6146488061373199
