Model: GRU
MSE: 10.687806736210144
MAE: 1.5645770850004974
EVS: -0.6669152676423042
