Model: GRU
MSE: 11.553663176029701
MAE: 1.8697570694817438
EVS: -0.7534532978644548
