Model: GRU
MSE: 14.554854418260136
MAE: 2.4695973572907626
EVS: -0.9299240022851774
