Model: GRU
MSE: 11.568876253182443
MAE: 1.7602824811582212
EVS: -0.7738772207764444
