Model: GRU
MSE: 10.712855083289444
MAE: 1.8560776710510254
EVS: -0.6301645466548507
