Model: GRU
MSE: 13.385262044022225
MAE: 2.4568347930908203
EVS: -0.7877379409058511
