Model: GRU
MSE: 13.156806683015466
MAE: 1.9839207154733163
EVS: -0.9948588018851596
