Model: GRU
MSE: 11.332977598433672
MAE: 1.6325561205546062
EVS: -0.7717709028810185
