Model: GRU
MSE: 10.514839099243462
MAE: 1.6388841911598488
EVS: -0.6302234118714891
