Model: GRU
MSE: 12.083119326271799
MAE: 2.1935905703791865
EVS: -0.6501365727471304
