Model: GRU
MSE: 9.741376820950935
MAE: 1.837160340061894
EVS: -0.48834440252985334
