Model: GRU
MSE: 9.17819755759684
MAE: 1.5345775639569317
EVS: -0.433637480385769
