Model: GRU
MSE: 10.832972182455377
MAE: 1.8177263648421675
EVS: -0.669171060060574
