Model: GRU
MSE: 9.727660679270574
MAE: 1.6172110063058358
EVS: -0.5195769919995337
