Model: GRU
MSE: 22.93052642297348
MAE: 4.099516974555121
EVS: -0.8092695515040511
