Model: GRU
MSE: 11.31862237937859
MAE: 1.7456509802076552
EVS: -0.7696100870225326
