Model: GRU
MSE: 51.4483246696692
MAE: 3.652712239159478
EVS: -7.377213631705683
