Model: GRU
MSE: 21.095657877858887
MAE: 2.8161438129566334
EVS: -2.356755805840372
