Model: GRU
MSE: 11.848878492766946
MAE: 1.8735853477760598
EVS: -0.8355015518432778
