Model: GRU
MSE: 29.414718202297426
MAE: 2.4711303534331144
EVS: -3.7623312053867313
