Model: GRU
MSE: 65.92307405081418
MAE: 3.4065497009842485
EVS: -9.705545769176728
