Model: GRU
MSE: 12.858545957753247
MAE: 2.5719273885091147
EVS: -0.49636816019132923
