Model: GRU
MSE: 19.138925878754858
MAE: 2.3852865784256547
EVS: -2.095197523551947
