Model: GRU
MSE: 11.404378463206015
MAE: 1.7969196460865162
EVS: -0.7572988208306655
