Model: GRU
MSE: 11.544272316131902
MAE: 1.9691542696069788
EVS: -0.6924121691480374
