Model: GRU
MSE: 21.752217415352426
MAE: 2.6651487527070223
EVS: -2.5129811656523833
