Model: GRU
MSE: 18.606659239912823
MAE: 2.833923675395824
EVS: -1.4252575968267394
