Model: GRU
MSE: 12.734596778793401
MAE: 1.9075900007177282
EVS: -0.9711629544968226
