Model: GRU
MSE: 13.302668102541315
MAE: 2.35511698546233
EVS: -0.7812565202239272
