Model: GRU
MSE: 19.014565937698283
MAE: 2.217084036933051
EVS: -2.0346925005261975
