Model: GRU
MSE: 12.318039045249558
MAE: 2.044334199693468
EVS: -0.786273789534842
