Model: GRU
MSE: 20.816760960054328
MAE: 2.3359334380538375
EVS: -2.2210711186704915
