Model: GRU
MSE: 22.421391526186923
MAE: 2.3079932177508318
EVS: -2.571110627539731
