Model: GRU
MSE: 20.539088621503875
MAE: 2.857791431248188
EVS: -1.878461781349515
