Model: GRU
MSE: 50.15809284073048
MAE: 2.8094885260970504
EVS: -7.035267296927103
