Model: GRU
MSE: 17.148412987774414
MAE: 2.2771439375700773
EVS: -1.7899555590106218
