Model: GRU
MSE: 10.599648590738187
MAE: 1.5959942429154008
EVS: -0.6574681594953251
