Model: GRU
MSE: 15.5166884884342
MAE: 2.6965399848090277
EVS: -0.9766598045323001
