Model: GRU
MSE: 51.88925329659177
MAE: 3.282526457751239
EVS: -6.656953218367953
