Model: GRU
MSE: 64.55973061775197
MAE: 3.2056889357390226
EVS: -9.078494343321236
