Model: GRU
MSE: 13.229580237367584
MAE: 2.3071963522169323
EVS: -0.8176295488160799
