Model: GRU
MSE: 14.78390009734361
MAE: 2.8739490155820495
EVS: -0.6368403190334548
