Model: GRU
MSE: 10.818101017220922
MAE: 1.624892482051143
EVS: -0.687195424914036
