Model: GRU
MSE: 10.724271478700631
MAE: 1.642053939678051
EVS: -0.6520642186141792
