Model: GRU
MSE: 358.4682456373869
MAE: 18.772134498313623
EVS: 0.050015109684455106
