Model: GRU
MSE: 15.275488669353729
MAE: 2.703688374272099
EVS: -1.1461995456925336
