Model: GRU
MSE: 11.622151961675492
MAE: 1.923299718786169
EVS: -0.6902151137082839
