Model: GRU
MSE: 12.469079587606707
MAE: 1.8570109473334417
EVS: -0.9007237129908467
