Model: GRU
MSE: 11.780588707289992
MAE: 1.8941657454879195
EVS: -0.7687973496340255
