Model: GRU
MSE: 11.282050709429583
MAE: 1.601775911119249
EVS: -0.7377515664115801
