Model: GRU
MSE: 11.450103868622582
MAE: 1.617494812718144
EVS: -0.7769963971287601
