Model: GRU
MSE: 13.56672497434563
MAE: 1.8721734241203025
EVS: -1.1168281274198546
