Model: GRU
MSE: 11.819947940219546
MAE: 1.7564014152244285
EVS: -0.8266604417065067
