Model: GRU
MSE: 6.245972526561841
MAE: 1.328727262991446
EVS: -0.4014314675402486
