Model: GRU
MSE: 15.727351030522128
MAE: 3.0120676711753562
EVS: -0.8409067733569275
