Model: GRU
MSE: 11.686161515124551
MAE: 1.8238105950532135
EVS: -0.7682487606215915
