Model: GRU
MSE: 10.882479783938917
MAE: 1.743031007272226
EVS: -0.6529114756725363
