Model: GRU
MSE: 11.807970724625251
MAE: 1.7409246409380879
EVS: -0.7989071547707938
