Model: GRU
MSE: 9.740591151465482
MAE: 1.7281630833943684
EVS: -0.4981852711763959
