Model: GRU
MSE: 11.427081790650046
MAE: 1.8940703250743725
EVS: -0.7153269384005252
