Model: GRU
MSE: 9.750035284130078
MAE: 1.8367649007726599
EVS: -0.48340837698687933
