Model: GRU
MSE: 13.69736189666047
MAE: 2.337741392630118
EVS: -0.8227860440518042
