Model: GRU
MSE: 20.8734418849395
MAE: 2.560025939234981
EVS: -2.3913343380610548
