Model: GRU
MSE: 13.967700200243817
MAE: 2.1644922539039895
EVS: -1.0902034929100495
