Model: GRU
MSE: 27.122112740858846
MAE: 2.75119380597715
EVS: -3.139104378615995
