Model: GRU
MSE: 8.968075579454004
MAE: 1.46877419507062
EVS: -0.3960078715508717
