Model: GRU
MSE: 31.223688903531528
MAE: 2.571649463088424
EVS: -3.8746248135692793
