Model: GRU
MSE: 12.067857008141177
MAE: 2.1119012479428894
EVS: -0.7189694268306752
