Model: GRU
MSE: 16.74926101065155
MAE: 2.145495335261027
EVS: -1.6215035023272684
