Model: GRU
MSE: 6.874613821578165
MAE: 1.5321835058706779
EVS: -0.4765497055979353
