Model: GRU
MSE: 29.39436535863924
MAE: 2.6395805323565447
EVS: -3.5194430364052316
