Model: GRU
MSE: 11.564515013056566
MAE: 1.8522462844848633
EVS: -0.7386972826476448
