Model: GRU
MSE: 11.051414532262083
MAE: 1.6486220359802246
EVS: -0.702347577338855
