Model: GRU
MSE: 11.450282117804464
MAE: 1.7618928132233795
EVS: -0.76136719946049
