Model: GRU
MSE: 24.856900046779966
MAE: 2.900492208975333
EVS: -3.0079032197252946
