Model: GRU
MSE: 12.016770215784332
MAE: 2.639805475870768
EVS: -0.3675496461954806
