Model: GRU
MSE: 11.883161542772912
MAE: 1.6642242714210793
EVS: -0.8469053271939195
