Model: GRU
MSE: 11.853767059101209
MAE: 2.0066414409213595
EVS: -0.7382736590245891
