Model: GRU
MSE: 12.732348338240804
MAE: 1.9519766878198694
EVS: -0.9676519915244042
