Model: GRU
MSE: 12.362168366526037
MAE: 2.131983757019043
EVS: -0.745068281811593
