Model: GRU
MSE: 12.055803522840279
MAE: 1.8736139403449164
EVS: -0.8610647597440206
