Model: GRU
MSE: 19.52737173077744
MAE: 3.5438370174831815
EVS: -0.8057381392210861
