Model: GRU
MSE: 10.635920758917681
MAE: 1.6834747879593461
EVS: -0.6624411248062212
