Model: GRU
MSE: 21.15937471998882
MAE: 3.146523286189352
EVS: -1.898211396500923
