Model: GRU
MSE: 10.894294519679432
MAE: 1.6139135360717773
EVS: -0.6701745460019843
