Model: GRU
MSE: 13.266680856786731
MAE: 1.8866393477828414
EVS: -1.144143929774045
