Model: GRU
MSE: 12.093187809030193
MAE: 1.7820220876623083
EVS: -0.8411261928232443
