Model: GRU
MSE: 12.600148392287927
MAE: 2.3170150827478477
EVS: -0.6602483345896946
