Model: GRU
MSE: 12.580404968551463
MAE: 2.283784265871401
EVS: -0.9396325289601293
