Model: GRU
MSE: 12.076440216964599
MAE: 1.914752889562536
EVS: -0.8029929137594398
