Model: GRU
MSE: 13.461795667982331
MAE: 1.9382816420661078
EVS: -1.0512051232667545
