Model: GRU
MSE: 34.178848500629506
MAE: 2.792782324331778
EVS: -4.571514916051437
