Model: GRU
MSE: 15.049748160214744
MAE: 2.6163382353606046
EVS: -0.9595790932952761
