Model: GRU
MSE: 12.260036450123826
MAE: 1.745626378942419
EVS: -0.8612823371986102
