Model: GRU
MSE: 10.752320151562596
MAE: 1.8356216218736436
EVS: -0.592450081909154
