Model: GRU
MSE: 16.225732680606477
MAE: 2.426374120844735
EVS: -1.301478880734944
