Model: GRU
MSE: 22.90493021396992
MAE: 3.011396213814064
EVS: -2.6001649149447372
