Model: GRU
MSE: 10.192088406420664
MAE: 1.6215142497309931
EVS: -0.555577599899802
