Model: GRU
MSE: 11.724771587863685
MAE: 1.9952481940940574
EVS: -0.6874259552611277
