Model: GRU
MSE: 29.2994665804197
MAE: 2.7321989977801286
EVS: -3.7756903517199376
