Model: GRU
MSE: 12.61492431300522
MAE: 1.864908430311415
EVS: -0.8610460420775663
