Model: GRU
MSE: 16.240013480260636
MAE: 2.985060939082393
EVS: -0.8779793053913516
