Model: GRU
MSE: 6.142648229776139
MAE: 1.440404768343325
EVS: -0.1718569994107797
