Model: GRU
MSE: 7.6400325602132435
MAE: 1.5074679763228804
EVS: -0.6170265518370253
