Model: GRU
MSE: 11.30253900863261
MAE: 1.7258445421854656
EVS: -0.7668856993377278
