Model: GRU
MSE: 36.838619491560785
MAE: 2.70102975986622
EVS: -4.890777068148685
