Model: GRU
MSE: 12.616205323978285
MAE: 2.09326551578663
EVS: -0.810252634022794
