Model: GRU
MSE: 11.527568543251888
MAE: 1.62236573961046
EVS: -0.7753374987520623
