Model: GRU
MSE: 9.98349438915043
MAE: 1.9988327732792608
EVS: -0.3763787602561717
