Model: GRU
MSE: 44.64161020219348
MAE: 2.7709924556590892
EVS: -5.9638873831684585
