Model: GRU
MSE: 11.47220535140655
MAE: 1.8306124651873554
EVS: -0.7086484590461615
