Model: GRU
MSE: 10.218278849739447
MAE: 1.729517724778917
EVS: -0.5468403163476758
