Model: GRU
MSE: 10.885835304463399
MAE: 1.5702309785065827
EVS: -0.6954446732617794
