Model: GRU
MSE: 11.120439545166038
MAE: 1.7251405009516962
EVS: -0.7167683227643744
