Model: GRU
MSE: 13.65665814371899
MAE: 2.364288082829228
EVS: -0.8960606985476189
