Model: GRU
MSE: 21.0339509370247
MAE: 2.2436550811485008
EVS: -2.4149888502639936
