Model: GRU
MSE: 11.425941473634886
MAE: 1.873691859068694
EVS: -0.6768372768485418
