Model: GRU
MSE: 22.106709459243888
MAE: 2.4650333722432456
EVS: -2.3862497457781586
