Model: GRU
MSE: 6.312846914464933
MAE: 1.7206046846177843
EVS: -0.2676046959103482
