Model: GRU
MSE: 11.709418160419773
MAE: 2.775673018561469
EVS: -0.9982860369883104
