Model: GRU
MSE: 58.58904572937196
MAE: 3.165378979274205
EVS: -6.7106299522595485
