Model: GRU
MSE: 12.485168352449566
MAE: 2.01155009093108
EVS: -0.9309896319003264
