Model: GRU
MSE: 12.415564662028963
MAE: 1.7292018819738317
EVS: -0.9101485126474302
