Model: GRU
MSE: 12.032672314064897
MAE: 2.26780492288095
EVS: -0.5901738606669891
