Model: GRU
MSE: 37.38815877993256
MAE: 2.696977385768184
EVS: -4.916002352517107
