Model: GRU
MSE: 22.56089828286707
MAE: 2.393963902084916
EVS: -2.6744759422357847
