Model: GRU
MSE: 20.03428463098123
MAE: 2.606544883162887
EVS: -2.2456690128132792
