Model: GRU
MSE: 27.281619661065836
MAE: 2.704716788397895
EVS: -3.0494481701124325
