Model: GRU
MSE: 13.07957882524712
MAE: 1.9057865496034976
EVS: -0.9339433704926476
