Model: GRU
MSE: 15.303352762145652
MAE: 2.4654577749746815
EVS: -1.120794578644119
