Model: GRU
MSE: 12.639458080862385
MAE: 2.079695560314037
EVS: -0.8946883488103969
