Model: GRU
MSE: 132.33030237878808
MAE: 11.222592292008576
EVS: 0.001772790121311263
