Model: GRU
MSE: 10.823608959968018
MAE: 1.8211342140480324
EVS: -0.6152168148789028
