Model: GRU
MSE: 22.18199855365786
MAE: 2.275194433000353
EVS: -2.6035015891591033
