Model: GRU
MSE: 12.376030233691584
MAE: 1.925627213937265
EVS: -0.8549241196882829
