Model: GRU
MSE: 21.52127278301328
MAE: 3.6996724517257125
EVS: -1.1146935982348682
