Model: GRU
MSE: 10.459131537745508
MAE: 1.6696174586260761
EVS: -0.6144710773462294
