Model: GRU
MSE: 11.875726526711677
MAE: 1.7280888204221372
EVS: -0.8568620335206818
