Model: GRU
MSE: 24.469805507958057
MAE: 2.3798545908044884
EVS: -2.7182262990719654
