Model: GRU
MSE: 32.26392143759521
MAE: 2.7194837842668806
EVS: -3.555404880511203
