Model: GRU
MSE: 14.11290658315809
MAE: 2.806350178188748
EVS: -0.6197125407806341
