Model: GRU
MSE: 25.444103186478802
MAE: 2.3576363810786494
EVS: -3.077932950043542
