Model: GRU
MSE: 11.769803841703025
MAE: 2.0122480392456055
EVS: -0.7003591835533693
