Model: GRU
MSE: 16.480044362055594
MAE: 1.955594610284876
EVS: -1.6655808634629512
