Model: GRU
MSE: 11.257848390961717
MAE: 1.6110412809583876
EVS: -0.75862219784005
