Model: GRU
MSE: 11.675452838955447
MAE: 1.8423610793219671
EVS: -0.7882391721221329
