Model: GRU
MSE: 15.994249872091611
MAE: 2.8682132826911078
EVS: -0.9201386769826145
