Model: GRU
MSE: 10.951168564741895
MAE: 1.7159912674515336
EVS: -0.6502568767698942
