Model: GRU
MSE: 30.710538567385214
MAE: 2.534279134538439
EVS: -3.994138664407722
