Model: GRU
MSE: 134.45394166683818
MAE: 11.337257590558794
EVS: 0.07420252632322188
