Model: GRU
MSE: 10.838730040015106
MAE: 1.6140945046036332
EVS: -0.6519005549395238
