Model: GRU
MSE: 10.721924119675586
MAE: 2.159114201863607
EVS: -0.48380016381827895
