Model: GRU
MSE: 12.993708729956316
MAE: 1.785076653515851
EVS: -1.020062961363415
