Model: GRU
MSE: 11.856007715843067
MAE: 1.7782714631822374
EVS: -0.838243572194378
