Model: GRU
MSE: 11.690475927426295
MAE: 1.6705706207840532
EVS: -0.8115684802761809
