Model: GRU
MSE: 7.2143290534512055
MAE: 1.5085809672320332
EVS: -0.5921250865744982
