Model: GRU
MSE: 11.721775022123976
MAE: 1.599760444075973
EVS: -0.8309947355131262
