Model: GRU
MSE: 6.83989583586902
MAE: 1.329825754518862
EVS: -0.47639915963026236
