Model: GRU
MSE: 11.363168534001598
MAE: 1.6925952876055683
EVS: -0.7483305197618886
