Model: GRU
MSE: 5.577747968752293
MAE: 1.2769556398744937
EVS: -0.24901039427145655
