Model: GRU
MSE: 12.769445735733159
MAE: 1.8496645998071741
EVS: -0.9318189585077199
