Model: GRU
MSE: 13.23541335121988
MAE: 2.4976290420249656
EVS: -0.7103391124890395
