Model: GRU
MSE: 7.601812107616078
MAE: 1.996341175503201
EVS: -0.4584355909667506
