Model: GRU
MSE: 22.574581018591214
MAE: 2.266990396711561
EVS: -2.6418150136953957
