Model: GRU
MSE: 18.38936555361667
MAE: 2.245991101971379
EVS: -1.8585498423963296
