Model: GRU
MSE: 12.251831676973383
MAE: 1.7287809054056804
EVS: -0.9143742557611934
