Model: GRU
MSE: 16.412925459794767
MAE: 2.0546703780138933
EVS: -1.6725494966757943
