Model: GRU
MSE: 15.118628733052075
MAE: 2.5439314312405057
EVS: -1.053723211856843
