Model: GRU
MSE: 12.151303526610702
MAE: 1.7180917881153248
EVS: -0.8609813265451578
