Model: GRU
MSE: 11.762618088737883
MAE: 1.9803886060361509
EVS: -0.7234048468779559
