Model: GRU
MSE: 10.7925845063564
MAE: 1.5934292475382488
EVS: -0.664445636718757
