Model: GRU
MSE: 11.091276715925435
MAE: 1.7772650895295319
EVS: -0.7013319748068474
