Model: GRU
MSE: 22.875041353631154
MAE: 2.8347005667509855
EVS: -2.684325608723614
