Model: GRU
MSE: 13.45954141201269
MAE: 2.3733075813010887
EVS: -0.7430304184392003
