Model: GRU
MSE: 22.939280292672972
MAE: 2.3427996105617948
EVS: -2.708565917813271
