Model: GRU
MSE: 62.11210031467146
MAE: 3.402125835418701
EVS: -8.10566125948018
