Model: GRU
MSE: 424.45480543539816
MAE: 20.45359339537444
EVS: 0.004745032787116132
