Model: GRU
MSE: 10.449161750988061
MAE: 1.5193947862695765
EVS: -0.6177975249060259
