Model: GRU
MSE: 11.577458544032735
MAE: 2.097465091281467
EVS: -0.5696400017665302
