Model: GRU
MSE: 11.309394135731122
MAE: 1.6704758538140192
EVS: -0.7680461339790743
