Model: GRU
MSE: 16.07570998447305
MAE: 1.9127926407036957
EVS: -1.5900268531287027
