Model: GRU
MSE: 32.50763946778201
MAE: 2.934554824122676
EVS: -4.298298366239197
