Model: GRU
MSE: 10.50949173795019
MAE: 1.8478518945199471
EVS: -0.5639045531822964
