Model: GRU
MSE: 11.28945690617246
MAE: 1.7155760659111872
EVS: -0.7625555798756529
