Model: GRU
MSE: 15.884808358468979
MAE: 2.7350284081918224
EVS: -0.9696328550294933
