Model: GRU
MSE: 5.793213672627172
MAE: 1.4388470473112884
EVS: -0.2570525798537644
