Model: GRU
MSE: 13.370900782383615
MAE: 2.2951073823151766
EVS: -0.853607047990089
