Model: GRU
MSE: 15.829801345428304
MAE: 2.0718903055897466
EVS: -1.577171332150249
