Model: GRU
MSE: 11.59921265120311
MAE: 1.6799600919087727
EVS: -0.8086843300971547
