Model: GRU
MSE: 12.654389203491014
MAE: 2.0505459750140154
EVS: -0.8719255734186524
