Model: GRU
MSE: 24.014002757392248
MAE: 2.3147961651837385
EVS: -2.8555687151292886
