Model: GRU
MSE: 11.202665089870093
MAE: 2.0080095397101507
EVS: -0.5900698372206272
