Model: GRU
MSE: 2571.894882001845
MAE: 50.64883366337529
EVS: -0.030565586618842122
