Model: GRU
MSE: 13.66893076304199
MAE: 2.7107150466353804
EVS: -0.5320209236073214
