Model: GRU
MSE: 9.968376597699615
MAE: 1.5188584504304108
EVS: -0.5484395258901036
