Model: GRU
MSE: 37.76885630605723
MAE: 3.1941532577787126
EVS: -3.762407658094392
