Model: GRU
MSE: 7.179293608443778
MAE: 1.970547499480071
EVS: -0.33675469233369126
