Model: GRU
MSE: 13.975352267347532
MAE: 2.467105159053096
EVS: -0.6788623131547913
