Model: GRU
MSE: 18.944090985016643
MAE: 2.4494414859347873
EVS: -2.054340960368169
