Model: GRU
MSE: 13.29063628793264
MAE: 2.2004207681726524
EVS: -0.8559796937127833
