Model: GRU
MSE: 8.18428387283351
MAE: 2.1486605538262262
EVS: -0.4833213882470613
