Model: GRU
MSE: 11.725969979706793
MAE: 2.1112072556107133
EVS: -0.6999440996304076
