Model: GRU
MSE: 9.984781198325614
MAE: 1.5445013576083713
EVS: -0.552840262565431
