Model: GRU
MSE: 26.337807248682424
MAE: 3.4318072177745678
EVS: -3.022681657138315
