Model: GRU
MSE: 12.330319026619387
MAE: 2.1219459463048866
EVS: -0.7765692283492713
