Model: GRU
MSE: 11.371108471317712
MAE: 1.915236720332393
EVS: -0.7002297584434067
