Model: GRU
MSE: 12.220156095199046
MAE: 2.307616940251103
EVS: -0.5418288044044124
