Model: GRU
MSE: 10.790819958192953
MAE: 2.050519837273492
EVS: -0.5098820003860691
