Model: GRU
MSE: 7.785901201086348
MAE: 1.7343427340189617
EVS: -0.6787292196612009
