Model: GRU
MSE: 11.328428092560898
MAE: 2.011778195699056
EVS: -0.5746725819543754
