Model: GRU
MSE: 10.501923060504295
MAE: 1.6605115819860388
EVS: -0.6388817346433768
