Model: GRU
MSE: 46.00745785201875
MAE: 2.995656931841815
EVS: -6.4739824928145735
