Model: GRU
MSE: 11.617251559974891
MAE: 1.653708193037245
EVS: -0.8157089310799026
