Model: GRU
MSE: 65.12689537332184
MAE: 3.3618197087888366
EVS: -8.940387494185114
