Model: GRU
MSE: 11.687757355413531
MAE: 1.9064849217732747
EVS: -0.7805379566594273
