Model: GRU
MSE: 16.720796378277708
MAE: 2.200034474885022
EVS: -1.6317102615784993
