Model: GRU
MSE: 15.806887785197837
MAE: 2.682197676764594
EVS: -1.0852243742087921
