Model: GRU
MSE: 11.94900196791801
MAE: 1.68470123079088
EVS: -0.8406588063409537
