Model: GRU
MSE: 19.69188935086345
MAE: 3.1938050058152943
EVS: -1.3863588036206447
