Model: GRU
MSE: 11.567802058724409
MAE: 1.8251073801959004
EVS: -0.784178847104217
