Model: GRU
MSE: 10.867137224840176
MAE: 1.5954956478542752
EVS: -0.6822162500802926
