Model: GRU
MSE: 13.098693347222556
MAE: 1.765891463668258
EVS: -1.0022825541227052
