Model: GRU
MSE: 28.209117797386178
MAE: 2.5889296531677246
EVS: -3.2170024276984677
