Model: GRU
MSE: 14.88631902805311
MAE: 2.670247784367314
EVS: -0.8783597846410867
