Model: GRU
MSE: 13.672083556438347
MAE: 2.0843766353748463
EVS: -1.012615638519223
