Model: GRU
MSE: 10.02577334327267
MAE: 2.48102166917589
EVS: -0.8250556935606719
