Model: GRU
MSE: 16.961502580119554
MAE: 3.1371307373046875
EVS: -0.8120487580766667
