Model: GRU
MSE: 13.421747896108897
MAE: 1.823499079103823
EVS: -1.0966204159447646
