Model: GRU
MSE: 12.758207260510273
MAE: 2.072063852239538
EVS: -0.8797229469244154
