Model: GRU
MSE: 60.78781213368381
MAE: 3.5478623001663774
EVS: -8.90410902824478
