Model: GRU
MSE: 19.92465886649195
MAE: 2.8598327062748097
EVS: -1.7089291250055152
