Model: GRU
MSE: 10.812128353394899
MAE: 1.8729716936747234
EVS: -0.6086830227131892
