Model: GRU
MSE: 10.339014408920237
MAE: 1.5952016335946542
EVS: -0.6151038027135161
