Model: GRU
MSE: 10.008791728311136
MAE: 1.6396131338896576
EVS: -0.5506090690497867
