Model: GRU
MSE: 16.359558547900026
MAE: 2.522311139989782
EVS: -1.4353450349782562
