Model: GRU
MSE: 10.229071095764631
MAE: 1.545246954317446
EVS: -0.5916569113645915
