Model: GRU
MSE: 13.504601402578382
MAE: 2.4921004154064037
EVS: -0.7259807557502036
