Model: GRU
MSE: 18.09621411414128
MAE: 2.2022436018343323
EVS: -1.889552638042868
