Model: GRU
MSE: 12.350569664542187
MAE: 1.717042746367278
EVS: -0.9312181364124568
