Model: GRU
MSE: 14.67697385088525
MAE: 2.56564638349745
EVS: -0.9473751570617317
