Model: GRU
MSE: 14.038277114824007
MAE: 1.9500236334624115
EVS: -1.2727829294769606
