Model: GRU
MSE: 8.063891197580444
MAE: 2.097456172660545
EVS: -0.5630484425468647
