Model: GRU
MSE: 17.149383408747713
MAE: 3.1777402030097113
EVS: -0.7512934428042246
