Model: GRU
MSE: 10.300908752513013
MAE: 1.57973466096101
EVS: -0.6107598615075891
