Model: GRU
MSE: 6.046847778942821
MAE: 1.265497914067021
EVS: -0.3520047049827346
