Model: GRU
MSE: 11.606739623562808
MAE: 1.7727239043624312
EVS: -0.7320879978661647
