Model: GRU
MSE: 12.88303116779756
MAE: 2.3504937843040183
EVS: -0.7232121611607267
