Model: GRU
MSE: 7.690692535858303
MAE: 2.128966296160663
EVS: -0.3453896058654693
