Model: GRU
MSE: 11.316443995892913
MAE: 1.6608761858057093
EVS: -0.7442501518792699
