Model: GRU
MSE: 10.394893390892792
MAE: 1.623981405187536
EVS: -0.6034369595016389
