Model: GRU
MSE: 22.500129330791097
MAE: 2.195512859909623
EVS: -2.651441227208209
