Model: GRU
MSE: 18.04520030403689
MAE: 2.069316378346196
EVS: -1.9129421062383027
