Model: GRU
MSE: 12.947603977644373
MAE: 2.029052910981355
EVS: -0.9051485121706151
