Model: GRU
MSE: 9.577948983665422
MAE: 1.4980952121593334
EVS: -0.4974308042613915
