Model: GRU
MSE: 35.13946829345205
MAE: 2.8944621792546026
EVS: -4.727714187309486
