Model: GRU
MSE: 6.426277481149799
MAE: 1.3325211030465585
EVS: -0.41601013245761953
