Model: GRU
MSE: 12.541581575100459
MAE: 1.844054345731382
EVS: -0.9583146074030575
