Model: GRU
MSE: 10.152641930281991
MAE: 1.6863719445687753
EVS: -0.5476030760739949
