Model: GRU
MSE: 11.723935391159717
MAE: 1.9340176582336426
EVS: -0.74441497006917
