Model: GRU
MSE: 13.298582357701864
MAE: 1.9842320018344455
EVS: -0.9812559376013836
