Model: GRU
MSE: 23.423074236421783
MAE: 2.7514973393193
EVS: -2.381740613125521
