Model: GRU
MSE: 20.71619748015359
MAE: 2.2706703256677696
EVS: -2.3702218455742092
