Model: GRU
MSE: 36.12645890810799
MAE: 3.3835140510841653
EVS: -4.84395353685482
