Model: GRU
MSE: 12.684084266864552
MAE: 1.9875008088571053
EVS: -0.8847603487033466
