Model: GRU
MSE: 12.422961421451983
MAE: 1.8596971829732258
EVS: -0.8692253430637402
