Model: GRU
MSE: 8.828880836614056
MAE: 2.160477073104293
EVS: -0.013386907819160854
