Model: GRU
MSE: 19.01398932004301
MAE: 2.2014707724253335
EVS: -2.099551503269475
