Model: GRU
MSE: 18.545056433031245
MAE: 2.442957878112793
EVS: -1.997759312288884
