Model: GRU
MSE: 13.831700731872717
MAE: 1.8172610424183033
EVS: -1.1547668523852863
