Model: GRU
MSE: 11.154709494265868
MAE: 1.9994183293095342
EVS: -0.5720724205494807
