Model: GRU
MSE: 13.985216717361524
MAE: 2.4189426987259477
EVS: -0.8717721263633269
