Model: GRU
MSE: 14.386658914053273
MAE: 2.4120030579743563
EVS: -0.9462680199739204
