Model: GRU
MSE: 14.074918746347773
MAE: 2.6582854942039207
EVS: -0.6780863083803996
