Model: GRU
MSE: 14.380277210398399
MAE: 2.816241158379449
EVS: -0.6465048103789501
