Model: GRU
MSE: 11.515235103125944
MAE: 2.063411165166784
EVS: -0.617934898819932
