Model: GRU
MSE: 11.378647835717562
MAE: 1.69169427730419
EVS: -0.7790869081205469
