Model: GRU
MSE: 32.95096865865317
MAE: 2.7041397094726562
EVS: -4.366542950287429
