Model: GRU
MSE: 11.581305539339466
MAE: 1.6334129792672616
EVS: -0.7782609376256922
