Model: GRU
MSE: 19.768087300082886
MAE: 2.727422934991342
EVS: -2.1079094951440074
