Model: GRU
MSE: 20.642261129057555
MAE: 2.3837082297713668
EVS: -2.3411579910320985
