Model: GRU
MSE: 11.916932808760773
MAE: 1.7916258352774161
EVS: -0.8161224379987535
