Model: GRU
MSE: 14.977063905379653
MAE: 2.461449393519649
EVS: -1.1381404695189765
