Model: GRU
MSE: 5.646100597202349
MAE: 1.6499687830607097
EVS: -0.07656922749879413
