Model: GRU
MSE: 63.415557714363565
MAE: 2.952164367393211
EVS: -9.039598564817098
