Model: GRU
MSE: 13.709371761055317
MAE: 2.457349318045157
EVS: -0.8300965079679561
