Model: GRU
MSE: 687.7819222318848
MAE: 26.10725907926206
EVS: 0.031605031633116565
