Model: GRU
MSE: 24.842962602707694
MAE: 4.131027742668435
EVS: -2.0701978522257023
