Model: GRU
MSE: 11.876379684654104
MAE: 1.7877862011944805
EVS: -0.8479352892555019
