Model: GRU
MSE: 18.79113184799363
MAE: 2.201795154147678
EVS: -2.042547792621958
