Model: GRU
MSE: 20.96407002198391
MAE: 2.3604938012582286
EVS: -2.27034743054087
