Model: GRU
MSE: 12.517669409702489
MAE: 1.831868259995072
EVS: -0.905672463815868
