Model: GRU
MSE: 9.341530620782308
MAE: 2.2852729514793113
EVS: -2.220446049250313e-16
