Model: GRU
MSE: 13.802893390091683
MAE: 2.6322170540138528
EVS: -0.633987743051931
