Model: GRU
MSE: 12.224211402644599
MAE: 2.0328699747721353
EVS: -0.7914592527971815
