Model: GRU
MSE: 12.541081685657504
MAE: 1.7209667453059443
EVS: -0.9567702107413176
