Model: GRU
MSE: 16.213737671969554
MAE: 3.0328486407244646
EVS: -0.9745625128582727
