Model: GRU
MSE: 10.858545283937643
MAE: 1.5987297340675637
EVS: -0.6682512102177214
