Model: GRU
MSE: 11.427895505457526
MAE: 2.097795680717186
EVS: -0.5782443547055833
