Model: GRU
MSE: 16.604044479929236
MAE: 2.711323473188612
EVS: -1.1608262899162578
