Model: GRU
MSE: 19.177479992398435
MAE: 2.6639161109924316
EVS: -1.7872814149880347
