Model: GRU
MSE: 11.378924670416247
MAE: 1.703532890037254
EVS: -0.7691797509197438
