Model: GRU
MSE: 9.83766470167782
MAE: 2.2406686853479454
EVS: -0.1669488725546402
