Model: GRU
MSE: 12.956064204710856
MAE: 2.5330057497377747
EVS: -0.5693761345020736
