Model: GRU
MSE: 11.43869767009256
MAE: 1.6915899029484502
EVS: -0.7357270032292911
