Model: GRU
MSE: 13.758835252685929
MAE: 2.2432726400869862
EVS: -1.0693079515220454
