Model: GRU
MSE: 11.473971619804784
MAE: 1.8144955811677155
EVS: -0.7941829062900663
