Model: GRU
MSE: 36.01881812255788
MAE: 3.0999357258832014
EVS: -4.864774800206417
