Model: GRU
MSE: 12.416771710787577
MAE: 1.9528487170184101
EVS: -0.9007285860660919
