Model: GRU
MSE: 12.30767981845872
MAE: 2.2556642249778465
EVS: -0.6418686648152028
