Model: GRU
MSE: 12.043554177253176
MAE: 1.8047664607012714
EVS: -0.8712065482746567
