Model: GRU
MSE: 14.627931086621722
MAE: 2.541096987547698
EVS: -1.1128455530856192
