Model: GRU
MSE: 10.312988966934359
MAE: 2.442951131750036
EVS: -1.0148556157195983
