Model: GRU
MSE: 12.754591932911792
MAE: 1.8197107315063477
EVS: -0.9943288187367973
