Model: GRU
MSE: 11.87863430219306
MAE: 2.1413553202593767
EVS: -0.6359760704667159
