Model: GRU
MSE: 18.03494062976377
MAE: 2.6931745305105492
EVS: -1.8428484553852345
