Model: GRU
MSE: 23.10366655475279
MAE: 2.9943883419036865
EVS: -2.681289446578876
