Model: GRU
MSE: 13.084984694878333
MAE: 2.2882762838293007
EVS: -0.857882327819369
