Model: GRU
MSE: 11.866175683948768
MAE: 1.8478196108782734
EVS: -0.8534690151891746
