Model: GRU
MSE: 16.085577589213912
MAE: 2.0886532885056956
EVS: -1.6213260158265492
