Model: GRU
MSE: 12.241796665782575
MAE: 1.731487132884838
EVS: -0.8870569739628948
