Model: GRU
MSE: 10.98379562315781
MAE: 1.843756322507505
EVS: -0.5914307335966866
