Model: GRU
MSE: 13.26487261246538
MAE: 1.8830162330910012
EVS: -1.04652748582678
