Model: GRU
MSE: 12.062633243595739
MAE: 1.9978728647585269
EVS: -0.762188205246052
