Model: GRU
MSE: 11.4062138696376
MAE: 1.8146467562075015
EVS: -0.7220523736025966
