Model: GRU
MSE: 10.062351518209274
MAE: 2.545735482816343
EVS: 0.1394848942607293
