Model: GRU
MSE: 9.917224867901327
MAE: 1.5081983495641638
EVS: -0.5488380160669966
