Model: GRU
MSE: 11.476633983334962
MAE: 1.6256149786489982
EVS: -0.7884666484639868
