Model: GRU
MSE: 11.154409907626393
MAE: 1.837860036779333
EVS: -0.708861538448597
