Model: GRU
MSE: 15.057338653473357
MAE: 2.139786879221598
EVS: -1.4443121751787045
