Model: GRU
MSE: 18.908883073858103
MAE: 3.4663658142089844
EVS: -0.847314432855294
