Model: GRU
MSE: 9.762691081561082
MAE: 1.834265461674443
EVS: -0.7538638285528743
