Model: GRU
MSE: 10.596157969784818
MAE: 1.620427131652832
EVS: -0.6415707361702181
