Model: GRU
MSE: 13.983997345081459
MAE: 2.4110982682969837
EVS: -0.8527155935066928
