Model: GRU
MSE: 12.937933021043769
MAE: 2.101071728600396
EVS: -0.8784584423040764
