Model: GRU
MSE: 10.477707715550945
MAE: 1.5907923380533855
EVS: -0.6280159909722316
