Model: GRU
MSE: 6.766910953645164
MAE: 1.330758395018401
EVS: -0.5180437235290396
