Model: GRU
MSE: 15.67005390799832
MAE: 2.049687871226558
EVS: -1.487241222128763
