Model: GRU
MSE: 13.75428077489148
MAE: 2.1779778445208513
EVS: -0.9818878641916398
