Model: GRU
MSE: 14.07568681417296
MAE: 2.0780093404981823
EVS: -1.0560214272437443
