Model: GRU
MSE: 23503.773211531712
MAE: 153.2885453965929
EVS: -2.220446049250313e-16
