Model: GRU
MSE: 11.958589129868844
MAE: 1.8664666105199743
EVS: -0.7912788455107929
