Model: GRU
MSE: 25.840468697633998
MAE: 3.3459849534211337
EVS: -2.9592607907275768
