Model: GRU
MSE: 10.934685591983065
MAE: 1.787244302255136
EVS: -0.6703688638890892
