Model: GRU
MSE: 12.019096244051509
MAE: 2.293852417557328
EVS: -0.543200615009124
