Model: GRU
MSE: 14.13316883419335
MAE: 2.538709075362594
EVS: -0.8838559273467137
