Model: GRU
MSE: 11.389120026265262
MAE: 1.7357343214529533
EVS: -0.7248090690610611
