Model: GRU
MSE: 11.886843757759413
MAE: 2.0668376640037254
EVS: -0.6992799216712564
