Model: GRU
MSE: 11.951623257437776
MAE: 2.1815657792267977
EVS: -0.6834841839078376
