Model: GRU
MSE: 6.02250492907337
MAE: 1.2739977660002533
EVS: -0.3497264831765834
