Model: GRU
MSE: 11.735283848700622
MAE: 1.920384442364728
EVS: -0.6812549546765976
