Model: GRU
MSE: 10.607524880755962
MAE: 1.8807705420034904
EVS: -0.57920515623947
