Model: GRU
MSE: 11.871463974163792
MAE: 1.828405044696949
EVS: -0.8543921982630482
