Model: GRU
MSE: 11.000583892657914
MAE: 1.8079591150637027
EVS: -0.788499644130126
