Model: GRU
MSE: 18.351894043615946
MAE: 2.1288395722707114
EVS: -1.9770346653161042
