Model: GRU
MSE: 17.628633185953642
MAE: 2.531777991188897
EVS: -1.5422688979242918
