Model: GRU
MSE: 66.09100290963757
MAE: 3.274341583251953
EVS: -7.948321597478067
