Model: GRU
MSE: 11.691497829038148
MAE: 1.9877096282111273
EVS: -0.7095472587049965
