Model: GRU
MSE: 11.613121332392076
MAE: 2.07387763482553
EVS: -0.6098030710927673
