Model: GRU
MSE: 12.021578438299601
MAE: 2.069664725550899
EVS: -0.7454101162617277
