Model: GRU
MSE: 15.152183258125536
MAE: 2.18848576369109
EVS: -1.3226510123971549
