Model: GRU
MSE: 43.57368559320838
MAE: 2.7117427896570274
EVS: -5.979668764320728
