Model: GRU
MSE: 7.546242977421143
MAE: 1.704611442707203
EVS: -0.37890495560856574
