Model: GRU
MSE: 11.662884767025794
MAE: 1.893195046318902
EVS: -0.818791286997498
