Model: GRU
MSE: 15.909225739063677
MAE: 3.173586704112865
EVS: -0.5328637119862782
