Model: GRU
MSE: 22.4014740635379
MAE: 2.684773400977806
EVS: -2.355313305730845
