Model: GRU
MSE: 22.298927811488984
MAE: 4.058334721459283
EVS: -0.5855579413943379
