Model: GRU
MSE: 13.797758891191295
MAE: 2.1297055703622325
EVS: -1.188657671318576
