Model: GRU
MSE: 14.13556097366661
MAE: 2.4107480578952365
EVS: -0.8376536759527298
