Model: GRU
MSE: 14.937724919199887
MAE: 2.073658417772364
EVS: -1.4232462579302672
