Model: GRU
MSE: 13.278411093790838
MAE: 1.7257888405411332
EVS: -1.064581244582873
