Model: GRU
MSE: 25.999278213906344
MAE: 2.2959287431504993
EVS: -3.2177043670738374
