Model: GRU
MSE: 11.855510394207217
MAE: 1.9266990555657282
EVS: -0.7499980448892891
