Model: GRU
MSE: 11.49718858961771
MAE: 1.6924257631655093
EVS: -0.7897010732078316
