Model: GRU
MSE: 10.43161691816574
MAE: 1.6407587263319228
EVS: -0.6023878241844456
