Model: GRU
MSE: 12.085672110676114
MAE: 1.7318219432124384
EVS: -0.8555799155205721
