Model: GRU
MSE: 12.655108944477181
MAE: 1.9321791684186016
EVS: -0.9001033154443483
