Model: GRU
MSE: 11.079827382562952
MAE: 2.825534326058847
EVS: -0.6422603401618947
