Model: GRU
MSE: 11.837701251574513
MAE: 1.7563810348510742
EVS: -0.8350112393290954
