Model: GRU
MSE: 10.345057687602564
MAE: 1.675055115311234
EVS: -0.5299588287400101
