Model: GRU
MSE: 11.184190626145917
MAE: 1.647121747334798
EVS: -0.7232735144518885
