Model: GRU
MSE: 14.262860925881022
MAE: 2.528845610441985
EVS: -1.039269094680817
