Model: GRU
MSE: 12.300021574653934
MAE: 2.0598024792141385
EVS: -0.8150702491874737
