Model: GRU
MSE: 17598.793975118868
MAE: 132.6413028858326
EVS: 0.20583348787202016
