Model: GRU
MSE: 6.759954855550758
MAE: 1.5374057911060475
EVS: -0.4832219464763834
