Model: GRU
MSE: 11.590127608621279
MAE: 1.6923412040427879
EVS: -0.7678841335399436
