Model: GRU
MSE: 14.610365296627977
MAE: 2.753351917973271
EVS: -0.739715632272602
