Model: GRU
MSE: 28.60466989277454
MAE: 2.7054991368894226
EVS: -3.6628166663087267
