Model: GRU
MSE: 25.983582354332544
MAE: 2.955839015819408
EVS: -3.200807618177244
