Model: GRU
MSE: 10.07703101628131
MAE: 1.6012945881596319
EVS: -0.5693605893122202
