Model: GRU
MSE: 41.28495394079989
MAE: 2.9818086977358216
EVS: -5.434318399175867
