Model: GRU
MSE: 12.776793447520141
MAE: 2.0683804088168674
EVS: -0.8844262424345533
