Model: GRU
MSE: 11.310366225666055
MAE: 2.05422701659026
EVS: -0.6104741664607385
