Model: GRU
MSE: 8.029402575873132
MAE: 2.1543178911562317
EVS: -0.39088802310566684
