Model: GRU
MSE: 11.617277808884225
MAE: 1.914174962926794
EVS: -0.7501648089211084
