Model: GRU
MSE: 20.481329383016064
MAE: 2.7216706540849476
EVS: -1.852857855231636
