Model: GRU
MSE: 65.94613168303681
MAE: 3.385079613438359
EVS: -8.96596750335792
