Model: GRU
MSE: 24.472928700748238
MAE: 2.5821250986169884
EVS: -2.695360802293915
