Model: GRU
MSE: 13.486581997689123
MAE: 1.8725653401127569
EVS: -1.0576945748265043
