Model: GRU
MSE: 11.533704638500264
MAE: 1.9053056681597675
EVS: -0.70539676542155
