Model: GRU
MSE: 8.000756854982615
MAE: 2.055648026642976
EVS: -0.5595292163419616
