Model: GRU
MSE: 36.17736400547964
MAE: 3.1024585123415345
EVS: -4.886210698565295
