Model: GRU
MSE: 793.2315794447379
MAE: 27.839001690899885
EVS: -0.29242268669327176
