Model: GRU
MSE: 18.290751047630845
MAE: 3.3451598043794983
EVS: -0.2670083637023559
