Model: GRU
MSE: 32.18233897290116
MAE: 4.762204417475948
EVS: -0.7619016376659378
