Model: GRU
MSE: 93.13759846750125
MAE: 8.88074411507006
EVS: -0.012144112821478759
