Model: GRU
MSE: 26.402875091588452
MAE: 3.9927718992586487
EVS: -0.7746944245520555
