Model: GRU
MSE: 28.230522248869782
MAE: 4.067581432837027
EVS: -1.587752516018007
