Model: GRU
MSE: 20.62374587330465
MAE: 3.379935476515028
EVS: -0.41993894851961366
