Model: GRU
MSE: 20.157954357413864
MAE: 3.0227769480811224
EVS: -0.42849466532412417
