Model: GRU
MSE: 20.56754008214206
MAE: 3.042633462835241
EVS: -0.37385413130092027
