Model: GRU
MSE: 25.250801246678748
MAE: 4.019050986678512
EVS: -0.6208556918516439
