Model: GRU
MSE: 43.561889848534776
MAE: 4.671992040342754
EVS: -2.5067660744953435
