Model: GRU
MSE: 27.660205405486835
MAE: 3.771506503776268
EVS: -0.9441222733931303
