Model: GRU
MSE: 24.92049982120113
MAE: 3.4985422602406255
EVS: -0.7232514081630983
