Model: GRU
MSE: 30.248184800917116
MAE: 4.417858318046287
EVS: -1.6575195664420015
