Model: GRU
MSE: 32.019429844416905
MAE: 4.812557957790516
EVS: -0.7381405744135008
