Model: GRU
MSE: 3109.2514410891717
MAE: 55.63081797847041
EVS: -0.32694625305233016
