Model: GRU
MSE: 24.636058101368395
MAE: 3.3399323710688837
EVS: -0.6461238504286919
