Model: GRU
MSE: 22.555374584218413
MAE: 3.5115767584906683
EVS: -0.4954854364235979
