Model: GRU
MSE: 33.99990133282483
MAE: 4.673209790830259
EVS: -1.3586610998001958
