Model: GRU
MSE: 22.867887055329998
MAE: 3.1769206435592086
EVS: -0.6207405800553416
