Model: GRU
MSE: 34.49882778937221
MAE: 4.525461435317993
EVS: -1.8254610998548664
