Model: GRU
MSE: 27.690978635620507
MAE: 3.8372564492402255
EVS: -0.8788165566225747
