Model: GRU
MSE: 23.95959231049573
MAE: 3.60921013796771
EVS: -0.5619724490329046
