Model: GRU
MSE: 24.217290372965614
MAE: 3.4459255889610008
EVS: -0.47886211367970355
