Model: GRU
MSE: 24.841617766866673
MAE: 3.6463709672292075
EVS: -0.278672637697148
