Model: GRU
MSE: 21.00480231324607
MAE: 3.2227906121148004
EVS: -0.48724857977192904
