Model: GRU
MSE: 23.852595831310715
MAE: 3.4212662908766003
EVS: -0.6590894250635544
