Model: GRU
MSE: 20.66408194755796
MAE: 3.034629322864391
EVS: -0.44175894942483107
