Model: GRU
MSE: 31.82542107833717
MAE: 4.251309350684837
EVS: -1.8995303873927374
