Model: GRU
MSE: 36.75731419820254
MAE: 4.7340823497091025
EVS: -2.3104085253740267
