Model: GRU
MSE: 19.87377871973704
MAE: 3.003246854852747
EVS: -0.30656855620969914
