Model: GRU
MSE: 25.145745196322988
MAE: 3.785349210103353
EVS: -1.2951886313021346
