Model: GRU
MSE: 30.717504208544277
MAE: 4.1979871679235385
EVS: -1.817857001177455
