Model: GRU
MSE: 35.182519000481605
MAE: 4.737233197247541
EVS: -1.737907853890194
