Model: GRU
MSE: 27.047284014974593
MAE: 4.166727878429271
EVS: -0.5127557961229265
