Model: GRU
MSE: 19.914694770514643
MAE: 3.271211933206629
EVS: 0.05994700575261325
