Model: GRU
MSE: 26.46541963701595
MAE: 4.077078889917444
EVS: -0.4928266958056977
