Model: GRU
MSE: 24.71992103887398
MAE: 3.33509303022314
EVS: -0.642410623837832
