Model: GRU
MSE: 22.965144386034062
MAE: 3.2373297656023943
EVS: -0.6247038047942746
