Model: GRU
MSE: 18.704543777420334
MAE: 3.322315830875326
EVS: -0.32642338570301455
