Model: GRU
MSE: 40.11858918683893
MAE: 4.9087514684156135
EVS: -2.579041773167862
