Model: GRU
MSE: 27.322036604161624
MAE: 3.7984204822116427
EVS: -0.857172248339575
