Model: GRU
MSE: 28.591336997335198
MAE: 3.9081674063647234
EVS: -1.6154526181465254
