Model: GRU
MSE: 27.732879949111595
MAE: 4.522321648067898
EVS: -0.4653328248674835
