Model: GRU
MSE: 26.332274792715637
MAE: 3.7795189839822276
EVS: -0.8636182002891022
