Model: GRU
MSE: 29.272336801478627
MAE: 4.049694335019147
EVS: -0.9979806266632549
