Model: GRU
MSE: 244.76970257023336
MAE: 15.129784813633671
EVS: -0.12487253864556624
