Model: GRU
MSE: 24.924628474853293
MAE: 3.383683549033271
EVS: -0.7646986710951171
