Model: GRU
MSE: 2186.6853694955844
MAE: 46.635971775761355
EVS: -0.07996827245599625
