Model: GRU
MSE: 28.10807332909523
MAE: 4.381137799333643
EVS: -0.8047769755403764
