Model: GRU
MSE: 23.331121013715862
MAE: 3.2644298209084406
EVS: -0.46993382572187103
