Model: GRU
MSE: 28.932591114421147
MAE: 3.964751645370766
EVS: -1.653381162304643
