Model: GRU
MSE: 38.765175007947356
MAE: 5.070345295800103
EVS: -2.4510036636083887
