Model: GRU
MSE: 28.32099604373424
MAE: 3.7952425479888916
EVS: -0.8069865227605288
