Model: GRU
MSE: 34.376955079904185
MAE: 4.797310670216878
EVS: -1.0416434498736384
