Model: GRU
MSE: 24.061229565673393
MAE: 3.430261082119412
EVS: -0.7000406545236206
