Model: GRU
MSE: 36.40763533989907
MAE: 5.534535814214636
EVS: -0.5634668867691617
