Model: GRU
MSE: 29.20835856047341
MAE: 3.904115076418276
EVS: -1.6792718876930666
