Model: GRU
MSE: 23.704080552098915
MAE: 3.458349799668347
EVS: -0.5826046478567304
