Model: GRU
MSE: 26.396890309286963
MAE: 4.253752692982003
EVS: -0.8662273863512777
