Model: GRU
MSE: 25.861765273512653
MAE: 3.6327303647994995
EVS: -0.7913927587998082
