Model: GRU
MSE: 24.179505066683273
MAE: 3.802584550998829
EVS: -0.678568245419823
