Model: GRU
MSE: 35.028214168474676
MAE: 5.386304042957447
EVS: -1.4210270395192506
