Model: GRU
MSE: 574.2379076273256
MAE: 23.700831236662687
EVS: -0.1475838291253586
