Model: GRU
MSE: 27.89958017275355
MAE: 3.847697717172128
EVS: -1.53610642691508
