Model: GRU
MSE: 20.215912622657996
MAE: 3.5336624957897045
EVS: -0.369952827742001
