Model: GRU
MSE: 29.18677983746368
MAE: 4.460017230775621
EVS: -0.44416350189011555
