Model: GRU
MSE: 18.71981607570113
MAE: 2.850126381273623
EVS: -0.3144869369875831
