Model: GRU
MSE: 21.281749699265358
MAE: 3.2803980067924217
EVS: -0.5061688064397951
