Model: GRU
MSE: 3952.7036143906685
MAE: 62.75830501980252
EVS: -2.220446049250313e-16
