Model: GRU
MSE: 27.35298405705452
MAE: 4.172323209268075
EVS: -1.4443742782289295
