Model: GRU
MSE: 27.399989863221176
MAE: 3.880112568537394
EVS: -0.7970031475842929
