Model: GRU
MSE: 24.84513118086592
MAE: 4.168942575101499
EVS: -0.42877224151252125
