Model: GRU
MSE: 26.810295575209338
MAE: 3.598913960986667
EVS: -1.4162128699512007
