Model: GRU
MSE: 20.582025301721394
MAE: 3.3566112650765314
EVS: -0.4590304723060217
