Model: GRU
MSE: 24.81571480779052
MAE: 4.027995321485731
EVS: -1.2469548243560813
