Model: GRU
MSE: 31.206046360446106
MAE: 4.1650778275948985
EVS: -1.8620943895203377
