Model: GRU
MSE: 24.400732362133542
MAE: 3.6117862153936318
EVS: -0.6274334468559832
