Model: GRU
MSE: 20.84745825107513
MAE: 3.5364304074534663
EVS: -0.3380929098091219
