Model: GRU
MSE: 25.294330314344144
MAE: 3.6919905874464245
EVS: -0.7778116044914942
