Model: GRU
MSE: 32.672627316931354
MAE: 5.042105348021896
EVS: -1.7515588715101886
