Model: GRU
MSE: 15.539191779306202
MAE: 3.326693985197279
EVS: -0.028183847599503098
