Model: GRU
MSE: 23.26400453135521
MAE: 3.3076274439140603
EVS: -0.5958439197411447
