Model: GRU
MSE: 23.899702120894737
MAE: 3.3199715702622026
EVS: -0.5574310844113453
