Model: GRU
MSE: 23.130180009112742
MAE: 3.4367787749679
EVS: -0.47759540104553144
