Model: GRU
MSE: 24.695536052753024
MAE: 3.9248284145637795
EVS: -0.709154054661288
