Model: GRU
MSE: 25.203417064631914
MAE: 3.763332826119882
EVS: -0.7875625620224567
