Model: GRU
MSE: 28.37275466303269
MAE: 3.7613923328894154
EVS: -1.190505979746841
