Model: GRU
MSE: 23.681272706027613
MAE: 3.6584019131130643
EVS: -0.6100325202022565
