Model: GRU
MSE: 24.86973740878773
MAE: 3.6418329698068126
EVS: -0.6821855364289604
