Model: GRU
MSE: 20.561901960165823
MAE: 3.159534595630787
EVS: -0.45604886492247965
