Model: GRU
MSE: 23.326639481842836
MAE: 3.003923778180723
EVS: -0.5654747922714334
