Model: GRU
MSE: 31.42966027500049
MAE: 4.0044638669049295
EVS: -1.766234837598628
