Model: GRU
MSE: 35.64067112356306
MAE: 4.292979549478601
EVS: -2.12013880985747
