Model: GRU
MSE: 22.329081633869766
MAE: 3.3075677504142127
EVS: -0.4062090266936911
