Model: GRU
MSE: 24.99206081676507
MAE: 3.9959312368322304
EVS: 0.10944810870975641
