Model: GRU
MSE: 27.549655308363224
MAE: 4.022496294092249
EVS: -0.7882164593761014
