Model: GRU
MSE: 25.265138615271056
MAE: 3.463066467532405
EVS: -1.2544984526266867
