Model: GRU
MSE: 2804.6850478643582
MAE: 52.82717429267036
EVS: 0.00879944534928967
