Model: GRU
MSE: 20.530757576267828
MAE: 2.88697580937986
EVS: -0.3022880235059189
