Model: GRU
MSE: 30.48670413492673
MAE: 4.21758438039709
EVS: -1.7736541738804221
