Model: GRU
MSE: 25.44507423399977
MAE: 3.790787211170903
EVS: -0.5208192252397104
