Model: GRU
MSE: 27.343863089065508
MAE: 3.7795584290115922
EVS: -1.5020827368255527
