Model: GRU
MSE: 22.5308768754046
MAE: 3.189479448177196
EVS: -0.5469095336159768
