Model: GRU
MSE: 24.501139282239222
MAE: 3.5018994454984314
EVS: -0.7294923827942654
