Model: GRU
MSE: 7970.326939838098
MAE: 89.18761641890914
EVS: -0.06216284595189836
