Model: GRU
MSE: 25.86697745726351
MAE: 3.619446145163642
EVS: -0.5814922442530861
