Model: GRU
MSE: 23.276620635431932
MAE: 3.545792323571664
EVS: -0.6067060084023606
