Model: GRU
MSE: 31.115135739847364
MAE: 4.432632578743829
EVS: -0.6898409944660613
