Model: GRU
MSE: 32.97999682083897
MAE: 4.416237901758264
EVS: -0.8288549327463777
