Model: GRU
MSE: 22.949719943720044
MAE: 3.2458967809323913
EVS: -0.44982625000155285
