Model: GRU
MSE: 27.53881773172052
MAE: 3.704368891539397
EVS: -1.4650229868195868
