Model: GRU
MSE: 22.328918465014866
MAE: 3.6122355262438455
EVS: -0.9862599106845391
