Model: GRU
MSE: 25.839841361438715
MAE: 3.5145478425202548
EVS: -0.6691085319489296
