Model: GRU
MSE: 18.59202819182972
MAE: 3.0258064093413175
EVS: -0.31697640254215953
