Model: GRU
MSE: 16.514859171825695
MAE: 2.761558832945647
EVS: -0.13324869093087388
