Model: GRU
MSE: 24.639587977865315
MAE: 3.1520237216243037
EVS: -0.7252357912300664
