Model: GRU
MSE: 21.299155878109964
MAE: 3.775207554852521
EVS: -0.3730951741250237
