Model: GRU
MSE: 216.7720371157873
MAE: 14.232777136343497
EVS: -0.007186917986143904
