Model: GRU
MSE: 18.263527981703646
MAE: 3.264969864377269
EVS: -0.2901260790046376
