Model: GRU
MSE: 20.07325603794919
MAE: 2.8684895347665855
EVS: -0.17008064608196527
