Model: GRU
MSE: 24.780693397149342
MAE: 3.729187188325105
EVS: -0.6291419293328115
