Model: GRU
MSE: 31.162131131334696
MAE: 4.451441287994385
EVS: -0.9733502579598925
