Model: GRU
MSE: 24.96502710378149
MAE: 3.6249827014075384
EVS: -0.7621652988408567
