Model: GRU
MSE: 23.168958285651836
MAE: 3.191274395695439
EVS: -0.5438338989998015
