Model: GRU
MSE: 20.74542875553964
MAE: 3.5663055137351707
EVS: -0.41062409378987086
