Model: GRU
MSE: 24.990676586944964
MAE: 3.698228050161291
EVS: -0.7363040386637463
