Model: GRU
MSE: 28.562761497778475
MAE: 4.691182268990411
EVS: -1.4680453326012697
