Model: GRU
MSE: 16.910779188109114
MAE: 2.8426303686919034
EVS: -0.0769255667902411
