Model: GRU
MSE: 33.26009607300968
MAE: 4.095654785633087
EVS: -1.9238126016124486
