Model: GRU
MSE: 22.11596328963722
MAE: 3.222339391708374
EVS: -0.5451204396290259
