Model: GRU
MSE: 22.060814455284746
MAE: 3.3197764732219555
EVS: -0.563803411053402
