Model: GRU
MSE: 18.061038564087493
MAE: 3.5081414911482067
EVS: -0.2778876385439317
