Model: GRU
MSE: 30.16799971896023
MAE: 4.258506386368363
EVS: -1.0426382280508313
