Model: GRU
MSE: 30.709194182805113
MAE: 4.6754976113637285
EVS: -1.6864587940302624
