Model: GRU
MSE: 26.38731682391523
MAE: 3.662898222605387
EVS: -0.7068634781640069
