Model: GRU
MSE: 32.325721340131494
MAE: 4.4955553125452115
EVS: -1.9378896478197984
