Model: GRU
MSE: 14.479884457032357
MAE: 2.866392003165351
EVS: -0.026982417586743912
