Model: GRU
MSE: 25.06448888008721
MAE: 3.527287063775239
EVS: -1.2355883104070422
