Model: GRU
MSE: 947.9432954239791
MAE: 30.56224604006167
EVS: 0.014636247576329753
