Model: GRU
MSE: 30.35391584902921
MAE: 3.886530116752342
EVS: -1.6635711200718872
