Model: GRU
MSE: 17.49449833296384
MAE: 2.928176840146383
EVS: -0.2365329510553773
