Model: GRU
MSE: 21.906306891752457
MAE: 3.2292698754204645
EVS: -0.5485233105027845
