Model: GRU
MSE: 34.11520629948169
MAE: 4.487233197247541
EVS: -1.2570498238859633
