Model: GRU
MSE: 21.995404184352353
MAE: 3.546046747101678
EVS: -0.5378463774509985
