Model: GRU
MSE: 33.65123839334492
MAE: 5.170048289828831
EVS: -1.6109887418581526
