Model: GRU
MSE: 28.49659166515408
MAE: 3.910567539709586
EVS: -1.3550929457450072
