Model: GRU
MSE: 23.338981476491867
MAE: 3.5177211584868253
EVS: -0.6535982711710739
