Model: GRU
MSE: 384.5115367919415
MAE: 19.319084414729364
EVS: -0.03528955812210888
