Model: GRU
MSE: 19.94737712375405
MAE: 3.293354219860501
EVS: -0.3781453370268084
