Model: GRU
MSE: 25.23316856416196
MAE: 3.5671188257358692
EVS: -0.5324326525260028
