Model: GRU
MSE: 26.651846269403062
MAE: 3.5840829301763466
EVS: -0.8787088038005062
