Model: GRU
MSE: 25.79483531347409
MAE: 3.8800899894149214
EVS: -1.366484889740999
