Model: GRU
MSE: 21.278680626247617
MAE: 3.2757650834542735
EVS: -0.5003278689039361
