Model: GRU
MSE: 23.28592211998713
MAE: 3.474416454633077
EVS: -0.6499861143926791
