Model: GRU
MSE: 5397.228130357493
MAE: 73.3334038345902
EVS: -0.3788450119288398
