Model: GRU
MSE: 35.024229569134974
MAE: 4.691429288298996
EVS: -2.1331150870324618
