Model: GRU
MSE: 19.864506037926372
MAE: 3.314749240875244
EVS: -0.40894981753266846
