Model: GRU
MSE: 3035.125031463218
MAE: 54.99207093980577
EVS: -0.00892693700407432
