Model: GRU
MSE: 23.71244412581146
MAE: 3.107736768545928
EVS: -0.5541117834513067
