Model: GRU
MSE: 26.969945720203878
MAE: 3.7306760400533676
EVS: -1.2635349448039572
