Model: GRU
MSE: 23.253281194304463
MAE: 3.653441905975342
EVS: -0.5776281075702612
