Model: GRU
MSE: 28.812429973547836
MAE: 3.798772997326321
EVS: -1.4613450186194554
