Model: GRU
MSE: 29.366215955217793
MAE: 3.95331108128583
EVS: -1.5825627658330736
