Model: GRU
MSE: 22.197241395240933
MAE: 3.2865423184854015
EVS: -0.49215544633926567
