Model: GRU
MSE: 23.07341636344909
MAE: 3.9505827338607222
EVS: -0.4444080968293824
