Model: GRU
MSE: 32.59377096042668
MAE: 4.1452715341691615
EVS: -1.9800382202502882
