Model: GRU
MSE: 25.96792910831052
MAE: 3.921983347998725
EVS: -0.7553985474079516
