Model: GRU
MSE: 34.513049215006674
MAE: 4.2725478410720825
EVS: -2.0228665532736527
