Model: GRU
MSE: 34.50174618021117
MAE: 4.6531894611460825
EVS: -2.113936951278725
