Model: GRU
MSE: 25.066146340571457
MAE: 4.260023576241952
EVS: -0.32729334771742624
