Model: GRU
MSE: 25.96842880851435
MAE: 3.4668331940968833
EVS: -0.8391176186996285
