Model: GRU
MSE: 1405.5407931435711
MAE: 37.103065702650284
EVS: -1.0500595422761831
