Model: GRU
MSE: 21.598542670839425
MAE: 3.237265584645448
EVS: -0.52143218790244
