Model: GRU
MSE: 35.98569084805169
MAE: 4.929765586499815
EVS: -1.549616148753615
