Model: GRU
MSE: 25.588219517951888
MAE: 3.758780514752423
EVS: -0.8123169866821582
