Model: GRU
MSE: 18.781715960246625
MAE: 3.026313137125086
EVS: -0.3316678823466268
