Model: GRU
MSE: 27.43161128275996
MAE: 3.5907266404893665
EVS: -0.8575266199540723
