Model: GRU
MSE: 16.743774738192116
MAE: 3.1478502927003085
EVS: -0.13466362276449417
