Model: GRU
MSE: 17.7193579952839
MAE: 3.0234628871635154
EVS: -0.13869022090128902
