Model: GRU
MSE: 21.53216590919558
MAE: 3.2531205194967763
EVS: -0.9477513481352902
