Model: GRU
MSE: 28.80293902757469
MAE: 4.194044104328862
EVS: -0.9539208489389175
