Model: GRU
MSE: 32.04946009637272
MAE: 4.036192496617635
EVS: -1.8906289168676218
