Model: GRU
MSE: 25.313408838293228
MAE: 3.3397736648718515
EVS: -0.7598122444166073
