Model: GRU
MSE: 35.30525258868437
MAE: 4.540416947117558
EVS: -1.8295383704248427
