Model: GRU
MSE: 490.9334258361798
MAE: 21.899285245824743
EVS: -0.041731601549852115
