Model: GRU
MSE: 32.160348908678365
MAE: 4.140390148869267
EVS: -1.9046006526576518
