Model: GRU
MSE: 22.16542175514492
MAE: 3.6623919628284596
EVS: -0.4680982814323664
