Model: GRU
MSE: 20.579155705889818
MAE: 3.064527290838736
EVS: -0.36313472733902596
