Model: GRU
MSE: 47.4013882393021
MAE: 4.756342757079336
EVS: -2.163723726433234
