Model: GRU
MSE: 106.43059278021664
MAE: 9.55055660671658
EVS: -0.016822115001347226
