Model: GRU
MSE: 26.18079858939129
MAE: 3.56744615678434
EVS: -0.8401463136290142
