Model: GRU
MSE: 18.116813319181663
MAE: 2.981076726207027
EVS: -0.25791954894675406
