Model: GRU
MSE: 27.339250940448423
MAE: 4.164696600702074
EVS: -0.5982713279771459
