Model: GRU
MSE: 23.72131938648508
MAE: 3.5914496492456505
EVS: -0.6110638553839824
