Model: GRU
MSE: 20.234239809270704
MAE: 3.469837674388179
EVS: -0.3541047592977542
