Model: GRU
MSE: 19.49155966424969
MAE: 2.9572276097756847
EVS: -0.35681181998853884
