Model: GRU
MSE: 19.47344397199308
MAE: 3.022426870134142
EVS: -0.3551626371705696
