Model: GRU
MSE: 22.68835879841197
MAE: 3.6502684906676963
EVS: -0.6088245342994223
