Model: GRU
MSE: 19.185710886364827
MAE: 3.516505965480098
EVS: -0.2915759836029459
