Model: GRU
MSE: 18.04208519906345
MAE: 3.317662318547567
EVS: -0.23614570086818198
