Model: GRU
MSE: 24.414197730438968
MAE: 3.5855424580750643
EVS: -0.7095804938713948
