Model: GRU
MSE: 28.926893286563253
MAE: 3.774979802193465
EVS: -1.4350161303398914
