Model: GRU
MSE: 34.263088113407406
MAE: 4.5072194028783725
EVS: -1.627324719796797
