Model: GRU
MSE: 24.742508520472
MAE: 3.214416601039745
EVS: -0.6862414785637865
