Model: GRU
MSE: 25.475372545496427
MAE: 3.8310006106341326
EVS: -1.3242537647943875
