Model: GRU
MSE: 22.875815499657747
MAE: 4.062346237677115
EVS: -0.15090411134851922
