Model: GRU
MSE: 23.158848708558683
MAE: 3.5972268404784025
EVS: -0.5657145884196242
