Model: GRU
MSE: 25.089065915244973
MAE: 3.815607680214776
EVS: -0.7215761513640588
