Model: GRU
MSE: 20.50098892266647
MAE: 3.0812982806452998
EVS: -0.43701683755910925
