Model: GRU
MSE: 19.182345829336473
MAE: 3.0262574796323425
EVS: -0.3572845734922174
