Model: GRU
MSE: 20.907044814720628
MAE: 3.188664674758911
EVS: -0.396810884531289
