Model: GRU
MSE: 35.54497063477109
MAE: 4.073965902681704
EVS: -2.1517840673693356
