Model: GRU
MSE: 22.79616290082656
MAE: 3.3762671417660184
EVS: -0.5891428927608884
