Model: GRU
MSE: 19.761957507652042
MAE: 3.1386216658133046
EVS: -0.3980134794958581
