Model: GRU
MSE: 26.344330097080697
MAE: 3.775010071970798
EVS: -0.6052836607260179
