Model: GRU
MSE: 20.05057512463316
MAE: 3.461722215016683
EVS: -0.3918274495241729
