Model: GRU
MSE: 21.31791285709928
MAE: 3.4499274094899497
EVS: -0.15290776137854745
