Model: GRU
MSE: 32.92872204405521
MAE: 4.451111917142515
EVS: -1.994731089722833
