Model: GRU
MSE: 26.21328407622806
MAE: 3.9859092235565186
EVS: -0.847286900667189
