Model: GRU
MSE: 17.304206955785386
MAE: 2.8705756222760237
EVS: -0.22554512322005893
