Model: GRU
MSE: 28.542381732967588
MAE: 3.895043470241405
EVS: -1.5736987989326807
