Model: GRU
MSE: 25.057332533311516
MAE: 3.375749208309032
EVS: -0.7772711626896283
