Model: GRU
MSE: 17.852251459050688
MAE: 2.8421539024070457
EVS: -0.2606648380863559
