Model: GRU
MSE: 26.563475531825606
MAE: 4.193584733539158
EVS: -0.3508018189175486
