Model: GRU
MSE: 25.221288794194194
MAE: 3.4235503055431225
EVS: -0.7055933338891336
