Model: GRU
MSE: 19.680100571948334
MAE: 3.2301768991682263
EVS: -0.37122398805597046
