Model: GRU
MSE: 22.547367448449297
MAE: 3.4733710289001465
EVS: -0.38920126996169824
