Model: GRU
MSE: 35.3063692695096
MAE: 5.269032495993155
EVS: -0.7795187530429242
