Model: GRU
MSE: 11.125439566812533
MAE: 2.428287665049235
EVS: 0.2168881460940586
