Model: GRU
MSE: 20.608904449621626
MAE: 3.5179556365366333
EVS: -0.4598536776030362
