Model: GRU
MSE: 18.226200345645342
MAE: 2.84035614684776
EVS: -0.28128776278992484
