Model: GRU
MSE: 20.372192508982465
MAE: 3.2663350811711065
EVS: -0.43985636559681085
