Model: GRU
MSE: 20.660537531139248
MAE: 3.3760265420984337
EVS: -0.40485889031154687
