Model: GRU
MSE: 19.441466756572794
MAE: 2.8171311329912254
EVS: -0.35910444665966157
