Model: GRU
MSE: 31.95890135773975
MAE: 4.491863648096721
EVS: -0.6249986332716828
