Model: GRU
MSE: 24.35064069024558
MAE: 3.7277055978775024
EVS: -1.2196955821005955
