Model: GRU
MSE: 1002.1817984970709
MAE: 31.467709364714445
EVS: -0.09772627657521049
