Model: GRU
MSE: 22.5265867892338
MAE: 3.3786950243843927
EVS: -0.5955601503726915
