Model: GRU
MSE: 16.904308055803725
MAE: 2.8250356956764504
EVS: -0.1975807618310068
