Model: GRU
MSE: 24.590541399107295
MAE: 4.092457294464111
EVS: -0.5771522758752214
