Model: GRU
MSE: 20.01296946921804
MAE: 3.079385134908888
EVS: -0.39278788447511714
