Model: GRU
MSE: 18.936301442189457
MAE: 3.3392184531247175
EVS: -0.3041637078703323
