Model: GRU
MSE: 13.723397621620961
MAE: 2.6552262659426087
EVS: 0.03089349493309146
