Model: GRU
MSE: 19.09953157869947
MAE: 3.157011694378323
EVS: -0.34647061774957977
