Model: GRU
MSE: 21.099225567981986
MAE: 2.8963551300543324
EVS: -0.3879144524908844
