Model: GRU
MSE: 28.195666532682363
MAE: 4.3304503731153625
EVS: -1.530260173159824
