Model: GRU
MSE: 22.245205147101696
MAE: 3.6700509742454246
EVS: -0.4733588119843948
