Model: GRU
MSE: 33.18983031617095
MAE: 4.259164633574309
EVS: -1.3368080403315106
