Model: GRU
MSE: 10335.896980002766
MAE: 101.5894450434932
EVS: -0.09808449771025884
