Model: GRU
MSE: 25.03010352305021
MAE: 3.483168699123241
EVS: -0.571220087857202
