Model: GRU
MSE: 2047.2606849982797
MAE: 44.83281135559082
EVS: -1.644182650731361
