Model: GRU
MSE: 28.756550073350166
MAE: 4.1218432408792
EVS: -1.620404525176423
