Model: GRU
MSE: 28.911962786214005
MAE: 3.7803857679720276
EVS: -1.483611962989822
