Model: GRU
MSE: 214.54564780378288
MAE: 14.256450635415536
EVS: -0.036642686640892874
