Model: GRU
MSE: 1115.9985856774456
MAE: 33.188165735315394
EVS: -0.03159676446349846
