Model: GRU
MSE: 28.88773889083531
MAE: 3.561298511646412
EVS: -0.9782005784453875
