Model: GRU
MSE: 24.48170099298438
MAE: 3.558324619575783
EVS: -0.6800817614499866
