Model: GRU
MSE: 26.86381683501032
MAE: 3.323175306673403
EVS: -0.8700266925295073
