Model: GRU
MSE: 18.36550770500118
MAE: 3.0207464694976807
EVS: -0.2989890042103345
