Model: GRU
MSE: 24.54023125386894
MAE: 3.2466750454019615
EVS: -0.6166357087746255
