Model: GRU
MSE: 24.29357230025017
MAE: 3.744433129275287
EVS: -0.5781148496613535
