Model: GRU
MSE: 27.702729648400876
MAE: 4.403650354456018
EVS: -1.3845428654814511
