Model: GRU
MSE: 27.06775556979076
MAE: 4.335111975669861
EVS: -1.3094055655803354
