Model: GRU
MSE: 21.383899321635994
MAE: 3.2748661394472474
EVS: -0.39499137872678247
