Model: GRU
MSE: 22.14149515250612
MAE: 3.1467906501558094
EVS: -0.3640156814936626
