Model: GRU
MSE: 38.687645032396965
MAE: 5.254732498416194
EVS: -2.011664193375903
