Model: GRU
MSE: 20.05093194086819
MAE: 2.8388003684856273
EVS: -0.3753877859845791
