Model: GRU
MSE: 22.04825865800217
MAE: 3.264199875019215
EVS: -0.7959540936218994
