Model: GRU
MSE: 31.88578697793137
MAE: 4.741627781479447
EVS: -0.6746860828451196
