Model: GRU
MSE: 31.532574441315386
MAE: 4.452998805929114
EVS: -1.1395265047003855
