Model: GRU
MSE: 30.042356515320172
MAE: 4.185807621037519
EVS: -1.7531554238402691
