Model: GRU
MSE: 24.63608152632734
MAE: 3.4427580391919173
EVS: -0.5570025902725304
