Model: GRU
MSE: 35.81122063003716
MAE: 4.672961438143695
EVS: -2.150926743594547
