Model: GRU
MSE: 15.488331245528386
MAE: 3.3343204568933555
EVS: -0.019309344685904284
