Model: GRU
MSE: 23.55486840585635
MAE: 3.296296196955222
EVS: -0.5175125565495802
