Model: GRU
MSE: 36.01252051203569
MAE: 4.53534855665984
EVS: -1.5523629555839178
