Model: GRU
MSE: 596.3398828246251
MAE: 24.077175352308487
EVS: -0.5256623082878586
