Model: GRU
MSE: 15628.292468093698
MAE: 124.96648830837674
EVS: -0.07058851588748327
