Model: GRU
MSE: 31.954370501369247
MAE: 4.028141745814571
EVS: -1.8325121026182973
