Model: GRU
MSE: 32.24380324098292
MAE: 4.729427938108091
EVS: -0.8213844946472824
