Model: GRU
MSE: 22.762215948296202
MAE: 3.22381826683327
EVS: -0.5580088979460611
