Model: GRU
MSE: 321.5486475651215
MAE: 17.519658088684082
EVS: -0.03627711880819939
