Model: GRU
MSE: 27.198612627735944
MAE: 3.6841649655942565
EVS: -1.4924292241067971
