Model: GRU
MSE: 8062.875987037008
MAE: 89.71497768825955
EVS: -2.220446049250313e-16
