Model: GRU
MSE: 21.347272840830694
MAE: 3.5345501634809704
EVS: -0.4935186340772353
