Model: GRU
MSE: 29.52588187209105
MAE: 4.384322607958758
EVS: -0.4069575856677978
