Model: GRU
MSE: 21.742417675798198
MAE: 3.5286287908200866
EVS: -0.34622374357861796
