Model: GRU
MSE: 27.639044861389593
MAE: 3.523111855542218
EVS: -0.8128190695210415
