Model: GRU
MSE: 22.588239108300268
MAE: 3.278858604254546
EVS: -0.5895723816400693
