Model: GRU
MSE: 34.00933068468666
MAE: 4.787067413330078
EVS: -0.9633359644642943
