Model: GRU
MSE: 19.805963059647407
MAE: 3.112148779409903
EVS: -0.34580847202942455
