Model: GRU
MSE: 94.74696145957377
MAE: 8.968540798734736
EVS: -0.015141181682440497
