Model: GRU
MSE: 29.938102551452964
MAE: 4.0319165443932565
EVS: -1.5082513516383886
