Model: GRU
MSE: 21.1585978462616
MAE: 3.0992203730124013
EVS: -0.46647239520255
