Model: GRU
MSE: 24.079062395780824
MAE: 3.5071094124405473
EVS: -0.6261283995287346
