Model: GRU
MSE: 17.57635211406598
MAE: 2.965743647681342
EVS: -0.24518912175952812
