Model: GRU
MSE: 29.322814536208096
MAE: 4.242520762341363
EVS: -1.6621198160806898
