Model: GRU
MSE: 34.217870025458765
MAE: 4.1479544992800115
EVS: -1.8636549998370469
