Model: GRU
MSE: 25.39693312190659
MAE: 3.49157632721795
EVS: -0.581421890866807
