Model: GRU
MSE: 23.463302431613457
MAE: 4.061686621771918
EVS: -0.22131048399068698
