Model: GRU
MSE: 23.936715823675623
MAE: 3.7053044637044272
EVS: -0.3123188044498155
