Model: GRU
MSE: 616.0488381968846
MAE: 24.556518060189706
EVS: -0.19508466892277165
