Model: GRU
MSE: 22.520446939448224
MAE: 3.360412213537428
EVS: -0.596915715524339
