Model: GRU
MSE: 29.318270389169783
MAE: 3.869419539416278
EVS: -0.9652167517728991
