Model: GRU
MSE: 24.889237223751774
MAE: 3.973849128793787
EVS: -0.7554470094363905
