Model: GRU
MSE: 26.184499253092117
MAE: 4.345892959170872
EVS: -0.3546006588322159
