Model: GRU
MSE: 27.784168158213838
MAE: 3.731548953939367
EVS: -1.333268806896962
