Model: GRU
MSE: 21.76978181120073
MAE: 3.4844321409861245
EVS: -0.5115231046232511
