Model: GRU
MSE: 27.951019758259594
MAE: 3.86568855577045
EVS: -0.9575306768461218
