Model: GRU
MSE: 32.19558545614347
MAE: 4.238859618151629
EVS: -1.5801575313420755
