Model: GRU
MSE: 31.152357107002747
MAE: 4.037226076479311
EVS: -1.209328013246321
