Model: GRU
MSE: 95.01926622608681
MAE: 8.981779319268686
EVS: -0.0176001973463904
