Model: GRU
MSE: 31.551501148914546
MAE: 4.294812087659483
EVS: -1.8809725842248182
