Model: GRU
MSE: 31.023928393553863
MAE: 4.445772294644956
EVS: -1.8073504098860167
