Model: GRU
MSE: 20.593838905441228
MAE: 3.0851997004614935
EVS: -0.4603940252947052
