Model: GRU
MSE: 18.320746514321307
MAE: 2.6884362874207675
EVS: -0.19961857238627378
