Model: GRU
MSE: 25.28782060210044
MAE: 4.13093137520331
EVS: -0.5549476837607192
