Model: GRU
MSE: 20.680319912664185
MAE: 3.2630648259763366
EVS: -0.23742717814453385
