Model: GRU
MSE: 27.33092154496242
MAE: 3.901936177854185
EVS: -0.6923542881284248
