Model: GRU
MSE: 31.029666237767515
MAE: 4.251621617211236
EVS: -1.838488519240455
