Model: GRU
MSE: 22.172640281217383
MAE: 3.4803028636508517
EVS: -0.5480204602931498
