Model: GRU
MSE: 26.105293758589806
MAE: 3.3499037866239196
EVS: -0.7730266086264204
