Model: GRU
MSE: 24.700576970823292
MAE: 3.2041773487020424
EVS: -0.7069284265252163
