Model: GRU
MSE: 28.668650170867178
MAE: 3.7801986358783863
EVS: -1.584272048283918
