Model: GRU
MSE: 21.635876371424743
MAE: 3.2654342739670366
EVS: -0.5109436761929587
