Model: GRU
MSE: 38.803643732687185
MAE: 4.484632809956868
EVS: -2.5317994015749705
