Model: GRU
MSE: 20.088143458401603
MAE: 3.0563140975104437
EVS: -0.421800754146779
