Model: GRU
MSE: 28.989761855976273
MAE: 4.260216633478801
EVS: -0.9695429059062683
