Model: GRU
MSE: 27.040389297031375
MAE: 3.8298288274694374
EVS: -0.6263080769342808
