Model: GRU
MSE: 33.54493494820361
MAE: 4.788297617876971
EVS: -1.9398975529830929
