Model: GRU
MSE: 4532.931020915187
MAE: 67.24604938648365
EVS: 1.1102230246251565e-16
