Model: GRU
MSE: 25.582628183444218
MAE: 3.639594237009684
EVS: -1.2786437009422111
