Model: GRU
MSE: 28.046276702811753
MAE: 3.7351715167363486
EVS: -0.9564696519333129
