Model: GRU
MSE: 23.229981521395914
MAE: 3.6978127073358604
EVS: -0.5021406676453324
