Model: GRU
MSE: 23.490765331979244
MAE: 3.5032584490599454
EVS: -0.5736572254890171
