Model: GRU
MSE: 23.960214067758457
MAE: 4.257920031194334
EVS: -0.3239900833477223
