Model: GRU
MSE: 29.063884587068483
MAE: 4.173272450764974
EVS: -1.6335090130406735
