Model: GRU
MSE: 21.573363844950297
MAE: 3.3412959575653076
EVS: -0.5242009564297867
