Model: GRU
MSE: 26.57883872640481
MAE: 4.0684184365802345
EVS: -0.2503707135883324
