Model: GRU
MSE: 28.140532460390734
MAE: 3.896364441624394
EVS: -1.5740524325548506
