Model: GRU
MSE: 2180.9508423047814
MAE: 46.510496068883825
EVS: -0.6261303480983145
