Model: GRU
MSE: 28.986234056698937
MAE: 4.251181628968981
EVS: -0.8810145396193989
