Model: GRU
MSE: 27.306537326939726
MAE: 3.4603351928569652
EVS: -0.9006051842186824
