Model: GRU
MSE: 37.07777390376222
MAE: 4.719624637453644
EVS: -2.395454959314202
