Model: GRU
MSE: 10559.986685815358
MAE: 102.47488459834346
EVS: -3.176586429155332
