Model: GRU
MSE: 819.8929318053632
MAE: 28.432326634724934
EVS: -0.054667762834197164
