Model: GRU
MSE: 24.23180938881842
MAE: 3.4955086884675204
EVS: -0.6187212240706659
