Model: GRU
MSE: 32.4256162906207
MAE: 4.237504177623325
EVS: -1.9645827207760131
