Model: GRU
MSE: 1266.7079549714576
MAE: 35.16201640941478
EVS: -1.1520009777896187
