Model: GRU
MSE: 29.308145039211357
MAE: 3.8692749076419406
EVS: -1.5117919551789716
