Model: GRU
MSE: 23.808015486144836
MAE: 3.7950451992176197
EVS: -0.6000303115357948
