Model: GRU
MSE: 25.802971511241303
MAE: 3.9048386503148964
EVS: -0.712380283850671
