Model: GRU
MSE: 29.520231908607716
MAE: 4.228633606875384
EVS: -0.9879471750630402
