Model: GRU
MSE: 1819.387118416589
MAE: 42.47047890557183
EVS: -0.10970992625684572
