Model: GRU
MSE: 6998.247907505852
MAE: 83.54481591118707
EVS: -0.23693738996158387
