Model: GRU
MSE: 17.76572924650915
MAE: 2.8650328362429582
EVS: -0.21328825333563817
