Model: GRU
MSE: 27.57648158764749
MAE: 3.5781063238779702
EVS: -0.8674410728855091
