Model: GRU
MSE: 93.80737426683947
MAE: 8.918182112552502
EVS: -0.012386662004584048
