Model: GRU
MSE: 18.93045204722208
MAE: 3.337415271335178
EVS: -0.2898445247932777
