Model: GRU
MSE: 21.047493013636906
MAE: 3.029183590853656
EVS: -0.45118539883079567
