Model: GRU
MSE: 22.874620566806673
MAE: 3.6340014934539795
EVS: -1.0985360839847167
