Model: GRU
MSE: 23.359956270632345
MAE: 3.7657344517884432
EVS: -0.31034087529945364
