Model: GRU
MSE: 29.20753471915223
MAE: 3.969556380201269
EVS: -1.6793595532496846
