Model: GRU
MSE: 25.590598900350617
MAE: 3.650982865580806
EVS: -0.6807992628943464
