Model: GRU
MSE: 27.890247869698356
MAE: 3.9845809318401195
EVS: -1.3404212202194552
