Model: GRU
MSE: 24.395118258939597
MAE: 3.606432482048317
EVS: -0.7302798155536909
