Model: GRU
MSE: 32.158752767234986
MAE: 3.841975353382252
EVS: -1.2660755025642567
