Model: GRU
MSE: 27.49165334491204
MAE: 3.5295792862221047
EVS: -0.947808734972009
