Model: GRU
MSE: 19.07494223223479
MAE: 3.2128044499291315
EVS: -0.328140771776706
