Model: GRU
MSE: 26.04315351627699
MAE: 4.0604812392482055
EVS: -0.6784544556917891
