Model: GRU
MSE: 25.857894489406817
MAE: 3.3739401786415666
EVS: -0.7268070817713868
