Model: GRU
MSE: 16.088346740277075
MAE: 3.166821285530373
EVS: -0.12566025083118726
