Model: GRU
MSE: 28.02572004746563
MAE: 4.203151245911916
EVS: -0.8419548344630132
