Model: GRU
MSE: 21.478251577011587
MAE: 3.180953436427646
EVS: -0.4905517794497656
