Model: GRU
MSE: 29.118291970199348
MAE: 4.925401899549696
EVS: -1.2964399421687074
