Model: GRU
MSE: 21.040527577952005
MAE: 3.0816365436271385
EVS: -0.48973080492426235
