Model: GRU
MSE: 25.215015275138427
MAE: 3.4592697708695024
EVS: -1.0797560459056847
