Model: GRU
MSE: 33.56747720793934
MAE: 4.885272997396964
EVS: -1.523042984533454
