Model: GRU
MSE: 22.155086845378296
MAE: 3.6546921972875244
EVS: -1.0270042208253196
