Model: GRU
MSE: 25.662932317211798
MAE: 3.9262989273777715
EVS: -0.5231678470855241
