Model: GRU
MSE: 28.25987528482756
MAE: 3.9447579472153276
EVS: -0.9734742619338272
