Model: GRU
MSE: 32.566336359319266
MAE: 4.297031005223592
EVS: -1.6076493971536796
