Model: GRU
MSE: 28.120793489662177
MAE: 4.262571913224679
EVS: -0.5607436167867066
