Model: GRU
MSE: 24.325705927154267
MAE: 3.7522271120989763
EVS: -0.5147568364231438
