Model: GRU
MSE: 26.767995418599714
MAE: 3.4267682940871627
EVS: -0.7861625616242829
