Model: GRU
MSE: 27.86648852585036
MAE: 3.564563848354198
EVS: -0.908996182521004
