Model: GRU
MSE: 28.13122347162651
MAE: 3.8479290626667164
EVS: -1.5804844390504198
