Model: GRU
MSE: 36.98076902596668
MAE: 4.75303594271342
EVS: -2.3728050042074176
