Model: GRU
MSE: 25.176157328457084
MAE: 3.9346019868497497
EVS: -0.5937378770372803
