Model: GRU
MSE: 27.46492229114929
MAE: 3.685848729951041
EVS: -1.2565807528952155
