Model: GRU
MSE: 23.53108945624064
MAE: 3.23646291980037
EVS: -0.6329305863720514
