Model: GRU
MSE: 15.665656149632493
MAE: 2.7275887065463595
EVS: -0.009614088107018137
