Model: GRU
MSE: 28.000023505962442
MAE: 3.7795541639681214
EVS: -0.9483740426199982
