Model: GRU
MSE: 35.05839086835652
MAE: 4.540530072318183
EVS: -2.1542229943333435
