Model: GRU
MSE: 32.56646392891344
MAE: 4.133242889686867
EVS: -1.8700789154326807
