Model: GRU
MSE: 30.174954425365254
MAE: 4.195219039916992
EVS: -1.763905040675374
