Model: GRU
MSE: 24.01181303133653
MAE: 3.6225025300626403
EVS: -0.5930795560633169
