Model: GRU
MSE: 28.075679563413793
MAE: 3.650048838721381
EVS: -0.9011525898054378
