Model: GRU
MSE: 21.244050272975045
MAE: 3.305296383522175
EVS: -0.5048153343727726
