Model: GRU
MSE: 31.680548732503592
MAE: 3.953434153839394
EVS: -1.8026626706874564
