Model: GRU
MSE: 21.132246955507796
MAE: 3.0782393702754267
EVS: -0.40830285765430996
