Model: GRU
MSE: 19.754122238343754
MAE: 3.4116549580185502
EVS: -0.3758526348818487
