Model: GRU
MSE: 17.241198339726516
MAE: 2.9480999134205006
EVS: -0.1563000216775412
