Model: GRU
MSE: 26.92340065901849
MAE: 3.8671293523576526
EVS: -0.8992698974975184
