Model: GRU
MSE: 27.921391082817014
MAE: 3.8579574293560452
EVS: -1.4449033531285203
