Model: GRU
MSE: 14.82448051487711
MAE: 2.625731424049095
EVS: -0.0480254128160742
