Model: GRU
MSE: 20.343680198608396
MAE: 3.326000315171701
EVS: -0.348020639539099
