Model: GRU
MSE: 37.608975724118714
MAE: 4.580911818477842
EVS: -2.0297776831706122
