Model: GRU
MSE: 16.167307480035014
MAE: 2.9113444398950645
EVS: -0.14497205347558517
