Model: GRU
MSE: 5160.50116843813
MAE: 71.73843044704861
EVS: -2.220446049250313e-16
