Model: GRU
MSE: 17.98541963931796
MAE: 2.8896139374485723
EVS: -0.2701284985339316
