Model: GRU
MSE: 20.32480305728976
MAE: 3.4004985138222024
EVS: -0.4397438915948848
