Model: GRU
MSE: 351.1442594189994
MAE: 18.36166367707429
EVS: 0.0074615755255522664
