Model: GRU
MSE: 20.200980306529004
MAE: 2.9196085841567427
EVS: -0.37543429825021235
