Model: GRU
MSE: 23.895157251973
MAE: 3.584559679031372
EVS: -0.6759066587545779
