Model: GRU
MSE: 26.519519852336852
MAE: 3.65748514952483
EVS: -0.7032443506666919
