Model: GRU
MSE: 23.260793952506358
MAE: 3.9614149729410806
EVS: -0.453406964756669
