Model: GRU
MSE: 18.49305711618653
MAE: 3.1896681167461254
EVS: -0.30848170428444277
