Model: GRU
MSE: 805.8164428243375
MAE: 28.12056251808449
EVS: -0.06749818367597982
