Model: GRU
MSE: 94.52301328771608
MAE: 8.958409042270095
EVS: -0.012139735767290771
