Model: GRU
MSE: 21.89274408481883
MAE: 3.6281102763281927
EVS: 0.13394675589115712
