Model: GRU
MSE: 22.482892446219036
MAE: 3.4216462859400996
EVS: -0.5916495410015643
