Model: GRU
MSE: 23.861498923869068
MAE: 3.330089290936788
EVS: -0.402013849869844
