Model: GRU
MSE: 863.1308984004916
MAE: 29.130494082415545
EVS: -0.03166571462557166
