Model: GRU
MSE: 19.863408509262428
MAE: 3.117608997556898
EVS: -0.40769087920955305
