Model: GRU
MSE: 297.5671100705517
MAE: 16.793819904327393
EVS: -0.038021368813347056
