Model: GRU
MSE: 20.070371980570204
MAE: 3.5597469718367964
EVS: -0.2189411129918759
