Model: GRU
MSE: 30.538169231127473
MAE: 3.973075778396041
EVS: -1.7560545614857697
