Model: GRU
MSE: 28.965305245586542
MAE: 3.9637043917620622
EVS: -1.040356714988615
