Model: GRU
MSE: 20.78722431591811
MAE: 3.2748615830032914
EVS: -0.4685414539172721
