Model: GRU
MSE: 22.25257140588124
MAE: 3.2910786425625838
EVS: -0.5766841501672764
