Model: GRU
MSE: 36.53149012179461
MAE: 4.878517115557635
EVS: -1.9187552716460687
