Model: GRU
MSE: 20.814250245590355
MAE: 3.429621625829626
EVS: -0.36635232157480546
