Model: GRU
MSE: 28.860297748394355
MAE: 3.9159747980259083
EVS: -1.623209746322964
