Model: GRU
MSE: 22.271048713602223
MAE: 3.4152493664511927
EVS: -0.5541400292669423
