Model: GRU
MSE: 24.20603099190006
MAE: 3.3824073473612466
EVS: -0.5998813670415892
