Model: GRU
MSE: 21.68003417745048
MAE: 3.5457826058069863
EVS: -0.4271563364492841
