Model: GRU
MSE: 2400.330236279142
MAE: 48.88049528333876
EVS: -0.011702377441753065
