Model: GRU
MSE: 31.57697160105958
MAE: 4.31136652275368
EVS: -1.666090086183861
