Model: GRU
MSE: 16.192901778632695
MAE: 3.0494909551408558
EVS: -0.1389887291448948
