Model: GRU
MSE: 21.39000503073928
MAE: 3.370337000599614
EVS: -0.49713196162968654
