Model: GRU
MSE: 22.77205824819573
MAE: 3.324497761549773
EVS: -0.5957090235958138
