Model: GRU
MSE: 17.090908772852146
MAE: 2.681441165782787
EVS: -0.12217650162299565
