Model: GRU
MSE: 26.092785018949705
MAE: 3.578992775192967
EVS: -0.7738802517741301
