Model: GRU
MSE: 15.728911651711517
MAE: 3.1473200056287975
EVS: -0.11219059068971982
