Model: GRU
MSE: 18.863772925590837
MAE: 3.2338560687171087
EVS: -0.15554312579588192
