Model: GRU
MSE: 26.44887951093708
MAE: 3.924226893319024
EVS: -0.7752408653574157
