Model: GRU
MSE: 23.13592581396526
MAE: 3.3061231153982655
EVS: -0.42315266140922114
