Model: GRU
MSE: 3558.324080343448
MAE: 55.82605135882342
EVS: -30.334379747865196
