Model: GRU
MSE: 24.04199149313928
MAE: 3.5944988153598927
EVS: -0.4096054696234024
