Model: GRU
MSE: 975.487023622139
MAE: 31.002702924940323
EVS: -0.015651692270493678
