Model: GRU
MSE: 1097.9936771390485
MAE: 32.87440299987793
EVS: -0.22473876339220666
