Model: GRU
MSE: 19.717024667698684
MAE: 3.03326776292589
EVS: -0.3984600220774792
