Model: GRU
MSE: 35.038613239262304
MAE: 4.021959234167029
EVS: -2.056526130166597
