Model: GRU
MSE: 27.93284767057921
MAE: 4.390585029566729
EVS: -0.48857615501507023
