Model: GRU
MSE: 27.938638169603873
MAE: 3.7039928524582475
EVS: -0.9102998824373314
