Model: GRU
MSE: 21.762120734375912
MAE: 3.2591442973525435
EVS: -0.8881047663449388
