Model: GRU
MSE: 22.588366803869317
MAE: 3.546093631673742
EVS: -1.0187273709420022
