Model: GRU
MSE: 21.98367465743215
MAE: 3.3665066206896745
EVS: -0.5318748816704799
