Model: GRU
MSE: 20.697797242937586
MAE: 3.236906091372172
EVS: -0.4665876347849436
