Model: GRU
MSE: 30.19221972050869
MAE: 4.07066195540958
EVS: -1.7161028102878975
