Model: GRU
MSE: 22.736061792545897
MAE: 3.8251451827861644
EVS: -0.5623757441114778
