Model: GRU
MSE: 23.628836974600745
MAE: 3.4469759077937514
EVS: -0.3501512356896479
