Model: GRU
MSE: 22.34286938925348
MAE: 3.08852481842041
EVS: -0.5651786052470182
