Model: GRU
MSE: 247.30837914478957
MAE: 15.234754209165219
EVS: -0.07886349371286028
