Model: GRU
MSE: 35.70332821426955
MAE: 4.905386394924587
EVS: -1.8820784347080477
