Model: GRU
MSE: 440.3155021139267
MAE: 20.359794546056676
EVS: -0.8295409112603203
