Model: GRU
MSE: 24.73568691545884
MAE: 3.6944136089748807
EVS: -0.707135130638537
