Model: GRU
MSE: 27.939801073764134
MAE: 4.150711765995732
EVS: -1.5633118982636742
