Model: GRU
MSE: 15.51318743432871
MAE: 3.035631215130841
EVS: -0.09159233319279858
