Model: GRU
MSE: 29.670898124875606
MAE: 3.8807127828951233
EVS: -1.5765910748878378
