Model: GRU
MSE: 23.759549391444498
MAE: 3.9048234445077403
EVS: -0.6245511710913163
