Model: GRU
MSE: 26.126955290105133
MAE: 3.789224059493453
EVS: -1.3812823218746884
