Model: GRU
MSE: 23.64617227061397
MAE: 3.6391697371447527
EVS: -0.6202308971012058
