Model: GRU
MSE: 21.158909491818424
MAE: 3.4371364646487765
EVS: -0.45271777104051214
