Model: GRU
MSE: 25.265404453359725
MAE: 4.1567766622260764
EVS: -0.5322647485086327
