Model: GRU
MSE: 17.19406388762377
MAE: 3.473413025891339
EVS: -0.1172688626280316
