Model: GRU
MSE: 22.108282586299154
MAE: 3.469451555499324
EVS: -0.5542249014595584
