Model: GRU
MSE: 420.5125551845339
MAE: 20.202307983681006
EVS: -0.13573056054828858
