Model: GRU
MSE: 34.43662566749162
MAE: 5.085542917251587
EVS: -1.3122251102141798
