Model: GRU
MSE: 29.826002103754607
MAE: 4.572810031749584
EVS: -0.7795128829355282
