Model: GRU
MSE: 23.080003234170597
MAE: 3.185415259114018
EVS: -0.41728774807739444
