Model: GRU
MSE: 25.246052428519334
MAE: 3.6754716447106115
EVS: -0.3813838512490362
