Model: GRU
MSE: 22.437553739693495
MAE: 3.5827255690539324
EVS: -0.543282431362448
