Model: GRU
MSE: 24.76794593544382
MAE: 3.5065795713000827
EVS: -1.0571208526678895
