Model: GRU
MSE: 19.735874169386715
MAE: 3.1634155997523554
EVS: -0.3406169945244568
