Model: GRU
MSE: 22.70808088321896
MAE: 3.9058620664808483
EVS: -0.5982671519684808
