Model: GRU
MSE: 32.07460773276326
MAE: 4.521714404777244
EVS: -1.2748915346519567
