Model: GRU
MSE: 962.1462045758066
MAE: 30.73883734809028
EVS: -0.22493583900175085
