Model: GRU
MSE: 22.005371811467715
MAE: 3.119085567968863
EVS: -0.556853166623724
