Model: GRU
MSE: 29.281379044177786
MAE: 4.423928251972905
EVS: -0.7147882997982358
