Model: GRU
MSE: 28.43903937252364
MAE: 4.471518128006546
EVS: -0.6691411799919367
