Model: GRU
MSE: 25.348482855766527
MAE: 3.4237799997682923
EVS: -0.6391951442533481
