Model: GRU
MSE: 15.175590365883691
MAE: 2.485925458095692
EVS: -0.02342887804042948
