Model: GRU
MSE: 21.6395862125498
MAE: 3.2992829305154308
EVS: -0.5102054288655893
