Model: GRU
MSE: 26.324636054325815
MAE: 3.3784637097959167
EVS: -0.6998451291994496
