Model: GRU
MSE: 23.126402724626676
MAE: 3.4317968443587974
EVS: -0.5956415727599891
