Model: GRU
MSE: 20.17031321855405
MAE: 3.3092085432123253
EVS: -0.4122124091493893
