Model: GRU
MSE: 23.9088382641289
MAE: 3.83901705565276
EVS: -0.5857078432854583
