Model: GRU
MSE: 5640.490091635421
MAE: 75.03059528492115
EVS: 1.1102230246251565e-16
