Model: GRU
MSE: 22.107197500912857
MAE: 3.956624119370072
EVS: -0.48646602958554164
