Model: GRU
MSE: 29.784349197437965
MAE: 3.7382484806908503
EVS: -1.5614150203736017
