Model: GRU
MSE: 24.281960188302985
MAE: 3.6100719328279847
EVS: -0.49743020225786827
