Model: GRU
MSE: 18.583052104521244
MAE: 2.991758527579131
EVS: -0.31578879361993883
