Model: GRU
MSE: 24.79688686953469
MAE: 3.928876762036924
EVS: -0.10500732337855645
