Model: GRU
MSE: 35.75799899024395
MAE: 4.643021610048082
EVS: -2.16240850943874
