Model: GRU
MSE: 17.390725078721655
MAE: 2.901018804974026
EVS: -0.23180101044000634
