Model: GRU
MSE: 25.238755077973636
MAE: 3.5717187810827187
EVS: -0.7832623046403078
