Model: GRU
MSE: 210.2295361330657
MAE: 14.124394840664333
EVS: 0.015491599335431205
