Model: GRU
MSE: 740.1162857722309
MAE: 26.900336866025572
EVS: -0.16947560734911393
