Model: GRU
MSE: 21.59569049852499
MAE: 3.172451699221576
EVS: -0.3888563250989914
