Model: GRU
MSE: 24.147490160016694
MAE: 3.337956154787982
EVS: -0.4638748463795912
