Model: GRU
MSE: 21.857839866876795
MAE: 3.276103726139775
EVS: -0.5500685780859982
