Model: GRU
MSE: 22.070203843932024
MAE: 3.0418026094083435
EVS: -0.5383791867543615
