Model: GRU
MSE: 32.90748963714061
MAE: 4.21963780897635
EVS: -1.8699636237322381
