Model: GRU
MSE: 29.90967864746777
MAE: 4.5560229001221835
EVS: -1.2456438716823488
