Model: GRU
MSE: 25.795157360256145
MAE: 3.4633886372601546
EVS: -0.7441319467172078
