Model: GRU
MSE: 24.837319308707613
MAE: 3.3387811802051686
EVS: -0.7363576168496617
