Model: GRU
MSE: 28.15264406781303
MAE: 4.343888591837
EVS: -0.4765661147796656
