Model: GRU
MSE: 25.461328062520124
MAE: 3.3265138467152915
EVS: -0.7341233137332717
