Model: GRU
MSE: 24.52384970082156
MAE: 3.5175305560783103
EVS: -0.7388970031588027
