Model: GRU
MSE: 49.12769364187155
MAE: 4.4597964496524245
EVS: -3.433628104459376
