Model: GRU
MSE: 20.47496961378085
MAE: 2.893887069490221
EVS: -0.24020118061990403
