Model: GRU
MSE: 22.771589318112653
MAE: 3.242223280447501
EVS: -0.514746845913753
