Model: GRU
MSE: 18.164236042513295
MAE: 3.090691601788556
EVS: -0.24114640737738258
