Model: GRU
MSE: 23.67081583292472
MAE: 3.5435711807674832
EVS: -0.6525029828866176
