Model: GRU
MSE: 24.56355278674163
MAE: 3.7549966352957265
EVS: -0.704033088704267
