Model: GRU
MSE: 19.08616709589904
MAE: 2.863860938284132
EVS: -0.2742050502400113
