Model: GRU
MSE: 26.131848216034058
MAE: 4.230498622964929
EVS: -0.4700446544889736
