Model: GRU
MSE: 19.012455552193586
MAE: 3.314011840908616
EVS: -0.34776971106877164
