Model: GRU
MSE: 28.730621829014126
MAE: 3.862761303230568
EVS: -1.6156320484506415
