Model: GRU
MSE: 25.328563341552417
MAE: 3.9580619600084095
EVS: -0.490232089466353
