Model: GRU
MSE: 33.89577976778025
MAE: 4.446107586224874
EVS: -2.109711527353635
