Model: GRU
MSE: 31.13266061625271
MAE: 4.4673658300329135
EVS: -1.829067293907793
