Model: GRU
MSE: 24.1406784519561
MAE: 3.6714002931559526
EVS: -0.6806976164791583
