Model: GRU
MSE: 20.54272693041112
MAE: 3.3154191176096597
EVS: -0.4552888587249613
