Model: GRU
MSE: 21.77428257843694
MAE: 3.133011950386895
EVS: -0.5273812763090575
