Model: GRU
MSE: 31.767112768338226
MAE: 4.490192121929592
EVS: -1.9033074346306051
