Model: GRU
MSE: 28.591754823720233
MAE: 3.8235608206854925
EVS: -1.1620409635542917
