Model: GRU
MSE: 31.186972789994083
MAE: 3.769195150446009
EVS: -1.6292097700812547
