Model: GRU
MSE: 23.98098124332278
MAE: 3.427343827706796
EVS: -0.6992340140567659
