Model: GRU
MSE: 22.937867445108502
MAE: 3.5344852518152305
EVS: -0.6139752809987118
