Model: GRU
MSE: 31.562152209263246
MAE: 4.058376532461908
EVS: -1.8628586110873702
