Model: GRU
MSE: 30.879571640002
MAE: 4.102003486068161
EVS: -1.059916419330173
