Model: GRU
MSE: 16.561755185354716
MAE: 2.9722691112094455
EVS: -0.1314007794861991
