Model: GRU
MSE: 19.844045171980014
MAE: 3.3340339307431823
EVS: -0.38636307984060747
