Model: GRU
MSE: 18.946219941994368
MAE: 3.2516921626196966
EVS: -0.3276603736346393
