Model: GRU
MSE: 18.428783236305684
MAE: 2.9436798713825367
EVS: -0.17484228118578748
