Model: GRU
MSE: 20.84270405062171
MAE: 3.2168888162683555
EVS: -0.47228293519543985
