Model: GRU
MSE: 22.350037749601857
MAE: 3.3271655859770597
EVS: -0.9176033565092632
