Model: GRU
MSE: 27.984775274627214
MAE: 3.664680843000059
EVS: -0.9655042061765255
