Model: GRU
MSE: 36.46463743721092
MAE: 4.6243520489445435
EVS: -2.307580462372595
