Model: GRU
MSE: 22.750202294492784
MAE: 3.4165078975536205
EVS: -0.5966058190374859
