Model: GRU
MSE: 20.38990737037815
MAE: 3.3996882090965905
EVS: -0.43450130676409104
