Model: GRU
MSE: 33.29898289414867
MAE: 4.573005137620149
EVS: -1.022362364764985
