Model: GRU
MSE: 23.614367583978392
MAE: 3.4365420518098055
EVS: -0.6667143813437053
