Model: GRU
MSE: 25.796391009963827
MAE: 4.150198009279039
EVS: -0.36742795296995423
