Model: GRU
MSE: 624.3857396502707
MAE: 24.699084493849014
EVS: -0.01717876540649632
