Model: GRU
MSE: 15.961519539554
MAE: 2.955532533151132
EVS: -0.11754325336692673
