Model: GRU
MSE: 24.291865282337266
MAE: 3.524700482686361
EVS: -0.6275710599196527
