Model: GRU
MSE: 20.472376263652226
MAE: 3.245266636212667
EVS: -0.4015047387609456
