Model: GRU
MSE: 21.425751542144916
MAE: 3.0661674208111234
EVS: -0.417756979021505
