Model: GRU
MSE: 20.04801817304967
MAE: 3.1246025562286377
EVS: -0.41755482114438736
