Model: GRU
MSE: 25.379264772961438
MAE: 3.854117583345484
EVS: -0.7956839773688256
