Model: GRU
MSE: 32.93885928817767
MAE: 4.396304395463732
EVS: -2.0218777377341723
