Model: GRU
MSE: 17.804444278637924
MAE: 2.745775611312301
EVS: 0.015938571904467458
