Model: GRU
MSE: 26.066137247179064
MAE: 3.65072974452266
EVS: -0.8399467761937878
