Model: GRU
MSE: 422.1779803528729
MAE: 20.154957347446018
EVS: -0.06614911443106108
