Model: GRU
MSE: 21.48867644426934
MAE: 3.1912724088739464
EVS: -0.4759454952412432
