Model: GRU
MSE: 28.017660038604753
MAE: 4.257230246508563
EVS: -0.44681211413526967
