Model: GRU
MSE: 367.3137884832756
MAE: 18.739731788635254
EVS: -0.14451446483047392
