Model: GRU
MSE: 20.459021416678507
MAE: 3.1832745439476438
EVS: -0.4495064440260912
