Model: GRU
MSE: 21.516408373416212
MAE: 3.153442598051495
EVS: -0.43750508176718483
