Model: GRU
MSE: 25.094238180223865
MAE: 3.9029451454127275
EVS: -0.37784324937694813
