Model: GRU
MSE: 28.241111816650864
MAE: 4.058015143429792
EVS: -1.5787302416272158
