Model: GRU
MSE: 23.685557545115984
MAE: 3.741234079555229
EVS: -0.6168024038852638
