Model: GRU
MSE: 23.468335421223973
MAE: 3.2253620624542236
EVS: -0.4354727046992861
