Model: GRU
MSE: 26.932865667720055
MAE: 3.6836754834210432
EVS: -0.9101273065476099
