Model: GRU
MSE: 24.851447343941615
MAE: 3.65603365721526
EVS: -0.7485875526733001
