Model: GRU
MSE: 29.18762233914983
MAE: 4.135913769404094
EVS: -1.6777237464316275
