Model: GRU
MSE: 27.60988662093378
MAE: 4.055947445057057
EVS: -0.8362314846616206
