Model: GRU
MSE: 26.28967030173007
MAE: 3.3834048686204135
EVS: -0.763680223465151
