Model: GRU
MSE: 26.137730266076407
MAE: 3.560765089812102
EVS: -1.3923930058240335
