Model: GRU
MSE: 25.85037417033175
MAE: 3.538161136485912
EVS: -0.7973895453868818
