Model: GRU
MSE: 25.03056604463934
MAE: 3.4357399057458946
EVS: -0.7724686133128453
