Model: GRU
MSE: 241.37210206241892
MAE: 15.0528905833209
EVS: -0.04850224086516519
