Model: GRU
MSE: 24.009437454711932
MAE: 3.29100939962599
EVS: -0.5473338434836572
