Model: GRU
MSE: 24.655755273796785
MAE: 3.3798715759206703
EVS: -0.714771989630665
