Model: GRU
MSE: 23.68242006612887
MAE: 3.6611485481262207
EVS: -0.5798469264941513
