Model: GRU
MSE: 25.818536241873957
MAE: 3.3689062860276966
EVS: -0.7889843676355288
