Model: GRU
MSE: 19.55704213536208
MAE: 3.140615286650481
EVS: -0.36227273039747265
