Model: GRU
MSE: 21.824947500099288
MAE: 3.414966768688626
EVS: -0.5318097654611296
