Model: GRU
MSE: 35.18608184123306
MAE: 4.875582942256221
EVS: -1.679432957684952
