Model: GRU
MSE: 23.319393501315947
MAE: 3.080592777993944
EVS: -0.5754826192668592
