Model: GRU
MSE: 33.90468058302867
MAE: 4.255644043286641
EVS: -1.798280417090813
