Model: GRU
MSE: 22.18542778977399
MAE: 3.487367276792173
EVS: -0.5734872204544621
