Model: GRU
MSE: 22.88921376678606
MAE: 3.365210842203211
EVS: -1.05787448887174
