Model: GRU
MSE: 23.468407331584494
MAE: 3.7117625607384577
EVS: -0.30024190777334514
