Model: GRU
MSE: 20.607509749808603
MAE: 3.438366686856305
EVS: -0.45738545812233555
