Model: GRU
MSE: 21.147559144684944
MAE: 3.0411966376834445
EVS: -0.4989821943379589
