Model: GRU
MSE: 21.748173618118177
MAE: 3.66894151546337
EVS: -0.4628270593452448
