Model: GRU
MSE: 32.54382319827734
MAE: 4.838823556900024
EVS: -1.7000358141926726
