Model: GRU
MSE: 19.961614397354403
MAE: 3.2400599122047424
EVS: -0.412895000455894
