Model: GRU
MSE: 40.69771632289384
MAE: 4.885367305190475
EVS: -1.16776255974864
