Model: GRU
MSE: 34.80367522010809
MAE: 4.924679747334233
EVS: -2.1800949009468256
