Model: GRU
MSE: 37.34273862291616
MAE: 5.724641697747367
EVS: -1.726345824053749
