Model: GRU
MSE: 28.957081241919123
MAE: 3.831701163892393
EVS: -1.6242046772017091
