Model: GRU
MSE: 34.18350011076961
MAE: 4.9342441117322
EVS: -2.081838564650922
