Model: GRU
MSE: 15.725244157252169
MAE: 2.6585490262066878
EVS: 0.02138389207678626
