Model: GRU
MSE: 26.99182271481015
MAE: 4.483700893543385
EVS: -1.2928078612182947
