Model: GRU
MSE: 31.676148402200035
MAE: 4.050127842596599
EVS: -1.60792026812691
