Model: GRU
MSE: 23.474302356197896
MAE: 3.216209402790776
EVS: -0.6210857015476601
