Model: GRU
MSE: 22.4037495431799
MAE: 3.378840066768505
EVS: -0.5821300729309453
