Model: GRU
MSE: 26.905876577175423
MAE: 3.830819571459735
EVS: -0.6824167912326073
