Model: GRU
MSE: 15.682827632867353
MAE: 2.7863382939939147
EVS: -0.10284146849576836
