Model: GRU
MSE: 27.283384612616334
MAE: 4.325984857700489
EVS: -1.4214786234303718
