Model: GRU
MSE: 25.76302867798035
MAE: 3.90145421911169
EVS: -1.3433044491903803
