Model: GRU
MSE: 25.268072488193685
MAE: 3.7868256392302335
EVS: -0.7333012708841347
