Model: GRU
MSE: 3001.6125769574132
MAE: 54.66145282321506
EVS: 0.0255776451483003
