Model: GRU
MSE: 179.71428897821272
MAE: 12.870152367485893
EVS: 0.0017943710256518308
