Model: GRU
MSE: 19.095289628748983
MAE: 3.0918270349502563
EVS: -0.2637411134182084
