Model: GRU
MSE: 1302.366613061413
MAE: 35.923589141280566
EVS: -0.08830326211227035
