Model: GRU
MSE: 29.79953569577876
MAE: 4.420371497118914
EVS: -1.6562313719680137
