Model: GRU
MSE: 27.103298104415725
MAE: 3.9299220420696117
EVS: -1.4683580347396132
