Model: GRU
MSE: 27.204807398751935
MAE: 3.5467326199566878
EVS: -0.9070423367708342
