Model: GRU
MSE: 27.132372972493474
MAE: 3.69731597105662
EVS: -0.8959721156562541
