Model: GRU
MSE: 20.393454149371923
MAE: 3.4666345472689026
EVS: -0.3974976563552599
