Model: GRU
MSE: 27.196942749591717
MAE: 3.8676568313881203
EVS: -0.6006297159709901
