Model: GRU
MSE: 21.449041295579633
MAE: 3.3389535833288124
EVS: -0.5133401788825183
