Model: GRU
MSE: 11086.942631734144
MAE: 105.22346185754847
EVS: 0.0
