Model: GRU
MSE: 20.725731217575543
MAE: 2.977863898983708
EVS: -0.4065044630153354
