Model: GRU
MSE: 17.278976526317766
MAE: 3.1020923632162587
EVS: -0.170986297075566
