Model: GRU
MSE: 504.722499800461
MAE: 22.14579638728389
EVS: -0.013294549953944745
