Model: GRU
MSE: 20.654894737124387
MAE: 2.936116103772764
EVS: -0.4028795481470251
