Model: GRU
MSE: 24.842043195216842
MAE: 3.444856149178964
EVS: -1.1876341343149028
