Model: GRU
MSE: 32.0004602463978
MAE: 4.248147876174362
EVS: -1.928764241095326
