Model: GRU
MSE: 20.111512747106886
MAE: 3.510722937407317
EVS: -0.40386308589580566
