Model: GRU
MSE: 20.60119654977291
MAE: 3.3882504834069147
EVS: -0.4479708130009694
