Model: GRU
MSE: 24.657238528359674
MAE: 3.410213797180741
EVS: -0.7478850911508907
