Model: GRU
MSE: 25.9003356820385
MAE: 3.51614460238704
EVS: -1.113709328955614
