Model: GRU
MSE: 19.787595888902253
MAE: 3.1414522771482116
EVS: -0.37464434599684004
