Model: GRU
MSE: 21.318635731906962
MAE: 3.280303266313341
EVS: -0.5114179281652516
