Model: GRU
MSE: 21.43517093052396
MAE: 3.104406127223262
EVS: -0.5083892955124443
