Model: GRU
MSE: 24.830959812244032
MAE: 3.461091059225577
EVS: -0.7611174562053047
