Model: GRU
MSE: 24.737607192355107
MAE: 3.5341713737558433
EVS: -0.6168247813087773
