Model: GRU
MSE: 29.82438448971828
MAE: 4.0933585012400595
EVS: -1.7361225084176506
