Model: GRU
MSE: 24.87554401117798
MAE: 3.539417545000712
EVS: -0.7164217321789881
