Model: GRU
MSE: 22.095753562081686
MAE: 3.416002949078878
EVS: -0.5278287403543322
