Model: GRU
MSE: 31.53613438761292
MAE: 3.82039205233256
EVS: -1.2095822455436105
