Model: GRU
MSE: 18.895794813266047
MAE: 3.1209276958748147
EVS: -0.33869056796634367
