Model: GRU
MSE: 16.823834445624218
MAE: 2.9508405967994973
EVS: -0.1860545367599602
