Model: GRU
MSE: 23.946889265006508
MAE: 3.523643970489502
EVS: -1.1189443524720284
