Model: GRU
MSE: 19.34560160122175
MAE: 2.928614185916053
EVS: -0.3580026873701321
