Model: GRU
MSE: 34.4401371861432
MAE: 4.59416330743719
EVS: -1.7942755971763096
