Model: GRU
MSE: 259.0040083133216
MAE: 15.597470106901946
EVS: -0.11519938772974636
