Model: GRU
MSE: 20.103958615809447
MAE: 3.3683281209733753
EVS: -0.368375815982952
