Model: GRU
MSE: 399.3909464248141
MAE: 19.624971248485423
EVS: -0.010829635372773705
