Model: GRU
MSE: 21.60134960115438
MAE: 3.6815942658318415
EVS: -0.42805670754297287
