Model: GRU
MSE: 23.574793786049614
MAE: 3.856424402307581
EVS: -0.6419249106662073
