Model: GRU
MSE: 23.567395343929437
MAE: 3.3567591596532753
EVS: -0.5623924444808364
