Model: GRU
MSE: 22.76046195503064
MAE: 3.23392359857206
EVS: -0.4550410482502587
