Model: GRU
MSE: 21.970633207933517
MAE: 3.621992270151774
EVS: -0.41078612327203223
