Model: GRU
MSE: 21.360297007367528
MAE: 3.881944214856183
EVS: -0.2775996784064463
