Model: GRU
MSE: 25.67436100102512
MAE: 3.7979235030986644
EVS: -0.818059534581933
