Model: GRU
MSE: 98.32092356204772
MAE: 9.15432306572243
EVS: -0.029827245538380343
