Model: GRU
MSE: 22.742001913057678
MAE: 3.7378323320989257
EVS: -0.5447001061488121
