Model: GRU
MSE: 17.96889393015965
MAE: 3.4003912431222423
EVS: -0.13595098280948625
