Model: GRU
MSE: 30.155048741893545
MAE: 4.107290607911569
EVS: -1.7505078433549044
