Model: GRU
MSE: 479.0037735222215
MAE: 21.577366420200892
EVS: -0.22406805516949646
