Model: GRU
MSE: 26.94218784979296
MAE: 3.6226705930851124
EVS: -0.9104106866604165
