Model: GRU
MSE: 14.689822878337118
MAE: 2.6030829030054585
EVS: 0.019367914405538866
