Model: GRU
MSE: 23.786957486208546
MAE: 3.495608753628201
EVS: -0.49818503789446456
