Model: GRU
MSE: 27.2470547020037
MAE: 3.5242217911614313
EVS: -0.9310039450922618
