Model: GRU
MSE: 25.106797630249385
MAE: 3.5470487983138472
EVS: -0.7094841356786472
