Model: GRU
MSE: 19.72925064610615
MAE: 3.3749704360961914
EVS: -0.3386866471213732
