Model: GRU
MSE: 26.22536803073646
MAE: 4.067920702475089
EVS: -0.6438878739930602
