Model: GRU
MSE: 30.11029928809152
MAE: 4.50575664749852
EVS: -0.6473827670260768
