Model: GRU
MSE: 19.29164614447569
MAE: 2.8885683748457165
EVS: -0.2639509378061178
