Model: GRU
MSE: 27.34122529728086
MAE: 3.7590326733059354
EVS: -0.9353247593665128
