Model: GRU
MSE: 28.756226139787334
MAE: 4.13162836322078
EVS: -1.5826879626207817
