Model: GRU
MSE: 21.814159498868335
MAE: 3.498761291857119
EVS: -1.000770184383899
