Model: GRU
MSE: 31.255917972802333
MAE: 3.934585103282222
EVS: -1.6345144553302315
