Model: GRU
MSE: 18.88671386689219
MAE: 3.0088594842840126
EVS: -0.3386709444262501
