Model: GRU
MSE: 20.649416189273225
MAE: 3.0113694579512984
EVS: -0.33260271310116196
