Model: GRU
MSE: 25.912486994845395
MAE: 3.6373247747068054
EVS: -0.8356560808251434
