Model: GRU
MSE: 17.5463614517123
MAE: 3.136382014663131
EVS: -0.22063676234785357
