Model: GRU
MSE: 24.80226586685225
MAE: 3.607318664038623
EVS: -0.748179120096959
