Model: GRU
MSE: 25.871789808018107
MAE: 3.896412460892289
EVS: -0.6767352768401089
