Model: GRU
MSE: 23.1635335726735
MAE: 3.3771154439007796
EVS: -0.6418984416601416
