Model: GRU
MSE: 24.851385302040086
MAE: 4.03178099349693
EVS: -0.6908980441560768
