Model: GRU
MSE: 22.381702694370432
MAE: 3.144601415704798
EVS: -0.4473217170179613
