Model: GRU
MSE: 27.48230403445289
MAE: 3.8160646270822594
EVS: -1.260437227800888
