Model: GRU
MSE: 27.462627674582404
MAE: 4.283103286116211
EVS: -0.32921610796644396
