Model: GRU
MSE: 33.38097218540208
MAE: 4.237295985221863
EVS: -1.7338109600293983
