Model: GRU
MSE: 22.937615455653273
MAE: 3.6599675902613886
EVS: -1.0847170820088143
