Model: GRU
MSE: 25.521612409600813
MAE: 3.535730070537991
EVS: -0.756538127181164
