Model: GRU
MSE: 32.62737444098246
MAE: 4.710186366681699
EVS: -1.1932678300860484
