Model: GRU
MSE: 21.80264686220084
MAE: 3.170540694837217
EVS: -0.540141118935844
