Model: GRU
MSE: 31.745492114955645
MAE: 4.286110979539377
EVS: -1.887768643550256
