Model: GRU
MSE: 23.21365329160801
MAE: 3.7383933862050376
EVS: -0.5547723014092638
