Model: GRU
MSE: 25.36688091494222
MAE: 3.670892451490675
EVS: -1.1464592455530185
