Model: GRU
MSE: 24.195735119500213
MAE: 3.3331160368742765
EVS: -0.6935464442907211
