Model: GRU
MSE: 16.759756417389582
MAE: 2.8299695827342846
EVS: -0.07590490616071133
