Model: GRU
MSE: 33.28170536996504
MAE: 4.233647593745479
EVS: -1.9539337048547183
