Model: GRU
MSE: 23.850009566315048
MAE: 3.4467825017593525
EVS: -0.5644869137726773
