Model: GRU
MSE: 23.647318089304864
MAE: 3.9676543518348977
EVS: -0.41314565493597466
