Model: GRU
MSE: 33.62108351972527
MAE: 4.094712576380482
EVS: -1.9451994327776037
