Model: GRU
MSE: 31.351251735394197
MAE: 4.274982752623381
EVS: -1.8721417465525398
