Model: GRU
MSE: 20.750782589304546
MAE: 3.2532469475710832
EVS: -0.39812191290129806
