Model: GRU
MSE: 1476.7447691830453
MAE: 38.24403402540419
EVS: -0.2971384018999006
