Model: GRU
MSE: 28.070513242467374
MAE: 3.8088313738505044
EVS: -0.9901722866481857
