Model: GRU
MSE: 26.472758719251146
MAE: 3.639348100732874
EVS: -0.782969171561346
