Model: GRU
MSE: 24.347184332656063
MAE: 3.0692735689657704
EVS: -0.6842535665378144
