Model: GRU
MSE: 37.85409202431254
MAE: 5.182803807435213
EVS: -2.2509033458762
