Model: GRU
MSE: 24.323192592538952
MAE: 3.4844989357171237
EVS: -0.723623907690963
