Model: GRU
MSE: 17.525795851705748
MAE: 2.8577821872852467
EVS: -0.24033102469046108
