Model: GRU
MSE: 20.17665911457493
MAE: 3.2871099224797002
EVS: -0.3804768390550648
