Model: GRU
MSE: 20.628600041219844
MAE: 3.0618318385548062
EVS: -0.38263947065165715
