Model: GRU
MSE: 20.339651867649714
MAE: 3.4226162610230624
EVS: -0.4415537178266822
