Model: GRU
MSE: 31.350121087050326
MAE: 4.448187801573011
EVS: -1.2064735900862207
