Model: GRU
MSE: 34.222735770835094
MAE: 4.727410671335679
EVS: -2.0882142056625708
