Model: GRU
MSE: 28.049234870939717
MAE: 3.7926585762589067
EVS: -0.8526469477770531
