Model: GRU
MSE: 22.88180758407064
MAE: 3.749811719965052
EVS: -0.4232860971813457
