Model: GRU
MSE: 20.29040826431579
MAE: 3.088288633911698
EVS: -0.34862260191997274
