Model: GRU
MSE: 17.813472483339247
MAE: 2.7756241427527533
EVS: -0.22549647434874331
