Model: GRU
MSE: 329.53372003072474
MAE: 17.854132616961444
EVS: 0.012495047074195798
