Model: GRU
MSE: 24.698515406304566
MAE: 3.6220430488939637
EVS: -0.7475180942597588
