Model: GRU
MSE: 30.903306071663568
MAE: 4.174247929343471
EVS: -1.1911539000748372
