Model: GRU
MSE: 25.522390426197767
MAE: 3.9033422293486417
EVS: -0.7294053320836242
