Model: GRU
MSE: 28.29502611515321
MAE: 3.7533897246633257
EVS: -1.2935418856226168
