Model: GRU
MSE: 41.03468597995078
MAE: 4.783767426455462
EVS: -2.76262359832277
