Model: GRU
MSE: 22.77632994354897
MAE: 3.676234245300293
EVS: -0.578091927515729
