Model: GRU
MSE: 24.55199373660193
MAE: 3.392171603661996
EVS: -0.5568281878156944
