Model: GRU
MSE: 30.27221371243483
MAE: 4.2562074572951705
EVS: -1.7744997104705549
