Model: GRU
MSE: 26.392363070781684
MAE: 3.7583727395093
EVS: -1.1850405469825382
