Model: GRU
MSE: 21.74542145349938
MAE: 3.5226875676049128
EVS: -0.42388382239988287
