Model: GRU
MSE: 33.75435409893749
MAE: 4.891996003963329
EVS: -1.8657242238248442
