Model: GRU
MSE: 19.571254866852343
MAE: 3.400445655540184
EVS: -0.3867966094049018
