Model: GRU
MSE: 92.30163624221893
MAE: 8.832633636615894
EVS: -0.01329576354358375
