Model: GRU
MSE: 27.21970488848113
MAE: 4.090010506135446
EVS: -0.6034282049101172
