Model: GRU
MSE: 27.290530062524702
MAE: 4.053726505350183
EVS: -0.7284264856147238
