Model: GRU
MSE: 808.3490926884217
MAE: 28.18054665459527
EVS: -0.007597651370130798
