Model: GRU
MSE: 39.84876118264198
MAE: 5.200009496123703
EVS: -2.177728196529369
