Model: GRU
MSE: 25.585162185026032
MAE: 4.437890325983365
EVS: -0.4791493040771222
