Model: GRU
MSE: 27.405720166768294
MAE: 3.981649743186103
EVS: -0.68625773443029
