Model: GRU
MSE: 23.617173105232272
MAE: 3.5568200923778392
EVS: -0.6643002005729979
