Model: GRU
MSE: 19.56947199660662
MAE: 3.343847159986143
EVS: -0.38783571015581075
