Model: GRU
MSE: 23.68530879379244
MAE: 3.7249484062194824
EVS: -0.5539939708913573
