Model: GRU
MSE: 30.481992792563855
MAE: 4.673272592050058
EVS: -1.5510681621999578
