Model: GRU
MSE: 23.31089690251087
MAE: 3.4452138830114296
EVS: -0.2798682974804714
