Model: GRU
MSE: 22.98320032874592
MAE: 3.6757087619216353
EVS: -0.5638614141590024
