Model: GRU
MSE: 97.84473012701916
MAE: 9.153632192699998
EVS: 0.0030511624950805283
