Model: GRU
MSE: 6408.202208532846
MAE: 78.31061144228335
EVS: -18.551381672113777
