Model: GRU
MSE: 22.322320525530557
MAE: 3.3333448304070368
EVS: -0.5819801131236007
