Model: GRU
MSE: 35.2743407018584
MAE: 4.340946771480419
EVS: -2.0852081223625922
