Model: GRU
MSE: 27.095508738712734
MAE: 3.68011572625902
EVS: -0.9029146522958462
