Model: GRU
MSE: 18.206304518252246
MAE: 3.600753907804136
EVS: -0.12624662871734826
