Model: GRU
MSE: 17.397858480113477
MAE: 3.066008108633536
EVS: -0.15218339358086208
