Model: GRU
MSE: 19.117369178232725
MAE: 3.26833149238869
EVS: -0.33822847688527546
