Model: GRU
MSE: 24.72029355635443
MAE: 3.7717760845466897
EVS: -0.39841772589837365
