Model: GRU
MSE: 28.17161273673531
MAE: 3.7944160214176885
EVS: -1.5139268986973735
