Model: GRU
MSE: 30.801494570512528
MAE: 4.364339634224221
EVS: -0.9431850325577054
