Model: GRU
MSE: 21.187872747794287
MAE: 2.925251748826769
EVS: -0.3917598297709144
