Model: GRU
MSE: 22.407958217219875
MAE: 3.3264594122215554
EVS: -0.5796771036626975
