Model: GRU
MSE: 32.741524678033265
MAE: 4.7177572073759855
EVS: -1.6465247953452287
