Model: GRU
MSE: 23.676368723732544
MAE: 3.2473770159262196
EVS: -0.6484221551915879
