Model: GRU
MSE: 25.16761102380921
MAE: 3.266581098238627
EVS: -0.673917865944774
