Model: GRU
MSE: 22.6887700933404
MAE: 3.0908571702462657
EVS: -0.4757893213998168
