Model: GRU
MSE: 24.48271868449921
MAE: 3.69617078922413
EVS: -0.40621505786971634
