Model: GRU
MSE: 17.222825660274506
MAE: 2.92304915410501
EVS: -0.2204641425084406
