Model: GRU
MSE: 20.267422313369256
MAE: 2.974583290241383
EVS: -0.30607530212373857
