Model: GRU
MSE: 24.553752927883874
MAE: 3.4975425137413874
EVS: -0.6838342907784878
