Model: GRU
MSE: 28.188429792814787
MAE: 3.7029407642505787
EVS: -1.5320328107160743
