Model: GRU
MSE: 23.54402031104873
MAE: 3.568903596312911
EVS: -0.4017084610700927
