Model: GRU
MSE: 93.70488814060681
MAE: 8.89389787779914
EVS: -0.03579769095519092
