Model: GRU
MSE: 37.509654065360806
MAE: 4.124425109337877
EVS: -1.3869511394347778
