Model: GRU
MSE: 27.99925802793361
MAE: 3.823471502021507
EVS: -1.304030341907088
