Model: GRU
MSE: 28.017450684287336
MAE: 4.0707247787051735
EVS: -0.660457011353246
