Model: GRU
MSE: 25.859172884364927
MAE: 3.3197315798865423
EVS: -0.8254341801948055
