Model: GRU
MSE: 24.341431791035482
MAE: 3.9821049813871032
EVS: -0.607206759538
