Model: GRU
MSE: 1075.8673028398932
MAE: 32.38115070484303
EVS: -0.9383528296682264
