Model: GRU
MSE: 20.847372191587844
MAE: 3.4698249763912625
EVS: -0.3637149332808358
