Model: GRU
MSE: 90.60243113432632
MAE: 8.72339572067614
EVS: -0.02879917427325651
