Model: GRU
MSE: 27.3798661528473
MAE: 3.8023517970685607
EVS: -1.420176492723844
