Model: GRU
MSE: 30.571420626597014
MAE: 3.9005568286886922
EVS: -1.023093229108142
