Model: GRU
MSE: 604.1452336577328
MAE: 24.289937054669416
EVS: -0.29764858182120624
