Model: GRU
MSE: 18.28286934152448
MAE: 3.168791753274423
EVS: -0.2655578451587495
