Model: GRU
MSE: 1056.1484431771091
MAE: 32.23022729379159
EVS: -0.23137673658395208
