Model: GRU
MSE: 26.419840336543068
MAE: 3.5432237165945546
EVS: -0.8685454710341767
