Model: GRU
MSE: 19.3469632186877
MAE: 3.413000089150888
EVS: -0.24737456611387776
