Model: GRU
MSE: 21.396651789006675
MAE: 3.298526499006483
EVS: -0.5172555341719647
