Model: GRU
MSE: 24.144648490098334
MAE: 3.496705366505517
EVS: -0.6603928410959727
