Model: GRU
MSE: 28.27069100126654
MAE: 3.686130002692894
EVS: -1.4143169967573122
