Model: GRU
MSE: 25.767566111069772
MAE: 3.6939385996924505
EVS: -0.777599477561361
