Model: GRU
MSE: 24.574020487408276
MAE: 3.77197347746955
EVS: -0.2561575058389829
