Model: GRU
MSE: 1002.1977114890869
MAE: 31.43253050910102
EVS: -0.006736182106096056
