Model: GRU
MSE: 44.98137294470435
MAE: 4.544257596687034
EVS: -1.9648580944412148
