Model: GRU
MSE: 23.595770911016853
MAE: 4.044786364943893
EVS: -0.41140858814677506
