Model: GRU
MSE: 20.844439861481032
MAE: 2.8692185437237776
EVS: -0.41845640091839886
