Model: GRU
MSE: 31.72311110960314
MAE: 4.417820718553331
EVS: -1.7991196190675862
