Model: GRU
MSE: 22.458933193332744
MAE: 3.491673822756167
EVS: -0.5084825312094803
