Model: GRU
MSE: 25.258636645849037
MAE: 3.5123679786920547
EVS: -0.6639269357195843
