Model: GRU
MSE: 18.092992461326432
MAE: 2.9072545413617736
EVS: -0.2355564500807108
