Model: GRU
MSE: 22.592846046389806
MAE: 3.1430695321824818
EVS: -0.6009301606794901
