Model: GRU
MSE: 29.825929460324566
MAE: 3.6624912465060198
EVS: -0.8857130894139751
