Model: GRU
MSE: 1021.0287742562651
MAE: 31.720888985527885
EVS: -0.35909749148689785
