Model: GRU
MSE: 22.90311314784792
MAE: 3.5526081323623657
EVS: -0.6244566932811997
