Model: GRU
MSE: 14.351400607923809
MAE: 2.620414744924616
EVS: 0.041666982620068294
