Model: GRU
MSE: 21.759883141587945
MAE: 3.461230330997043
EVS: -0.48206910002854975
