Model: GRU
MSE: 2631.6392572528066
MAE: 51.16412565443251
EVS: 0.01611929519258748
