Model: GRU
MSE: 25.406250517311847
MAE: 4.035536598276209
EVS: -0.5987435109391468
