Model: GRU
MSE: 22.130743739878877
MAE: 3.5303761340953685
EVS: -0.16552876426159902
