Model: GRU
MSE: 26.478489185286858
MAE: 4.194496856243522
EVS: -1.3915304066347494
