Model: GRU
MSE: 20.622725699301668
MAE: 3.7270679385573775
EVS: -0.2743321110667014
