Model: GRU
MSE: 25.926477306461933
MAE: 3.7382241973170527
EVS: -1.376813388279868
