Model: GRU
MSE: 32.81491963516945
MAE: 4.271669370156747
EVS: -1.9433050147168864
