Model: GRU
MSE: 27.532011168273307
MAE: 4.025281985600789
EVS: -1.5089462748922076
