Model: GRU
MSE: 21.417700817209607
MAE: 3.0011855275542647
EVS: -0.45705446692017015
