Model: GRU
MSE: 533.9838302475682
MAE: 22.797387017144096
EVS: -0.011647119516251747
