Model: GRU
MSE: 22.390127335622445
MAE: 3.1394747539802834
EVS: -0.4035245127812186
