Model: GRU
MSE: 27.80764840690387
MAE: 3.9673641434422247
EVS: -1.4405535160852878
