Model: GRU
MSE: 24.480674005193492
MAE: 3.445952680375841
EVS: -0.6936000909326112
