Model: GRU
MSE: 29.831383341391067
MAE: 4.301561271702802
EVS: -1.6927060491786379
