Model: GRU
MSE: 22.90256681443884
MAE: 3.3709985856656677
EVS: -0.4753394697376694
