Model: GRU
MSE: 25.51707733891539
MAE: 4.042592768315916
EVS: -0.6126119343798717
