Model: GRU
MSE: 32.86199289943126
MAE: 4.140449908044603
EVS: -1.7376756624302319
