Model: GRU
MSE: 29.384469442754305
MAE: 4.353977084159851
EVS: -0.47374471166207477
