Model: GRU
MSE: 27.262291648808112
MAE: 3.8837775301050255
EVS: -0.789522424464441
