Model: GRU
MSE: 28.082220184644115
MAE: 3.8441563094103777
EVS: -1.5739353601549801
