Model: GRU
MSE: 10555.047303774387
MAE: 102.57909901936848
EVS: -1.1766929789741547
