Model: GRU
MSE: 33.97073321448162
MAE: 4.315549648233822
EVS: -1.642715889934062
