Model: GRU
MSE: 33.39831873747796
MAE: 4.711380711308232
EVS: -1.1259427619022846
