Model: GRU
MSE: 22.673494950376252
MAE: 3.7952951855129666
EVS: -0.2769514712529846
