Model: GRU
MSE: 15.527898607431657
MAE: 2.6316959063212075
EVS: -0.031857657086756586
