Model: GRU
MSE: 27.82685627348569
MAE: 4.27435142022592
EVS: -0.3664395478677218
