Model: GRU
MSE: 25.774044361105254
MAE: 3.337684507723208
EVS: -0.7445460544313973
