Model: GRU
MSE: 22.23817580840553
MAE: 3.1291474677898266
EVS: -0.4477180729439645
