Model: GRU
MSE: 24.35588033694858
MAE: 3.38261404743901
EVS: -0.7186415185234627
