Model: GRU
MSE: 20.778132239773612
MAE: 3.0938438927685774
EVS: -0.4204513480317589
