Model: GRU
MSE: 19.58297167345529
MAE: 3.021142703515512
EVS: -0.3855321163488037
