Model: GRU
MSE: 31.508198511800583
MAE: 3.93294863347654
EVS: -1.7630449265250498
