Model: GRU
MSE: 19.030884472528093
MAE: 3.238972549085264
EVS: -0.3364323803510201
