Model: GRU
MSE: 24.472168081719897
MAE: 3.4700160732975713
EVS: -0.7116581166220755
