Model: GRU
MSE: 26.270713116273583
MAE: 3.838943393142135
EVS: -0.5393608118551287
