Model: GRU
MSE: 26.844024899773785
MAE: 4.081128950472231
EVS: -1.3412170356514452
