Model: GRU
MSE: 32.94657955082381
MAE: 4.4370841715070934
EVS: -1.8951134060921193
