Model: GRU
MSE: 33.484730285278225
MAE: 4.822188165452745
EVS: -1.832911085339206
