Model: GRU
MSE: 31.10752019136223
MAE: 4.0964235464731855
EVS: -1.7469862371490263
