Model: GRU
MSE: 21.300789011724166
MAE: 3.2722153426320464
EVS: -0.5097097060726727
