Model: GRU
MSE: 26.077436422669514
MAE: 3.7852090376394765
EVS: -0.7283072472755907
