Model: GRU
MSE: 424.6270579025474
MAE: 20.028730710347492
EVS: -0.6651815471360654
