Model: GRU
MSE: 25.082510400746244
MAE: 3.467079436337506
EVS: -0.6638002514896131
