Model: GRU
MSE: 22.94184702829807
MAE: 3.246057634000425
EVS: -0.42327029187172216
