Model: GRU
MSE: 22.173683593956145
MAE: 3.270140524263735
EVS: -0.40992420780606786
