Model: GRU
MSE: 34.03854869888564
MAE: 4.639738168035235
EVS: -2.101076738082963
