Model: GRU
MSE: 26.386168192561282
MAE: 4.081268204583062
EVS: -0.40044389772395905
