Model: GRU
MSE: 4195.220813995023
MAE: 64.66547619854963
EVS: 0.03558917443380483
