Model: GRU
MSE: 30.050830163862596
MAE: 3.8176470509281866
EVS: -1.6483726562358259
