Model: GRU
MSE: 27.50271681814481
MAE: 3.9790022196593107
EVS: -0.9183942423919316
