Model: GRU
MSE: 21.560200383708757
MAE: 3.311849841365108
EVS: -0.24263636095672791
