Model: GRU
MSE: 23.30892436771634
MAE: 3.300775819354587
EVS: -0.5446331092872609
