Model: GRU
MSE: 24.045951025642747
MAE: 4.432481262418959
EVS: -0.2891468368079342
