Model: GRU
MSE: 20.956203846195898
MAE: 3.103648053275214
EVS: -0.4470597200264934
