Model: GRU
MSE: 24.217452664758795
MAE: 3.269608356334545
EVS: -0.6180394138223657
