Model: GRU
MSE: 35.036118519788516
MAE: 4.491558313369751
EVS: -2.212949486465894
