Model: GRU
MSE: 30.803894326441263
MAE: 3.6434737460480795
EVS: -1.522071455708304
