Model: GRU
MSE: 22.997332003836597
MAE: 3.5254771532835782
EVS: -0.6222990336179051
