Model: GRU
MSE: 27.102964539641313
MAE: 3.8072182955565275
EVS: -1.4864878848804532
