Model: GRU
MSE: 36.13819506465889
MAE: 4.65889588991801
EVS: -1.787264237106009
