Model: GRU
MSE: 26.065703746592835
MAE: 3.6871134263497813
EVS: -1.3546096810423949
