Model: GRU
MSE: 23.11232265531562
MAE: 3.3470478852589927
EVS: -0.6386391001352238
