Model: GRU
MSE: 15.77276340755543
MAE: 3.0902383239180953
EVS: 0.059193823430245596
