Model: GRU
MSE: 18.23485049664496
MAE: 2.878843640839612
EVS: -0.16115293432339195
