Model: GRU
MSE: 29.45455382155031
MAE: 4.029549347029792
EVS: -1.2177624430625524
