Model: GRU
MSE: 35.81365943681664
MAE: 4.748511605792576
EVS: -2.22551511199665
