Model: GRU
MSE: 3222.1768045884155
MAE: 56.644356621636284
EVS: 0.03582568454140045
