Model: GRU
MSE: 26.31632802100855
MAE: 3.620923978311044
EVS: -0.7764127416756241
