Model: GRU
MSE: 23.34593230265767
MAE: 3.4043306509653726
EVS: -0.4789334048442415
