Model: GRU
MSE: 19.079556278962087
MAE: 3.062343875567118
EVS: -0.34707384342893866
