Model: GRU
MSE: 24.821281027703115
MAE: 3.9271995138238975
EVS: -0.6516246749421459
