Model: GRU
MSE: 17.321601237516802
MAE: 3.0460341065018266
EVS: -0.17056071934239547
