Model: GRU
MSE: 32.254333234735356
MAE: 4.2117234887900175
EVS: -1.6531240676154262
