Model: GRU
MSE: 26.733783789088758
MAE: 3.564486825907672
EVS: -0.795098723837959
