Model: GRU
MSE: 19.709524667435684
MAE: 2.903633780501507
EVS: -0.36860831988306697
