Model: GRU
MSE: 21.975364563274137
MAE: 3.439967226099085
EVS: -0.40980047465419656
