Model: GRU
MSE: 27.714493673340233
MAE: 3.9942930980964944
EVS: -0.6556691351271042
