Model: GRU
MSE: 16.430004247082433
MAE: 2.8694638543658786
EVS: -0.16442256685969503
