Model: GRU
MSE: 21.63957288287193
MAE: 3.181693915967588
EVS: -0.5139635964537614
