Model: GRU
MSE: 17.65025239377613
MAE: 2.7752720250023737
EVS: -0.2053270307992756
