Model: GRU
MSE: 33.67433764424388
MAE: 4.279509884339792
EVS: -1.9982095810306757
