Model: GRU
MSE: 27.151831617407204
MAE: 3.797396695172345
EVS: -1.4907790798424507
