Model: GRU
MSE: 18.311576562886923
MAE: 2.854797054220129
EVS: -0.2879982722869998
