Model: GRU
MSE: 21.078673763578784
MAE: 3.0594069074701378
EVS: -0.3503236031914174
