Model: GRU
MSE: 17.443094328297274
MAE: 3.0829995473225913
EVS: -0.23248858234090264
