Model: GRU
MSE: 9683.702435836864
MAE: 98.311521742079
EVS: -0.7015928447935811
