Model: GRU
MSE: 24.734202963874644
MAE: 3.685243765513102
EVS: -0.748320359180175
