Model: GRU
MSE: 33.10127941469
MAE: 4.72453976560522
EVS: -2.0242693885519416
