Model: GRU
MSE: 16.95632650781044
MAE: 2.6761178970336914
EVS: -0.17880617582073266
