Model: GRU
MSE: 16.486969817719704
MAE: 2.8916502793629966
EVS: -0.07178767890894244
