Model: GRU
MSE: 33.63421023526798
MAE: 4.4983007731261075
EVS: -1.2264442885246485
