Model: GRU
MSE: 24.904863031607746
MAE: 3.485179812819869
EVS: -0.7439056047924444
