Model: GRU
MSE: 22.8967744170148
MAE: 3.1170732268580683
EVS: -0.6152751321675314
