Model: GRU
MSE: 22.43935699298756
MAE: 3.7991061210632324
EVS: -1.0446759525914868
