Model: GRU
MSE: 21.820415468775522
MAE: 3.1094325913323297
EVS: -0.4467500344479576
