Model: GRU
MSE: 35.422052171798754
MAE: 4.576270174097131
EVS: -2.2394249743690415
