Model: GRU
MSE: 274.74187879550294
MAE: 16.148113038804794
EVS: 0.008400831348228444
