Model: GRU
MSE: 17.864261074243853
MAE: 2.772587016776756
EVS: -0.23170102327152087
