Model: GRU
MSE: 22.09747941768879
MAE: 3.223770327038235
EVS: -0.5540545345166901
