Model: GRU
MSE: 39.79472045997678
MAE: 4.901123647336607
EVS: -2.4644324314677744
