Model: GRU
MSE: 23.692480744125312
MAE: 3.77562681833903
EVS: -0.6005095405483738
