Model: GRU
MSE: 22.17182718547884
MAE: 3.3069884688765914
EVS: -0.4278687899356457
