Model: GRU
MSE: 15.915494165307454
MAE: 2.990083164638943
EVS: -0.015661394246092586
