Model: GRU
MSE: 15.60982499643005
MAE: 3.073955100995523
EVS: -0.1042451662190369
