Model: GRU
MSE: 26.192115557172276
MAE: 3.472549138245759
EVS: -1.304546238279995
