Model: GRU
MSE: 31.23858181377307
MAE: 3.875979255746912
EVS: -1.1315880262594367
