Model: GRU
MSE: 1850.8319004847726
MAE: 42.89297400580512
EVS: -0.011451391481249518
