Model: GRU
MSE: 27.85498395722321
MAE: 3.906983004675971
EVS: -0.9755123879695153
