Model: GRU
MSE: 18.725103232556513
MAE: 3.509801223322197
EVS: -0.2909748876017657
