Model: GRU
MSE: 19.681190550999233
MAE: 3.7756450750209667
EVS: -0.27914174252578805
