Model: GRU
MSE: 27.54017236239927
MAE: 4.163564090375547
EVS: -0.7632757623496915
