Model: GRU
MSE: 26.502106879587423
MAE: 3.4386782039094856
EVS: -0.8234224392049447
