Model: GRU
MSE: 23.641987047265342
MAE: 3.1802102813014277
EVS: -0.6590306485367661
