Model: GRU
MSE: 22.015668327294136
MAE: 3.1794114863431013
EVS: -0.5518475486890948
