Model: GRU
MSE: 23.12855360095349
MAE: 3.0784334076775446
EVS: -0.6175460394001722
