Model: GRU
MSE: 22.527576476338293
MAE: 3.2934375559842146
EVS: -0.4399162777651102
