Model: GRU
MSE: 20.6213957169565
MAE: 3.0608070779729775
EVS: -0.4306241268144122
