Model: GRU
MSE: 28.67752394609625
MAE: 4.3678727856388795
EVS: -1.5901829450664344
