Model: GRU
MSE: 25.06787959625692
MAE: 3.7480425393139876
EVS: -0.7748884766072222
