Model: GRU
MSE: 35.43340205986469
MAE: 4.864289575152927
EVS: -1.9050765570865136
