Model: GRU
MSE: 262.9545722528788
MAE: 15.766863522706208
EVS: -0.018570525085855882
