Model: GRU
MSE: 26.543824199042156
MAE: 3.330015500386556
EVS: -0.8346578874327302
