Model: GRU
MSE: 27.509688447405853
MAE: 3.877779245376587
EVS: -0.8938578531935153
