Model: GRU
MSE: 32.18707641000049
MAE: 4.1183432473076715
EVS: -1.733092554296607
