Model: GRU
MSE: 16.429715405381327
MAE: 3.0807532646037914
EVS: -0.06365645614988846
