Model: GRU
MSE: 25.288775015626918
MAE: 3.439546567422372
EVS: -0.6836208786830924
