Model: GRU
MSE: 28.560364332417755
MAE: 4.1763532691531715
EVS: -0.9186107820744629
