Model: GRU
MSE: 23.591768525600916
MAE: 3.3512661633668124
EVS: -0.5387293795206085
