Model: GRU
MSE: 28.679642354626182
MAE: 3.809953565950747
EVS: -1.5410310143179125
