Model: GRU
MSE: 18.57367845562391
MAE: 3.007381174299452
EVS: -0.31698091261457106
