Model: GRU
MSE: 25.30249492820699
MAE: 3.2524870766533747
EVS: -0.6271753032709166
