Model: GRU
MSE: 26.300899342947694
MAE: 3.526257386914006
EVS: -0.7429425388323012
