Model: GRU
MSE: 36.09764114696285
MAE: 4.82194455464681
EVS: -1.2249735351469568
