Model: GRU
MSE: 31.212506312651552
MAE: 4.222852494981554
EVS: -1.8405633299432735
