Model: GRU
MSE: 25.763195952130914
MAE: 3.7273125560195357
EVS: -0.695237307969222
