Model: GRU
MSE: 32.1896863478815
MAE: 4.061586280663808
EVS: -1.905376463664386
