Model: GRU
MSE: 28.233842592604645
MAE: 4.054883012065181
EVS: -0.7842906243217029
