Model: GRU
MSE: 26.138622736608887
MAE: 3.6124286033489086
EVS: -1.335643360670891
