Model: GRU
MSE: 19.42999244328043
MAE: 3.117871125539144
EVS: -0.1659288492870319
