Model: GRU
MSE: 28.1273267910108
MAE: 3.61526612440745
EVS: -0.9929200853970095
