Model: GRU
MSE: 29.189490941721832
MAE: 4.295329610506694
EVS: -0.9763615560831607
