Model: GRU
MSE: 30.271485492894477
MAE: 4.3699393139945135
EVS: -0.8975071002403909
