Model: GRU
MSE: 27.372803863101623
MAE: 3.772012178544645
EVS: -0.7201427466633281
