Model: GRU
MSE: 17001.643692009453
MAE: 130.3485474763093
EVS: 0.0
