Model: GRU
MSE: 36.566111682181194
MAE: 4.952321211496989
EVS: -1.590567601158087
