Model: GRU
MSE: 23.558034099187775
MAE: 3.544639340153447
EVS: -0.666675459855715
