Model: GRU
MSE: 28.379186721104677
MAE: 3.9510063771848327
EVS: -0.9143540499658496
