Model: GRU
MSE: 74.94855790582179
MAE: 7.980225017777196
EVS: -0.03345948031686352
