Model: GRU
MSE: 31.91717946053898
MAE: 4.553368850990578
EVS: -1.7827802723658803
