Model: GRU
MSE: 17979.867125988723
MAE: 134.0483765778718
EVS: 0.0
