Model: GRU
MSE: 24.99412634213552
MAE: 3.3614760217843234
EVS: -0.6475007830732786
