Model: GRU
MSE: 25.321744582061978
MAE: 3.542022625605265
EVS: -0.7695979067761818
