Model: GRU
MSE: 24.29135078936134
MAE: 3.9313853051927357
EVS: -0.514442262695936
