Model: GRU
MSE: 30.735438903838798
MAE: 4.316759533352322
EVS: -1.777025178131903
