Model: GRU
MSE: 23.905372744469584
MAE: 3.3785728878445096
EVS: -0.6954975482321291
