Model: GRU
MSE: 28.63034545789498
MAE: 4.114832374784681
EVS: -0.7855225763758098
