Model: GRU
MSE: 91.46542664089448
MAE: 8.768616594650128
EVS: -0.03390539598125475
