Model: GRU
MSE: 29.699871805125195
MAE: 3.8064062242154724
EVS: -1.4031265728790712
