Model: GRU
MSE: 20.83463344085056
MAE: 2.8476006013375743
EVS: -0.4523208061613122
