Model: GRU
MSE: 27.924501443936926
MAE: 3.370875120162964
EVS: -0.9732700987481091
