Model: GRU
MSE: 32.03898019573368
MAE: 4.240800636786002
EVS: -1.9186610220471882
