Model: GRU
MSE: 34.15069821572601
MAE: 3.927673675395824
EVS: -2.0909953223663575
