Model: GRU
MSE: 95.5682907742381
MAE: 9.015026918164006
EVS: -0.014101589807647086
