Model: GRU
MSE: 30.860631604795973
MAE: 5.0184102235017
EVS: -1.6492882903902322
