Model: GRU
MSE: 24.682247406773698
MAE: 3.488447966399016
EVS: -0.6549375167243126
