Model: GRU
MSE: 32.01423286494482
MAE: 4.2375057273440895
EVS: -1.9075029071076477
