Model: GRU
MSE: 24.077648889206404
MAE: 3.1645664903852673
EVS: -0.6729051381558766
