Model: GRU
MSE: 21.00015359955882
MAE: 3.112664708384761
EVS: -0.46814390573481246
