Model: GRU
MSE: 22.043092067293856
MAE: 3.379026492436727
EVS: -0.5225574598338156
