Model: GRU
MSE: 20.49109905517062
MAE: 3.2998079458872476
EVS: -0.3325953649119393
