Model: GRU
MSE: 20.15296092946965
MAE: 3.0892161086753562
EVS: -0.3876920872607994
