Model: GRU
MSE: 22.057280925364285
MAE: 3.1352331196820296
EVS: -0.5493241340956789
