Model: GRU
MSE: 25.744418452731384
MAE: 3.3834992249806723
EVS: -0.7402715043986603
