Model: GRU
MSE: 28.78941779752134
MAE: 3.903399529280486
EVS: -1.360347579908062
