Model: GRU
MSE: 28.165170140852467
MAE: 4.6231957503727505
EVS: -1.289488740287791
