Model: GRU
MSE: 25.276099406707974
MAE: 3.618908820328889
EVS: -0.7170656972848897
