Model: GRU
MSE: 20.353426586600694
MAE: 3.247989045249091
EVS: -0.36000009962006585
