Model: GRU
MSE: 23.638741386274503
MAE: 3.2842952057167336
EVS: -0.6727141273598201
