Model: GRU
MSE: 33.19101700289029
MAE: 4.216529669585051
EVS: -2.0318851549852117
