Model: GRU
MSE: 27.581715871499497
MAE: 4.091751706820947
EVS: -1.5192080839875621
