Model: GRU
MSE: 20.998117751645125
MAE: 3.141497329429344
EVS: -0.4777758769993188
