Model: GRU
MSE: 24.669636836715526
MAE: 3.781625235522235
EVS: -0.7465561749496403
