Model: GRU
MSE: 26.196479197507685
MAE: 3.8278371669628
EVS: -1.362553413140816
