Model: GRU
MSE: 18.330577509722346
MAE: 3.490355438656277
EVS: -0.21188892702522977
