Model: GRU
MSE: 18.944816121793156
MAE: 2.9182954982475
EVS: -0.23770187760991024
