Model: GRU
MSE: 26.73932756985311
MAE: 3.371390801888925
EVS: -0.8477490129888614
