Model: GRU
MSE: 27.092245494193598
MAE: 3.91013796682711
EVS: -1.4833628996589003
