Model: GRU
MSE: 25.789196294571994
MAE: 3.5469938119252524
EVS: -0.8290529075841446
