Model: GRU
MSE: 23.046687786488764
MAE: 3.4127010239495172
EVS: -0.37941033783639755
