Model: GRU
MSE: 835.0311448583224
MAE: 28.585789009376807
EVS: -0.26846649487466223
