Model: GRU
MSE: 19.68625925355416
MAE: 3.0215696582087763
EVS: -0.36617418169769334
