Model: GRU
MSE: 20.572728638145076
MAE: 3.613803497067204
EVS: -0.3741887391786427
