Model: GRU
MSE: 19.795966006679617
MAE: 2.98832247433839
EVS: -0.3954899456638765
