Model: GRU
MSE: 21.920009306718047
MAE: 3.269144897107725
EVS: -0.5312561467654313
