Model: GRU
MSE: 30.62076997641885
MAE: 3.781440840827094
EVS: -1.667320489982084
