Model: GRU
MSE: 32.80528795174914
MAE: 4.230247391594781
EVS: -1.793190547099666
