Model: GRU
MSE: 18.655856969677505
MAE: 3.0654482223369457
EVS: -0.32071706858842264
