Model: GRU
MSE: 30.01881909586824
MAE: 3.884729535491378
EVS: -1.6649344531972665
