Model: GRU
MSE: 391.27948457397764
MAE: 19.367444815459073
EVS: -0.14772927970589467
