Model: GRU
MSE: 22.268651151799144
MAE: 3.9623110029432507
EVS: -0.897709666021296
