Model: GRU
MSE: 28.639483154322356
MAE: 3.7564572007567794
EVS: -1.5849152224889806
