Model: GRU
MSE: 25.552735882706767
MAE: 4.263107458750407
EVS: -0.796057018695955
