Model: GRU
MSE: 25.203225214930626
MAE: 3.3724458570833558
EVS: -0.7593540027351826
