Model: GRU
MSE: 25.983862208618696
MAE: 3.432231287161509
EVS: -0.7158320304254753
