Model: GRU
MSE: 43.534573352690856
MAE: 5.681607471572028
EVS: -1.781039789664936
