Model: GRU
MSE: 24.601603953829997
MAE: 3.7778771928063146
EVS: -0.376550040015313
