Model: GRU
MSE: 23.99875974429815
MAE: 3.7239280100221985
EVS: -0.7018121057391198
