Model: GRU
MSE: 97.3842231096558
MAE: 9.109347080742872
EVS: -0.021651075875296133
