Model: GRU
MSE: 32.48150995323794
MAE: 4.402032454808553
EVS: -1.967067603121309
