Model: GRU
MSE: 31.81069460238114
MAE: 4.219785451889038
EVS: -1.8528818570168029
