Model: GRU
MSE: 28.227614962020798
MAE: 3.801800732259397
EVS: -1.0016752420941493
