Model: GRU
MSE: 28.40934406542035
MAE: 3.727592945098877
EVS: -1.4578599011524869
