Model: GRU
MSE: 19.644461804731
MAE: 3.361492960541337
EVS: -0.38719060163760877
