Model: GRU
MSE: 34.81831295655137
MAE: 4.850729907000506
EVS: -1.5953481542659071
