Model: GRU
MSE: 34.50177869951493
MAE: 4.4350341381850065
EVS: -2.15090071711965
