Model: GRU
MSE: 21.747003677790843
MAE: 3.315734209837737
EVS: -0.538197131010457
