Model: GRU
MSE: 26.736406092161946
MAE: 3.7319116769013583
EVS: -0.6966741471132845
