Model: GRU
MSE: 24.015375466405576
MAE: 3.1886393930073136
EVS: -0.6730104924534037
