Model: GRU
MSE: 609.0704322174187
MAE: 24.39203022144459
EVS: -3.748281765014738e-05
