Model: GRU
MSE: 28.84375728445876
MAE: 3.943238037603873
EVS: -1.6256940560377373
