Model: GRU
MSE: 32.112091424835434
MAE: 4.316743435683073
EVS: -1.5805564596560902
