Model: GRU
MSE: 31.217933218125456
MAE: 4.085424705787942
EVS: -1.8639059159591298
