Model: GRU
MSE: 16.71275432676031
MAE: 3.024538035745974
EVS: -0.17852888492872032
