Model: GRU
MSE: 20.912169357041176
MAE: 3.3228508454781993
EVS: -0.32940243517824475
