Model: GRU
MSE: 31538.21493144168
MAE: 177.55032009548611
EVS: -2.220446049250313e-16
