Model: GRU
MSE: 24.906248911280265
MAE: 3.5336296757062278
EVS: -0.7561193753563695
