Model: GRU
MSE: 21.335094265625575
MAE: 3.5272596059022128
EVS: -0.07992323245743749
