Model: GRU
MSE: 30.150911616164848
MAE: 4.231958027239199
EVS: -1.1302345678937304
