Model: GRU
MSE: 30.902077784180545
MAE: 4.213061677085029
EVS: -0.9292034596503564
