Model: GRU
MSE: 27.72597362399802
MAE: 4.29586175636009
EVS: -0.3909344725095425
