Model: GRU
MSE: 20.41827070316357
MAE: 2.9359190552322953
EVS: -0.44549938045130455
