Model: GRU
MSE: 18.81441608556648
MAE: 2.821428660993223
EVS: -0.3326014441434453
