Model: GRU
MSE: 19.838287621339255
MAE: 2.9259087068063243
EVS: -0.23686061260409064
