Model: GRU
MSE: 31.80605659964599
MAE: 3.984737678810402
EVS: -1.7805043597792518
