Model: GRU
MSE: 30.36164651107798
MAE: 3.906251660099736
EVS: -1.679226586407387
