Model: GRU
MSE: 23.71953404444698
MAE: 3.4903267048023365
EVS: -0.40138044127637196
