Model: GRU
MSE: 24.115684471188846
MAE: 3.4145773042131355
EVS: -0.5556049917702446
