Model: GRU
MSE: 685.461358395415
MAE: 25.972137380529333
EVS: -0.000878493306765149
