Model: GRU
MSE: 15.553126584342206
MAE: 2.719620563365795
EVS: -0.03901741135788406
