Model: GRU
MSE: 29.534303677900873
MAE: 3.9529139156694764
EVS: -1.6403484475144938
