Model: GRU
MSE: 28.41023229543632
MAE: 3.6293681374302618
EVS: -1.0147807379586293
