Model: GRU
MSE: 25.352880983042663
MAE: 3.8358718819088407
EVS: -1.3169565838776651
