Model: GRU
MSE: 25.024869724972454
MAE: 3.541266710669906
EVS: -1.1768102577768729
