Model: GRU
MSE: 29.52456792824068
MAE: 4.330937933038782
EVS: -1.0533088657465974
