Model: GRU
MSE: 25.319503027890853
MAE: 3.5916007889641657
EVS: -0.7956993211092311
