Model: GRU
MSE: 24.212244724790885
MAE: 3.265984808957135
EVS: -0.6224435590954065
