Model: GRU
MSE: 23.49943121748843
MAE: 3.4058229746641935
EVS: -0.6618263726347025
