Model: GRU
MSE: 24.757466685220887
MAE: 3.580508232116699
EVS: -0.7310806293244088
