Model: GRU
MSE: 22.764258777427315
MAE: 3.817897160847982
EVS: -0.5337384576338222
