Model: GRU
MSE: 20.60020648691004
MAE: 3.233203985072948
EVS: -0.4334858806320223
