Model: GRU
MSE: 16.18236174553374
MAE: 3.000077494868526
EVS: -0.08129526232332296
