Model: GRU
MSE: 25.328579438936544
MAE: 4.06071897789284
EVS: -1.314732593193852
