Model: GRU
MSE: 1867.9545918853578
MAE: 43.09331540708189
EVS: -0.0019171145235461484
