Model: GRU
MSE: 28.335800006519236
MAE: 4.070865703953637
EVS: -1.5955660718221867
