Model: GRU
MSE: 33.17481254998629
MAE: 4.796873406127647
EVS: -1.8550998469800746
