Model: GRU
MSE: 27.502729250785237
MAE: 4.282853225866954
EVS: -0.4158651331400247
