Model: GRU
MSE: 21.9167750148649
MAE: 3.2102741135491266
EVS: -0.461469550622857
