Model: GRU
MSE: 16.518332838633143
MAE: 3.038584859282882
EVS: -0.018473140596531046
