Model: GRU
MSE: 15.546007133782794
MAE: 2.6454758644104004
EVS: -0.0011944904952720936
