Model: GRU
MSE: 30.64944376732613
MAE: 4.002861826508133
EVS: -1.6445552384684907
