Model: GRU
MSE: 25.642896974463092
MAE: 3.4692060108538025
EVS: -0.8171037437991968
