Model: GRU
MSE: 22.643992885580516
MAE: 3.5135780617042824
EVS: -1.0774496818540564
