Model: GRU
MSE: 35.28102747997286
MAE: 4.959368900016502
EVS: -2.0948918390029787
