Model: GRU
MSE: 29.98358522826718
MAE: 4.175703357767175
EVS: -1.740916292294569
