Model: GRU
MSE: 31.928147535859466
MAE: 4.314948649870025
EVS: -1.4471708460938166
