Model: GRU
MSE: 18.178157760764325
MAE: 2.868264189472905
EVS: -0.16309878800536382
