Model: GRU
MSE: 23.1282071277328
MAE: 3.425431896139074
EVS: -0.6394971571525114
