Model: GRU
MSE: 316.3067195843492
MAE: 17.36749917489511
EVS: -0.040991288567179485
