Model: GRU
MSE: 635.241541105677
MAE: 24.931194376062464
EVS: 0.029908813325620343
