Model: GRU
MSE: 30.460165758393284
MAE: 4.8269026191146285
EVS: -1.4551308652191537
