Model: GRU
MSE: 30.838287915942868
MAE: 4.195369658646761
EVS: -1.1865615093633868
