Model: GRU
MSE: 31.22548145001713
MAE: 4.0238763049796775
EVS: -1.454176907156293
