Model: GRU
MSE: 29.50765580547194
MAE: 4.317566390390749
EVS: -1.6719230166978742
