Model: GRU
MSE: 25.284589491368408
MAE: 3.947278040426749
EVS: -0.7515748837546403
