Model: GRU
MSE: 30.356963694699328
MAE: 4.177106892621076
EVS: -1.1289802258715094
