Model: GRU
MSE: 22.744028797329104
MAE: 3.5460412060772932
EVS: -0.4992251596841435
