Model: GRU
MSE: 31.128371940917052
MAE: 4.194300975118365
EVS: -1.4937665092326307
