Model: GRU
MSE: 30.93784596062659
MAE: 3.919052752000945
EVS: -1.6988849652698517
