Model: GRU
MSE: 18.729880961933684
MAE: 3.0727090305752225
EVS: -0.3284692135936531
