Model: GRU
MSE: 22.370192982451314
MAE: 3.5848976064611366
EVS: -0.5463154406598703
