Model: GRU
MSE: 22.799757803888514
MAE: 3.2455473475986056
EVS: -0.4840737889825548
