Model: GRU
MSE: 21.01815484660777
MAE: 3.1016897316332215
EVS: -0.40351930019703475
