Model: GRU
MSE: 27.53429506310431
MAE: 3.752588740101567
EVS: -1.0940955907956789
