Model: GRU
MSE: 21.93815551054724
MAE: 3.1815149739936546
EVS: -0.4551660593698359
