Model: GRU
MSE: 29.766583855232998
MAE: 4.195865657594469
EVS: -1.7235394525093155
