Model: GRU
MSE: 18.54747857664676
MAE: 3.3056100297857216
EVS: -0.2604755953586153
