Model: GRU
MSE: 21.565568121236534
MAE: 3.264209396309323
EVS: -0.4521421241090935
