Model: GRU
MSE: 37.1184728532228
MAE: 4.9017461714921176
EVS: -2.028762958857649
