Model: GRU
MSE: 21.168784625029406
MAE: 3.0660282329276756
EVS: -0.5008429677512396
