Model: GRU
MSE: 23.423600149071042
MAE: 3.154971546596951
EVS: -0.5074369463947717
