Model: GRU
MSE: 30.659924173348774
MAE: 4.058349812472308
EVS: -1.812254107684102
