Model: GRU
MSE: 25.86607971580207
MAE: 3.6663535789207176
EVS: -0.530514443252937
