Model: GRU
MSE: 25.230192818048746
MAE: 3.804232632672345
EVS: -0.7738667603442839
