Model: GRU
MSE: 28.429457541619545
MAE: 4.017480867880362
EVS: -0.979594742276797
