Model: GRU
MSE: 22.85704208608698
MAE: 3.671674622429742
EVS: -0.5239181927105858
