Model: GRU
MSE: 16.574936021641335
MAE: 2.8230777669835976
EVS: -0.15655008764376932
