Model: GRU
MSE: 482.7756243157439
MAE: 21.61958807486075
EVS: -0.09009798504002653
