Model: GRU
MSE: 30.004825274333946
MAE: 3.9475279914008246
EVS: -1.6849013110231663
