Model: GRU
MSE: 35.33640613711059
MAE: 4.530678150830446
EVS: -1.7630375571743957
