Model: GRU
MSE: 18.900054626536434
MAE: 3.4229242271847196
EVS: -0.32790544646125697
