Model: GRU
MSE: 24.685664818841957
MAE: 3.6586626370747886
EVS: -0.6947734982619331
