Model: GRU
MSE: 24.969808763401108
MAE: 3.3232207651491517
EVS: -0.7365220379017021
