Model: GRU
MSE: 27.25917403633123
MAE: 3.964740029087773
EVS: -1.4983786018005074
