Model: GRU
MSE: 29.46943512526569
MAE: 4.16907314017967
EVS: -0.8590093263100651
