Model: GRU
MSE: 32277.808874312756
MAE: 179.6299223723235
EVS: 0.0
