Model: GRU
MSE: 27.127233976113025
MAE: 3.886834842187387
EVS: -0.8748216844600878
