Model: GRU
MSE: 26.444975430487307
MAE: 3.769950018988715
EVS: -1.419268444064584
