Model: GRU
MSE: 22.575445613228613
MAE: 3.1765194557331227
EVS: -0.5020861008304187
