Model: GRU
MSE: 31.707676375556485
MAE: 3.9446077048778534
EVS: -1.6225546672126638
