Model: GRU
MSE: 25.11273375954636
MAE: 3.434482468499078
EVS: -0.6187655507089085
