Model: GRU
MSE: 19.6632105727023
MAE: 2.8404075569576688
EVS: -0.3718631693650565
