Model: GRU
MSE: 31.96153568489504
MAE: 3.9821662373012967
EVS: -1.8280179629514275
