Model: GRU
MSE: 30.510553388371747
MAE: 4.948519181322168
EVS: -0.5920178762676989
