Model: GRU
MSE: 94.71365732485704
MAE: 8.97995694478353
EVS: 0.001754397399314489
