Model: GRU
MSE: 32.533637323769184
MAE: 4.155030111471812
EVS: -1.9505628812968796
