Model: GRU
MSE: 24.70885645152203
MAE: 3.5261945812790483
EVS: -0.7184773375418221
