Model: GRU
MSE: 24.987761159433813
MAE: 3.668738153245714
EVS: -0.7390974435081972
