Model: GRU
MSE: 25.143898742894493
MAE: 3.514066775639852
EVS: -0.6942698546498594
