Model: GRU
MSE: 37.07069381689645
MAE: 4.413885293183504
EVS: -1.9765132593403623
