Model: GRU
MSE: 20.80433578433844
MAE: 3.136577919677452
EVS: -0.3227020209935023
