Model: GRU
MSE: 27.79533406734391
MAE: 3.8058998584747314
EVS: -0.9709955593557851
