Model: GRU
MSE: 26.62406956339616
MAE: 3.5071355325204356
EVS: -0.8863319721648799
