Model: GRU
MSE: 29.116197149214276
MAE: 3.747580655983516
EVS: -1.5314728911247757
