Model: GRU
MSE: 21.867271983884173
MAE: 3.0736315515306263
EVS: -0.43455740759344597
