Model: GRU
MSE: 581.3489948232994
MAE: 23.79171703479908
EVS: -0.08542804212557442
