Model: GRU
MSE: 20.951944436477234
MAE: 3.058495706982083
EVS: -0.3690584196975779
