Model: sequential_28
MSE: 1.0777134951822518
MAE: 1.0381298065185547
EVS: 1.0
