Model: sequential_28
MSE: 0.07831089985006656
MAE: 0.1914068063100179
EVS: 0.686782887097479
