Model: GRU
MSE: 17.429534559345466
MAE: 3.5864278652049877
EVS: 0.5999024022122225
