Model: GRU
MSE: 28.97639042354952
MAE: 4.854901419745551
EVS: 0.30259390181095724
