Model: GRU
MSE: 699.6833267758833
MAE: 25.683026419745552
EVS: -0.3510840701837472
