Model: GRU
MSE: 12.312446555709535
MAE: 2.8248533849362976
EVS: 0.6190496895362827
