Model: GRU
MSE: 23.078015006911368
MAE: 3.7884021688390663
EVS: 0.40547095369564246
