Model: GRU
MSE: 14.184620508695893
MAE: 3.00429340645119
EVS: 0.575173397682835
