Model: GRU
MSE: 15.56460908746284
MAE: 3.3568049890023692
EVS: 0.5324506326558349
