Model: GRU
MSE: 17.63686848284031
MAE: 3.83769741764775
EVS: 0.4962517619924498
