Model: GRU
MSE: 5078.259639785979
MAE: 71.04006336353443
EVS: -0.0645678619360146
