Model: GRU
MSE: 28.045223173320327
MAE: 4.446149084303114
EVS: 0.35465601756943754
