Model: GRU
MSE: 23.321926499104435
MAE: 4.061446913966426
EVS: 0.41101804308164225
