Model: GRU
MSE: 24.535850385833815
MAE: 4.101470205518934
EVS: 0.43836955154057333
