Model: GRU
MSE: 30.91304704300985
MAE: 4.6831799083285865
EVS: 0.4168830822244014
