Model: GRU
MSE: 29.65425705353214
MAE: 4.591888569019459
EVS: 0.2904132500984641
