Model: GRU
MSE: 34.975141773656276
MAE: 5.075703373661748
EVS: 0.1655010020804174
