Model: GRU
MSE: 16.060178014454163
MAE: 3.5957174830966525
EVS: 0.48782859800986444
