Model: GRU
MSE: 24.4641683872686
MAE: 4.177546094965051
EVS: 0.5717579843519847
