Model: GRU
MSE: 38.260338079538144
MAE: 5.2112930615743
EVS: 0.11615580325150876
