Model: GRU
MSE: 17.937319226438703
MAE: 3.640404224395752
EVS: 0.5521583841380546
