Model: GRU
MSE: 8689.4688461423
MAE: 93.01474479392722
EVS: -0.2721956128616889
