Model: GRU
MSE: 29.71880115198187
MAE: 4.894521960505733
EVS: 0.20113155081455814
