Model: GRU
MSE: 14.848554470780412
MAE: 3.375999406532005
EVS: 0.5219667940528412
