Model: GRU
MSE: 26.780838471063355
MAE: 4.189781807087086
EVS: 0.32564148401628445
