Model: GRU
MSE: 16.618047655444233
MAE: 3.6709445317586265
EVS: 0.5088929608657873
