Model: GRU
MSE: 25.787777408604708
MAE: 4.528606750346996
EVS: 0.30030081276747067
