Model: GRU
MSE: 17.545324426412822
MAE: 3.5796781999093517
EVS: 0.5817427958717584
