Model: GRU
MSE: 24.513252847859317
MAE: 4.224225785997179
EVS: 0.43235079979120716
