Model: GRU
MSE: 15.227116120619046
MAE: 3.4039874606662326
EVS: 0.5768170771963939
