Model: GRU
MSE: 22.253468717855185
MAE: 4.046251879798041
EVS: 0.38994841456428153
