Model: GRU
MSE: 25.54801532553001
MAE: 4.036168434001781
EVS: 0.38433951540340294
