Model: GRU
MSE: 17.09434403768082
MAE: 3.7635147483260543
EVS: 0.4990021702834543
