Model: GRU
MSE: 15.52255172314608
MAE: 3.584390887507686
EVS: 0.5296999568811446
