Model: GRU
MSE: 15.493984182187061
MAE: 3.362371833236129
EVS: 0.5996019213220318
