Model: GRU
MSE: 23.952353483757204
MAE: 4.082752492692736
EVS: 0.3272310181703735
