Model: GRU
MSE: 31.356661389705845
MAE: 4.999177597187184
EVS: 0.15095794271047103
