Model: GRU
MSE: 21.00596619419927
MAE: 3.8659512201944985
EVS: 0.4566087420682422
