Model: GRU
MSE: 13.633070348823207
MAE: 3.066922982533773
EVS: 0.642239913450908
