Model: GRU
MSE: 34.66876994116515
MAE: 4.7655543486277265
EVS: 0.24354212772326322
