Model: GRU
MSE: 14.002735483806974
MAE: 3.123547324427852
EVS: 0.56143016046807
