Model: GRU
MSE: 25.4067621012182
MAE: 4.506424497675012
EVS: 0.3035326362091786
