Model: GRU
MSE: 20.298993480927273
MAE: 4.085693147447374
EVS: 0.3292197195801563
