Model: GRU
MSE: 23.47797373918505
MAE: 4.376855991504811
EVS: 0.36652299925440035
