Model: GRU
MSE: 15.267158082677405
MAE: 3.3159784034446433
EVS: 0.6498759374155201
