Model: GRU
MSE: 17.23623963133373
MAE: 3.711483090012162
EVS: 0.5255809193626568
