Model: GRU
MSE: 12.870294656642491
MAE: 2.8808488492612487
EVS: 0.6673888518735258
