Model: GRU
MSE: 27.934312331095455
MAE: 4.083348150606509
EVS: 0.4392957088668479
