Model: GRU
MSE: 14.611367248260784
MAE: 3.2295466882211192
EVS: 0.6072642085910461
