Model: GRU
MSE: 14.201487002654874
MAE: 3.3405121520713523
EVS: 0.5659374435748135
