Model: GRU
MSE: 19.85239204595212
MAE: 3.9633588437680847
EVS: 0.5049130961723683
