Model: GRU
MSE: 40.85209252980711
MAE: 5.397201608728479
EVS: 0.22738535448642516
