Model: GRU
MSE: 16.320997564376487
MAE: 3.594168027242025
EVS: 0.5432287638345353
