Model: GRU
MSE: 33.50027115573745
MAE: 4.888474623362224
EVS: 0.26771538177611043
