Model: GRU
MSE: 20.78326616748341
MAE: 3.7017841692324036
EVS: 0.5440394536081721
