Model: GRU
MSE: 12.727160049324723
MAE: 3.0987072344179505
EVS: 0.590448703153003
