Model: GRU
MSE: 20.044417873581956
MAE: 3.9705173351146557
EVS: 0.47777103248975905
