Model: GRU
MSE: 13.772405032424743
MAE: 3.3184722971033165
EVS: 0.5896739926860012
