Model: GRU
MSE: 15.37288648526152
MAE: 3.3690648785343877
EVS: 0.5930100647067338
