Model: GRU
MSE: 41.9115779354106
MAE: 5.232074931815818
EVS: 0.1491519132728859
