Model: GRU
MSE: 20.95839470094424
MAE: 3.9157769591720015
EVS: 0.6073373397051023
