Model: GRU
MSE: 16.705906713599468
MAE: 3.3863424725002713
EVS: 0.6461443232151749
