Model: GRU
MSE: 27.507204810348565
MAE: 4.580391283388491
EVS: 0.28232259360339107
