Model: GRU
MSE: 12.770906144811745
MAE: 3.220231197498463
EVS: 0.5703798017639214
