Model: GRU
MSE: 14.193595155751213
MAE: 3.381841571242721
EVS: 0.5484868144332149
