Model: GRU
MSE: 14.825550069351898
MAE: 3.152176132908574
EVS: 0.6004131299051347
