Model: GRU
MSE: 24.80729259184029
MAE: 4.111329449547662
EVS: 0.33219460663864575
