Model: GRU
MSE: 25.77239370344235
MAE: 4.107790664390281
EVS: 0.37230687662536055
