Model: GRU
MSE: 27.2769614069568
MAE: 4.572054262514468
EVS: 0.10991975997895242
