Model: GRU
MSE: 18.70381297128068
MAE: 3.7354117499457464
EVS: 0.5641898904338174
