Model: GRU
MSE: 602.8981326051619
MAE: 23.697711767973722
EVS: -0.39327383636275237
