Model: GRU
MSE: 13.434353949284631
MAE: 3.018973191579183
EVS: 0.6529249583566223
