Model: GRU
MSE: 30.80420749748673
MAE: 4.714660759325381
EVS: 0.2592895884457951
