Model: GRU
MSE: 17.074052896646055
MAE: 3.321571950559263
EVS: 0.6397532221131315
