Model: GRU
MSE: 19.24279126712838
MAE: 3.8074069023132324
EVS: 0.5368229374719946
