Model: GRU
MSE: 17.18701528571884
MAE: 3.5990312894185386
EVS: 0.6211796315922213
