Model: GRU
MSE: 12.814655929216483
MAE: 3.146147127504702
EVS: 0.5679701683492033
