Model: GRU
MSE: 46.295329376092056
MAE: 5.673894970505326
EVS: 0.34371025458762827
