Model: GRU
MSE: 23.052518649478348
MAE: 4.115163803100586
EVS: 0.5715801881318527
