Model: GRU
MSE: 12.942534259345141
MAE: 3.087476624382867
EVS: 0.6043719258910081
