Model: GRU
MSE: 14.869701019971865
MAE: 3.4187826403865107
EVS: 0.5111165301106765
