Model: GRU
MSE: 32.99714143782436
MAE: 4.669642210006714
EVS: 0.13953644347594996
