Model: GRU
MSE: 18.337366285794527
MAE: 3.8693372938368054
EVS: 0.44814071075009976
