Model: GRU
MSE: 17.08936622654944
MAE: 3.480245766816316
EVS: 0.5137124259315153
