Model: GRU
MSE: 24.361530655310112
MAE: 4.295244464167842
EVS: 0.4261837498291431
