Model: GRU
MSE: 12.631824068980011
MAE: 3.1332154980412237
EVS: 0.5997285736147981
