Model: GRU
MSE: 14.324978765880925
MAE: 3.3533492264924227
EVS: 0.5394664171545526
