Model: GRU
MSE: 19.840333273695595
MAE: 4.013563915535256
EVS: 0.46174277569502675
