Model: GRU
MSE: 26.494100004278792
MAE: 4.272498201440881
EVS: 0.25540814585073357
