Model: GRU
MSE: 16.676797976299525
MAE: 3.633239498844853
EVS: 0.5076025477574924
