Model: GRU
MSE: 36.314929120187344
MAE: 5.0570747057596845
EVS: 0.2503764148777151
