Model: GRU
MSE: 24.59832443003497
MAE: 4.196307517864086
EVS: 0.33212574493113256
