Model: GRU
MSE: 14.852828503568684
MAE: 3.4484129305239075
EVS: 0.4998255619366324
