Model: GRU
MSE: 18.906245005880876
MAE: 3.7588840590582953
EVS: 0.49212384181813706
