Model: GRU
MSE: 19.633590772229976
MAE: 3.6472906713132507
EVS: 0.5679200711831345
