Model: GRU
MSE: 327.6774830634617
MAE: 16.951454162597656
EVS: -0.17511659649348887
