Model: GRU
MSE: 17.31246587089498
MAE: 3.4654067710593894
EVS: 0.6224424264205255
