Model: GRU
MSE: 15.16534251763844
MAE: 3.331935988532172
EVS: 0.5660364168663035
