Model: GRU
MSE: 14.825099544591543
MAE: 3.4807043605380588
EVS: 0.5563519879085742
