Model: GRU
MSE: 9929.8174435673
MAE: 99.49956342909071
EVS: -2.220446049250313e-16
