Model: GRU
MSE: 17.627817073156166
MAE: 3.455084306222421
EVS: 0.6239142967086049
