Model: GRU
MSE: 18.218200121616512
MAE: 3.3295179826241954
EVS: 0.5411640326506523
