Model: GRU
MSE: 18.38827152908141
MAE: 3.589134198647958
EVS: 0.6371153311325349
