Model: GRU
MSE: 25.72269841659382
MAE: 4.175515736852374
EVS: 0.3930408986852536
