Model: GRU
MSE: 16.677886067839516
MAE: 3.6022037400139704
EVS: 0.5254603763382398
