Model: GRU
MSE: 20.630495119190375
MAE: 3.5656762299714266
EVS: 0.42475962026878333
