Model: GRU
MSE: 15.186655370605179
MAE: 3.425352926607485
EVS: 0.5145289922112655
