Model: GRU
MSE: 16.748494775393056
MAE: 3.7342734336853027
EVS: 0.4877491472785287
