Model: GRU
MSE: 24.295808761452715
MAE: 4.099953828034578
EVS: 0.6100349016769306
