Model: GRU
MSE: 107.82656987939609
MAE: 8.817738789099234
EVS: -0.014154144319518336
