Model: GRU
MSE: 14.365475730257307
MAE: 3.408717649954337
EVS: 0.5349865532019471
