Model: GRU
MSE: 13.049206026146564
MAE: 3.10865811948423
EVS: 0.5604904097717434
