Model: GRU
MSE: 18.27503763666979
MAE: 3.4896527043095342
EVS: 0.5731813733669822
