Model: GRU
MSE: 22.49247716514288
MAE: 4.1265276096485275
EVS: 0.4798732865405019
