Model: GRU
MSE: 15.90777851941917
MAE: 3.5433704058329263
EVS: 0.5431700895313867
