Model: GRU
MSE: 21.168905135470922
MAE: 4.114538740228723
EVS: 0.4170258639730159
