Model: GRU
MSE: 24.979291052722584
MAE: 4.182510693868001
EVS: 0.4451088440854266
