Model: GRU
MSE: 14.272507468840626
MAE: 3.3541025585598416
EVS: 0.5567733514443336
