Model: GRU
MSE: 12.207867241927504
MAE: 2.8550552438806602
EVS: 0.6107034043503481
