Model: GRU
MSE: 14.067845679275917
MAE: 3.322252467826561
EVS: 0.5514818774091639
