Model: GRU
MSE: 29.755589784958246
MAE: 4.64562212979352
EVS: 0.27259047165975936
