Model: GRU
MSE: 14.259115145102804
MAE: 3.369657286891231
EVS: 0.5638205846053708
