Model: GRU
MSE: 16.819021457263034
MAE: 3.6331516371832953
EVS: 0.5526915213550763
