Model: GRU
MSE: 17.89968759400672
MAE: 3.814234239083749
EVS: 0.4517874759889542
