Model: GRU
MSE: 22.61920581811519
MAE: 3.8076275719536676
EVS: 0.3958304630770805
