Model: GRU
MSE: 44.31436415301547
MAE: 5.74748780992296
EVS: -0.031336729841654254
