Model: GRU
MSE: 15.961245787483753
MAE: 3.3917851094846374
EVS: 0.5469480323350705
