Model: GRU
MSE: 27.79239623895409
MAE: 4.163652225776955
EVS: 0.3465374838065687
