Model: GRU
MSE: 28.25051325285847
MAE: 4.364462446283411
EVS: 0.49369921340468526
