Model: GRU
MSE: 23.58031826077698
MAE: 3.874541247332538
EVS: 0.5192605551826848
