Model: GRU
MSE: 26.662094789858088
MAE: 4.049673557281494
EVS: 0.3343135888611354
