Model: GRU
MSE: 23.675363133692986
MAE: 4.268827703264025
EVS: 0.4398521201816984
