Model: GRU
MSE: 57533.63073471509
MAE: 239.79986741807727
EVS: -4.440892098500626e-16
