Model: GRU
MSE: 28.277367902644183
MAE: 4.595684563672101
EVS: 0.36038433784931956
