Model: GRU
MSE: 24.679962616750824
MAE: 4.247583300979049
EVS: 0.5686138839561043
