Model: GRU
MSE: 30.446404360995434
MAE: 4.6106443745749335
EVS: 0.11305863458037357
