Model: GRU
MSE: 31.910221441214528
MAE: 4.608742901257107
EVS: 0.28216183451321974
