Model: GRU
MSE: 17.85918160547262
MAE: 3.4177628799721047
EVS: 0.6168848290220441
