Model: GRU
MSE: 30.34804522481034
MAE: 4.620048469967312
EVS: 0.2545533800286647
