Model: GRU
MSE: 18.164045852952626
MAE: 3.7763219586125127
EVS: 0.42508878292631624
