Model: GRU
MSE: 13.880720471469498
MAE: 3.343953839054814
EVS: 0.5464626632347551
