Model: GRU
MSE: 20.72923143078969
MAE: 3.644570721520318
EVS: 0.44624491514993836
