Model: GRU
MSE: 20.53993123720865
MAE: 3.98171725096526
EVS: 0.32082601107725417
