Model: GRU
MSE: 20.07306900738199
MAE: 4.057498702296504
EVS: 0.4193225847778502
