Model: GRU
MSE: 20.90720446537441
MAE: 3.89072667227851
EVS: 0.5313250112434447
