Model: GRU
MSE: 16.05570448087362
MAE: 3.588563406908954
EVS: 0.5059072438725798
