Model: GRU
MSE: 12.10419345607035
MAE: 3.017858717176649
EVS: 0.6258852475832253
