Model: GRU
MSE: 18.58650021322426
MAE: 3.6408659087287054
EVS: 0.4893162827574885
