Model: GRU
MSE: 20.9181848422015
MAE: 4.088877571953668
EVS: 0.4526281732583204
