Model: GRU
MSE: 24.794826543332174
MAE: 3.9420148645128523
EVS: 0.32835530672776947
