Model: GRU
MSE: 29.506043339532383
MAE: 4.6191872314170555
EVS: 0.25427995157893135
