Model: GRU
MSE: 24.044395125983776
MAE: 4.135429488288032
EVS: 0.5458965138631136
