Model: GRU
MSE: 13.717611769476477
MAE: 3.353964028535066
EVS: 0.5629974044132893
