Model: GRU
MSE: 16.581759909852643
MAE: 3.3284672101338706
EVS: 0.6113899920859447
