Model: GRU
MSE: 22.106728661648393
MAE: 4.0461667908562555
EVS: 0.5495854636414936
