Model: GRU
MSE: 921.742360800085
MAE: 29.618952362625688
EVS: -0.24957035426377905
