Model: GRU
MSE: 30.60454356862368
MAE: 4.783446435575132
EVS: 0.23412121619714021
