Model: GRU
MSE: 13.471187275462777
MAE: 3.265470345815023
EVS: 0.5722304434029055
