Model: GRU
MSE: 25.61047871644132
MAE: 4.2903036188196255
EVS: 0.28408847605034815
