Model: GRU
MSE: 583.1863513809252
MAE: 23.432948854234482
EVS: -0.14935221042308044
