Model: GRU
MSE: 19.46219255747242
MAE: 3.9171337728147155
EVS: 0.38561488921304876
