Model: GRU
MSE: 23.38423926398006
MAE: 4.203592159129955
EVS: 0.3525945398634389
