Model: GRU
MSE: 34.81050930682177
MAE: 4.97865613301595
EVS: 0.10772823157002465
