Model: GRU
MSE: 12.985548628624244
MAE: 3.2298485967848034
EVS: 0.5629556616547893
