Model: GRU
MSE: 2200.8502895464426
MAE: 46.5960939195421
EVS: -2.220446049250313e-16
