Model: GRU
MSE: 12.147813134424378
MAE: 3.1207649266278303
EVS: 0.6123650486109695
