Model: GRU
MSE: 22.047035456476276
MAE: 3.905837924392135
EVS: 0.3881330098725345
