Model: GRU
MSE: 14.665698715609459
MAE: 3.3547237890738026
EVS: 0.5363939829392156
