Model: GRU
MSE: 18.01363410530892
MAE: 3.470489078097873
EVS: 0.5394059350419486
