Model: GRU
MSE: 18.068995953329157
MAE: 3.7439739969041614
EVS: 0.4395825802509129
