Model: GRU
MSE: 23.008112366486877
MAE: 4.3118205070495605
EVS: 0.2968009560330065
