Model: GRU
MSE: 16.00236569360895
MAE: 3.2330334981282554
EVS: 0.6080153297138454
