Model: GRU
MSE: 16.75483560609478
MAE: 3.6886398880570024
EVS: 0.44299574534015007
