Model: GRU
MSE: 13.747216838370015
MAE: 3.3202655580308704
EVS: 0.5684664217614546
