Model: GRU
MSE: 18.65227364818434
MAE: 3.6165265330561884
EVS: 0.5211098205698244
