Model: GRU
MSE: 15.444876857274469
MAE: 3.522515332257306
EVS: 0.5327158523295182
