Model: GRU
MSE: 15.51019367922365
MAE: 3.510361318235044
EVS: 0.5278573337688506
