Model: GRU
MSE: 14.26244343486466
MAE: 3.311663521660699
EVS: 0.5815423195113296
