Model: GRU
MSE: 15.947667401561434
MAE: 3.4362762415850603
EVS: 0.595524618819199
