Model: GRU
MSE: 15.419597127650798
MAE: 3.5512270044397423
EVS: 0.5123478162912456
