Model: GRU
MSE: 12.524533522682288
MAE: 3.0709624113859952
EVS: 0.6206966370540667
