Model: GRU
MSE: 16.649299929772262
MAE: 3.3650132285224066
EVS: 0.5305373761292572
