Model: GRU
MSE: 24.92491549993119
MAE: 4.213125476130733
EVS: 0.3196820905883243
