Model: GRU
MSE: 17.327885300798243
MAE: 3.268721686469184
EVS: 0.5964686325419801
