Model: GRU
MSE: 26.401234477385547
MAE: 4.103328033729836
EVS: 0.3611059244847118
