Model: GRU
MSE: 30.010988562029777
MAE: 4.6806610482079645
EVS: 0.20420751589959263
