Model: GRU
MSE: 18.310762489298256
MAE: 3.5968625987017595
EVS: 0.6043943640927959
