Model: GRU
MSE: 13.164215022621791
MAE: 3.0939988206934044
EVS: 0.6085804828495041
