Model: GRU
MSE: 19.50492543893048
MAE: 3.936401473151313
EVS: 0.3571758973484471
