Model: GRU
MSE: 12.80510317178276
MAE: 3.015451572559498
EVS: 0.5585565426282175
