Model: GRU
MSE: 25.423902694216615
MAE: 4.017337304574472
EVS: 0.32165274559931667
