Model: GRU
MSE: 19.228016408146324
MAE: 4.026730519753915
EVS: 0.40622265773855337
