Model: GRU
MSE: 26.673208772927964
MAE: 4.353292747780129
EVS: 0.27487167365040577
