Model: GRU
MSE: 16.606995214162847
MAE: 3.380634890662299
EVS: 0.5556998684520452
