Model: GRU
MSE: 27.57237519571104
MAE: 4.583171632554796
EVS: 0.14799415829558138
