Model: GRU
MSE: 28.162879102231113
MAE: 4.570461502781621
EVS: 0.23047424210461742
