Model: GRU
MSE: 34.02689390093213
MAE: 4.904718893545645
EVS: 0.39306159565947385
