Model: GRU
MSE: 23.416871915426494
MAE: 3.871956083509657
EVS: 0.3912089256478104
