Model: GRU
MSE: 14.277548645829963
MAE: 3.3028690373456038
EVS: 0.540096102913857
