Model: GRU
MSE: 11.792321587457705
MAE: 2.9323351118299694
EVS: 0.6638767456242851
