Model: GRU
MSE: 2714.166630645439
MAE: 51.531510247124565
EVS: -0.9784665553583316
