Model: GRU
MSE: 24.67249949492178
MAE: 3.9264015798215515
EVS: 0.3198277461555342
