Model: GRU
MSE: 17.582423695183774
MAE: 3.5250024972138583
EVS: 0.5979141378413413
