Model: GRU
MSE: 1536.2141807843798
MAE: 38.535880194769966
EVS: -0.43900402161553465
