Model: GRU
MSE: 17.38041818069716
MAE: 3.6187339182253235
EVS: 0.5799265838451869
