Model: GRU
MSE: 21.11281983080881
MAE: 3.9273332489861383
EVS: 0.4900479856977773
