Model: GRU
MSE: 16.797349789842194
MAE: 3.462005509270562
EVS: 0.629408600971822
