Model: GRU
MSE: 46.46926711890745
MAE: 5.480545467800564
EVS: 0.028598998869299397
