Model: GRU
MSE: 17.32805944205493
MAE: 3.6012112122994884
EVS: 0.5316352856196045
