Model: GRU
MSE: 20.258440322919643
MAE: 3.7474713502106844
EVS: 0.5497104490983027
