Model: GRU
MSE: 14.61449168303539
MAE: 3.241521058259187
EVS: 0.6143280618458993
