Model: GRU
MSE: 15.27198168280144
MAE: 3.263598565702085
EVS: 0.5825609073612537
