Model: GRU
MSE: 11.30421397549568
MAE: 2.9190000604700157
EVS: 0.6437333051495262
