Model: GRU
MSE: 25.42436784762815
MAE: 4.175128512912327
EVS: 0.37715160319654784
