Model: GRU
MSE: 27.472410688981434
MAE: 4.570777327926071
EVS: 0.27943284823980885
