Model: GRU
MSE: 16.34425273674263
MAE: 3.3466154204474554
EVS: 0.6101041420814136
