Model: GRU
MSE: 25.358008201263406
MAE: 4.176464416362621
EVS: 0.31428442609547536
