Model: GRU
MSE: 18.842580833611255
MAE: 3.7273945455197937
EVS: 0.40366243058037554
