Model: GRU
MSE: 16.974683715850503
MAE: 3.677234314106129
EVS: 0.46215619471479763
