Model: GRU
MSE: 19.01465628072012
MAE: 3.951511771590621
EVS: 0.38153865429601796
