Model: GRU
MSE: 17.62673917613769
MAE: 3.6878231013262712
EVS: 0.5157187544065394
