Model: GRU
MSE: 20.528332204280726
MAE: 3.895814471774631
EVS: 0.571560057227614
