Model: GRU
MSE: 15.379442612447857
MAE: 3.538229818697329
EVS: 0.5321567537244298
