Model: GRU
MSE: 32.260822372306336
MAE: 4.9121250753049495
EVS: 0.31030443300002986
