Model: GRU
MSE: 583.623454829415
MAE: 23.481500131112558
EVS: -0.0872818984929411
