Model: GRU
MSE: 16.677063995397937
MAE: 3.4786679833023637
EVS: 0.5818714443418826
