Model: GRU
MSE: 24.222163365937014
MAE: 3.912664501755326
EVS: 0.3196672748476921
