Model: GRU
MSE: 23.95307564782442
MAE: 4.135285059611003
EVS: 0.33761734254891906
