Model: GRU
MSE: 20.2372804996017
MAE: 3.851897539915862
EVS: 0.4762413262974249
