Model: GRU
MSE: 14.219768821216803
MAE: 3.308868090311686
EVS: 0.5445266548241647
