Model: GRU
MSE: 16.22355024948493
MAE: 3.5071960025363498
EVS: 0.529022223684031
