Model: GRU
MSE: 20.33432063546779
MAE: 3.79042946850812
EVS: 0.5960713044563417
