Model: GRU
MSE: 13.352581282560081
MAE: 3.146105686823527
EVS: 0.6018702310171253
