Model: GRU
MSE: 13.83122733101785
MAE: 3.36927776866489
EVS: 0.540547231923549
