Model: GRU
MSE: 18.26784153858867
MAE: 3.8374200926886664
EVS: 0.5208212241947249
