Model: GRU
MSE: 13.584451241044588
MAE: 3.2394806014166937
EVS: 0.5911095574851657
