Model: GRU
MSE: 13.445652175743009
MAE: 3.230267630683051
EVS: 0.5661944528473979
