Model: GRU
MSE: 14.191638810752204
MAE: 2.970272187833433
EVS: 0.6542769046722812
