Model: GRU
MSE: 16.253645685831813
MAE: 3.5741630836769387
EVS: 0.45525097694332506
