Model: GRU
MSE: 16.547406021332016
MAE: 3.6718804041544595
EVS: 0.48259757303725703
