Model: GRU
MSE: 14.31735846813275
MAE: 3.2548954398543746
EVS: 0.519404894198789
