Model: GRU
MSE: 23.346968337623668
MAE: 3.908835693641945
EVS: 0.40073987666098454
