Model: GRU
MSE: 12.67987434346991
MAE: 2.9939839045206704
EVS: 0.6085636516118766
