Model: GRU
MSE: 15.070616832851893
MAE: 3.24454402923584
EVS: 0.5111857676187932
