Model: GRU
MSE: 19.819100957800597
MAE: 3.797361391562003
EVS: 0.5796267581472868
