Model: GRU
MSE: 13.173832603791434
MAE: 3.0494505211159035
EVS: 0.5928770056362433
