Model: GRU
MSE: 23.023190898147647
MAE: 4.299658634044506
EVS: 0.4764556236197842
