Model: GRU
MSE: 26.970965761168895
MAE: 4.355275366041395
EVS: 0.38794350470192884
