Model: GRU
MSE: 24.42601511858102
MAE: 4.198545420611346
EVS: 0.31914487000023706
