Model: GRU
MSE: 20.824296433045305
MAE: 3.98951459814001
EVS: 0.38638973953329303
