Model: GRU
MSE: 14.565410352671632
MAE: 3.4718686562997325
EVS: 0.5162470691477528
