Model: GRU
MSE: 16.16908522570377
MAE: 3.526646543432165
EVS: 0.5257574251181913
