Model: GRU
MSE: 12.286616809355312
MAE: 2.9310785929361978
EVS: 0.614061901341401
