Model: GRU
MSE: 17.20569691106532
MAE: 3.5016213523017035
EVS: 0.6044295339725816
