Model: GRU
MSE: 22.509855555013118
MAE: 3.9721958019115307
EVS: 0.49891444878570135
