Model: GRU
MSE: 13.246468217028012
MAE: 3.1482926827889903
EVS: 0.5843189639826879
