Model: GRU
MSE: 23.791858270821674
MAE: 4.262572518101445
EVS: 0.3563934575842861
