Model: GRU
MSE: 12.95241157175601
MAE: 3.0182235505845814
EVS: 0.6411835198413713
