Model: GRU
MSE: 14.013423219259007
MAE: 3.3294912532523826
EVS: 0.5588297366362094
