Model: GRU
MSE: 12.047441717004908
MAE: 3.055658940915708
EVS: 0.6104956995935338
