Model: GRU
MSE: 38.85261486312694
MAE: 5.344673492290355
EVS: 0.05840074058204703
