Model: GRU
MSE: 22.4321412058097
MAE: 3.9789388444688587
EVS: 0.5292798771316204
