Model: GRU
MSE: 15.505108619288054
MAE: 3.479723850886027
EVS: 0.5613706491800924
