Model: GRU
MSE: 23.027512613452423
MAE: 3.7541083936338073
EVS: 0.4014775249380814
