Model: GRU
MSE: 19.057314685138667
MAE: 3.9079189123930753
EVS: 0.48761545635146597
