Model: GRU
MSE: 22.912495753151006
MAE: 4.027293328885679
EVS: 0.44541447903829456
