Model: GRU
MSE: 24.04680452149334
MAE: 4.019286244003861
EVS: 0.356502360355224
