Model: GRU
MSE: 29.77625847481912
MAE: 4.68303127642031
EVS: 0.20836577102480236
