Model: GRU
MSE: 28.747869698069945
MAE: 4.385072098837958
EVS: 0.19204512242770033
