Model: GRU
MSE: 32.653778269668265
MAE: 4.957288088621916
EVS: 0.2595981175123748
