Model: GRU
MSE: 9.936116487347793
MAE: 2.52474127875434
EVS: 0.673565589052171
