Model: GRU
MSE: 17.89003447121002
MAE: 3.5817951184731944
EVS: 0.5142319156964439
