Model: GRU
MSE: 30.92115368640021
MAE: 4.677842104876483
EVS: 0.21768666604686793
