Model: GRU
MSE: 23.870809164717162
MAE: 4.081547772442853
EVS: 0.394820222902442
