Model: GRU
MSE: 10.339517404031843
MAE: 2.6682005988226996
EVS: 0.657039364049443
