Model: GRU
MSE: 26.146490689993513
MAE: 4.338341041847512
EVS: 0.3083849458262502
