Model: GRU
MSE: 13.236665662559155
MAE: 3.1259185826336897
EVS: 0.6136379469447582
