Model: GRU
MSE: 21.375584385934737
MAE: 3.698502787837276
EVS: 0.4625660820236216
