Model: GRU
MSE: 25.748540708102425
MAE: 4.255226841679326
EVS: 0.374179673101281
