Model: GRU
MSE: 29.679184951760455
MAE: 4.637566725413005
EVS: 0.20558716544086297
