Model: GRU
MSE: 16.11080277897763
MAE: 3.4615743071944625
EVS: 0.5719278268921714
