Model: GRU
MSE: 21.32739775883923
MAE: 3.8781440169722945
EVS: 0.40355004485305135
