Model: GRU
MSE: 14.237026310812249
MAE: 3.326329990669533
EVS: 0.5796502934701491
