Model: GRU
MSE: 15.657045303627228
MAE: 3.298816769211381
EVS: 0.5866019144966612
