Model: GRU
MSE: 27.872699675553324
MAE: 4.254277123345269
EVS: 0.29102657422636735
