Model: GRU
MSE: 19.147474640876336
MAE: 3.7602162802660906
EVS: 0.3635230023107392
