Model: GRU
MSE: 16.391437515357573
MAE: 3.5354762077331543
EVS: 0.5343032019745044
