Model: GRU
MSE: 19.038046968848565
MAE: 3.882375893769441
EVS: 0.41438391326088786
