Model: GRU
MSE: 31.553882606559952
MAE: 4.549134033697623
EVS: 0.3108366710774094
