Model: GRU
MSE: 19.45329375955302
MAE: 3.8922357382597745
EVS: 0.351050590363864
