Model: GRU
MSE: 16.48355878173258
MAE: 3.5882194660328053
EVS: 0.5398002581343393
