Model: GRU
MSE: 12.893572312451742
MAE: 3.1415547088340476
EVS: 0.5785947548451539
