Model: GRU
MSE: 22.410484222080186
MAE: 4.049646359902841
EVS: 0.35061173923921374
