Model: GRU
MSE: 23.40460102197845
MAE: 4.136803008891918
EVS: 0.46822225570686715
