Model: GRU
MSE: 544.2501094103425
MAE: 22.56820728160717
EVS: -0.17777539129275777
