Model: GRU
MSE: 1920.4801666967546
MAE: 43.33396233452691
EVS: -0.43816731141181675
