Model: GRU
MSE: 27.98818901882502
MAE: 4.369718869527181
EVS: 0.4455633308361139
