Model: GRU
MSE: 20.298704427173544
MAE: 3.792271931966146
EVS: 0.5898632979429165
