Model: GRU
MSE: 13.854682985643885
MAE: 3.3342532758359558
EVS: 0.562745647737459
