Model: GRU
MSE: 14.904628553681867
MAE: 3.4023144863269947
EVS: 0.5732920719872145
