Model: GRU
MSE: 20.016445081418297
MAE: 3.9037638240390353
EVS: 0.5434149071549373
