Model: GRU
MSE: 13.205726839470142
MAE: 3.242136725672969
EVS: 0.5898546041492152
