Model: GRU
MSE: 25.530756026099922
MAE: 4.5084299334773315
EVS: 0.23312667976869894
