Model: GRU
MSE: 24.708741453336863
MAE: 4.322816283614547
EVS: 0.3814300954653995
