Model: GRU
MSE: 13.634321384159353
MAE: 3.1153675185309515
EVS: 0.6050019729061389
