Model: GRU
MSE: 18.539302386415716
MAE: 3.89154702645761
EVS: 0.4714664103567717
