Model: GRU
MSE: 20.750885290405364
MAE: 3.672296082531964
EVS: 0.423132357841303
