Model: GRU
MSE: 24.30748526840509
MAE: 4.170503581011737
EVS: 0.32390690466642613
