Model: GRU
MSE: 25.429829728443277
MAE: 4.250893345585576
EVS: 0.4797033936176772
