Model: GRU
MSE: 25.071814442678548
MAE: 4.206369788558395
EVS: 0.4872031597016039
