Model: GRU
MSE: 16.665840454698305
MAE: 3.5308070006193937
EVS: 0.5614243417710258
