Model: GRU
MSE: 12.635508292214523
MAE: 2.9135475335297762
EVS: 0.6342364093136399
