Model: GRU
MSE: 15.246438468474834
MAE: 3.330250951978895
EVS: 0.5916112628680807
