Model: GRU
MSE: 33.102662819557864
MAE: 4.770747900009155
EVS: 0.1675158752164062
