Model: GRU
MSE: 26.721826678392794
MAE: 4.452331136774133
EVS: 0.2491084403624042
