Model: GRU
MSE: 12.709729867755776
MAE: 3.059029314253065
EVS: 0.6018578279388245
