Model: GRU
MSE: 28.563591282693384
MAE: 4.4432691114920155
EVS: 0.41854794921233873
