Model: GRU
MSE: 15.439366920244867
MAE: 3.253571492654306
EVS: 0.5400450012661251
