Model: GRU
MSE: 14.314929926182897
MAE: 3.3929202998125993
EVS: 0.5474227370446876
