Model: GRU
MSE: 26.11372930571368
MAE: 3.893784999847412
EVS: 0.34946653342173384
