Model: GRU
MSE: 28.302444880511562
MAE: 4.68939373228285
EVS: 0.33915490935700476
