Model: GRU
MSE: 17.733678706572064
MAE: 3.6291306990164296
EVS: 0.5395062768136138
