Model: GRU
MSE: 30.50057082645961
MAE: 4.546291651549162
EVS: 0.3341172424729445
