Model: GRU
MSE: 18.104749279969482
MAE: 3.747799767388238
EVS: 0.5396155104704525
