Model: GRU
MSE: 18.626640702243247
MAE: 3.6702709904423467
EVS: 0.4484186447113243
