Model: GRU
MSE: 18.525942453709057
MAE: 3.7274006737603083
EVS: 0.5480791094076632
