Model: GRU
MSE: 26.716213809341735
MAE: 4.294928162186234
EVS: 0.24978538651441984
