Model: GRU
MSE: 31.327565160360546
MAE: 4.7177563054221014
EVS: 0.08736066677157717
