Model: GRU
MSE: 41.83862730662809
MAE: 5.75287335007279
EVS: 0.02405198852959267
