Model: GRU
MSE: 21.00059156731968
MAE: 3.7180969980027943
EVS: 0.6406855314649966
