Model: GRU
MSE: 915.4383627740235
MAE: 29.66851954989963
EVS: -0.18759456694046528
