Model: GRU
MSE: 23.9275609361449
MAE: 3.7504651811387806
EVS: 0.3449575277379232
