Model: GRU
MSE: 521.3628088334774
MAE: 21.999859633269132
EVS: -0.26015311446484324
