Model: GRU
MSE: 31.388676509664702
MAE: 4.626726768634938
EVS: 0.29581532430230184
