Model: GRU
MSE: 15.867303828521742
MAE: 3.192953180383753
EVS: 0.5505819662536645
