Model: GRU
MSE: 16.425658205713134
MAE: 3.376413680888988
EVS: 0.6031111716799727
