Model: GRU
MSE: 21.27024481023477
MAE: 3.787480018757008
EVS: 0.543230607939582
