Model: GRU
MSE: 15.884714102129708
MAE: 3.352673389293529
EVS: 0.5563112587978618
