Model: GRU
MSE: 22.644193067911903
MAE: 4.154242409600152
EVS: 0.33929613018535554
