Model: GRU
MSE: 24.757183545479688
MAE: 4.187934310347946
EVS: 0.32270990971299296
