Model: GRU
MSE: 14.369334960860257
MAE: 3.493333834188956
EVS: 0.5358944224470386
