Model: GRU
MSE: 21.980629966382455
MAE: 4.182250111191361
EVS: 0.3177384720176498
