Model: GRU
MSE: 15.90794283385205
MAE: 3.548776379338017
EVS: 0.453033566909232
