Model: GRU
MSE: 66.04408195340454
MAE: 6.375199671144839
EVS: -0.576924438078191
