Model: GRU
MSE: 20.46842136527818
MAE: 4.170033931732178
EVS: 0.4014936070516735
