Model: GRU
MSE: 15.818857584995865
MAE: 3.5135015381707086
EVS: 0.5169922642767131
