Model: GRU
MSE: 30.890289700641713
MAE: 4.984916934260616
EVS: 0.31767601615101493
