Model: GRU
MSE: 14.347840781026004
MAE: 3.484172467832212
EVS: 0.5256412006683444
