Model: GRU
MSE: 18.707562408056205
MAE: 3.6410829491085477
EVS: 0.38441704208428373
