Model: GRU
MSE: 15.222913652670277
MAE: 3.466956615447998
EVS: 0.5008984158522094
