Model: GRU
MSE: 18.97742013688214
MAE: 3.551605215779057
EVS: 0.4684572872051488
