Model: GRU
MSE: 25.274495248837006
MAE: 4.224195762916848
EVS: 0.3709105436239257
