Model: GRU
MSE: 13.956288052906597
MAE: 2.8703682510941118
EVS: 0.5902698102921288
