Model: GRU
MSE: 16.251103270634776
MAE: 3.534833696153429
EVS: 0.49886026505588665
