Model: GRU
MSE: 12.292423054908205
MAE: 3.08089252754494
EVS: 0.5883189373711731
