Model: GRU
MSE: 478.1002775667485
MAE: 21.069755412914134
EVS: -0.15213173894448384
