Model: GRU
MSE: 17.411496402835777
MAE: 3.7143232734115035
EVS: 0.45402184980019167
