Model: GRU
MSE: 24.473350603866233
MAE: 4.190704045472322
EVS: 0.47819112281197607
