Model: GRU
MSE: 13.326311539396725
MAE: 3.176245124251754
EVS: 0.591954488647739
