Model: GRU
MSE: 28.667608193402742
MAE: 4.5477737320794
EVS: 0.241202073835587
