Model: GRU
MSE: 21.186627523073394
MAE: 3.76012913386027
EVS: 0.4802861033813932
