Model: GRU
MSE: 24.526148951203208
MAE: 4.118497459976761
EVS: 0.38489635832080593
