Model: GRU
MSE: 22.956517533534594
MAE: 3.7059464278044523
EVS: 0.4282665986135732
