Model: GRU
MSE: 20.15135679943951
MAE: 3.293279047365542
EVS: 0.48386649227673784
