Model: GRU
MSE: 12.500224409098807
MAE: 3.0094273885091147
EVS: 0.636466070716516
