Model: GRU
MSE: 15.417096846133198
MAE: 3.09722430617721
EVS: 0.6520776044520314
