Model: GRU
MSE: 505.84230575143454
MAE: 21.407008559615523
EVS: -0.33732321744571947
