Model: GRU
MSE: 16.531255360395267
MAE: 3.339102038630733
EVS: 0.5804366725345127
