Model: GRU
MSE: 14.689099546700525
MAE: 3.164256219510679
EVS: 0.6340044926446078
