Model: GRU
MSE: 11.200450643256387
MAE: 2.9011757727022522
EVS: 0.6231490859771501
