Model: GRU
MSE: 37.355663700494866
MAE: 5.2731269907068326
EVS: 0.13900923076516059
