Model: GRU
MSE: 21.860184312979495
MAE: 3.9131016201443143
EVS: 0.4187791000501937
