Model: GRU
MSE: 18.103993114935108
MAE: 3.730253820066099
EVS: 0.4195337444060169
