Model: GRU
MSE: 23.524120638995758
MAE: 4.113561312357585
EVS: 0.4673609987037112
