Model: GRU
MSE: 14.685337331287176
MAE: 3.4136959358497903
EVS: 0.5037713492130871
