Model: GRU
MSE: 14.289716495607705
MAE: 3.309892936989113
EVS: 0.6111974896115544
