Model: GRU
MSE: 15.600684382754059
MAE: 3.3743016631514937
EVS: 0.5073982893907841
