Model: GRU
MSE: 12.63897909017322
MAE: 3.0337979705245406
EVS: 0.6061039770920361
