Model: GRU
MSE: 13.15562443234577
MAE: 3.113457167590106
EVS: 0.5894143791327149
