Model: GRU
MSE: 15.281432147480944
MAE: 3.470458507537842
EVS: 0.5707874286435697
