Model: GRU
MSE: 12.024577182672635
MAE: 2.8050388760036893
EVS: 0.6428390754433696
