Model: GRU
MSE: 37.33383824719045
MAE: 5.059892407170048
EVS: 0.09456761707301864
