Model: GRU
MSE: 15.710485939778108
MAE: 3.6259812955503112
EVS: 0.490556918252931
