Model: GRU
MSE: 94.08761887995352
MAE: 7.962201535701752
EVS: -0.034957623801247895
