Model: GRU
MSE: 100.54514401204487
MAE: 8.360193508642691
EVS: -0.033654033854110255
