Model: GRU
MSE: 13.118961246799172
MAE: 3.082068257861667
EVS: 0.6106602740976211
