Model: GRU
MSE: 25.03186322447863
MAE: 3.671686119503445
EVS: 0.3422192420141935
