Model: GRU
MSE: 28.913086654259654
MAE: 4.783467328106916
EVS: 0.32342569886080985
