Model: GRU
MSE: 16.423008745408417
MAE: 3.3641999032762318
EVS: 0.5987999140174315
