Model: GRU
MSE: 13.692484187963736
MAE: 3.256248226872197
EVS: 0.6173235601227884
