Model: GRU
MSE: 16.49230791348223
MAE: 3.5849856623896845
EVS: 0.5078911980490204
