Model: GRU
MSE: 32.35848980415656
MAE: 4.7410003520824295
EVS: 0.2471468381072831
