Model: GRU
MSE: 15.230211658075497
MAE: 3.4836935290583857
EVS: 0.5553137683176057
