Model: GRU
MSE: 14.436535693833978
MAE: 3.1085212848804615
EVS: 0.6269552958601148
