Model: GRU
MSE: 14.323634335038706
MAE: 3.31820841188784
EVS: 0.5912324802003406
