Model: GRU
MSE: 25.333404573806117
MAE: 4.155400081917092
EVS: 0.5833232956091806
