Model: GRU
MSE: 11.465869655197904
MAE: 2.7604606063277632
EVS: 0.6248419832661314
