Model: GRU
MSE: 19.145373818011507
MAE: 3.4748150331002696
EVS: 0.4994105554759859
