Model: GRU
MSE: 27.27469289634592
MAE: 4.079094233336272
EVS: 0.32177201647085574
