Model: GRU
MSE: 16.489772686334476
MAE: 3.407776850241202
EVS: 0.5865444250459142
