Model: GRU
MSE: 28.643718205760674
MAE: 4.540311672069408
EVS: 0.41770033072814483
