Model: GRU
MSE: 24.834416274634773
MAE: 4.185054249233669
EVS: 0.6002264825392756
