Model: GRU
MSE: 17.866683725922915
MAE: 3.9213687932049788
EVS: 0.4803762708833168
