Model: GRU
MSE: 14.584759334398633
MAE: 3.20344787173801
EVS: 0.6060694382477669
