Model: GRU
MSE: 24.747462219650146
MAE: 4.1385716332329645
EVS: 0.30671307040798057
