Model: GRU
MSE: 24.532159107235092
MAE: 3.9985944430033364
EVS: 0.3509828781480322
