Model: GRU
MSE: 26.079338171359673
MAE: 4.003359264797634
EVS: 0.3607059534178214
