Model: GRU
MSE: 19.59902716252356
MAE: 3.893527878655328
EVS: 0.49085894825413856
