Model: GRU
MSE: 20.544461538338258
MAE: 3.9148213068644204
EVS: 0.44786402094981836
