Model: GRU
MSE: 21.51398660746426
MAE: 3.6805039511786566
EVS: 0.43615122296378583
