Model: GRU
MSE: 41.934069967379365
MAE: 5.619967178062156
EVS: 0.5138364671576965
