Model: GRU
MSE: 21.338043301557583
MAE: 3.9341519673665366
EVS: 0.36192947780027795
