Model: GRU
MSE: 17.72023806463575
MAE: 3.7765597237481012
EVS: 0.47426005634671264
