Model: GRU
MSE: 13.732958207111071
MAE: 2.9985707424305104
EVS: 0.6170687038310583
