Model: GRU
MSE: 17.707505616252682
MAE: 3.6613028137772172
EVS: 0.4480615859532008
