Model: GRU
MSE: 24.039922533286767
MAE: 4.016256826895255
EVS: 0.5695506772400709
