Model: GRU
MSE: 15.8217598695323
MAE: 3.5146254610132286
EVS: 0.5681447383562452
