Model: GRU
MSE: 18.040213935637322
MAE: 3.7409456041124134
EVS: 0.5112767676731511
