Model: GRU
MSE: 14.454889693444464
MAE: 3.1194336502640336
EVS: 0.585222421690371
