Model: GRU
MSE: 19.138932184076946
MAE: 3.796998218253807
EVS: 0.5561864748891711
