Model: GRU
MSE: 14.773707698094457
MAE: 3.4382867636503995
EVS: 0.5423502443049959
