Model: GRU
MSE: 25.426679567075976
MAE: 4.233731826146443
EVS: 0.3560516012271997
