Model: GRU
MSE: 23643.353043098694
MAE: 153.66749403211804
EVS: -4.440892098500626e-16
