Model: GRU
MSE: 31.184157412712988
MAE: 4.601203106067799
EVS: 0.47529373045456647
