Model: GRU
MSE: 26.744706406682933
MAE: 4.148591430098922
EVS: 0.4345153947716436
