Model: GRU
MSE: 25.356721196448824
MAE: 4.25075771190502
EVS: 0.32438151117310654
