Model: GRU
MSE: 18.18452292834995
MAE: 3.8902784100285284
EVS: 0.4562133561102616
