Model: GRU
MSE: 20.875557348265527
MAE: 4.103096714726201
EVS: 0.4172545001050223
