Model: GRU
MSE: 15.636795273905514
MAE: 3.2614441094575106
EVS: 0.6289051280154919
