Model: GRU
MSE: 22.25615031183973
MAE: 3.868105976669877
EVS: 0.38103724364052205
