Model: GRU
MSE: 21.41894262606508
MAE: 3.7331788628189653
EVS: 0.4894302384497815
