Model: GRU
MSE: 22.922833975198703
MAE: 4.1603428875958475
EVS: 0.3694224213369218
