Model: GRU
MSE: 28.392555118099306
MAE: 4.345853946827076
EVS: 0.3404261155047722
