Model: GRU
MSE: 29.445187664231575
MAE: 4.555799872786911
EVS: 0.22111012224023052
