Model: GRU
MSE: 26.430755927753225
MAE: 4.298219610143591
EVS: 0.3422350714559156
