Model: GRU
MSE: 24.418495248158393
MAE: 4.358739446710657
EVS: 0.33820826805865534
