Model: GRU
MSE: 24.20299403585938
MAE: 3.747455049444128
EVS: 0.33973285481789384
