Model: GRU
MSE: 23.091961789816608
MAE: 4.084975966700801
EVS: 0.36852042684947406
