Model: GRU
MSE: 19.640346923482216
MAE: 3.8949584784331144
EVS: 0.470728805941958
