Model: GRU
MSE: 16.188986799365473
MAE: 3.3015264405144586
EVS: 0.6312372985605135
