Model: GRU
MSE: 15.793768834923664
MAE: 3.527035183376736
EVS: 0.5441963962931736
