Model: GRU
MSE: 24.077664687841224
MAE: 4.112853474087185
EVS: 0.365401186820722
