Model: GRU
MSE: 29.402029444537416
MAE: 4.242960629639803
EVS: 0.3459484643316515
