Model: GRU
MSE: 20.065573796005797
MAE: 3.5577115129541466
EVS: 0.5532281173483373
