Model: GRU
MSE: 22.85312826429288
MAE: 4.06459343874896
EVS: 0.6092472466636387
