Model: GRU
MSE: 11.65101221348178
MAE: 2.8816745192916304
EVS: 0.6319144659348312
