Model: GRU
MSE: 17.300409724245
MAE: 3.4824424496403448
EVS: 0.6101272862759171
