Model: GRU
MSE: 15.163804799924307
MAE: 3.415660293013961
EVS: 0.5197856962770109
