Model: GRU
MSE: 27.712104981137617
MAE: 4.4678534755000365
EVS: 0.39140157175745804
