Model: GRU
MSE: 28.844898010012052
MAE: 4.266879576223868
EVS: 0.3544124490812577
