Model: GRU
MSE: 15.600579712882066
MAE: 3.302437358432346
EVS: 0.6230580687213911
