Model: GRU
MSE: 25.53690909690149
MAE: 4.258328102253102
EVS: 0.3396037623033885
