Model: GRU
MSE: 24.46759997064635
MAE: 4.266847274921559
EVS: 0.453634526315033
