Model: GRU
MSE: 13.988232052726154
MAE: 3.201424987227828
EVS: 0.6093695115579858
