Model: GRU
MSE: 15.970168495142776
MAE: 3.2920799255371094
EVS: 0.6410159775231373
