Model: GRU
MSE: 33.206066354454094
MAE: 4.938258736221878
EVS: 0.41034301151465447
