Model: GRU
MSE: 16.580521746106527
MAE: 3.6044585793106645
EVS: 0.5071822014041671
