Model: GRU
MSE: 14.18740690933689
MAE: 3.3508670418350786
EVS: 0.5229770603098385
