Model: GRU
MSE: 16.395929165540185
MAE: 3.3701728361624257
EVS: 0.6083649061555683
