Model: GRU
MSE: 13.328157412228107
MAE: 2.998884165728534
EVS: 0.6321951957216422
