Model: GRU
MSE: 25.01729506433712
MAE: 4.092308538931388
EVS: 0.4239628169122819
