Model: GRU
MSE: 16.430655200431836
MAE: 3.6013524620621293
EVS: 0.557038307049392
