Model: GRU
MSE: 13.431628310025543
MAE: 3.1180074479844837
EVS: 0.6034775140760242
