Model: GRU
MSE: 12.67323456516283
MAE: 3.153685799351445
EVS: 0.5838227766727563
