Model: GRU
MSE: 16.952099802832535
MAE: 3.3001829076696327
EVS: 0.579327205424711
