Model: GRU
MSE: 28.451441098981782
MAE: 4.607741815072519
EVS: 0.35020375703851225
