Model: GRU
MSE: 16.239020369223187
MAE: 3.4466962726027877
EVS: 0.5283193038698959
