Model: GRU
MSE: 24.39769201020936
MAE: 4.239123326760751
EVS: 0.3666985742101022
