Model: GRU
MSE: 16.478272835103326
MAE: 3.438054649918168
EVS: 0.5540409398169084
