Model: GRU
MSE: 40.97441204649111
MAE: 5.67794132232666
EVS: -0.030285231465059903
