Model: GRU
MSE: 14.793930003767619
MAE: 3.4438824123806424
EVS: 0.5062982810391229
