Model: GRU
MSE: 14.861805244240916
MAE: 3.098174978185583
EVS: 0.6037598128507456
