Model: GRU
MSE: 24.363608141531206
MAE: 4.073897979877613
EVS: 0.3998893923358203
