Model: GRU
MSE: 33.74880531571842
MAE: 4.883987797631158
EVS: 0.2751854452348431
