Model: GRU
MSE: 27.024988197492448
MAE: 4.364460450631601
EVS: 0.5827279054876626
