Model: GRU
MSE: 25.142479456714767
MAE: 4.2800120954160334
EVS: 0.2938034153680078
