Model: GRU
MSE: 21.661774523299773
MAE: 3.835341630158601
EVS: 0.5471998207953063
