Model: GRU
MSE: 16.490158050938515
MAE: 3.602847046322293
EVS: 0.4970590818870879
