Model: GRU
MSE: 20.53937276477358
MAE: 3.8584040182608144
EVS: 0.4255229473934621
