Model: GRU
MSE: 18.947543081114443
MAE: 3.4917777555960194
EVS: 0.6114086728637571
