Model: GRU
MSE: 15.95405617070191
MAE: 3.3854261857491954
EVS: 0.47560711147061296
