Model: GRU
MSE: 14.553942126857363
MAE: 3.427985103042037
EVS: 0.5359687518469527
