Model: GRU
MSE: 15.074642037974249
MAE: 3.257072572354917
EVS: 0.6501881529421243
