Model: GRU
MSE: 15.68812298470148
MAE: 3.434893749378346
EVS: 0.5397922906971322
