Model: GRU
MSE: 17.463479699562505
MAE: 3.6415689433062517
EVS: 0.5555873067513801
