Model: GRU
MSE: 12687.190478844695
MAE: 112.50571611192491
EVS: -2.220446049250313e-16
