Model: GRU
MSE: 17.50716568998639
MAE: 3.615616692437066
EVS: 0.595467776621599
