Model: GRU
MSE: 23.21194016161738
MAE: 4.217997798213252
EVS: 0.25414004585523864
