Model: GRU
MSE: 16.084585935967542
MAE: 3.351116145098651
EVS: 0.5409724569547882
