Model: GRU
MSE: 14.472832172296227
MAE: 3.193251132965088
EVS: 0.5806426809213778
