Model: GRU
MSE: 14.70426198234459
MAE: 3.373715453677707
EVS: 0.5080688495924774
