Model: GRU
MSE: 18.966911561580876
MAE: 3.618012852138943
EVS: 0.42633661497590336
