Model: GRU
MSE: 20.572349115031514
MAE: 3.9714518476415566
EVS: 0.31581949536071907
