Model: GRU
MSE: 17.00515066788633
MAE: 3.460363599989149
EVS: 0.5935017368474582
