Model: GRU
MSE: 28.171270336777432
MAE: 4.410446679150617
EVS: 0.21600326949153392
