Model: GRU
MSE: 15.689931747925037
MAE: 3.3318738407558866
EVS: 0.6064433588514613
