Model: GRU
MSE: 15.011294636001072
MAE: 3.4001883930630155
EVS: 0.5448391330716265
