Model: GRU
MSE: 13.598320289522613
MAE: 3.130251902121085
EVS: 0.6185522954405559
