Model: GRU
MSE: 13.300153696546769
MAE: 3.2232759440386736
EVS: 0.5810965177202098
