Model: GRU
MSE: 19.806315784000752
MAE: 3.6821908597592956
EVS: 0.543072865113245
