Model: GRU
MSE: 13.90048243659485
MAE: 3.152311024842439
EVS: 0.5972532101983474
