Model: GRU
MSE: 15.450775138692617
MAE: 3.499672395211679
EVS: 0.4890789652484707
