Model: GRU
MSE: 21.67015627306818
MAE: 4.162788020239936
EVS: 0.49422911548566584
