Model: GRU
MSE: 25.82635658249105
MAE: 3.978446183381257
EVS: 0.3871680716720364
