Model: GRU
MSE: 13.270604504745844
MAE: 3.1966823825129755
EVS: 0.5698187647421868
