Model: GRU
MSE: 15.772948849050156
MAE: 3.534452614960847
EVS: 0.5491362549517615
