Model: GRU
MSE: 18.47614236864509
MAE: 3.8159882757398815
EVS: 0.37715151761918897
