Model: GRU
MSE: 105.16269732359643
MAE: 8.66061402691735
EVS: -0.016933148221926597
