Model: GRU
MSE: 22.55833947193915
MAE: 3.590714701899776
EVS: 0.45169401612076454
