Model: GRU
MSE: 14.21108262678677
MAE: 3.3649482373838073
EVS: 0.5567882459162361
