Model: GRU
MSE: 15.622581658047155
MAE: 3.545150156374331
EVS: 0.48166030918939984
