Model: GRU
MSE: 15.278947828818454
MAE: 3.541124449835883
EVS: 0.554290345024784
