Model: GRU
MSE: 11.544952578477275
MAE: 2.8373661041259766
EVS: 0.6430577657355699
