Model: GRU
MSE: 27.98378328368055
MAE: 4.239157482429787
EVS: 0.30870498197979
