Model: GRU
MSE: 14.373596646678523
MAE: 3.3725219479313604
EVS: 0.5616327266877992
