Model: GRU
MSE: 653.3870360402587
MAE: 24.85928146927445
EVS: -0.232752401386628
