Model: GRU
MSE: 25.652136742630884
MAE: 4.2957540971261485
EVS: 0.2914651788021152
