Model: GRU
MSE: 13.544972934049804
MAE: 3.263274581344039
EVS: 0.591920920189512
