Model: GRU
MSE: 36.938374178690225
MAE: 4.989905454494335
EVS: 0.021241448494796367
