Model: GRU
MSE: 25.858484066219294
MAE: 4.172091095535843
EVS: 0.32927747987274136
