Model: GRU
MSE: 31.530579154448223
MAE: 4.758016709928159
EVS: 0.3910657847024015
