Model: GRU
MSE: 13.80537327359104
MAE: 3.26468923356798
EVS: 0.5860983227180616
