Model: GRU
MSE: 19.649094962168395
MAE: 3.7820739216274686
EVS: 0.5175277041457448
