Model: GRU
MSE: 423.42333995853215
MAE: 19.62928439952709
EVS: -0.07122735864059115
