Model: GRU
MSE: 28.753477790120442
MAE: 4.7292595616093385
EVS: 0.2921065700502776
