Model: GRU
MSE: 13.108381744499319
MAE: 2.9210490827207214
EVS: 0.6468063042066213
