Model: GRU
MSE: 12.492353052559986
MAE: 2.972256890049687
EVS: 0.6081946463060615
