Model: GRU
MSE: 15.516691332732778
MAE: 3.366820211763735
EVS: 0.4833949585325741
