Model: GRU
MSE: 12.419965435626889
MAE: 2.7601890210752136
EVS: 0.5929742228697226
