Model: GRU
MSE: 15.050009233873821
MAE: 3.212227697725649
EVS: 0.613707163224332
