Model: GRU
MSE: 17.586820064591873
MAE: 3.456768336119475
EVS: 0.5653031060076872
