Model: GRU
MSE: 21.69530211273105
MAE: 4.02248709290116
EVS: 0.31559395253962497
