Model: GRU
MSE: 12.512579529709003
MAE: 3.0213330145235413
EVS: 0.600394132539555
