Model: GRU
MSE: 17.094837329761656
MAE: 3.66112196886981
EVS: 0.5484834010450157
