Model: GRU
MSE: 12.542076696986042
MAE: 3.1650996384797274
EVS: 0.6190267711863748
