Model: GRU
MSE: 12.918871816144517
MAE: 3.2023652924431696
EVS: 0.573846557907133
