Model: GRU
MSE: 12.781141135624162
MAE: 3.164439395621971
EVS: 0.5899486407238497
