Model: GRU
MSE: 16.153430260858926
MAE: 3.6106603057296187
EVS: 0.4811709374793396
