Model: GRU
MSE: 31.053855434710545
MAE: 4.785068776872423
EVS: 0.1353456432698833
