Model: GRU
MSE: 20.628223624449785
MAE: 3.985972351498074
EVS: 0.41181600629432247
