Model: GRU
MSE: 13.645474325183201
MAE: 3.1858978271484375
EVS: 0.601626943342945
