Model: GRU
MSE: 34.68714917463145
MAE: 5.122620229367857
EVS: 0.38249943538411046
