Model: GRU
MSE: 23.496550480758682
MAE: 4.131908681657579
EVS: 0.35553957426377536
