Model: GRU
MSE: 17.638762789017587
MAE: 3.744071783842864
EVS: 0.46197618525823847
