Model: GRU
MSE: 13.288101925241259
MAE: 3.116325290114791
EVS: 0.6142183242560123
