Model: GRU
MSE: 30.90277814977722
MAE: 4.534624541247332
EVS: 0.17361629257470734
