Model: GRU
MSE: 25.599526797546417
MAE: 4.212905212684914
EVS: 0.2816255442321778
