Model: GRU
MSE: 35.68129719838893
MAE: 4.9415126200075505
EVS: 0.11561422134049038
