Model: GRU
MSE: 17.93611328473732
MAE: 3.6915713946024575
EVS: 0.5245679579120777
