Model: GRU
MSE: 14.867439273858492
MAE: 3.510523548832646
EVS: 0.544396364731573
