Model: GRU
MSE: 15.447001127142805
MAE: 3.388041063591286
EVS: 0.569896649729704
