Model: GRU
MSE: 15.624224245674567
MAE: 3.132550345526801
EVS: 0.5976176934790067
