Model: GRU
MSE: 18.820290973994528
MAE: 3.4277354699594005
EVS: 0.4804631912655877
