Model: GRU
MSE: 16.676224707786307
MAE: 3.669210981439661
EVS: 0.46665269466777837
