Model: GRU
MSE: 16.859067279970525
MAE: 3.539522683178937
EVS: 0.44299182721635366
