Model: GRU
MSE: 12.288084452509716
MAE: 3.1249531816553184
EVS: 0.6147063286369976
