Model: GRU
MSE: 21.445525035092967
MAE: 3.8159835780108415
EVS: 0.3885705837639155
