Model: GRU
MSE: 38.69569831528097
MAE: 5.4034590014704955
EVS: 0.37285637428795104
