Model: GRU
MSE: 27.95242861105959
MAE: 4.223558196315059
EVS: 0.5558578273930013
