Model: GRU
MSE: 31.39948887403638
MAE: 4.475219594107734
EVS: 0.32102660003178674
