Model: GRU
MSE: 21.77396704750503
MAE: 3.735108410870587
EVS: 0.556137272349692
