Model: GRU
MSE: 18.877205079123897
MAE: 3.8390403676916054
EVS: 0.4291500039666324
