Model: GRU
MSE: 17.184734457655992
MAE: 3.4411432301556624
EVS: 0.5407078305183084
