Model: GRU
MSE: 16.512568773581407
MAE: 3.612001825261999
EVS: 0.5598628663512872
