Model: GRU
MSE: 25.440094684290866
MAE: 4.267691665225559
EVS: 0.29994712713813776
