Model: GRU
MSE: 19.57179673636496
MAE: 3.7034202328434698
EVS: 0.5797000746020919
