Model: GRU
MSE: 18.580197753657632
MAE: 3.7143687672085233
EVS: 0.4959506054408014
