Model: GRU
MSE: 17.10339480667056
MAE: 3.4251710927044905
EVS: 0.584550927827211
