Model: GRU
MSE: 18.797851876600706
MAE: 3.5713274390609175
EVS: 0.6070417133008699
