Model: GRU
MSE: 27.04246333864262
MAE: 4.1608481053952815
EVS: 0.3872134223963358
