Model: GRU
MSE: 13724.52481568791
MAE: 117.0748132776331
EVS: 0.392570421600521
