Model: GRU
MSE: 16.560291829153787
MAE: 3.614194287194146
EVS: 0.4695720558879015
