Model: GRU
MSE: 15.474736427227409
MAE: 3.567700880545157
EVS: 0.5313217841005827
