Model: GRU
MSE: 24.017161634644438
MAE: 4.20361003169307
EVS: 0.3262284612256253
