Model: GRU
MSE: 16.96598176794268
MAE: 3.461624745969419
EVS: 0.5760871725429624
