Model: GRU
MSE: 15.706102655099206
MAE: 3.515073052159062
EVS: 0.5523881325017843
