Model: GRU
MSE: 31.835271149458034
MAE: 4.743287430869208
EVS: 0.23166973647822597
