Model: GRU
MSE: 15.860853445526404
MAE: 3.1850653754340277
EVS: 0.5180297874911817
