Model: GRU
MSE: 29.0387740411492
MAE: 4.636832169124058
EVS: 0.15488830616190852
