Model: GRU
MSE: 14.363353980049126
MAE: 3.2993908988104925
EVS: 0.584427040886872
