Model: GRU
MSE: 21.383781029911376
MAE: 3.9034672843085394
EVS: 0.475075274126894
