Model: GRU
MSE: 17.367524667579808
MAE: 3.7841090626186795
EVS: 0.5201368023432087
