Model: GRU
MSE: 31.613725607815663
MAE: 4.644831357178865
EVS: 0.16672829810625556
