Model: GRU
MSE: 13.670341080023835
MAE: 3.1554794664736145
EVS: 0.6370988534178079
