Model: GRU
MSE: 18.31234686241803
MAE: 3.7784212783530906
EVS: 0.4995657458966798
