Model: GRU
MSE: 21.524004953748644
MAE: 3.7662470164122404
EVS: 0.3993148302663315
