Model: GRU
MSE: 23.073884554177127
MAE: 4.196959327768396
EVS: 0.3289692229112935
