Model: GRU
MSE: 10.399423420362593
MAE: 2.542563208827266
EVS: 0.6556072302613276
