Model: GRU
MSE: 12.996666202983121
MAE: 3.0488418649744102
EVS: 0.6070052141509573
