Model: GRU
MSE: 20.889082625477847
MAE: 4.072256812342891
EVS: 0.49028997185655887
