Model: GRU
MSE: 22.39579144473774
MAE: 4.376402819598162
EVS: 0.3136673569967041
