Model: GRU
MSE: 12.834818007611753
MAE: 3.1570689413282604
EVS: 0.6179293824964609
