Model: GRU
MSE: 23.75393908650539
MAE: 3.8831075915583857
EVS: 0.5385589824462845
