Model: GRU
MSE: 20.034758161590574
MAE: 3.82463209717362
EVS: 0.518233293156944
