Model: GRU
MSE: 15.82214245286431
MAE: 3.1823703624584057
EVS: 0.547780678915782
