Model: GRU
MSE: 16.53616811241083
MAE: 3.587481481057626
EVS: 0.5571281017752158
