Model: GRU
MSE: 12.509047443049347
MAE: 3.178897769362838
EVS: 0.585644098996905
