Model: GRU
MSE: 17.447247109760283
MAE: 3.268395194300899
EVS: 0.5974880624833336
