Model: GRU
MSE: 14.381629732904559
MAE: 3.1725967548511647
EVS: 0.6009681812768803
