Model: GRU
MSE: 18.874650081591156
MAE: 3.630658502931948
EVS: 0.5974731067367463
