Model: GRU
MSE: 27.0436278991746
MAE: 3.996309076036726
EVS: 0.26021978106264154
