Model: GRU
MSE: 17.04744210473748
MAE: 3.6562211955035173
EVS: 0.43621549418427064
