Model: GRU
MSE: 21.133706736012815
MAE: 3.8960875228599265
EVS: 0.5422578852665224
