Model: GRU
MSE: 13.049452073028954
MAE: 3.0120409859551325
EVS: 0.6060741081955228
