Model: GRU
MSE: 25.388892262276183
MAE: 4.19496175094887
EVS: 0.3823296423229854
