Model: GRU
MSE: 24.079479508852796
MAE: 4.038475672403972
EVS: 0.3874533794398224
