Model: GRU
MSE: 13.552539932012728
MAE: 3.143481890360514
EVS: 0.6216369968030481
