Model: GRU
MSE: 24.03201885197914
MAE: 3.939042497564245
EVS: 0.44950412339753865
