Model: GRU
MSE: 22.22505865564978
MAE: 4.066282749176025
EVS: 0.47333578564713796
