Model: GRU
MSE: 20.758971948855173
MAE: 3.9718576360631874
EVS: 0.5028056484979704
