Model: GRU
MSE: 14.58943977637421
MAE: 3.1708265940348306
EVS: 0.6254981261467699
