Model: GRU
MSE: 25.937543629292687
MAE: 3.9675338003370495
EVS: 0.3278214609597494
