Model: GRU
MSE: 24.408904297968125
MAE: 4.355953190061781
EVS: 0.32574893237677394
