Model: GRU
MSE: 15.482708380622727
MAE: 3.546196972882306
EVS: 0.570005379658308
