Model: GRU
MSE: 17.132706453859168
MAE: 3.7262858638057
EVS: 0.5283997292555324
