Model: GRU
MSE: 20.828289262567075
MAE: 3.920114358266195
EVS: 0.5469190041750511
