Model: GRU
MSE: 13.638569092827614
MAE: 3.1999359484072083
EVS: 0.575700198045286
