Model: GRU
MSE: 21.173362651664707
MAE: 4.036360952589247
EVS: 0.2860192191955129
