Model: GRU
MSE: 18.99547210991648
MAE: 3.995601353821931
EVS: 0.37866430567135434
