Model: GRU
MSE: 24.316083033292156
MAE: 3.9554331920765065
EVS: 0.4262711566012205
