Model: GRU
MSE: 19.327415390790108
MAE: 3.4876325571978533
EVS: 0.48151400208674844
