Model: GRU
MSE: 32.793987917143404
MAE: 4.414672102246966
EVS: 0.17308183049254822
