Model: GRU
MSE: 31.053545928313017
MAE: 4.810203552246094
EVS: 0.21218431077302302
