Model: GRU
MSE: 21.778772120157253
MAE: 4.132260605140969
EVS: 0.3751024608354626
