Model: GRU
MSE: 16.431320431515594
MAE: 3.4836980678417064
EVS: 0.5315323517396809
