Model: GRU
MSE: 42.882207368439126
MAE: 5.837599012586805
EVS: -0.022420987474871756
