Model: GRU
MSE: 16.69410478367278
MAE: 3.6845632482458046
EVS: 0.501703776439494
