Model: GRU
MSE: 10.543810692630949
MAE: 2.6226589768021196
EVS: 0.6623641947136888
