Model: GRU
MSE: 15814.214500571989
MAE: 125.62088182237413
EVS: -0.17026334974508117
