Model: GRU
MSE: 26.65298372389966
MAE: 3.954675144619412
EVS: 0.26088136248191107
