Model: GRU
MSE: 26.485989307137853
MAE: 4.186616791619195
EVS: 0.35560253130973185
