Model: GRU
MSE: 28.186463501713156
MAE: 4.561413764953613
EVS: 0.47161388299677776
