Model: GRU
MSE: 18.438226512882988
MAE: 3.7235125788935908
EVS: 0.6018200438993224
