Model: GRU
MSE: 14.567517176745469
MAE: 3.24409998787774
EVS: 0.6078775437425437
