Model: GRU
MSE: 14.878869701472645
MAE: 3.2019460289566606
EVS: 0.5848445805634988
