Model: GRU
MSE: 14.19989918186178
MAE: 3.40934889404862
EVS: 0.5482203477106989
