Model: GRU
MSE: 13.227496466542966
MAE: 3.0874162250094943
EVS: 0.5958060454467428
