Model: GRU
MSE: 13.304774434521892
MAE: 3.288343835760046
EVS: 0.5767374163205994
