Model: GRU
MSE: 13.988399733191155
MAE: 3.089027334142614
EVS: 0.6291845629151396
