Model: GRU
MSE: 16.790683945090972
MAE: 3.70045949794628
EVS: 0.5538460910857013
