Model: GRU
MSE: 13.77745313529894
MAE: 3.245894679316768
EVS: 0.6001748115387932
