Model: GRU
MSE: 15.431250289419259
MAE: 3.342125998602973
EVS: 0.4797625839468732
