Model: GRU
MSE: 18.710463337312923
MAE: 3.858420213063558
EVS: 0.535342529062506
