Model: GRU
MSE: 34.60615628888086
MAE: 5.070305188496907
EVS: 0.18098122894821056
