Model: GRU
MSE: 17.48177828305008
MAE: 3.7446504169040256
EVS: 0.48201957153340225
