Model: GRU
MSE: 14.63996571162675
MAE: 3.4640547081276223
EVS: 0.5655636678367926
