Model: GRU
MSE: 101.54350739297354
MAE: 8.48365490524857
EVS: 0.002806138979326689
