Model: GRU
MSE: 33.060865581825524
MAE: 4.781788225527163
EVS: 0.38317682487601334
