Model: GRU
MSE: 16.303471760759944
MAE: 3.611378899327031
EVS: 0.5220954153224454
