Model: GRU
MSE: 22.29213548032583
MAE: 3.5919592645433216
EVS: 0.4035879283573214
