Model: GRU
MSE: 21.63295557507186
MAE: 3.870923801704689
EVS: 0.575627287698182
