Model: GRU
MSE: 24.441162236710017
MAE: 4.327613795245135
EVS: 0.38199880410721854
