Model: GRU
MSE: 11.982830139940537
MAE: 2.647046654312699
EVS: 0.635047893985945
