Model: GRU
MSE: 17.618628313797334
MAE: 3.7625131253842956
EVS: 0.4644077675504614
