Model: GRU
MSE: 17.357071443954805
MAE: 3.7535681194729276
EVS: 0.5298139458715764
