Model: GRU
MSE: 21.564445238841557
MAE: 3.799914183440032
EVS: 0.5474583483450048
