Model: GRU
MSE: 23.068189940806086
MAE: 4.000074209990324
EVS: 0.5166419981813926
