Model: GRU
MSE: 28.59221576411487
MAE: 4.429524898529053
EVS: 0.2606836331906347
