Model: GRU
MSE: 18.231217276815137
MAE: 3.669608681290238
EVS: 0.4749487279643665
