Model: GRU
MSE: 19.885257431281296
MAE: 4.078604715841788
EVS: 0.46076782930201654
