Model: GRU
MSE: 23.56084362370916
MAE: 3.852020599223949
EVS: 0.3580868961390723
