Model: GRU
MSE: 27.52159146729966
MAE: 4.295637201379846
EVS: 0.49412760740719175
