Model: GRU
MSE: 33.81503485465948
MAE: 4.947551144493951
EVS: 0.2087025914321693
