Model: GRU
MSE: 22.125631875933518
MAE: 3.8378439479404025
EVS: 0.48695331659994556
