Model: GRU
MSE: 15.566932425882122
MAE: 3.5671823642872
EVS: 0.5011835355592906
