Model: GRU
MSE: 18.187968892638825
MAE: 3.7512403240910284
EVS: 0.5529683959641671
