Model: GRU
MSE: 23.6269159167319
MAE: 4.399832831488715
EVS: 0.3683227000836049
