Model: GRU
MSE: 30.603660763460546
MAE: 4.774334218766954
EVS: 0.2975427929735258
