Model: GRU
MSE: 14.755399760966418
MAE: 3.342242576457836
EVS: 0.5768922440834452
