Model: GRU
MSE: 15.24948158494348
MAE: 3.461396093721743
EVS: 0.5121631003903973
