Model: GRU
MSE: 23.803270635274824
MAE: 3.915124434011954
EVS: 0.36464750543312774
