Model: GRU
MSE: 13.55716199409408
MAE: 3.0531327812759965
EVS: 0.6585824571116909
