Model: GRU
MSE: 21.70227805273628
MAE: 3.831901753390277
EVS: 0.5202651751673735
