Model: GRU
MSE: 21.26043240104512
MAE: 3.838707093839292
EVS: 0.44645548562265946
