Model: GRU
MSE: 13.585633216317952
MAE: 3.277215215894911
EVS: 0.5515172105238055
