Model: GRU
MSE: 17.561407757009388
MAE: 3.845328436957465
EVS: 0.4602350788644475
