Model: GRU
MSE: 18.96587611817969
MAE: 3.675383938683404
EVS: 0.6137215772373437
