Model: GRU
MSE: 18.939659738769663
MAE: 3.877034823099772
EVS: 0.3699113160620916
