Model: GRU
MSE: 17.178674421508006
MAE: 3.523430930243598
EVS: 0.5878590151476487
