Model: GRU
MSE: 18.647471697056094
MAE: 3.5111091401841907
EVS: 0.5771979565637508
