Model: GRU
MSE: 26.73082889479917
MAE: 4.135354218659578
EVS: 0.2675284141002111
