Model: GRU
MSE: 25.169236486389966
MAE: 4.146258742720993
EVS: 0.2939049355956125
