Model: GRU
MSE: 15.983104269870932
MAE: 3.527595467037625
EVS: 0.5138286270522263
