Model: GRU
MSE: 18.117792389046777
MAE: 3.5829119505705656
EVS: 0.5941452426849942
