Model: GRU
MSE: 23.812818053367725
MAE: 4.020086341434055
EVS: 0.374767075766807
