Model: GRU
MSE: 19.72482088305326
MAE: 3.9910486009385853
EVS: 0.4419868109870947
