Model: GRU
MSE: 27.83774230508146
MAE: 4.325450279094555
EVS: 0.39399118397217814
