Model: GRU
MSE: 14.979226587207314
MAE: 3.1582307109126337
EVS: 0.6696821461378691
