Model: GRU
MSE: 19.06065561125531
MAE: 3.7428610766375505
EVS: 0.43487237015254354
