Model: GRU
MSE: 29.920710969555348
MAE: 4.458039107146086
EVS: 0.3162528706869968
