Model: GRU
MSE: 19.874208989067526
MAE: 3.751078164135968
EVS: 0.6073607576030401
