Model: GRU
MSE: 22.05293739336309
MAE: 4.083335593894676
EVS: 0.4723015032783181
