Model: GRU
MSE: 99.3313157928808
MAE: 8.354947631005887
EVS: 0.004321633655944179
