Model: GRU
MSE: 15.464550008858522
MAE: 3.356292865894459
EVS: 0.587655125303497
