Model: GRU
MSE: 18.708791236703316
MAE: 3.7160628460071705
EVS: 0.5173468072424408
