Model: GRU
MSE: 14.364739898842597
MAE: 3.3303247027926974
EVS: 0.5364160678853518
