Model: GRU
MSE: 25.115051578400543
MAE: 4.268363581763373
EVS: 0.5729509399709993
