Model: GRU
MSE: 13.924776570332293
MAE: 3.282787640889486
EVS: 0.5821626967011196
