Model: GRU
MSE: 24.365557543824572
MAE: 3.8890899728845665
EVS: 0.335557867181123
