Model: GRU
MSE: 25.12022492995845
MAE: 4.362784067789714
EVS: 0.5321827216852106
