Model: GRU
MSE: 13.863171268536716
MAE: 2.93352703694944
EVS: 0.5987452876619783
