Model: GRU
MSE: 26.707976387890533
MAE: 4.403568779980695
EVS: 0.32269915811591465
