Model: GRU
MSE: 31.26010154775742
MAE: 4.6607002328943326
EVS: 0.4317336989639571
