Model: GRU
MSE: 21.35985494146631
MAE: 4.016212587003355
EVS: 0.5102566293575034
