Model: GRU
MSE: 12.066441696026576
MAE: 3.0279519999468767
EVS: 0.5991657835737842
