Model: GRU
MSE: 27.89639109420399
MAE: 4.16996067541617
EVS: 0.33840827116633854
