Model: GRU
MSE: 37.29536224422855
MAE: 4.876649194293552
EVS: 0.14735911544626235
