Model: GRU
MSE: 101.13279225641745
MAE: 8.390572388966879
EVS: -0.03631060224640037
