Model: GRU
MSE: 43.601483706362025
MAE: 5.836817953321669
EVS: 0.06789145839734967
