Model: GRU
MSE: 14.709984645465342
MAE: 3.1247978033842863
EVS: 0.6153920914117385
