Model: GRU
MSE: 25.814976581046754
MAE: 4.2807271392257125
EVS: 0.32125142402505213
