Model: GRU
MSE: 33.35135617023349
MAE: 4.831824390976517
EVS: 0.2080226656433024
