Model: GRU
MSE: 16.687147315635567
MAE: 3.6806457660816334
EVS: 0.5105798235897139
