Model: GRU
MSE: 16.75383144506834
MAE: 3.4808583612795228
EVS: 0.6046120236700594
