Model: GRU
MSE: 27.30286363169799
MAE: 4.440850928977683
EVS: 0.2936676208537027
