Model: GRU
MSE: 24.34949133098041
MAE: 3.9136665485523365
EVS: 0.39932437900663365
