Model: GRU
MSE: 12.829880497752878
MAE: 3.2486643437986022
EVS: 0.5704423308534889
