Model: GRU
MSE: 51.11402726783911
MAE: 5.923390105918601
EVS: 0.07398635800633824
