Model: GRU
MSE: 20.484131868516837
MAE: 3.950245115492079
EVS: 0.32026027658097167
