Model: GRU
MSE: 31.14076231076151
MAE: 4.8314561314053
EVS: 0.19781848243414746
