Model: GRU
MSE: 13.045214099155373
MAE: 3.14858431286282
EVS: 0.5457672161398013
