Model: GRU
MSE: 20.600582295809257
MAE: 3.9198541288022644
EVS: 0.5315862648805101
