Model: GRU
MSE: 2236.7550845109918
MAE: 46.94053282561126
EVS: -0.12433741351166616
