Model: GRU
MSE: 24.629009359493743
MAE: 4.271171516842312
EVS: 0.32894605445703196
