Model: GRU
MSE: 15.4329959981781
MAE: 3.5168381090517395
EVS: 0.5526014165937578
