Model: GRU
MSE: 30.267794767726212
MAE: 4.572183728218079
EVS: 0.21556670608295625
