Model: GRU
MSE: 15.441875000613507
MAE: 3.4500223442360207
EVS: 0.5241328858244666
