Model: GRU
MSE: 33.67328344344816
MAE: 4.9978668601424605
EVS: 0.11303947836132733
