Model: GRU
MSE: 15.1286528120349
MAE: 3.4964056898046425
EVS: 0.4892966441494423
