Model: GRU
MSE: 15.799357574882984
MAE: 3.6282491330747253
EVS: 0.5232651999579034
