Model: GRU
MSE: 28.506574135619715
MAE: 4.485155935640688
EVS: 0.48935243497408576
