Model: GRU
MSE: 13.456843519774397
MAE: 3.3135660136187517
EVS: 0.5467996623794079
