Model: GRU
MSE: 57.432945870489796
MAE: 6.167909092373318
EVS: -0.39480436068018365
