Model: GRU
MSE: 19.95113905033064
MAE: 3.6881680841799134
EVS: 0.5885284348659707
