Model: GRU
MSE: 12.964840512247587
MAE: 3.0505485887880677
EVS: 0.6406800840178737
