Model: GRU
MSE: 24.192282794922953
MAE: 4.307911272402163
EVS: 0.5470061947385978
