Model: GRU
MSE: 15.614245043069836
MAE: 3.541638833505136
EVS: 0.532287847528679
