Model: GRU
MSE: 15.270007979237157
MAE: 3.2795111338297525
EVS: 0.5825881019476256
