Model: GRU
MSE: 14.62867832974631
MAE: 3.1570502210546425
EVS: 0.6475101893515023
