Model: GRU
MSE: 20.07577958416348
MAE: 3.803207008926957
EVS: 0.6007654922969771
