Model: GRU
MSE: 18.73229501807522
MAE: 3.7559046038874873
EVS: 0.5181074524541858
