Model: GRU
MSE: 761.4979698018225
MAE: 26.87876425849067
EVS: -0.31616575387297163
