Model: GRU
MSE: 15.814848265467525
MAE: 3.4785516526963978
EVS: 0.5304563209060678
