Model: GRU
MSE: 19.989685065076838
MAE: 3.89029472845572
EVS: 0.413622923716948
