Model: GRU
MSE: 26.57448700440175
MAE: 4.401867795873572
EVS: 0.3530730386020151
