Model: GRU
MSE: 16.230143166957895
MAE: 3.287169368178756
EVS: 0.5893864725729372
