Model: GRU
MSE: 14.542334460904502
MAE: 3.332806975753219
EVS: 0.6048700941625307
