Model: GRU
MSE: 23.06494474050374
MAE: 3.981014534279152
EVS: 0.5334459407427443
