Model: GRU
MSE: 23.723140450427863
MAE: 3.899652940255624
EVS: 0.3599915971353558
