Model: GRU
MSE: 18.33133872411373
MAE: 3.8108167030193187
EVS: 0.4351219215313268
