Model: GRU
MSE: 25.354879888053567
MAE: 4.316349630002622
EVS: 0.31824140008084145
