Model: GRU
MSE: 14.882487770524744
MAE: 3.192363986262569
EVS: 0.5424300904888107
