Model: GRU
MSE: 33.20402770006338
MAE: 4.531762753214155
EVS: 0.2592753540211117
