Model: GRU
MSE: 12.646381414960034
MAE: 3.0206751116999873
EVS: 0.6042403067224464
