Model: GRU
MSE: 19.139205464319872
MAE: 3.410317897796631
EVS: 0.4114606998526369
