Model: GRU
MSE: 24.696371538373015
MAE: 4.405694078516077
EVS: 0.4073063276327302
