Model: GRU
MSE: 22.145559131365072
MAE: 3.973931418524848
EVS: 0.585582665375779
