Model: GRU
MSE: 15.647103556034018
MAE: 3.571254818527787
EVS: 0.5092708713535827
