Model: GRU
MSE: 605.4149729283183
MAE: 23.952565157855
EVS: -0.10344454357299271
