Model: GRU
MSE: 18.30600164461968
MAE: 3.8300412319324635
EVS: 0.4761527243282192
