Model: GRU
MSE: 17.628620298894088
MAE: 3.6548313564724393
EVS: 0.5158183687527993
