Model: GRU
MSE: 12.943675209968424
MAE: 3.210638893975152
EVS: 0.5655723215440552
