Model: GRU
MSE: 23.087374205459405
MAE: 4.223574691348606
EVS: 0.4293708301360569
