Model: GRU
MSE: 23.751244828902912
MAE: 4.010106316319218
EVS: 0.4481252550285152
