Model: GRU
MSE: 14.658489372174463
MAE: 3.3765504271895797
EVS: 0.5092758747410697
