Model: GRU
MSE: 25.7685578464723
MAE: 4.12581585071705
EVS: 0.4014391466832683
