Model: GRU
MSE: 13.971164866635432
MAE: 2.9787656642772533
EVS: 0.6266658597653484
