Model: GRU
MSE: 26.02606054525436
MAE: 4.402659451520002
EVS: 0.26858329828579675
