Model: GRU
MSE: 14.39913684315577
MAE: 3.178757490935149
EVS: 0.5248655871199888
