Model: GRU
MSE: 25.168989358356495
MAE: 4.363660247237594
EVS: 0.27732041886286973
