Model: GRU
MSE: 49.188993282226
MAE: 5.95602289835612
EVS: 0.1117416508735638
