Model: GRU
MSE: 23.024091419744796
MAE: 3.932636260986328
EVS: 0.6131749787339016
