Model: GRU
MSE: 11.677493897014157
MAE: 2.5616916197317616
EVS: 0.6256539927428438
