Model: GRU
MSE: 18.7478944580342
MAE: 3.7517212055347584
EVS: 0.5354917836525479
