Model: GRU
MSE: 124.65477494806106
MAE: 9.356267931284728
EVS: -0.04313568807494694
