Model: GRU
MSE: 24.162415957731472
MAE: 4.132287943804705
EVS: 0.38466199857139416
