Model: GRU
MSE: 18.140580083592805
MAE: 3.695266909069485
EVS: 0.4235368439526781
