Model: GRU
MSE: 14.252161174766714
MAE: 3.2955564392937555
EVS: 0.5873991900593256
