Model: GRU
MSE: 14.348537324439963
MAE: 3.3487762345208063
EVS: 0.5798625781601539
