Model: GRU
MSE: 27.240819180423134
MAE: 4.220632411815502
EVS: 0.3581082541881062
