Model: GRU
MSE: 13.42393828067532
MAE: 3.0200419779177063
EVS: 0.6135427431993186
