Model: GRU
MSE: 12.110419126862089
MAE: 2.9667591518825955
EVS: 0.5916367317696319
