Model: GRU
MSE: 18.301065002930155
MAE: 3.848229178675899
EVS: 0.4787143874289209
