Model: GRU
MSE: 21.199976083886785
MAE: 3.797651184929742
EVS: 0.5621521940282059
