Model: GRU
MSE: 12.760143838269153
MAE: 2.922178109486898
EVS: 0.6405659021293145
