Model: GRU
MSE: 13.943829083932519
MAE: 3.170302223276209
EVS: 0.6022666037194705
