Model: GRU
MSE: 18.350074522756326
MAE: 3.8492528597513833
EVS: 0.4498924642401143
