Model: GRU
MSE: 29.288471950595994
MAE: 4.644023648014775
EVS: 0.3076231000378127
