Model: GRU
MSE: 15.408202008943219
MAE: 3.189853456285265
EVS: 0.5618689376290192
