Model: GRU
MSE: 384.41723032219335
MAE: 18.535627577039932
EVS: -0.1480454519240404
