Model: GRU
MSE: 31.569218942906733
MAE: 4.812262676380299
EVS: 0.2912188242278164
