Model: GRU
MSE: 25.156253100530563
MAE: 4.261807830245407
EVS: 0.32037944639391513
