Model: GRU
MSE: 14.41372812074354
MAE: 3.518592357635498
EVS: 0.566103811497279
