Model: GRU
MSE: 18.123605563546082
MAE: 3.6628699126066984
EVS: 0.5390708520620151
