Model: GRU
MSE: 31.39540642160844
MAE: 4.669199484365958
EVS: 0.3184127760653016
