Model: GRU
MSE: 13.271714873552598
MAE: 3.1201893311959727
EVS: 0.5545473313331657
