Model: GRU
MSE: 18.25657326804946
MAE: 3.920905925609447
EVS: 0.438710926099916
