Model: GRU
MSE: 15.298780810109308
MAE: 3.0925397872924805
EVS: 0.4886744316843583
