Model: GRU
MSE: 23.64450172842496
MAE: 4.145950652934887
EVS: 0.4550219180073589
