Model: GRU
MSE: 17.99589520986512
MAE: 3.7289142078823514
EVS: 0.5002422299931621
