Model: GRU
MSE: 21.02656645969775
MAE: 3.9521139992607965
EVS: 0.5698553031208904
