Model: GRU
MSE: 18.657684114120254
MAE: 3.508501158820258
EVS: 0.5696925010292171
