Model: GRU
MSE: 264.3601826362291
MAE: 15.151412451708758
EVS: -0.17334952194385989
