Model: GRU
MSE: 15.502313730576597
MAE: 3.278679194273772
EVS: 0.608239457521731
