Model: GRU
MSE: 17.448442239094774
MAE: 3.57906761875859
EVS: 0.5436132637098774
