Model: GRU
MSE: 19.18818502281284
MAE: 3.81124335748178
EVS: 0.5355514504530376
