Model: GRU
MSE: 13.167138111602492
MAE: 2.9769389541060836
EVS: 0.6503592820209187
