Model: GRU
MSE: 14.58160107310274
MAE: 3.2907007005479603
EVS: 0.5518334372951788
