Model: GRU
MSE: 30.969433511874545
MAE: 4.678870783911811
EVS: 0.15489003972224336
