Model: GRU
MSE: 26.056393814786716
MAE: 3.6748994014881275
EVS: 0.30820460844560016
