Model: GRU
MSE: 11.919743365499134
MAE: 3.0598021613226996
EVS: 0.6036349831864124
