Model: GRU
MSE: 14.848938773449019
MAE: 3.094794591267904
EVS: 0.6252591798686554
