Model: GRU
MSE: 21.58724654813104
MAE: 3.878690313409876
EVS: 0.5049417887058147
