Model: GRU
MSE: 25.489082484978418
MAE: 4.380677329169379
EVS: 0.5252688000484439
