Model: GRU
MSE: 18.491647041231616
MAE: 3.7101136401847556
EVS: 0.4162425462400625
