Model: GRU
MSE: 15.56615429000877
MAE: 3.3189789100929543
EVS: 0.6360231304550208
