Model: GRU
MSE: 22.489604947340112
MAE: 4.190728505452474
EVS: 0.40070906208988044
