Model: GRU
MSE: 22.494249407231656
MAE: 4.213386871196605
EVS: 0.45273407972512725
