Model: GRU
MSE: 14.12444488214989
MAE: 3.1517001258002386
EVS: 0.6098223555013145
