Model: GRU
MSE: 19.757403632187888
MAE: 3.8683259928667986
EVS: 0.5497909469697346
