Model: GRU
MSE: 14.475784762461775
MAE: 3.3019138000629566
EVS: 0.5759148023866958
