Model: GRU
MSE: 21.207860718962188
MAE: 3.9151468806796603
EVS: 0.43001921581187474
