Model: GRU
MSE: 18.949400694151926
MAE: 3.5973274442884655
EVS: 0.44382992226868523
