Model: GRU
MSE: 30.95320624718899
MAE: 4.625979282237865
EVS: 0.35070654667130907
