Model: GRU
MSE: 13.605834688486235
MAE: 3.1419667491206416
EVS: 0.6083560694079547
