Model: GRU
MSE: 24.84439451401469
MAE: 4.4462081944500955
EVS: 0.42983643201346844
