Model: GRU
MSE: 15.092728549083748
MAE: 3.4498084916008844
EVS: 0.5055371873691661
