Model: GRU
MSE: 15.057505369294404
MAE: 3.2069785683243364
EVS: 0.5987499019158088
