Model: GRU
MSE: 14.108048598510079
MAE: 3.260201930999756
EVS: 0.5859303713675836
