Model: GRU
MSE: 13.640183559269905
MAE: 2.8386822983070656
EVS: 0.6238544322941298
