Model: GRU
MSE: 28.922609702626747
MAE: 4.4862236976623535
EVS: 0.1901559981626888
