Model: GRU
MSE: 16.119950862979202
MAE: 3.5235376534638583
EVS: 0.46051720482117253
