Model: GRU
MSE: 16.742847175081412
MAE: 3.3711256980895996
EVS: 0.6064662016282234
