Model: GRU
MSE: 24.072307475398855
MAE: 4.299520881087692
EVS: 0.36393142682342006
