Model: GRU
MSE: 12.908512112074227
MAE: 2.938839453238028
EVS: 0.6483766284096003
