Model: GRU
MSE: 14.720006809032713
MAE: 3.1523513617338956
EVS: 0.6336879104255918
