Model: GRU
MSE: 16.313220559668935
MAE: 3.385119402850116
EVS: 0.5886285712717352
