Model: GRU
MSE: 26.716612873212686
MAE: 4.305227632875796
EVS: 0.4389533673880739
