Model: GRU
MSE: 15.187174517336164
MAE: 3.548888683319092
EVS: 0.5080441816619816
