Model: GRU
MSE: 17.408598035496315
MAE: 3.660813402246546
EVS: 0.4749117825418264
