Model: GRU
MSE: 12.811428483669339
MAE: 3.133097251256307
EVS: 0.5850677343838235
