Model: GRU
MSE: 39.602474185495744
MAE: 5.365763240390354
EVS: 0.17334987043438543
