Model: GRU
MSE: 23.380546073741048
MAE: 4.393965103008129
EVS: 0.3661986057077403
