Model: GRU
MSE: 12.93111439736198
MAE: 2.8597307823322438
EVS: 0.6525958165241637
