Model: GRU
MSE: 18.960516477873398
MAE: 3.682111793094211
EVS: 0.47444966573145964
