Model: GRU
MSE: 25.01650129707357
MAE: 4.253754792390047
EVS: 0.29993032287337806
