Model: GRU
MSE: 21.161729666206046
MAE: 3.7752538080568665
EVS: 0.40613309693516153
