Model: GRU
MSE: 18.38484516928942
MAE: 3.6488909368161804
EVS: 0.5489511388619979
