Model: GRU
MSE: 25.20074796150786
MAE: 3.972922854953342
EVS: 0.27668156981850134
