Model: GRU
MSE: 17.416288658471498
MAE: 3.6096821184511536
EVS: 0.41288957239518986
