Model: GRU
MSE: 25.81685360834954
MAE: 4.422479117358172
EVS: 0.29696065141392847
