Model: GRU
MSE: 16.390930340321702
MAE: 3.659273483135082
EVS: 0.5238094112160561
