Model: GRU
MSE: 18.472284142370807
MAE: 3.8812474321435997
EVS: 0.4160965523265163
