Model: GRU
MSE: 18.056605853457896
MAE: 3.3007748038680464
EVS: 0.4977311549366207
