Model: GRU
MSE: 26.070115574426836
MAE: 4.272180733857332
EVS: 0.2874134975357041
