Model: GRU
MSE: 21.737730859302584
MAE: 4.079712903058088
EVS: 0.4255604124465956
