Model: GRU
MSE: 14.509832257238081
MAE: 3.213522946393048
EVS: 0.6313829270297031
