Model: GRU
MSE: 19.440971620428424
MAE: 3.840184635586209
EVS: 0.49811637806582243
