Model: GRU
MSE: 12.275779532358658
MAE: 3.0118309126959906
EVS: 0.6130489505942285
