Model: GRU
MSE: 29.116850206150403
MAE: 4.728760719299316
EVS: 0.30611299663124925
