Model: GRU
MSE: 19.71679748324346
MAE: 3.419304035328053
EVS: 0.45278871817990984
