Model: GRU
MSE: 19.456579487548524
MAE: 3.5681405244050204
EVS: 0.5593206959922696
