Model: GRU
MSE: 15.242543207492359
MAE: 3.5330990155537925
EVS: 0.5001641663727803
