Model: GRU
MSE: 23.65584787531682
MAE: 4.0484073250382036
EVS: 0.561459956913962
