Model: GRU
MSE: 13.418138340086106
MAE: 3.114561434145327
EVS: 0.648513297640066
