Model: GRU
MSE: 16.398240592136315
MAE: 3.5513407742535628
EVS: 0.45477463109744576
