Model: GRU
MSE: 31.784737244708502
MAE: 4.869724503269902
EVS: 0.30639018797029205
