Model: GRU
MSE: 21.71426561457294
MAE: 3.717282047978154
EVS: 0.39418534218110646
