Model: GRU
MSE: 14.811799656754728
MAE: 3.154401072749385
EVS: 0.6154620907682746
