Model: GRU
MSE: 14.788081754725411
MAE: 3.2590126814665616
EVS: 0.5443017281729132
