Model: GRU
MSE: 15.873118054388796
MAE: 3.4804803177162453
EVS: 0.48321292716675124
