Model: GRU
MSE: 16.179824855830493
MAE: 3.6103131859390825
EVS: 0.5419750655875094
