Model: GRU
MSE: 16.4674791341301
MAE: 3.658265396400734
EVS: 0.4907561056659021
