Model: GRU
MSE: 26.785428280252468
MAE: 4.17670707349424
EVS: 0.475491305801344
