Model: GRU
MSE: 24.74325300030801
MAE: 4.101578571178295
EVS: 0.3114707382932186
