Model: GRU
MSE: 17.31642529891097
MAE: 3.682138937490958
EVS: 0.43241578292527616
