Model: GRU
MSE: 12.902068710014655
MAE: 2.892901155683729
EVS: 0.6707103910407722
