Model: GRU
MSE: 26.199875413276224
MAE: 4.117866339506926
EVS: 0.3502752339298799
