Model: GRU
MSE: 12.94969728367819
MAE: 3.1067747010125055
EVS: 0.6054128488886639
