Model: GRU
MSE: 17.136613828673134
MAE: 3.7121477833500616
EVS: 0.5047120764086311
