Model: GRU
MSE: 16.096051775158593
MAE: 3.2821135874147767
EVS: 0.5820271891791322
