Model: GRU
MSE: 16.48467091877373
MAE: 3.52724732293023
EVS: 0.5774266661658785
