Model: GRU
MSE: 25.880906701483294
MAE: 4.297257741292317
EVS: 0.3988179101146636
