Model: GRU
MSE: 16.654519929762365
MAE: 3.3831855632640697
EVS: 0.6080919597709081
