Model: GRU
MSE: 25.07491516291873
MAE: 4.282407142497875
EVS: 0.3065979633105965
