Model: GRU
MSE: 24.50966704280243
MAE: 3.8185122454607927
EVS: 0.43706409221567466
