Model: GRU
MSE: 29.056583951347218
MAE: 4.427749386540166
EVS: 0.2871035996446709
