Model: GRU
MSE: 15.051142241358791
MAE: 3.347450856809263
EVS: 0.49329651773945205
