Model: GRU
MSE: 33.13480891226736
MAE: 4.853441626937301
EVS: 0.3685325977921948
