Model: GRU
MSE: 13.906836604610875
MAE: 3.3116020803098327
EVS: 0.5735074946639895
