Model: GRU
MSE: 31.32512854906547
MAE: 4.857125812106663
EVS: 0.20100284273801117
