Model: GRU
MSE: 24.03063070745009
MAE: 4.173513218208596
EVS: 0.5054338314319117
