Model: GRU
MSE: 27.087392108799786
MAE: 4.507708143304895
EVS: 0.34369224663649944
