Model: GRU
MSE: 17.048639469433223
MAE: 3.6766489523428456
EVS: 0.42627284927489717
