Model: GRU
MSE: 16.149316653403183
MAE: 3.610538606290464
EVS: 0.474165760642123
