Model: GRU
MSE: 13.416882329462691
MAE: 3.159776722943341
EVS: 0.5607892854936487
