Model: GRU
MSE: 193.35778206859723
MAE: 12.512908970868146
EVS: -0.03385710742003556
