Model: GRU
MSE: 17.73501005485893
MAE: 3.329009978859513
EVS: 0.4022163295223279
