Model: GRU
MSE: 22.91386758378356
MAE: 3.5608099654868797
EVS: 0.40497520339655724
