Model: GRU
MSE: 10.555423354824942
MAE: 2.662422127193875
EVS: 0.6513124544641946
