Model: GRU
MSE: 11.277279760138455
MAE: 2.777761777242025
EVS: 0.6270302411366211
