Model: GRU
MSE: 21.050917241277222
MAE: 3.660555221416332
EVS: 0.41643079741224687
