Model: GRU
MSE: 6187.325627434007
MAE: 78.46708001030817
EVS: -0.019850769892705733
