Model: GRU
MSE: 26.75599788669828
MAE: 4.2411733380070435
EVS: 0.4093987677900165
