Model: GRU
MSE: 25.22768451349881
MAE: 4.230610388296622
EVS: 0.43721482573573445
