Model: GRU
MSE: 20.717225006768608
MAE: 3.51908395908497
EVS: 0.5777066096310485
