Model: GRU
MSE: 12.422384700945704
MAE: 2.976821705147072
EVS: 0.6223134833140695
