Model: GRU
MSE: 13.993664047049354
MAE: 3.2130149911951134
EVS: 0.5940344746444569
