Model: GRU
MSE: 16.80981302537546
MAE: 3.598479659469039
EVS: 0.4390059001717892
