Model: GRU
MSE: 18.293203773425407
MAE: 3.8642765327736184
EVS: 0.4041264672987632
