Model: GRU
MSE: 12.669083125274087
MAE: 2.9868306583828397
EVS: 0.6243223733527896
