Model: GRU
MSE: 17.520645318275708
MAE: 3.7316280294347695
EVS: 0.4609624183883816
