Model: GRU
MSE: 15.78067335844875
MAE: 3.0255883358142994
EVS: 0.5631865153065643
