Model: GRU
MSE: 14.127068183068937
MAE: 3.362818576671459
EVS: 0.5597857538237323
