Model: GRU
MSE: 16.7483012144565
MAE: 3.728478025507044
EVS: 0.48512988382383304
