Model: GRU
MSE: 25.577534766422755
MAE: 4.106821404563056
EVS: 0.3455588594987148
