Model: GRU
MSE: 14.948235020102553
MAE: 3.518352331938567
EVS: 0.5049497993045899
