Model: GRU
MSE: 27.517281885819692
MAE: 4.292900368019387
EVS: 0.3999384649135346
