Model: GRU
MSE: 26.347340457387073
MAE: 4.392792790024369
EVS: 0.26186264097802747
