Model: GRU
MSE: 28.14106348240557
MAE: 4.67872817175729
EVS: 0.2606423548695902
