Model: GRU
MSE: 13.115626197562758
MAE: 3.014192263285319
EVS: 0.6090692415019884
