Model: GRU
MSE: 33.470156449739456
MAE: 4.8774971608762385
EVS: 0.3794341015356072
