Model: GRU
MSE: 37.44525147703195
MAE: 5.351054120946814
EVS: -0.007596303520178482
