Model: GRU
MSE: 16.11685529423402
MAE: 3.6420077041343406
EVS: 0.5474696798619887
