Model: GRU
MSE: 34.72285813537827
MAE: 4.9022054495634855
EVS: 0.254736118984642
