Model: GRU
MSE: 21.72414489487982
MAE: 4.205975514871103
EVS: 0.42811230988873994
