Model: GRU
MSE: 12.553336649810692
MAE: 2.8645582022490323
EVS: 0.6872531069239791
