Model: GRU
MSE: 7596.031714103277
MAE: 86.99030360469112
EVS: 0.0
