Model: GRU
MSE: 22.731347004651045
MAE: 4.236674538365117
EVS: 0.392352585706666
