Model: GRU
MSE: 15.518372648612967
MAE: 3.4439184400770397
EVS: 0.5186100167005012
