Model: GRU
MSE: 896.8888885946611
MAE: 29.212534657231085
EVS: -0.22305805241965726
