Model: GRU
MSE: 28.807117154082782
MAE: 4.344184151402226
EVS: 0.3568241757654057
