Model: GRU
MSE: 17.384833580151717
MAE: 3.6578295672381365
EVS: 0.5594321591728714
