Model: GRU
MSE: 23.710228480228917
MAE: 4.236110934504756
EVS: 0.49199953174872824
