Model: GRU
MSE: 27.014472952932632
MAE: 4.3432374530368385
EVS: 0.45323815844818993
