Model: GRU
MSE: 24.697364162040962
MAE: 4.134430982448436
EVS: 0.31314614119475304
