Model: GRU
MSE: 29.040628775067397
MAE: 4.536322681992142
EVS: 0.42818201110373577
