Model: GRU
MSE: 2914.471638854277
MAE: 53.71876441107856
EVS: 0.029956241004719053
