Model: GRU
MSE: 33.98535809169783
MAE: 5.1101598209804955
EVS: 0.1589952583504849
