Model: GRU
MSE: 21.80374372928998
MAE: 4.168500635359022
EVS: 0.43727685181148823
