Model: GRU
MSE: 13.371426090566569
MAE: 3.1850906478034124
EVS: 0.6140755070832213
