Model: GRU
MSE: 14.111957470444942
MAE: 3.029639403025309
EVS: 0.6447491444022537
