Model: GRU
MSE: 21.797407644845844
MAE: 3.715400060017904
EVS: 0.4142831987235096
