Model: GRU
MSE: 24.759674573307265
MAE: 4.063127694306551
EVS: 0.584820468618645
