Model: GRU
MSE: 14.887110481859155
MAE: 3.249961499814634
EVS: 0.5860465270803417
