Model: GRU
MSE: 16.424472697630453
MAE: 3.4174591347023293
EVS: 0.6389749749277772
