Model: GRU
MSE: 17.50163581251974
MAE: 3.552497793126989
EVS: 0.4492005829651238
