Model: GRU
MSE: 34.60655063048457
MAE: 4.786765266347815
EVS: 0.12173686477536172
