Model: GRU
MSE: 15.785477625451247
MAE: 3.4704802301194935
EVS: 0.5367016808211196
