Model: GRU
MSE: 28.240047569545638
MAE: 4.483331291763871
EVS: 0.2627219335354921
