Model: GRU
MSE: 11.308680738200076
MAE: 2.686617038868092
EVS: 0.6232467574667204
