Model: GRU
MSE: 18.70952528302938
MAE: 3.6735729817990905
EVS: 0.5419507604430562
