Model: GRU
MSE: 32.51685608054628
MAE: 4.802083792509856
EVS: 0.3593792147838498
