Model: GRU
MSE: 16.24291197979372
MAE: 3.4719690923337585
EVS: 0.45572587291002287
