Model: GRU
MSE: 13.646827347580441
MAE: 3.1758372342145003
EVS: 0.6063875820433579
