Model: GRU
MSE: 21.654775742226565
MAE: 3.7700550114666975
EVS: 0.46807089775658206
