Model: GRU
MSE: 11.903161114300845
MAE: 2.7684156629774304
EVS: 0.6385620853813436
