Model: GRU
MSE: 13.164192043041465
MAE: 2.9849721414071544
EVS: 0.607705564896978
