Model: GRU
MSE: 31.945072644354536
MAE: 4.918380472395155
EVS: 0.38378671899978845
