Model: GRU
MSE: 17.85150502295731
MAE: 3.6462467158282243
EVS: 0.5970433044829636
