Model: GRU
MSE: 16.540870119315304
MAE: 3.6707604549549244
EVS: 0.5010464722036041
