Model: GRU
MSE: 14.792931086276585
MAE: 3.179250125531797
EVS: 0.57939941364474
