Model: GRU
MSE: 16.280295884037
MAE: 3.4033714047184698
EVS: 0.5830948632841066
