Model: GRU
MSE: 14.526444854396939
MAE: 3.247160487704807
EVS: 0.5895450953777981
