Model: GRU
MSE: 18.522987873774078
MAE: 3.561629048100224
EVS: 0.5939399318749714
