Model: GRU
MSE: 16.364757561323973
MAE: 3.512292155513057
EVS: 0.6066014949168432
