Model: GRU
MSE: 18.182550039251282
MAE: 3.5510221234074346
EVS: 0.5939704435426425
