Model: GRU
MSE: 28.143191429518808
MAE: 4.490786057931405
EVS: 0.43830252936383307
