Model: GRU
MSE: 16.678853820343218
MAE: 3.245508176309091
EVS: 0.6230906088105397
