Model: GRU
MSE: 25.6533916110892
MAE: 4.217928639164677
EVS: 0.3918678154497218
