Model: GRU
MSE: 13.163787393125707
MAE: 3.2120465879087097
EVS: 0.5643113071185624
