Model: GRU
MSE: 13.940038352844441
MAE: 3.34447502206873
EVS: 0.5725186738230692
