Model: GRU
MSE: 19.22593975051088
MAE: 3.7900281482272677
EVS: 0.41856572095233624
