Model: GRU
MSE: 25.72983159196563
MAE: 4.35483999605532
EVS: 0.13255873452958622
