Model: GRU
MSE: 19.150446521691105
MAE: 3.917170860149242
EVS: 0.47868115801348265
