Model: GRU
MSE: 18.092553720397003
MAE: 3.668908631360089
EVS: 0.5250843238082534
