Model: GRU
MSE: 24.212634678874288
MAE: 4.198132497292978
EVS: 0.5160881435012145
