Model: GRU
MSE: 27.743302441857505
MAE: 4.059080565417254
EVS: 0.28551705368831537
