Model: GRU
MSE: 29.307132545401558
MAE: 4.673011903409605
EVS: 0.332317725633142
