Model: GRU
MSE: 15.080814071807012
MAE: 3.318277526784826
EVS: 0.5177196830356865
