Model: GRU
MSE: 20.256756169336178
MAE: 4.0895665839866355
EVS: 0.4339814605957
