Model: GRU
MSE: 23.825369910704676
MAE: 3.8838475015428333
EVS: 0.3773057881819012
