Model: GRU
MSE: 50.02463153858572
MAE: 6.05848714157387
EVS: -0.24919444266903001
