Model: GRU
MSE: 14.099582298155829
MAE: 3.1034394900004068
EVS: 0.6388072367855278
