Model: GRU
MSE: 20.8565338682569
MAE: 3.8221530384487576
EVS: 0.5451649861279897
