Model: GRU
MSE: 17.670454118029216
MAE: 3.7866518232557507
EVS: 0.46539700224992264
