Model: GRU
MSE: 17.61242497038
MAE: 3.6239874451248735
EVS: 0.5700096259694487
