Model: GRU
MSE: 16.374618598228405
MAE: 3.445512877570258
EVS: 0.44811850474610193
