Model: GRU
MSE: 43.36469512797933
MAE: 5.5653092949478715
EVS: 0.08779832921654118
