Model: GRU
MSE: 16.21150213009958
MAE: 3.5632409519619412
EVS: 0.5507347973086034
