Model: GRU
MSE: 17.32228394351743
MAE: 3.7350964192990905
EVS: 0.5035190815282214
