Model: GRU
MSE: 42.814825872178154
MAE: 5.573500262366401
EVS: -0.14017997435836071
