Model: GRU
MSE: 18.750773801383215
MAE: 3.681539941717077
EVS: 0.47436961311525583
