Model: GRU
MSE: 15.415313438412147
MAE: 3.587374281000208
EVS: 0.5050058277306992
