Model: GRU
MSE: 26.364707428192073
MAE: 4.276327062536169
EVS: 0.26026974825049554
