Model: GRU
MSE: 21.570618138471268
MAE: 3.8506588052820274
EVS: 0.3955059706473213
