Model: GRU
MSE: 20.788342244284028
MAE: 3.7372321022881403
EVS: 0.4300779899807772
