Model: GRU
MSE: 19.467930108927334
MAE: 3.817039136533384
EVS: 0.561953365951185
