Model: GRU
MSE: 33.07042119689464
MAE: 4.962326738569471
EVS: 0.1896154774572889
