Model: GRU
MSE: 15.246360263006265
MAE: 3.4993704160054526
EVS: 0.582812846336337
