Model: GRU
MSE: 25.604225751134603
MAE: 4.531017338788068
EVS: 0.45470885348743995
