Model: GRU
MSE: 11.006168531585562
MAE: 2.7392281779536494
EVS: 0.6338273384365096
