Model: GRU
MSE: 11.937355625341679
MAE: 2.793042050467597
EVS: 0.6525166185623379
