Model: GRU
MSE: 23.404246663931744
MAE: 3.628941429985894
EVS: 0.3837958018659615
