Model: GRU
MSE: 28.718906111577823
MAE: 4.58921875777068
EVS: 0.30162231646915993
