Model: GRU
MSE: 21.48777555801669
MAE: 3.812170240614149
EVS: 0.5891690446667068
