Model: GRU
MSE: 12.055797721462879
MAE: 2.964868775120488
EVS: 0.625301204110178
