Model: GRU
MSE: 25.754462199650863
MAE: 3.815449908927635
EVS: 0.29207674887691826
