Model: GRU
MSE: 16.702336732966018
MAE: 3.5547343536659524
EVS: 0.5478470931389692
