Model: GRU
MSE: 17.54272595514003
MAE: 3.75519918512415
EVS: 0.5525032810950923
