Model: GRU
MSE: 12.375440006477524
MAE: 3.0492608105694807
EVS: 0.59977310625913
