Model: GRU
MSE: 17.334732326813317
MAE: 3.5598428867481373
EVS: 0.5739927633210333
