Model: GRU
MSE: 15.296419676753253
MAE: 3.492386482380055
EVS: 0.5366625808411344
