Model: GRU
MSE: 6306.554297972703
MAE: 79.18948194715712
EVS: -2.220446049250313e-16
