Model: GRU
MSE: 37.48911890903773
MAE: 5.313193992332176
EVS: -0.01644094373433802
