Model: GRU
MSE: 25.38590392371053
MAE: 4.308393372429742
EVS: 0.30590517689844066
