Model: GRU
MSE: 24.346005888559947
MAE: 3.7900882650304726
EVS: 0.44918465347906755
