Model: GRU
MSE: 18.803133220152976
MAE: 3.664207935333252
EVS: 0.5397080276344309
