Model: GRU
MSE: 20.363100013542518
MAE: 3.87015058376171
EVS: 0.4427687378520413
