Model: GRU
MSE: 21.3836423170344
MAE: 3.7630144225226507
EVS: 0.5617694567752058
