Model: GRU
MSE: 16.5923860947784
MAE: 3.6059644840381764
EVS: 0.48435662720769557
