Model: GRU
MSE: 28.97246507610135
MAE: 4.223382649598299
EVS: 0.20781077658242852
