Model: GRU
MSE: 22.134231879331402
MAE: 4.148945861392551
EVS: 0.4585707008895792
