Model: GRU
MSE: 15.107409922996862
MAE: 3.2065967983669705
EVS: 0.6418600483084423
