Model: GRU
MSE: 17.45178697404751
MAE: 3.5140637821621366
EVS: 0.5372764919674535
