Model: GRU
MSE: 22.347497401149607
MAE: 3.934608017956769
EVS: 0.5835941337298841
