Model: GRU
MSE: 26.336878579623594
MAE: 4.33175042823509
EVS: 0.29297625843612607
