Model: GRU
MSE: 18.359887543057287
MAE: 3.862324432090477
EVS: 0.4822132151932671
