Model: GRU
MSE: 21.570163376275012
MAE: 3.8516945485715515
EVS: 0.6139402091085431
