Model: GRU
MSE: 15.220217862125294
MAE: 3.3891186360959655
EVS: 0.5826551999119535
