Model: GRU
MSE: 21.90324825618021
MAE: 4.11018110204626
EVS: 0.46138917259865486
