Model: GRU
MSE: 27.873519610146566
MAE: 4.379563076155526
EVS: 0.28405848460267424
