Model: GRU
MSE: 17.111591827852735
MAE: 3.6030003053170665
EVS: 0.5564653560602651
