Model: GRU
MSE: 30.489332681796085
MAE: 4.631216296443233
EVS: 0.2500474122137484
