Model: GRU
MSE: 18.386495519231463
MAE: 3.867953406439887
EVS: 0.4938227334681049
