Model: GRU
MSE: 18.50032080504067
MAE: 3.870409471017343
EVS: 0.4108075792195639
