Model: GRU
MSE: 15.898761153026376
MAE: 3.1487566276832863
EVS: 0.4916805840326832
