Model: GRU
MSE: 23.834843290069987
MAE: 4.050356405752677
EVS: 0.49884799675476377
