Model: GRU
MSE: 16.154361293577363
MAE: 3.5157606954927796
EVS: 0.519231457167713
