Model: GRU
MSE: 19.30419773894591
MAE: 3.4846016389352306
EVS: 0.5035424259418799
