Model: GRU
MSE: 27.536546062936136
MAE: 4.367164594155771
EVS: 0.3849638917764172
