Model: GRU
MSE: 15.802788580255882
MAE: 3.280172595271358
EVS: 0.6003936282436237
