Model: GRU
MSE: 26.45863702795487
MAE: 4.216776626450675
EVS: 0.4883998061038385
