Model: GRU
MSE: 18.418779895343253
MAE: 3.622007299352575
EVS: 0.5539547698761305
