Model: GRU
MSE: 12.692390533871697
MAE: 3.1055042478773327
EVS: 0.6289318826178578
