Model: GRU
MSE: 34.52499681523527
MAE: 5.328035054383455
EVS: -0.13391001438359007
