Model: GRU
MSE: 13.113528395249482
MAE: 3.095989474543819
EVS: 0.6381113830970255
