Model: GRU
MSE: 19.772150597255774
MAE: 3.626733567979601
EVS: 0.4909248248550345
