Model: GRU
MSE: 14.854511378628912
MAE: 3.3245551497847945
EVS: 0.5415908972214418
