Model: GRU
MSE: 20.35684250260747
MAE: 4.043346634617558
EVS: 0.37875403977503097
