Model: GRU
MSE: 22.34399942129828
MAE: 3.865478921819616
EVS: 0.38994164194238967
