Model: GRU
MSE: 21.517460404328435
MAE: 3.696231895022922
EVS: 0.43045217950503556
