Model: GRU
MSE: 124.5944504969637
MAE: 9.437352176065799
EVS: 0.0013887624734704174
