Model: GRU
MSE: 18.05474726437724
MAE: 3.57847171359592
EVS: 0.6005273503967284
