Model: GRU
MSE: 20.1002159562293
MAE: 3.780562241872152
EVS: 0.3221921866412987
