Model: GRU
MSE: 13.896451256712066
MAE: 3.175746794100161
EVS: 0.6162191061657751
