Model: GRU
MSE: 11.570433063013752
MAE: 2.7930015281394676
EVS: 0.6391670968240102
