Model: GRU
MSE: 19.49761349913862
MAE: 3.657145305916115
EVS: 0.5838201963095827
