Model: GRU
MSE: 31.980365789619285
MAE: 4.867195906462492
EVS: 0.15016043304827098
