Model: GRU
MSE: 16.91945323520826
MAE: 3.474185555069535
EVS: 0.5959278376162656
