Model: GRU
MSE: 24.634464926949637
MAE: 3.965957906511095
EVS: 0.43410585515625777
