Model: GRU
MSE: 42.95861614040392
MAE: 5.520547662462507
EVS: 0.050218151637766884
