Model: GRU
MSE: 24.68326199465248
MAE: 3.9856071295561613
EVS: 0.33444770934582824
