Model: GRU
MSE: 24.091586019386213
MAE: 4.307192608162209
EVS: 0.48872606519496475
