Model: GRU
MSE: 19.789386342170584
MAE: 3.5638848234105995
EVS: 0.6234263067958183
