Model: GRU
MSE: 15.4270370630494
MAE: 3.314502927992079
EVS: 0.5361814530317845
