Model: GRU
MSE: 24.43166255781871
MAE: 4.1250741040265115
EVS: 0.42424510260329296
