Model: GRU
MSE: 15.272840050093489
MAE: 3.5047265511971935
EVS: 0.5315178083459453
