Model: GRU
MSE: 15.020518289226924
MAE: 3.2995101787425853
EVS: 0.5615034075663109
