Model: GRU
MSE: 21.195801821411376
MAE: 4.08596079437821
EVS: 0.4220444520327741
