Model: GRU
MSE: 15.757528258033501
MAE: 3.5892931090460882
EVS: 0.5008083887348209
