Model: GRU
MSE: 23.0549482069433
MAE: 4.2023655396920665
EVS: 0.4786909136788071
