Model: GRU
MSE: 24.398334886780564
MAE: 4.296268622080485
EVS: 0.43614714475726835
