Model: GRU
MSE: 26.199765166352876
MAE: 4.200931619714807
EVS: 0.3627953460843443
