Model: GRU
MSE: 19.73602663706208
MAE: 3.888356509032073
EVS: 0.5649001499714975
