Model: GRU
MSE: 25.540403154156415
MAE: 4.401036103566487
EVS: 0.458174492153557
