Model: GRU
MSE: 21.710678013444614
MAE: 3.9922243930675365
EVS: 0.4201812036473095
