Model: GRU
MSE: 1020.6021638850065
MAE: 31.33502550478335
EVS: -0.3056559452399128
