Model: GRU
MSE: 28.71342771759934
MAE: 4.290583787141023
EVS: 0.37655443212383666
