Model: GRU
MSE: 10.948152219535089
MAE: 2.7930382092793784
EVS: 0.6373829582942925
