Model: GRU
MSE: 11.555540659787379
MAE: 2.8653737527352794
EVS: 0.6516823598433636
