Model: GRU
MSE: 29.249509305223302
MAE: 4.765393575032552
EVS: 0.37916388492508346
