Model: GRU
MSE: 17.06159129018076
MAE: 3.6295581570378057
EVS: 0.5303028580664619
