Model: GRU
MSE: 19.10645302554582
MAE: 3.8055949917546026
EVS: 0.5387445802106403
