Model: GRU
MSE: 18.788296192537196
MAE: 3.7362291371380842
EVS: 0.5372495172654564
