Model: GRU
MSE: 20.07671564244515
MAE: 3.948800139957004
EVS: 0.5105806743233752
