Model: GRU
MSE: 20.077269553211316
MAE: 3.676063166724311
EVS: 0.5456269432503125
