Model: GRU
MSE: 19.740303211624155
MAE: 3.850085594035961
EVS: 0.5296657206095958
