Model: GRU
MSE: 21.88052979146424
MAE: 4.231102236994991
EVS: 0.4353431162402771
