Model: GRU
MSE: 16.006679675470362
MAE: 3.532755657478615
EVS: 0.5420282243159513
