Model: GRU
MSE: 25.047264493228298
MAE: 4.4141956435309515
EVS: 0.45132553209214
