Model: GRU
MSE: 14.13003219412192
MAE: 3.2412772002043546
EVS: 0.5928954234290518
