Model: GRU
MSE: 23.95115194462883
MAE: 3.902527689933777
EVS: 0.3342543104192732
