Model: GRU
MSE: 13.892818412233535
MAE: 3.265841801961263
EVS: 0.5708015078855451
