Model: GRU
MSE: 19.03353719484881
MAE: 3.9517152221114547
EVS: 0.38446279807625405
