Model: GRU
MSE: 15.326239420326036
MAE: 3.374729386082402
EVS: 0.5837207761351
