Model: GRU
MSE: 23.578784117524552
MAE: 4.117086763735171
EVS: 0.4584099883138053
