Model: GRU
MSE: 688.4388238392256
MAE: 25.419790903727215
EVS: -0.1881045781578916
