Model: GRU
MSE: 23.873777316076392
MAE: 3.9077584125377514
EVS: 0.46497690977387307
