Model: GRU
MSE: 14.90696181860217
MAE: 3.4418660446449563
EVS: 0.5696646260534972
