Model: GRU
MSE: 20.72942636059204
MAE: 3.9466319967199257
EVS: 0.5227881985994404
