Model: GRU
MSE: 16.316864278677013
MAE: 3.677571738207782
EVS: 0.5280698686569235
