Model: GRU
MSE: 16.925700962485575
MAE: 3.6340284524140536
EVS: 0.5004672444595211
