Model: GRU
MSE: 16.51900678809593
MAE: 3.372339707833749
EVS: 0.6546261536311901
