Model: GRU
MSE: 18.31399250424077
MAE: 3.5296153492397733
EVS: 0.6067810889172962
