Model: GRU
MSE: 23.302633584410092
MAE: 3.9576626177187317
EVS: 0.5709410206223033
