Model: GRU
MSE: 22.466587542202507
MAE: 3.9439502468815557
EVS: 0.4553460071694905
