Model: GRU
MSE: 15.084591519542089
MAE: 3.4458347426520453
EVS: 0.5709965688536612
