Model: GRU
MSE: 14.513635254467975
MAE: 3.160039513199418
EVS: 0.5723745614327732
