Model: GRU
MSE: 17.64511299437696
MAE: 3.3885895587779857
EVS: 0.6673286554314569
