Model: GRU
MSE: 14.464421049783494
MAE: 3.236068513658312
EVS: 0.6266123445541558
