Model: GRU
MSE: 35.17634443459797
MAE: 4.8504529882360385
EVS: 0.3504914106418876
