Model: GRU
MSE: 22.674030616615273
MAE: 3.7408210966322155
EVS: 0.3773557019914977
