Model: GRU
MSE: 27.431905818638278
MAE: 4.223157087961833
EVS: 0.34100439290599815
