Model: GRU
MSE: 426.31189529306914
MAE: 19.657452413014003
EVS: -0.1626087042728539
