Model: GRU
MSE: 16.838780921425784
MAE: 3.3743617799546985
EVS: 0.6228607231224091
