Model: GRU
MSE: 14.57964146450769
MAE: 3.1120707194010415
EVS: 0.5993516791243894
