Model: GRU
MSE: 15.20254781535733
MAE: 3.287980909700747
EVS: 0.5986053872324891
