Model: GRU
MSE: 14.285216359763286
MAE: 3.2796969060544616
EVS: 0.579477150421108
