Model: GRU
MSE: 12.741318936251563
MAE: 3.0521326065063477
EVS: 0.6051924124015597
