Model: GRU
MSE: 29.647623802657606
MAE: 4.482225126690334
EVS: 0.1928897769877379
