Model: GRU
MSE: 16.613152111852802
MAE: 3.682335482703315
EVS: 0.4509456498398965
