Model: GRU
MSE: 13.32893318687086
MAE: 3.0957825625384294
EVS: 0.5936429161795227
