Model: GRU
MSE: 27.475219052934076
MAE: 4.182526394172951
EVS: 0.43247533230568336
