Model: GRU
MSE: 15.274498178940037
MAE: 3.545972788775409
EVS: 0.498960505414655
