Model: GRU
MSE: 17.24750559816677
MAE: 3.4731901663321034
EVS: 0.6071916078328732
