Model: GRU
MSE: 23.277621374146165
MAE: 4.036296650215432
EVS: 0.3817049218735019
