Model: GRU
MSE: 16.335450612015546
MAE: 3.2169473436143665
EVS: 0.6068038890865404
