Model: GRU
MSE: 12.943213759537162
MAE: 2.9121176401774087
EVS: 0.6478310055923305
