Model: GRU
MSE: 14.000120755850242
MAE: 3.304502840395327
EVS: 0.5636637918260621
