Model: GRU
MSE: 18.140351646189956
MAE: 3.75611886271724
EVS: 0.40952750694581275
