Model: GRU
MSE: 22.8249617003007
MAE: 4.069097766169795
EVS: 0.35849403261466883
