Model: GRU
MSE: 850.2965638599233
MAE: 28.453796174791123
EVS: -0.3717409722616909
