Model: GRU
MSE: 24.312335392896372
MAE: 4.156159807134558
EVS: 0.3980068560395392
