Model: GRU
MSE: 16.066542876401005
MAE: 3.319240340480098
EVS: 0.4725846271309331
