Model: GRU
MSE: 29.702546981573246
MAE: 4.503746368266918
EVS: 0.2958758130657627
