Model: GRU
MSE: 15.314537752469127
MAE: 3.154133337515372
EVS: 0.5908929640713563
