Model: GRU
MSE: 20.411537380846227
MAE: 4.183287373295537
EVS: 0.37521396446275135
