Model: sequential_7
MSE: 1.0063424222753383
MAE: 1.0031661987304688
EVS: 1.0
