Model: sequential_7
MSE: 8.315783488938292
MAE: 1.8241964975992822
EVS: 0.6691232954941411
