Model: sequential_20
MSE: 0.00024516802108465185
MAE: 0.01565784215927124
EVS: 1.0
