Model: sequential_20
MSE: 0.2799560672729318
MAE: 0.3358372747898102
EVS: 0.720309410735499
