Model: GRU
MSE: 6.022131068841087
MAE: 1.9593780305650494
EVS: 0.4059214835629532
