Model: GRU
MSE: 6.357744617241086
MAE: 1.8381487175270357
EVS: 0.6385694061089912
