Model: GRU
MSE: 7.88176367920173
MAE: 2.357683429011592
EVS: 0.5592895903280641
