Model: GRU
MSE: 14.531822289928812
MAE: 3.1313395853395805
EVS: 0.4658724168923122
