Model: GRU
MSE: 5.9089221457265815
MAE: 1.7863620652092822
EVS: 0.6165013090444464
