Model: GRU
MSE: 7680.756804558628
MAE: 87.58265318693938
EVS: 0.0
