Model: GRU
MSE: 13.28411620353263
MAE: 3.19436991656268
EVS: 0.6930829248311314
