Model: GRU
MSE: 12.42715532618699
MAE: 2.736761949680469
EVS: 0.18412027966682432
