Model: GRU
MSE: 11.085125959092183
MAE: 2.862283600701226
EVS: 0.6850426767643198
