Model: GRU
MSE: 18.18793067289297
MAE: 3.860436580799243
EVS: 0.6726714191851981
