Model: GRU
MSE: 10.137769246389187
MAE: 2.811091352392125
EVS: 0.5229201512240207
