Model: GRU
MSE: 153.98655092871394
MAE: 11.8773049292741
EVS: 0.00550336292189979
