Model: GRU
MSE: 15.364301468508096
MAE: 3.555891266575565
EVS: 0.5880182843087352
