Model: GRU
MSE: 13.122253528074392
MAE: 3.0202610691388436
EVS: 0.43919854428353056
