Model: GRU
MSE: 7.651282462873494
MAE: 2.0590469219066474
EVS: 0.6313935896614109
