Model: GRU
MSE: 7.857482208276853
MAE: 2.1324484436600293
EVS: 0.6700451082881829
