Model: GRU
MSE: 7.693995791803088
MAE: 2.0100354795102713
EVS: 0.6238187989005624
