Model: GRU
MSE: 8.81449729193645
MAE: 2.501281649978072
EVS: 0.6037713148958674
