Model: GRU
MSE: 5.838949805404132
MAE: 1.9686296604297775
EVS: 0.5809856818691106
