Model: GRU
MSE: 4.647505791803076
MAE: 1.538787682851156
EVS: 0.5480618177090435
