Model: GRU
MSE: 5.830224951028672
MAE: 1.8319323681018966
EVS: 0.6487467676152135
