Model: GRU
MSE: 5.905365708528716
MAE: 1.6909748006750032
EVS: 0.5932162787940135
