Model: GRU
MSE: 7.272606984068931
MAE: 2.274676358258282
EVS: 0.5127855725425594
