Model: GRU
MSE: 12.894220515178997
MAE: 3.024440747720223
EVS: 0.5403518975274189
