Model: GRU
MSE: 18.51082548265495
MAE: 3.8476190699471355
EVS: 0.31142889289528053
