Model: GRU
MSE: 13.226699754872179
MAE: 2.906903213924831
EVS: 0.6219686776934938
