Model: GRU
MSE: 4.588785217368139
MAE: 1.431541442871094
EVS: 0.5655681461326265
