Model: GRU
MSE: 14.554570074725508
MAE: 3.388191841266772
EVS: 0.6572151419117103
