Model: GRU
MSE: 5.845476505468547
MAE: 2.0614049876177756
EVS: 0.5537476273614499
