Model: GRU
MSE: 13.58035043527603
MAE: 3.3180483182271314
EVS: 0.36824209258590734
