Model: GRU
MSE: 10.482468502140334
MAE: 2.706250667572021
EVS: 0.5739230312664965
