Model: GRU
MSE: 9.97440906249714
MAE: 2.5184236764907832
EVS: 0.45534841557366745
