Model: GRU
MSE: 12.471061378929527
MAE: 3.1150879418408417
EVS: 0.47484409434741226
