Model: GRU
MSE: 19.4151036896098
MAE: 4.014651157237864
EVS: 0.6714039699025984
