Model: GRU
MSE: 15.488093718095547
MAE: 3.53045262230767
EVS: 0.5852478224791178
