Model: GRU
MSE: 9.922545569599038
MAE: 2.657951549247459
EVS: 0.6176066764485489
