Model: GRU
MSE: 3.9450471829324942
MAE: 1.3496981550146028
EVS: 0.6662856581251697
