Model: GRU
MSE: 5.808054883121492
MAE: 1.9035637466995798
EVS: 0.6248637022378112
