Model: GRU
MSE: 7.159956321199529
MAE: 2.207093327133743
EVS: 0.4834972887236343
