Model: GRU
MSE: 9.368929734273449
MAE: 2.5432342776545767
EVS: 0.6073936367520679
