Model: GRU
MSE: 9.592589835933255
MAE: 2.6048110855950246
EVS: 0.65120193355624
