Model: GRU
MSE: 8.752767005988584
MAE: 2.1767664927023422
EVS: 0.551697863272773
