Model: GRU
MSE: 4.683657542920559
MAE: 1.3808996412489145
EVS: 0.5491165095606605
