Model: GRU
MSE: 14.68606036191111
MAE: 3.3110352975350827
EVS: 0.6148215439377676
