Model: GRU
MSE: 12.178431683275505
MAE: 2.909201348269426
EVS: 0.5337166539576439
