Model: GRU
MSE: 20.09906500123384
MAE: 4.069722740738479
EVS: 0.6476146114061384
