Model: GRU
MSE: 4.702931790354587
MAE: 1.5561499948854802
EVS: 0.5448570521735877
