Model: GRU
MSE: 2455.997649477015
MAE: 49.44435077243381
EVS: 0.13349817515907614
