Model: GRU
MSE: 25.841436646357412
MAE: 4.797117039009375
EVS: 0.7180949466465245
