Model: GRU
MSE: 7.235706291882569
MAE: 2.243648140518753
EVS: 0.5301301962851381
