Model: GRU
MSE: 5.236864429944785
MAE: 1.6186913649241124
EVS: 0.6108335518760848
