Model: GRU
MSE: 17.891060990986528
MAE: 3.817874661198368
EVS: 0.292576764793679
