Model: GRU
MSE: 3.78945582294927
MAE: 1.3211915228101938
EVS: 0.6499991116714854
