Model: GRU
MSE: 9.571724541583126
MAE: 2.480362432974356
EVS: 0.6592625758053074
