Model: GRU
MSE: 8.06246684216724
MAE: 2.466341795744719
EVS: 0.6328573104029876
