Model: GRU
MSE: 13.982381014123176
MAE: 3.2614827332673237
EVS: 0.6666776644679414
