Model: GRU
MSE: 5.502868168614572
MAE: 1.907930868643301
EVS: 0.5397294401896113
