Model: GRU
MSE: 4.533269640672018
MAE: 1.4894369619863999
EVS: 0.6201497780509897
