Model: GRU
MSE: 18.119285203053387
MAE: 3.661223844245627
EVS: 0.3869963017125332
