Model: GRU
MSE: 5.849579797601308
MAE: 1.9725284576416011
EVS: 0.6710438700586064
