Model: GRU
MSE: 6.343152194701205
MAE: 1.7263032879148206
EVS: 0.5256476775933299
