Model: GRU
MSE: 6.014986575635103
MAE: 1.9775014276857723
EVS: 0.5712186821965701
