Model: GRU
MSE: 4.981607595273155
MAE: 1.7950121561686192
EVS: 0.583840435885983
