Model: GRU
MSE: 6.821028715655131
MAE: 1.9608621950502743
EVS: 0.6988592492264813
