Model: GRU
MSE: 10.782718394536825
MAE: 2.8341424023663553
EVS: 0.6306287162906605
