Model: GRU
MSE: 5.72530697496003
MAE: 1.7926314671834305
EVS: 0.6685394275644223
