Model: GRU
MSE: 10.712822572412016
MAE: 2.7078228968161118
EVS: 0.5393970305519977
