Model: GRU
MSE: 677.1685242525106
MAE: 25.845962241843896
EVS: 0.08777746400927144
