Model: GRU
MSE: 10.382711566796923
MAE: 2.5871872725310143
EVS: 0.6198132321128034
