Model: GRU
MSE: 2.8633983403684313
MAE: 1.2919462345264572
EVS: 0.4826041655403137
