Model: GRU
MSE: 12.012522981354369
MAE: 2.952200501053421
EVS: 0.6714682000602645
