Model: GRU
MSE: 9.582967193771694
MAE: 2.582198037041558
EVS: 0.6805804092434271
