Model: GRU
MSE: 12.746746339802918
MAE: 3.0612207695289886
EVS: 0.5959048692562504
