Model: GRU
MSE: 8.48999786361499
MAE: 2.3715814219580746
EVS: 0.6015232629850948
