Model: GRU
MSE: 22.777107511640637
MAE: 4.353959825303819
EVS: 0.6171982958720168
