Model: GRU
MSE: 6.622104802854839
MAE: 2.1840441845081466
EVS: 0.5875929667800792
