Model: GRU
MSE: 16.04969783997331
MAE: 3.4506528465836124
EVS: 0.5937715814962293
