Model: GRU
MSE: 6.035173811811241
MAE: 1.7916936874389644
EVS: 0.6684026798507727
