Model: GRU
MSE: 16.885164420955167
MAE: 3.5836257757963947
EVS: 0.5163182567035283
