Model: GRU
MSE: 22.250025214774276
MAE: 4.431827863057453
EVS: 0.740034474015258
