Model: GRU
MSE: 19.881681505620648
MAE: 3.888728035820854
EVS: 0.5122095978580363
