Model: GRU
MSE: 12.575180398629254
MAE: 2.930503138789423
EVS: 0.5784433403408542
