Model: GRU
MSE: 22.80649785953628
MAE: 4.281174712710909
EVS: 0.6016627889656919
