Model: GRU
MSE: 8.725772067283183
MAE: 2.485238512357075
EVS: 0.5755822346816817
