Model: GRU
MSE: 10.10051955335691
MAE: 2.5566583915993015
EVS: 0.6156080161893216
