Model: GRU
MSE: 19.74824766157817
MAE: 4.089268437138309
EVS: 0.6984623119970913
