Model: GRU
MSE: 60.70216800233996
MAE: 5.508461704960575
EVS: -3.410648513257181
