Model: GRU
MSE: 10.439040322850339
MAE: 2.819752763818811
EVS: 0.5144379277431864
