Model: GRU
MSE: 7.766706567841401
MAE: 2.2261532677544484
EVS: 0.6041375897851395
