Model: GRU
MSE: 8.296765385934322
MAE: 2.1409173188386137
EVS: 0.5411488392917496
