Model: GRU
MSE: 4.036322322712302
MAE: 1.4573061024701148
EVS: 0.5981282391053075
