Model: GRU
MSE: 7.050781914261006
MAE: 2.1808136480825913
EVS: 0.49071914807142436
