Model: GRU
MSE: 5.186551563276089
MAE: 1.7464417351616748
EVS: 0.654766290420131
