Model: GRU
MSE: 12.628259589477436
MAE: 3.0842944251166444
EVS: 0.6895684145377583
