Model: GRU
MSE: 6.976710435861656
MAE: 2.0077304221965644
EVS: 0.6286817592545219
