Model: GRU
MSE: 4.459071939552712
MAE: 1.6237866083780919
EVS: 0.6283641163318179
