Model: GRU
MSE: 6.9138470321983165
MAE: 1.6806968229788315
EVS: 0.5623723962279255
