Model: GRU
MSE: 8.002112149307958
MAE: 2.275044193974247
EVS: 0.6516540776598555
