Model: GRU
MSE: 9.35471057362112
MAE: 2.388636730335376
EVS: 0.6101074187589101
