Model: GRU
MSE: 9.805257206507665
MAE: 2.4339338055363395
EVS: 0.6536874014281948
