Model: GRU
MSE: 10.608306907885591
MAE: 2.8265354898240824
EVS: 0.6268113053980547
