Model: GRU
MSE: 5.26005260398435
MAE: 1.6127064316361033
EVS: 0.6610779905183379
