Model: GRU
MSE: 1.7864702289223173
MAE: 0.8761082755194769
EVS: 0.6229198300296754
