Model: GRU
MSE: 9.896556455167502
MAE: 2.6436174710591627
EVS: 0.7102490929675709
