Model: GRU
MSE: 9.94699378735517
MAE: 2.6042024824354377
EVS: 0.4222912523495591
