Model: GRU
MSE: 7.0678523668355595
MAE: 2.0921497874789763
EVS: 0.6712381246492706
