Model: GRU
MSE: 7.450139497910604
MAE: 2.192536354064941
EVS: 0.6193346845724157
