Model: GRU
MSE: 670.5645717065139
MAE: 25.68841314315796
EVS: 0.14805158528693263
