Model: GRU
MSE: 6.848903543399971
MAE: 2.0714749936704275
EVS: 0.6627575444424056
