Model: GRU
MSE: 22.341919738624735
MAE: 4.318676948547362
EVS: 0.6322167943786405
