Model: GRU
MSE: 14.108548298138544
MAE: 3.3811799861766665
EVS: 0.7333340520463205
