Model: GRU
MSE: 6.407182121783638
MAE: 1.9610129153286964
EVS: 0.6525592603808631
