Model: GRU
MSE: 17.400047748159096
MAE: 3.7150784245243766
EVS: 0.5182975408346632
