Model: GRU
MSE: 7.038598629918296
MAE: 2.07433099216885
EVS: 0.5869541283440042
