Model: GRU
MSE: 17.233167666385306
MAE: 3.775997885951288
EVS: 0.703556511277704
