Model: GRU
MSE: 14.821611252786637
MAE: 3.3854855431450726
EVS: 0.6651842412837659
