Model: GRU
MSE: 8.825285167732078
MAE: 2.4818177929630982
EVS: 0.7113755582550723
