Model: GRU
MSE: 6.069167147665928
MAE: 1.7828501860300694
EVS: 0.6240560784467442
