Model: GRU
MSE: 8.639896553274788
MAE: 2.385732315204761
EVS: 0.46614431837414394
