Model: GRU
MSE: 3.922039206526893
MAE: 1.2516442228246618
EVS: 0.6177982947179474
