Model: GRU
MSE: 14.789934564812809
MAE: 3.5065295431349
EVS: 0.7242831794869112
