Model: GRU
MSE: 18.584785751295243
MAE: 3.861127252931947
EVS: 0.6336583594691241
