Model: GRU
MSE: 3.8856815929267388
MAE: 1.4247538425304267
EVS: 0.6691812277454503
