Model: GRU
MSE: 10.267963262201365
MAE: 2.598126570383707
EVS: 0.6485208304188703
