Model: GRU
MSE: 4.839020231587035
MAE: 1.431341171264648
EVS: 0.6340330454252365
