Model: GRU
MSE: 1955.2606812820154
MAE: 44.11468873200593
EVS: 0.29510601884051246
