Model: GRU
MSE: 13.582692084204352
MAE: 3.151145299275715
EVS: 0.6191557640993484
