Model: GRU
MSE: 18.13467375650912
MAE: 3.697232060962252
EVS: 0.5123647349162241
