Model: GRU
MSE: 11.954353860960985
MAE: 2.939337606783266
EVS: 0.6697131483662611
