Model: GRU
MSE: 13.167471253198322
MAE: 3.1542684766981326
EVS: 0.6434234606565861
