Model: GRU
MSE: 8.942471840815882
MAE: 2.623499905621563
EVS: 0.5149351724083364
