Model: GRU
MSE: 10843.998892105008
MAE: 104.08959847909433
EVS: 0.2797482644102304
