Model: GRU
MSE: 4.23430708577123
MAE: 1.344181414003725
EVS: 0.6508908277389758
