Model: GRU
MSE: 7.996394813340908
MAE: 1.926213105519612
EVS: 0.5823135971716047
