Model: GRU
MSE: 6.472395959283722
MAE: 2.0186575783623586
EVS: 0.4941207910388966
