Model: GRU
MSE: 6.710716423195391
MAE: 1.9004355889779545
EVS: 0.6288002049257921
