Model: GRU
MSE: 18.228675298105383
MAE: 3.697874470993324
EVS: 0.32020377318155646
