Model: GRU
MSE: 6.539847206121628
MAE: 1.9504085999948002
EVS: 0.6270787815044951
