Model: GRU
MSE: 10.234290490270213
MAE: 2.538885293183503
EVS: 0.5926059239863645
