Model: GRU
MSE: 6.339852781227682
MAE: 1.8690894797996234
EVS: 0.6773020536974346
