Model: GRU
MSE: 6.936602165581527
MAE: 2.2246580123901363
EVS: 0.32887525700836984
