Model: GRU
MSE: 10.614748326066248
MAE: 2.893500592973496
EVS: 0.7012807396750194
