Model: GRU
MSE: 22.35037591653367
MAE: 4.475787639617919
EVS: 0.7690535850424103
