Model: GRU
MSE: 21938.785767181078
MAE: 148.08359160246673
EVS: 0.0
