Model: GRU
MSE: 8.945800769222972
MAE: 2.514952765570746
EVS: 0.7002703716618874
