Model: GRU
MSE: 15.894048593228197
MAE: 3.677396844934533
EVS: 0.4940532913435791
