Model: GRU
MSE: 19.247539316766613
MAE: 3.137855830015959
EVS: -0.3709388948453678
