Model: GRU
MSE: 6.475163022978228
MAE: 1.7591525183783632
EVS: 0.6099887677772458
