Model: GRU
MSE: 5.499645964073518
MAE: 1.8372206158108175
EVS: 0.5808451488402833
