Model: GRU
MSE: 10.699109748267672
MAE: 2.6779850323994947
EVS: 0.5635586012476446
