Model: GRU
MSE: 13.037995190925699
MAE: 2.9265843320775904
EVS: 0.5872214585380947
