Model: GRU
MSE: 17.255404519446085
MAE: 3.6659343507554785
EVS: 0.6053185195465374
