Model: GRU
MSE: 12.165117949821584
MAE: 2.9291733989009145
EVS: 0.609503297836505
