Model: GRU
MSE: 15.22666081704143
MAE: 3.2574826523109714
EVS: 0.47514587048734414
