Model: GRU
MSE: 16.38557921568443
MAE: 3.6642950375874825
EVS: 0.7033893168063293
