Model: GRU
MSE: 11.895138693722945
MAE: 2.937025688312671
EVS: 0.5528704236757938
