Model: GRU
MSE: 17.227780554314947
MAE: 3.724103751005949
EVS: 0.1595134575845344
