Model: GRU
MSE: 5.037671466380145
MAE: 1.511805410738344
EVS: 0.5358055688756778
