Model: GRU
MSE: 13.219188961772113
MAE: 3.128428988986544
EVS: 0.6580076236324358
