Model: GRU
MSE: 17.385041649655758
MAE: 3.8085998075979717
EVS: 0.7130624556922216
