Model: GRU
MSE: 14.036729729004572
MAE: 3.2683288079720945
EVS: 0.6657165784832508
