Model: GRU
MSE: 6.737461036942526
MAE: 2.165738564950448
EVS: 0.5607521763884653
