Model: GRU
MSE: 7.197548962703233
MAE: 2.2203643586900492
EVS: 0.6443524938888376
