Model: GRU
MSE: 12.690219779529794
MAE: 3.056264665391709
EVS: 0.5750165861158381
