Model: GRU
MSE: 20.74851449574587
MAE: 4.237193496138961
EVS: 0.7215226205843115
