Model: GRU
MSE: 9.252727043218107
MAE: 2.3741526780305073
EVS: 0.6030975378653112
