Model: GRU
MSE: 28.038224834836093
MAE: 5.037999011852123
EVS: 0.7352651056670074
