Model: GRU
MSE: 18.981478650865593
MAE: 3.956018695124872
EVS: 0.6379282680467064
