Model: GRU
MSE: 7.106060203357432
MAE: 2.098832183414035
EVS: 0.6921335781718885
