Model: GRU
MSE: 6.71989384886021
MAE: 2.0180115169949
EVS: 0.6502908557349094
