Model: GRU
MSE: 12.530791627815667
MAE: 3.055282239560727
EVS: 0.2411891354933382
