Model: GRU
MSE: 6.369068399917808
MAE: 1.8561658506040215
EVS: 0.586750513861964
