Model: GRU
MSE: 7.208111352103148
MAE: 2.1624712177685326
EVS: 0.5466217628960617
