Model: GRU
MSE: 10.874834555960623
MAE: 2.8508399680808734
EVS: 0.49818261618156945
