Model: GRU
MSE: 14.050217854672168
MAE: 3.1470342300556315
EVS: 0.6013312193059341
