Model: GRU
MSE: 14.167901888511418
MAE: 3.2762204099584498
EVS: 0.4592107873766772
