Model: GRU
MSE: 6.016751469964587
MAE: 1.8279735070687748
EVS: 0.6702291707463698
