Model: GRU
MSE: 17.730148194131385
MAE: 3.661441096553095
EVS: 0.5122293487619238
