Model: GRU
MSE: 9.50873954445136
MAE: 2.6033912588048858
EVS: 0.7278612411066661
