Model: GRU
MSE: 23.23800271409995
MAE: 4.339154667324489
EVS: 0.46250866900331256
