Model: GRU
MSE: 9.604313745098771
MAE: 2.395386943110712
EVS: 0.5221444171294958
