Model: GRU
MSE: 5.018619487196573
MAE: 1.715006174864592
EVS: 0.7140933262076757
