Model: GRU
MSE: 17.03282592720674
MAE: 3.7181859722843864
EVS: 0.6109563011678332
