Model: GRU
MSE: 10.344516344379622
MAE: 2.756062074943824
EVS: 0.535526919106984
