Model: GRU
MSE: 17.66984624620533
MAE: 3.7456652720769235
EVS: 0.456309049886388
