Model: GRU
MSE: 10.403715328984353
MAE: 2.7989699222423408
EVS: 0.7122619536556735
