Model: GRU
MSE: 2.462671520262659
MAE: 1.2038366176463935
EVS: 0.5122607640537984
