Model: GRU
MSE: 16.13181390786219
MAE: 3.5963962343004003
EVS: 0.6813616297676532
