Model: GRU
MSE: 6.7906762516473025
MAE: 1.85323358465124
EVS: 0.6264078601845029
