Model: GRU
MSE: 12.925475776791409
MAE: 3.1696862114800335
EVS: 0.33251903506612246
