Model: GRU
MSE: 6.728388112493162
MAE: 1.881464057498508
EVS: 0.4942146630654707
