Model: GRU
MSE: 8.172958684954173
MAE: 2.2902895962750467
EVS: 0.6400653862862629
