Model: GRU
MSE: 10.426125305777987
MAE: 2.6076093426457145
EVS: 0.5044489259050067
