Model: GRU
MSE: 7.945265031825147
MAE: 2.423991273950648
EVS: 0.4229980118045974
