Model: GRU
MSE: 7.768400624901541
MAE: 2.2159456676907006
EVS: 0.5875045380963551
