Model: GRU
MSE: 5.826815193078967
MAE: 1.8861182530721023
EVS: 0.5775374600112847
