Model: GRU
MSE: 15.913860753859629
MAE: 3.3847139764715113
EVS: 0.5255172285231325
