Model: GRU
MSE: 6.971789810700882
MAE: 2.20791772559837
EVS: 0.6575071228895544
