Model: GRU
MSE: 644.8589299307876
MAE: 25.193902404220015
EVS: -0.009022449418062406
