Model: GRU
MSE: 24.416669937775346
MAE: 4.453964630762735
EVS: 0.573037890536511
