Model: GRU
MSE: 3.6827271288833168
MAE: 1.503255067048249
EVS: 0.5286046418556677
