Model: GRU
MSE: 11.4457329740093
MAE: 2.6682825794926393
EVS: 0.5689372928595731
