Model: GRU
MSE: 4.365364386420002
MAE: 1.5646105519047484
EVS: 0.5804712664567651
