Model: GRU
MSE: 4.9993092845594225
MAE: 1.6467424851876713
EVS: 0.5663381729530896
