Model: GRU
MSE: 10.9019239794487
MAE: 2.8207391103108717
EVS: 0.5823248572763451
