Model: GRU
MSE: 7.399931882908993
MAE: 2.1820636766928208
EVS: 0.5180588308303847
