Model: GRU
MSE: 23.10438680947144
MAE: 4.473613809656213
EVS: 0.6919819263912683
