Model: GRU
MSE: 11.37481905824811
MAE: 2.6691189518681266
EVS: 0.5739724978736132
