Model: GRU
MSE: 23.974841932956704
MAE: 4.506704909460884
EVS: 0.3355171512937941
