Model: GRU
MSE: 14.413439454300976
MAE: 3.232930399753428
EVS: 0.4762855577337394
