Model: GRU
MSE: 10.903344428057482
MAE: 2.639282323695994
EVS: 0.49934246432216123
