Model: GRU
MSE: 6.52350000898874
MAE: 2.037177227161548
EVS: 0.5732264463668933
