Model: GRU
MSE: 14.962399560458964
MAE: 3.417025778028699
EVS: 0.6469056071991364
