Model: GRU
MSE: 3.890291330739643
MAE: 1.3954590338247788
EVS: 0.6560554250949099
