Model: GRU
MSE: 29.758052566609397
MAE: 5.193370925055609
EVS: 0.7222953417143237
