Model: GRU
MSE: 8.22799806540675
MAE: 2.2419506885387275
EVS: 0.6090021730339326
