Model: GRU
MSE: 11.29527014850078
MAE: 2.7440676512541584
EVS: 0.5543366859833536
