Model: GRU
MSE: 5.070572272115658
MAE: 1.789837342721444
EVS: 0.6636458691682194
