Model: GRU
MSE: 10.957829043556588
MAE: 2.8582404454549146
EVS: 0.6890035659053915
