Model: GRU
MSE: 3.236955206881819
MAE: 1.2828760147094722
EVS: 0.5094816634068865
