Model: GRU
MSE: 11.32483163816845
MAE: 2.8646092238249596
EVS: 0.6892238290845811
