Model: GRU
MSE: 15.176225120899115
MAE: 3.523850193730106
EVS: 0.35244734546137424
