Model: GRU
MSE: 13.058641396532302
MAE: 3.2891441627785003
EVS: 0.4651473605000329
