Model: GRU
MSE: 16.654123704949335
MAE: 3.450706543745817
EVS: 0.15113791295457224
