Model: GRU
MSE: 12.05044867554436
MAE: 3.032756487528482
EVS: 0.7157301804055725
