Model: GRU
MSE: 9.768037932995593
MAE: 2.6765902483904798
EVS: 0.7193400861836131
