Model: GRU
MSE: 41.60356785026455
MAE: 6.045481734805637
EVS: 0.35999610907450397
