Model: GRU
MSE: 6.326158284395642
MAE: 1.98141066233317
EVS: 0.593799995295939
