Model: GRU
MSE: 14.50638601215794
MAE: 3.42206824267352
EVS: 0.7214101036174181
