Model: GRU
MSE: 3.5424610275182795
MAE: 1.5065132070470735
EVS: 0.4370453329186388
