Model: GRU
MSE: 30.62543488661154
MAE: 5.003738632908574
EVS: 0.442295632171429
