Model: GRU
MSE: 8.96385457568161
MAE: 2.5224384731716576
EVS: 0.13593377981861177
