Model: GRU
MSE: 7.73605505098836
MAE: 2.231609627052589
EVS: 0.6541090525961163
