Model: GRU
MSE: 536.8016892733402
MAE: 22.947128578468604
EVS: 0.21225349676602012
