Model: GRU
MSE: 12.850530542445721
MAE: 3.1764100392659493
EVS: 0.6524395070931756
