Model: GRU
MSE: 10.06658927843324
MAE: 2.7797609435187436
EVS: 0.704892560821513
