Model: GRU
MSE: 181.54265718918325
MAE: 13.102170445300915
EVS: 0.01593102985797268
