Model: GRU
MSE: 4.630252125289028
MAE: 1.6443859206305604
EVS: 0.6159722730237601
