Model: GRU
MSE: 10.860096147589632
MAE: 2.767820075706199
EVS: 0.6480952825517339
