Model: GRU
MSE: 7.936834494570001
MAE: 2.0001092740782984
EVS: 0.4183302702242664
