Model: GRU
MSE: 14.397020842911713
MAE: 3.3328708895930528
EVS: 0.6181387355874768
