Model: GRU
MSE: 6.832576960629352
MAE: 1.7438009138460506
EVS: 0.4760395867049494
