Model: GRU
MSE: 9.844766519540292
MAE: 2.7077394238224732
EVS: 0.5268437769401411
