Model: GRU
MSE: 6.316735913571288
MAE: 1.99477086243806
EVS: 0.6523572712738442
