Model: GRU
MSE: 14.329363481340668
MAE: 3.377849119680898
EVS: 0.7090876668148594
