Model: GRU
MSE: 17.545412692062296
MAE: 3.926863564385307
EVS: 0.5464759458255308
