Model: GRU
MSE: 6.474360383365278
MAE: 1.929600079854329
EVS: 0.6688514535957821
