Model: GRU
MSE: 12.605622350235304
MAE: 3.0221749235082545
EVS: 0.654025818925114
