Model: GRU
MSE: 13.243568952727228
MAE: 3.1844008410418465
EVS: 0.5833151508215864
