Model: GRU
MSE: 21.147036611171433
MAE: 4.233237513789423
EVS: 0.6760608007053992
