Model: GRU
MSE: 7.585339065634325
MAE: 2.4779165409229416
EVS: -0.013333023218543572
