Model: GRU
MSE: 9.640128310265125
MAE: 2.425867151331018
EVS: 0.615821821732602
