Model: GRU
MSE: 33.407004982862745
MAE: 5.310255898369683
EVS: 0.3395565834938288
