Model: GRU
MSE: 15.324776715420365
MAE: 3.4747757735075764
EVS: 0.4985820970927307
