Model: GRU
MSE: 9.082302320295318
MAE: 2.4723606816044557
EVS: 0.44356539701992304
