Model: GRU
MSE: 7.024549930010193
MAE: 2.015725347730848
EVS: 0.6379781685913988
