Model: GRU
MSE: 7.89946909887251
MAE: 1.9500037475868501
EVS: 0.572110725646497
