Model: GRU
MSE: 8.819219026996377
MAE: 2.5614677535163026
EVS: 0.6090458828285522
