Model: GRU
MSE: 9.028068413493948
MAE: 2.4667826581884307
EVS: 0.6327123573108697
