Model: GRU
MSE: 5.484925046746199
MAE: 1.6203767105385103
EVS: 0.512885592660087
