Model: GRU
MSE: 7.12174338176481
MAE: 2.151327345106336
EVS: 0.6598398905144113
