Model: GRU
MSE: 9.523840720573075
MAE: 2.3870336523762443
EVS: 0.5451410996280858
