Model: GRU
MSE: 3094.025634213298
MAE: 55.553037572790075
EVS: 0.21423738060891928
