Model: GRU
MSE: 9.487842672633494
MAE: 2.4688464270697694
EVS: 0.6251503827236908
