Model: GRU
MSE: 15.9905398964518
MAE: 3.496744756345395
EVS: 0.536928429407413
