Model: GRU
MSE: 8.000597790082956
MAE: 2.2854672891122316
EVS: 0.6790273134468656
