Model: GRU
MSE: 150.08432024348113
MAE: 11.70493010017607
EVS: -0.0070280029195251
