Model: GRU
MSE: 18.00837035153957
MAE: 3.7669151094224707
EVS: 0.6041838206911014
