Model: GRU
MSE: 24.331336587915217
MAE: 4.4177207416958275
EVS: 0.45608161731772645
