Model: GRU
MSE: 5.827078891838598
MAE: 1.877480718824598
EVS: 0.644790800796814
