Model: GRU
MSE: 10.82698646942084
MAE: 2.673664463890923
EVS: 0.6067959652786563
