Model: GRU
MSE: 16.131702854302002
MAE: 3.691307474065709
EVS: 0.7502953802698069
