Model: GRU
MSE: 11.65857791205979
MAE: 2.826191690233018
EVS: 0.6341828534303238
