Model: GRU
MSE: 2.0252546676812115
MAE: 1.0310127117015695
EVS: 0.5740865996059669
