Model: GRU
MSE: 13.119524774202418
MAE: 3.0986635861573384
EVS: 0.5611075002421007
