Model: GRU
MSE: 13.70928742505091
MAE: 3.229946878221299
EVS: 0.6544757199678015
