Model: GRU
MSE: 8.227883281091632
MAE: 2.4662219859935615
EVS: 0.5821291072504975
