Model: GRU
MSE: 8.62166799036036
MAE: 2.329593199270743
EVS: 0.14523868309150834
