Model: GRU
MSE: 19.98883487542295
MAE: 4.101836186868172
EVS: 0.6847468823893748
