Model: GRU
MSE: 20868.997865761543
MAE: 144.4361255787037
EVS: 0.44535838447462595
