Model: GRU
MSE: 22.74252421184478
MAE: 4.522019739504213
EVS: 0.7714290363450911
