Model: GRU
MSE: 21.174331932933356
MAE: 4.239672007384122
EVS: 0.6811857401865562
