Model: GRU
MSE: 5.951312507434664
MAE: 1.9225192423220028
EVS: 0.5171702229156392
