Model: GRU
MSE: 6.291130060361724
MAE: 1.725918465190463
EVS: 0.5324191445522946
