Model: GRU
MSE: 8.326034615377942
MAE: 2.3662919821562585
EVS: 0.6753437616926012
