Model: GRU
MSE: 9.255717713594933
MAE: 2.623417889630352
EVS: 0.3044812363462337
