Model: GRU
MSE: 10.049437289468731
MAE: 2.7035122800756373
EVS: 0.6941125666581145
