Model: GRU
MSE: 7.178292825037714
MAE: 1.9914244899043323
EVS: 0.6283822096984444
