Model: GRU
MSE: 18.047764678039933
MAE: 3.7700684512103035
EVS: 0.6179278165875202
