Model: GRU
MSE: 6.6014862829745935
MAE: 2.055041171886302
EVS: 0.6823897023586913
