Model: GRU
MSE: 6.006943099006498
MAE: 1.8758902373137303
EVS: 0.5472027172880358
