Model: GRU
MSE: 2.8620458240618087
MAE: 1.335069161874276
EVS: 0.40440000450890556
