Model: GRU
MSE: 11.805870338056256
MAE: 2.8637482855055056
EVS: 0.4147919258300262
