Model: GRU
MSE: 30.091440677515056
MAE: 5.2219680945078535
EVS: 0.44932272387265615
