Model: GRU
MSE: 10.241875109680901
MAE: 2.7414513164096403
EVS: 0.6082218151454051
