Model: GRU
MSE: 18.44538608394413
MAE: 3.7197107562312364
EVS: 0.49815027481852014
