Model: GRU
MSE: 12.292824752418074
MAE: 2.933526304033067
EVS: 0.6093189369856021
