Model: GRU
MSE: 5.574659091937812
MAE: 1.529006057315402
EVS: 0.571301519086522
