Model: GRU
MSE: 3.9397325192728236
MAE: 1.3544397707338687
EVS: 0.60763775294294
