Model: GRU
MSE: 7.318815928860352
MAE: 2.1793241854067196
EVS: 0.5881764988597944
