Model: GRU
MSE: 14.887686073691667
MAE: 3.236330244276258
EVS: 0.459095347347349
