Model: GRU
MSE: 15.512873736027624
MAE: 3.5083885546083793
EVS: 0.6807303360803609
