Model: GRU
MSE: 10.085142056702718
MAE: 2.6722876937301066
EVS: 0.6856989600586962
