Model: GRU
MSE: 4.833774294602704
MAE: 1.7339300579494894
EVS: 0.5441678385450914
