Model: GRU
MSE: 28.878637788799526
MAE: 5.067538755911367
EVS: 0.6812678928467746
