Model: GRU
MSE: 4.217416138030683
MAE: 1.4810118498625573
EVS: 0.6153519086321186
