Model: GRU
MSE: 13.807449046814591
MAE: 3.4335674356531203
EVS: 0.5693300802741788
