Model: GRU
MSE: 20.023292283927894
MAE: 4.145142202024106
EVS: 0.7169008406085949
