Model: GRU
MSE: 6.4005913505171
MAE: 2.0577948005111124
EVS: 0.6661654310687133
