Model: GRU
MSE: 8.388537784951852
MAE: 2.277749997598153
EVS: 0.5960488860781745
