Model: GRU
MSE: 4.612306881475719
MAE: 1.4042570679276072
EVS: 0.5505474644512117
