Model: GRU
MSE: 14.501933967298838
MAE: 3.399812698364257
EVS: 0.70672521483668
