Model: GRU
MSE: 13.86744237878927
MAE: 3.218840175204806
EVS: 0.4968373777563937
