Model: GRU
MSE: 9.805772803699757
MAE: 2.507251386289243
EVS: 0.6299504251376888
