Model: GRU
MSE: 15.573985116425046
MAE: 3.4672293486418537
EVS: 0.618079431600701
