Model: GRU
MSE: 6.179444520288739
MAE: 1.8726939271997518
EVS: 0.605987613919095
