Model: GRU
MSE: 6.577085326281558
MAE: 2.0938432481553813
EVS: 0.5127093844324793
