Model: GRU
MSE: 14.771708005573698
MAE: 3.430541886223686
EVS: 0.700758217399168
