Model: GRU
MSE: 3.987216363420799
MAE: 1.5471877345332388
EVS: 0.6548432450589077
