Model: GRU
MSE: 29.169053813581225
MAE: 5.079625942088939
EVS: 0.6645509786241236
