Model: GRU
MSE: 15.228066765515766
MAE: 3.4106032760054967
EVS: 0.6416927076040583
