Model: GRU
MSE: 16584.39297345291
MAE: 128.7414358633536
EVS: 0.0
