Model: GRU
MSE: 8.234472709188625
MAE: 2.2842601493552874
EVS: 0.6753024784354903
