Model: GRU
MSE: 6.160284483456758
MAE: 1.8078577606766306
EVS: 0.66738605195655
