Model: GRU
MSE: 13.712169398488552
MAE: 2.9664682105735487
EVS: 0.49051033142023726
