Model: GRU
MSE: 15.880690597989966
MAE: 3.6505772449352114
EVS: 0.7455100083855073
