Model: GRU
MSE: 7.157161225739237
MAE: 2.0709479473255294
EVS: 0.6851210561202645
