Model: GRU
MSE: 8.584407832260295
MAE: 2.3648610468263973
EVS: 0.5861461781399537
