Model: GRU
MSE: 5.817398794977423
MAE: 1.6798657841152609
EVS: 0.6033766673605561
