Model: GRU
MSE: 142.36705186238075
MAE: 11.400778657860226
EVS: 0.0460711726182329
