Model: GRU
MSE: 18.903499317259868
MAE: 3.822557590625903
EVS: 0.5621446934229903
