Model: GRU
MSE: 8.509421893166849
MAE: 2.292151261259008
EVS: 0.5759452604401146
