Model: GRU
MSE: 23.020959182579706
MAE: 4.279666022018149
EVS: 0.43479504665383295
