Model: GRU
MSE: 10.991825460476115
MAE: 2.845518536037868
EVS: 0.6693494837955839
