Model: GRU
MSE: 28.960061541596446
MAE: 5.149012389006437
EVS: 0.7560965927498016
