Model: GRU
MSE: 167.6261458772885
MAE: 12.582065839458394
EVS: 0.07153488931770435
