Model: GRU
MSE: 33.503055614194736
MAE: 5.501655066454852
EVS: 0.6776649032344277
