Model: GRU
MSE: 5.544618419774854
MAE: 1.8923585326583292
EVS: 0.6097788871916202
