Model: GRU
MSE: 15.39279948003099
MAE: 3.387641059027777
EVS: 0.6097231802657888
