Model: GRU
MSE: 7.416786136549892
MAE: 1.8656568174008965
EVS: 0.5020068298182843
