Model: GRU
MSE: 5.630196808140847
MAE: 1.87971994611952
EVS: 0.563827026723429
