Model: GRU
MSE: 9.980785511017054
MAE: 2.65250700491446
EVS: 0.6667562526378996
