Model: GRU
MSE: 7.801676828288428
MAE: 2.169374165711579
EVS: 0.6288186615354275
