Model: GRU
MSE: 7.462792084277853
MAE: 2.1074228816562224
EVS: 0.6833652870006497
