Model: GRU
MSE: 17.923698837611138
MAE: 3.379510504858834
EVS: -0.21900938636998912
