Model: GRU
MSE: 5.229850049568454
MAE: 1.6440363283510555
EVS: 0.651001955180693
