Model: GRU
MSE: 7.393946825194594
MAE: 1.9471306447629568
EVS: 0.5974438392099033
