Model: GRU
MSE: 5.663892070889265
MAE: 1.9216655448631
EVS: 0.6553399298828987
