Model: GRU
MSE: 13.574375198678451
MAE: 3.220134028682001
EVS: 0.6806278466038891
