Model: GRU
MSE: 14.783612529442344
MAE: 3.3531181370770478
EVS: 0.6470109045132346
