Model: GRU
MSE: 12.254809907048829
MAE: 2.9670867036890094
EVS: 0.5887129467554404
