Model: GRU
MSE: 5.646060920005159
MAE: 1.7720258500840924
EVS: 0.5671344502063089
