Model: GRU
MSE: 9.98801891797514
MAE: 2.5837889424076783
EVS: 0.6498340574407532
