Model: GRU
MSE: 19.697732287186657
MAE: 4.09684368416115
EVS: 0.7096750410549184
