Model: GRU
MSE: 8.905645855728663
MAE: 2.6159598739058874
EVS: 0.5598684280703998
