Model: GRU
MSE: 14.286273618571476
MAE: 3.2000780547106698
EVS: 0.5898097165759777
