Model: GRU
MSE: 22.463150451875283
MAE: 4.39354642232259
EVS: 0.68513295392885
