Model: GRU
MSE: 6.29974725386257
MAE: 2.0389833980136443
EVS: 0.7058033524411655
