Model: GRU
MSE: 12.004088062878067
MAE: 2.893661675629792
EVS: 0.6382093201428607
