Model: GRU
MSE: 9.757721743667352
MAE: 2.580210579766167
EVS: 0.662682072491517
