Model: GRU
MSE: 23.351147127952167
MAE: 4.522752037754764
EVS: 0.7114430336370575
