Model: GRU
MSE: 4.6878932913841025
MAE: 1.5755691528320308
EVS: 0.606990306229933
