Model: GRU
MSE: 9.11919998906824
MAE: 2.542696193412498
EVS: 0.4636302453564167
