Model: GRU
MSE: 42.52237918277836
MAE: 6.154878581011737
EVS: 0.44647267935418034
