Model: GRU
MSE: 5.634731273977462
MAE: 1.8174576582732018
EVS: 0.6036445040047724
