Model: GRU
MSE: 5.177124009565319
MAE: 1.808813925142641
EVS: 0.6563765717560222
