Model: GRU
MSE: 7.78570349928141
MAE: 2.2132970050529193
EVS: 0.557929229500002
