Model: GRU
MSE: 4.576879285351667
MAE: 1.5344343362031154
EVS: 0.6228847084842963
