Model: GRU
MSE: 5.590474979818755
MAE: 2.2398633956909184
EVS: 0.5964674011786653
