Model: GRU
MSE: 4.20580844251426
MAE: 1.3230391431737825
EVS: 0.6279905243134873
