Model: GRU
MSE: 8.90601500832654
MAE: 2.4201949525762476
EVS: 0.5655371920484383
