Model: GRU
MSE: 7.198431174050573
MAE: 2.2567216378671144
EVS: 0.510981249388981
