Model: GRU
MSE: 18.911828116015112
MAE: 3.8859112351029004
EVS: 0.5060992158439799
