Model: GRU
MSE: 10.521050400329509
MAE: 2.717760386290373
EVS: 0.6859295349213269
