Model: GRU
MSE: 15.53767365084918
MAE: 3.5579072987591767
EVS: 0.6853430152463214
