Model: GRU
MSE: 8.169208104359344
MAE: 2.2913237677680116
EVS: 0.6562377174895482
