Model: GRU
MSE: 8.235962107634261
MAE: 2.416796542980052
EVS: 0.6204830269708066
