Model: GRU
MSE: 18.205502934914136
MAE: 3.8278216432642043
EVS: 0.6301732386183334
