Model: GRU
MSE: 14.863864555592587
MAE: 3.423763222164577
EVS: 0.6604907941608731
