Model: GRU
MSE: 11.399352230087667
MAE: 2.8081160651312924
EVS: 0.49608775334128064
