Model: GRU
MSE: 10.132280965738087
MAE: 2.3495405691641342
EVS: 0.26817411139072733
