Model: GRU
MSE: 9.68866770101226
MAE: 2.5805243209556292
EVS: 0.5950862998275512
