Model: GRU
MSE: 8.966870468465151
MAE: 2.3794541535554106
EVS: 0.6610918855318981
