Model: GRU
MSE: 10.931074244143394
MAE: 2.8653485510084353
EVS: 0.6731894767842115
