Model: GRU
MSE: 4.749333352421713
MAE: 1.6015521332069673
EVS: 0.620359282653238
