Model: GRU
MSE: 11.13869355410158
MAE: 2.7804075965174917
EVS: 0.43933889767716383
