Model: GRU
MSE: 13.412692330719027
MAE: 3.243022848058629
EVS: 0.38207963835624104
