Model: GRU
MSE: 3.837873285024957
MAE: 1.1933136339540835
EVS: 0.6276119380778094
