Model: GRU
MSE: 10.209404459537007
MAE: 2.680228692513924
EVS: 0.626802064946343
