Model: GRU
MSE: 8.116321439559322
MAE: 2.2115484343634706
EVS: 0.5846339812171013
