Model: GRU
MSE: 12.774763286688367
MAE: 3.1037446834422915
EVS: 0.6869632321953905
