Model: GRU
MSE: 13.008133339900304
MAE: 3.0969139911510317
EVS: 0.5737831399581306
