Model: GRU
MSE: 9.727555352841502
MAE: 2.2316769350458068
EVS: 0.3318638321932832
