Model: GRU
MSE: 4.904408131411198
MAE: 1.698760138617621
EVS: 0.6132806929570829
