Model: GRU
MSE: 17.24837810117613
MAE: 3.6596513500920036
EVS: 0.6158371185520009
