Model: GRU
MSE: 6.9233579957501705
MAE: 2.217250823974609
EVS: 0.4971984736558165
