Model: GRU
MSE: 18.463196515232696
MAE: 3.899645646413166
EVS: 0.645893485582903
