Model: GRU
MSE: 9.415738142488953
MAE: 2.67109438225075
EVS: 0.5740734569701574
