Model: GRU
MSE: 10.70163820775562
MAE: 2.7966417030051898
EVS: 0.6893148928634196
