Model: GRU
MSE: 5.072383564283485
MAE: 1.593828324918393
EVS: 0.6552917005115847
