Model: GRU
MSE: 4.6940654228128205
MAE: 1.5585600181862154
EVS: 0.5984363908411592
