Model: GRU
MSE: 6.0586895900395215
MAE: 1.8466740537572786
EVS: 0.5364880570848449
