Model: GRU
MSE: 18.57074350681671
MAE: 3.7985259603570998
EVS: 0.542613589438414
