Model: GRU
MSE: 7.058994917873455
MAE: 1.9778341363977499
EVS: 0.6094496819398785
