Model: GRU
MSE: 4.505221049639362
MAE: 1.4493517522458672
EVS: 0.6505081176693877
