Model: GRU
MSE: 15.426725999974117
MAE: 3.367139569035282
EVS: 0.5292517727100077
