Model: GRU
MSE: 5.591013895445373
MAE: 1.9254700872633188
EVS: 0.5939359657480728
