Model: GRU
MSE: 4.293641527086382
MAE: 1.5337153364110871
EVS: 0.6766772194769095
