Model: GRU
MSE: 8.54996538159078
MAE: 2.358883893048321
EVS: 0.6094734864548526
