Model: GRU
MSE: 13.051768265526768
MAE: 2.9185476612161696
EVS: 0.5634840281230769
