Model: GRU
MSE: 19.49865519883274
MAE: 4.023494014033564
EVS: 0.6701612677793374
