Model: GRU
MSE: 12.639488973135961
MAE: 3.072696456202753
EVS: 0.645870281769285
