Model: GRU
MSE: 14.885555454542281
MAE: 3.485362935949254
EVS: 0.7271929086118394
