Model: GRU
MSE: 4.689927537969776
MAE: 1.5862964877375845
EVS: 0.6186233978860071
