Model: GRU
MSE: 5.305285603665582
MAE: 1.9113169422856078
EVS: 0.45002294962858014
