Model: GRU
MSE: 7.016464006873789
MAE: 2.130355446426956
EVS: 0.5897104682574724
