Model: GRU
MSE: 13.30592132643036
MAE: 3.1176987224154993
EVS: 0.5862648601654741
