Model: GRU
MSE: 4.155371517002093
MAE: 1.6810370904427983
EVS: 0.6592881243224475
