Model: GRU
MSE: 7.344927084949126
MAE: 2.1323414290392835
EVS: 0.5586132901012537
