Model: GRU
MSE: 6.225055236954666
MAE: 1.7982150448693164
EVS: 0.538630209636225
