Model: GRU
MSE: 5.530752002742895
MAE: 1.5610804911013003
EVS: 0.583405301565938
