Model: GRU
MSE: 9.615213452066465
MAE: 2.5473965185659897
EVS: 0.6874981049825155
