Model: GRU
MSE: 13.624923329975264
MAE: 2.9329577728554046
EVS: 0.6035595655639463
