Model: GRU
MSE: 11.108167390218725
MAE: 2.8390372417591228
EVS: 0.6856250093806329
