Model: GRU
MSE: 7.067450525940571
MAE: 2.1647476443537954
EVS: 0.5863220637760823
