Model: GRU
MSE: 9.520969876515974
MAE: 2.2435606547764366
EVS: 0.2434754753150885
