Model: GRU
MSE: 17.930340453461014
MAE: 3.7849200390003337
EVS: 0.6408089901465945
