Model: GRU
MSE: 7.225799019375932
MAE: 2.1917147106594506
EVS: 0.7586422449062851
