Model: GRU
MSE: 12.022199329185405
MAE: 2.972603162129719
EVS: 0.682549220598957
