Model: GRU
MSE: 469.9218713050529
MAE: 21.433618828102393
EVS: -0.04844620933988408
