Model: GRU
MSE: 4.1206667227115075
MAE: 1.5067840505529329
EVS: 0.6246709091192629
