Model: GRU
MSE: 6.6693115505953315
MAE: 2.043735265731811
EVS: 0.524909616544786
