Model: GRU
MSE: 8.66973615005392
MAE: 2.309699729636863
EVS: 0.6494564957524523
