Model: GRU
MSE: 13.689500810450337
MAE: 3.1523640496390195
EVS: 0.41679554336415414
