Model: GRU
MSE: 12.407594911079757
MAE: 3.0193395570472426
EVS: 0.4732060032684783
