Model: GRU
MSE: 29.235852544719947
MAE: 5.153697331746419
EVS: 0.7334251114549647
