Model: GRU
MSE: 6.435381742247422
MAE: 2.052205774519178
EVS: 0.47200805077188046
