Model: GRU
MSE: 7.7669626835650964
MAE: 2.0890711678398977
EVS: 0.541023762467791
