Model: GRU
MSE: 6.396509909100568
MAE: 1.8742633748937532
EVS: 0.6649573705339465
