Model: GRU
MSE: 35.01865492740093
MAE: 5.4857639383386685
EVS: 0.5223173696155262
