Model: GRU
MSE: 7.572138099839428
MAE: 2.2177710533142085
EVS: 0.568878930917773
