Model: GRU
MSE: 4.508638107755998
MAE: 1.566476186116536
EVS: 0.6491346101181068
