Model: GRU
MSE: 750.6258991670737
MAE: 27.205098116839373
EVS: -0.04711898129276726
