Model: GRU
MSE: 5.2159529379404335
MAE: 1.7035509568673588
EVS: 0.6319855906459871
