Model: GRU
MSE: 4.1064678994024915
MAE: 1.3241707130714693
EVS: 0.6245991919823685
