Model: GRU
MSE: 18.3690913881524
MAE: 3.853756092212817
EVS: 0.6051400566952008
