Model: GRU
MSE: 11.475624737849873
MAE: 2.8349524603949647
EVS: 0.6354079794294429
