Model: GRU
MSE: 23.30108359417943
MAE: 4.28793598987438
EVS: 0.3626749686415198
