Model: GRU
MSE: 8.01992242816868
MAE: 2.3104169986866134
EVS: 0.6667837663233815
