Model: GRU
MSE: 19.33524500591575
MAE: 3.896866754249289
EVS: 0.36514321275758255
