Model: GRU
MSE: 28.004676153621066
MAE: 4.919787813116003
EVS: 0.5268854152694871
