Model: GRU
MSE: 31.26843119578919
MAE: 5.155771025904903
EVS: 0.5915937766279485
