Model: GRU
MSE: 6.816602063416261
MAE: 1.9033157913773142
EVS: 0.5721407946087906
