Model: GRU
MSE: 9.322879718821978
MAE: 2.586879977473506
EVS: 0.7174985962920795
