Model: GRU
MSE: 24.029942973843852
MAE: 4.516170466387712
EVS: 0.6378767938574854
