Model: GRU
MSE: 2.0600698251494194
MAE: 1.0371024873521588
EVS: 0.5825271763896754
