Model: GRU
MSE: 2.07097975410495
MAE: 1.1045007705688479
EVS: 0.5697547585631353
