Model: GRU
MSE: 38.981707360833916
MAE: 5.836152032569602
EVS: 0.17125423723535138
