Model: GRU
MSE: 7.0051786355561205
MAE: 1.9923680093553326
EVS: 0.6708795829350742
