Model: GRU
MSE: 3.9369109783007854
MAE: 1.6630157541345663
EVS: 0.42610963357497345
