Model: GRU
MSE: 22.48613930621481
MAE: 4.422764884101019
EVS: 0.7085105969349988
