Model: GRU
MSE: 12.17227551184743
MAE: 2.9092831390875347
EVS: 0.49995975920082025
