Model: GRU
MSE: 7.78617806087863
MAE: 2.2944950527615013
EVS: 0.5549619336784383
