Model: GRU
MSE: 10.791015611073442
MAE: 2.8466987256650564
EVS: 0.6171862029736638
