Model: GRU
MSE: 12.106633756695807
MAE: 2.894348956920482
EVS: 0.6283875794308103
