Model: GRU
MSE: 19.141827485351843
MAE: 3.7388822061044187
EVS: 0.5953127348117835
