Model: GRU
MSE: 8.189307056552064
MAE: 2.2854430410597053
EVS: 0.7044483773164609
