Model: GRU
MSE: 7.623165768730028
MAE: 2.419676374506067
EVS: 0.5969427527493774
