Model: GRU
MSE: 6.33854710635515
MAE: 1.7845986684163406
EVS: 0.6180338544755187
