Model: GRU
MSE: 4.466947048095157
MAE: 1.5304028016549565
EVS: 0.5960746222966264
