Model: GRU
MSE: 5.747971429233418
MAE: 1.941717695306848
EVS: 0.6270864002715992
