Model: GRU
MSE: 12.663399529080174
MAE: 3.0603723526000968
EVS: 0.6705850343072812
