Model: GRU
MSE: 18.618618166479347
MAE: 3.9632445088139274
EVS: 0.7099035246514287
