Model: GRU
MSE: 7.153003469494012
MAE: 2.0277806741219973
EVS: 0.6412626714385878
