Model: GRU
MSE: 22.517425807495034
MAE: 4.439652089719418
EVS: 0.720306023840332
