Model: GRU
MSE: 10.845965008049298
MAE: 2.9026972276193113
EVS: 0.6930426357291822
