Model: GRU
MSE: 9.838050047624181
MAE: 2.42382859300684
EVS: 0.3885634870637513
