Model: GRU
MSE: 3.282791515874493
MAE: 1.2931635468094431
EVS: 0.39630821619473
