Model: GRU
MSE: 16.521342921711
MAE: 3.728167180661801
EVS: 0.7387206211357662
