Model: GRU
MSE: 5.3168680356368165
MAE: 1.8629621223167132
EVS: 0.5651461811253693
