Model: GRU
MSE: 9.909527855173678
MAE: 2.527407045717592
EVS: 0.6412800524277305
