Model: GRU
MSE: 5.122116294613818
MAE: 1.7747450228090633
EVS: 0.6337067465759314
