Model: GRU
MSE: 7.905808071449122
MAE: 2.217308503610116
EVS: 0.6949583198395091
