Model: GRU
MSE: 6.128487396152799
MAE: 1.8885560918737336
EVS: 0.671634562746456
