Model: GRU
MSE: 10.993521514146842
MAE: 2.812178152578848
EVS: 0.6275551354791847
