Model: GRU
MSE: 11.673255194900063
MAE: 2.875549846225314
EVS: 0.6598099755752818
