Model: GRU
MSE: 13.971987381433248
MAE: 3.431544268572771
EVS: 0.5284900058738256
