Model: GRU
MSE: 9.880722505312074
MAE: 2.630611578623453
EVS: 0.6134501988166778
