Model: GRU
MSE: 9.224604533628415
MAE: 2.278178577069882
EVS: 0.549165692250232
