Model: GRU
MSE: 8.601883089212333
MAE: 2.5608624705561875
EVS: 0.5399947637190392
