Model: GRU
MSE: 2.9342480621898397
MAE: 1.4118604660034175
EVS: 0.4643766699347479
