Model: GRU
MSE: 7.013987426750946
MAE: 2.0890388488769527
EVS: 0.6733567253024394
