Model: GRU
MSE: 8.320898861208287
MAE: 2.48891293561017
EVS: 0.32807342083299007
