Model: GRU
MSE: 5.437102292745932
MAE: 1.6712296803792313
EVS: 0.6479091714517905
