Model: GRU
MSE: 11.905139086171047
MAE: 2.8979725926010684
EVS: 0.522112917819166
