Model: GRU
MSE: 4.682591811547553
MAE: 1.6659549783777303
EVS: 0.5689964444767834
