Model: GRU
MSE: 6.798278858344724
MAE: 1.8389442585132736
EVS: 0.6352472090705621
