Model: GRU
MSE: 10.665237736678815
MAE: 2.6435246467590323
EVS: 0.6404874258097203
