Model: GRU
MSE: 9.718766431974506
MAE: 2.472106553890086
EVS: 0.5700091340141158
