Model: GRU
MSE: 12.256036087619009
MAE: 2.7992920522336595
EVS: 0.5741148350643844
