Model: GRU
MSE: 9.398306041969898
MAE: 2.640939942112675
EVS: 0.7101917278841339
