Model: GRU
MSE: 15.677561282829759
MAE: 3.5597528528284132
EVS: 0.7004960985367015
