Model: GRU
MSE: 11.605918485643642
MAE: 2.8566609576896376
EVS: 0.41668707612101774
