Model: GRU
MSE: 7.028659565409798
MAE: 2.233628467277244
EVS: 0.6419859800869268
