Model: GRU
MSE: 9.37404752812357
MAE: 2.367922253078884
EVS: 0.6159504957322766
