Model: GRU
MSE: 12.296385753192583
MAE: 2.93083980348375
EVS: 0.5554624710566387
