Model: GRU
MSE: 12.953757777802984
MAE: 3.1413034862942157
EVS: 0.6565613028712796
