Model: GRU
MSE: 7.14915532468092
MAE: 2.173500573193585
EVS: 0.6627870250288108
