Model: GRU
MSE: 10.917145899034304
MAE: 2.743333216066713
EVS: 0.6314392306105199
