Model: GRU
MSE: 11.582053661354557
MAE: 2.9667999302899384
EVS: 0.7229728420304923
