Model: GRU
MSE: 19.031081460983504
MAE: 3.806233423727529
EVS: 0.530716742300154
