Model: GRU
MSE: 16.99098417439991
MAE: 3.7364415416011094
EVS: 0.6980779358863414
