Model: GRU
MSE: 13.704516400918594
MAE: 3.293964756859672
EVS: 0.5013841879553831
