Model: GRU
MSE: 6.93339140739846
MAE: 2.053556512903284
EVS: 0.6416754197240859
