Model: GRU
MSE: 11.16140581429282
MAE: 2.7429067956076723
EVS: 0.3960851392765824
