Model: GRU
MSE: 5.852316468041364
MAE: 1.8580416043599441
EVS: 0.6410992857742017
