Model: GRU
MSE: 10.778299894198666
MAE: 2.7388359175788026
EVS: 0.5622262994777503
