Model: GRU
MSE: 6.489283729418274
MAE: 1.9307866626315642
EVS: 0.6679215876991262
