Model: GRU
MSE: 6.1501272421884625
MAE: 1.7321687362812181
EVS: 0.5508649678570896
