Model: GRU
MSE: 11.46117596812313
MAE: 2.730556205466941
EVS: 0.49832897717313707
