Model: GRU
MSE: 7.211552689117859
MAE: 2.1438369044551138
EVS: 0.6618774583788242
