Model: GRU
MSE: 11.31248831190544
MAE: 2.663822138750994
EVS: 0.46865569617195
