Model: GRU
MSE: 11.037618024788197
MAE: 2.9054851531982413
EVS: 0.7195781978328284
