Model: GRU
MSE: 6.782158149831121
MAE: 2.2265201674567323
EVS: 0.6304587052136801
