Model: GRU
MSE: 6.864300066674298
MAE: 2.0942811701032844
EVS: 0.595555457691383
