Model: GRU
MSE: 12.837422200643877
MAE: 2.9309642050001345
EVS: 0.5461985939680569
