Model: GRU
MSE: 9.556020271461215
MAE: 2.482680038169578
EVS: 0.6516883221649318
