Model: GRU
MSE: 11.428312255713305
MAE: 2.7131923216360576
EVS: 0.5286537526814046
