Model: GRU
MSE: 11.806649257213357
MAE: 3.08294826083713
EVS: 0.5087190299126191
