Model: GRU
MSE: 7.515155148829046
MAE: 1.8040584836687352
EVS: 0.5445596748117867
