Model: GRU
MSE: 9.229477080676318
MAE: 2.3558404269041833
EVS: 0.5165529453648824
