Model: GRU
MSE: 15.642837864273552
MAE: 3.3811813372152812
EVS: 0.41335835206771054
