Model: GRU
MSE: 11.378606520392056
MAE: 2.7497009259683103
EVS: 0.572472135645441
