Model: GRU
MSE: 8.353597955930695
MAE: 2.347522099812825
EVS: 0.679883200563662
