Model: GRU
MSE: 8.701935510716464
MAE: 2.105559649290861
EVS: 0.6415085174457451
