Model: GRU
MSE: 14.753964800622079
MAE: 3.174358085349753
EVS: 0.5248867207988211
