Model: GRU
MSE: 9.844719024691354
MAE: 2.503112916593198
EVS: 0.6230548075312407
