Model: GRU
MSE: 16.91832754765673
MAE: 3.588278823428683
EVS: 0.5011513455649302
