Model: GRU
MSE: 7.311904797425101
MAE: 1.9750962080778893
EVS: 0.5251754073706633
