Model: GRU
MSE: 9.706303366851053
MAE: 2.6645352398907693
EVS: 0.5669657154451737
