Model: GRU
MSE: 4.162361892848618
MAE: 1.5078705328482163
EVS: 0.6090023154886199
