Model: GRU
MSE: 6.017840870047653
MAE: 1.8367677617956086
EVS: 0.6728743832258195
