Model: GRU
MSE: 5.245486637357754
MAE: 1.577227945680971
EVS: 0.5881099258797142
