Model: GRU
MSE: 4.741697871151058
MAE: 1.5574482458609116
EVS: 0.6241290829758126
