Model: GRU
MSE: 8.270175624356119
MAE: 2.302796319678977
EVS: 0.6166311354388903
