Model: GRU
MSE: 5.827666770449566
MAE: 1.980447133382161
EVS: 0.4151027348043421
