Model: GRU
MSE: 16.090816409714304
MAE: 3.4029655191633426
EVS: 0.36427621229111473
