Model: GRU
MSE: 14.194359685739975
MAE: 3.288856930202907
EVS: 0.5999114497186657
