Model: GRU
MSE: 8.962852517154879
MAE: 2.4205112457275386
EVS: 0.6553092513607763
