Model: GRU
MSE: 6.232134581697935
MAE: 1.8737992092415132
EVS: 0.5792853124255671
