Model: GRU
MSE: 3.605833780477082
MAE: 1.4241952366299093
EVS: 0.7147726884358625
