Model: GRU
MSE: 15.082081939168418
MAE: 3.5258388342680744
EVS: 0.7358877188464976
