Model: GRU
MSE: 4.169405659186511
MAE: 1.514366185223614
EVS: 0.5670667254956561
