Model: GRU
MSE: 21.993111189623075
MAE: 4.343136186952943
EVS: 0.6880845306004741
