Model: GRU
MSE: 9.912231764181339
MAE: 2.666466112490053
EVS: 0.5413565732532498
