Model: GRU
MSE: 4.17803540532801
MAE: 1.7141305782176826
EVS: 0.4713048928982918
