Model: GRU
MSE: 2692.139604434589
MAE: 51.79718017578125
EVS: 0.08409358003487377
