Model: GRU
MSE: 6.556168843266149
MAE: 1.9610262446933318
EVS: 0.6416912819359206
