Model: GRU
MSE: 15.88169357280816
MAE: 3.5979964644820592
EVS: 0.6634155926994074
