Model: GRU
MSE: 68.10684517099554
MAE: 3.606879693490487
EVS: -4.135070285417328
