Model: GRU
MSE: 13.641029160338874
MAE: 3.1536682446797677
EVS: 0.46530800007224393
