Model: GRU
MSE: 7.607909321037432
MAE: 2.209727393256293
EVS: 0.6794144786190487
