Model: GRU
MSE: 3.9699010790623257
MAE: 1.4741019849424004
EVS: 0.6753084330837108
