Model: GRU
MSE: 10.696792544543747
MAE: 2.6670722961425777
EVS: 0.6429217389797925
