Model: GRU
MSE: 8.473498083376597
MAE: 2.454718554461443
EVS: 0.639172821454821
