Model: GRU
MSE: 12.966253798126635
MAE: 3.1642562724925845
EVS: 0.6705916657280089
