Model: GRU
MSE: 11.568105276157679
MAE: 3.0488638877868643
EVS: 0.7504375104402318
