Model: GRU
MSE: 12.903082600309302
MAE: 2.957303700623688
EVS: 0.5256125828613696
