Model: GRU
MSE: 9.652944995318343
MAE: 2.247245435361508
EVS: 0.5170605983340792
