Model: GRU
MSE: 12.302315508195498
MAE: 2.5617256517763485
EVS: 0.09189166134235394
