Model: GRU
MSE: 27.424374571462025
MAE: 4.935850214075158
EVS: 0.6949123804253721
