Model: GRU
MSE: 16.068571685659478
MAE: 3.420413289751324
EVS: 0.32722656224535773
