Model: GRU
MSE: 13.501997170704536
MAE: 3.1922003428141266
EVS: 0.6699915705920516
