Model: GRU
MSE: 8.271256110046524
MAE: 2.279864805716055
EVS: 0.6711843880624946
