Model: GRU
MSE: 21.93942924258725
MAE: 4.1236474249098025
EVS: 0.6178791268041677
