Model: GRU
MSE: 8.925077980625959
MAE: 2.4927937013131594
EVS: 0.6744300582002551
