Model: GRU
MSE: 14.533403401425685
MAE: 3.3483396459508814
EVS: 0.6689780976992834
