Model: GRU
MSE: 5.427069359574722
MAE: 1.8997469301576961
EVS: 0.6680506025505477
