Model: GRU
MSE: 16.009842686665586
MAE: 3.5361417487815565
EVS: 0.6506913975137658
