Model: GRU
MSE: 22.992602501572872
MAE: 4.423747415895814
EVS: 0.6589103760107307
