Model: GRU
MSE: 10.107738693669493
MAE: 2.500119368235269
EVS: 0.5984677928706856
