Model: GRU
MSE: 8.775579242326067
MAE: 2.339479066707469
EVS: 0.4793951098745658
