Model: GRU
MSE: 10.793943951703952
MAE: 2.7568055258856874
EVS: 0.6486566456427926
