Model: GRU
MSE: 9.152160101494065
MAE: 2.446546430940981
EVS: 0.6733622868319307
