Model: GRU
MSE: 10.23842832807777
MAE: 2.515548388163248
EVS: 0.6103452516631134
