Model: GRU
MSE: 13.214083480667489
MAE: 3.2458052458586506
EVS: 0.6864650709143949
