Model: GRU
MSE: 178.47890094050368
MAE: 13.181290825208029
EVS: -0.009945230030792285
