Model: GRU
MSE: 5.897625610249674
MAE: 1.8631326357523594
EVS: 0.6024522219972682
