Model: GRU
MSE: 7.526754021710892
MAE: 1.9018228142349802
EVS: 0.5202092497252708
