Model: GRU
MSE: 8.158919230328607
MAE: 2.174401989689579
EVS: 0.6117231355904791
