Model: GRU
MSE: 8.248759700412641
MAE: 2.299448719731083
EVS: 0.6603068604190809
