Model: GRU
MSE: 10.671051678663822
MAE: 2.675083301685474
EVS: 0.5835827403684892
