Model: GRU
MSE: 21.494068578962807
MAE: 4.273669684374773
EVS: 0.6762713731773908
