Model: GRU
MSE: 8.85473622833406
MAE: 2.586703017905906
EVS: 0.5608403169822533
