Model: GRU
MSE: 6.482541394985839
MAE: 1.9910194608900278
EVS: 0.5828992009288732
