Model: GRU
MSE: 11.355609344111175
MAE: 2.7979953553941503
EVS: 0.6249341209739876
