Model: GRU
MSE: 4.4239284548279825
MAE: 1.6292599925288442
EVS: 0.6556582031731042
