Model: GRU
MSE: 5.25862819458581
MAE: 1.5948883692423497
EVS: 0.6400593656058449
