Model: GRU
MSE: 13.58858764247317
MAE: 3.22272201820656
EVS: 0.669941200587106
