Model: GRU
MSE: 13.245199710487903
MAE: 3.130364868375989
EVS: 0.5406562320701309
