Model: GRU
MSE: 12.549549927102577
MAE: 3.0778670134367756
EVS: 0.6813346997425367
