Model: GRU
MSE: 7.517876423148836
MAE: 2.29386642244127
EVS: 0.7322402063691128
