Model: GRU
MSE: 19.744908904131005
MAE: 3.9907408820258237
EVS: 0.6194675684739978
