Model: GRU
MSE: 19.36816925316184
MAE: 3.9348298973507343
EVS: 0.4004343446592561
