Model: GRU
MSE: 7.20080608205593
MAE: 2.028519436165138
EVS: 0.6080286794584545
