Model: GRU
MSE: 10.477647856232508
MAE: 2.6119513335051354
EVS: 0.6357632523394421
