Model: GRU
MSE: 6.9102132900300965
MAE: 2.0128424079329874
EVS: 0.6932725455605817
