Model: GRU
MSE: 8.481375748499545
MAE: 2.4098522398206916
EVS: 0.656228823352113
