Model: GRU
MSE: 5.293181224277193
MAE: 1.6417723231845427
EVS: 0.6888379580143488
