Model: GRU
MSE: 36.40123690477887
MAE: 5.814438731582077
EVS: 0.7415677919461152
