Model: GRU
MSE: 12.52256339073924
MAE: 2.8944626560917595
EVS: 0.49412071954404957
