Model: GRU
MSE: 7.460387927901969
MAE: 2.3498041276578543
EVS: 0.5796895879013784
