Model: GRU
MSE: 15.627414908917752
MAE: 3.364493758590132
EVS: 0.2548761514250757
