Model: GRU
MSE: 4.776259254671153
MAE: 1.7001618632563833
EVS: 0.685967354668388
