Model: GRU
MSE: 7.9338309860598155
MAE: 1.674512368661386
EVS: 0.3465951952124131
