Model: GRU
MSE: 9.657446322713099
MAE: 2.3782095732512287
EVS: 0.5254879211334815
