Model: GRU
MSE: 7.225190889259227
MAE: 2.0516631868150492
EVS: 0.599009342782597
