Model: GRU
MSE: 20.89910815236746
MAE: 4.184037738376192
EVS: 0.6619121646148126
