Model: GRU
MSE: 24.312268605357826
MAE: 4.490713931896067
EVS: 0.5528863027760829
