Model: GRU
MSE: 10.134883494973375
MAE: 2.6082367367214623
EVS: 0.6418327931264317
