Model: GRU
MSE: 4.800169449717838
MAE: 1.5815418031480573
EVS: 0.6438247990217634
