Model: GRU
MSE: 5.350977994263579
MAE: 1.7039352522955995
EVS: 0.657827756086028
