Model: GRU
MSE: 807.7139421324073
MAE: 28.256569544474285
EVS: 0.07527608404904329
