Model: GRU
MSE: 4.043745047429552
MAE: 1.4918384198789238
EVS: 0.670421198966473
