Model: GRU
MSE: 12.539163956329263
MAE: 2.9222444958157
EVS: 0.5333788392391896
