Model: GRU
MSE: 7.138108329640187
MAE: 2.102448957937735
EVS: 0.6843681864560334
