Model: GRU
MSE: 20.268943441023044
MAE: 4.003495622564244
EVS: 0.4423431821178976
