Model: GRU
MSE: 8.815263548367271
MAE: 2.504700024922688
EVS: 0.7467291645522476
