Model: GRU
MSE: 7.699553042302791
MAE: 2.2211594051784935
EVS: 0.6990550415805016
