Model: GRU
MSE: 11.898888334222349
MAE: 3.0308017200893818
EVS: 0.7296512799108862
