Model: GRU
MSE: 4.486750718220212
MAE: 1.5264249377780486
EVS: 0.6446896168216067
