Model: GRU
MSE: 10.056985029091496
MAE: 2.64813197100604
EVS: 0.6954587552972735
