Model: GRU
MSE: 10.494882620054707
MAE: 2.7087174521552186
EVS: 0.6853489737206119
