Model: GRU
MSE: 8.92871302798418
MAE: 2.439376442520706
EVS: 0.6125308601676405
