Model: GRU
MSE: 8.7892300713685
MAE: 2.031789558905142
EVS: 0.3637613284830874
