Model: GRU
MSE: 13.72641654501141
MAE: 3.0174785808280653
EVS: 0.2673106848175959
