Model: GRU
MSE: 7.355973047318876
MAE: 2.176176954198766
EVS: 0.6468187928514094
