Model: GRU
MSE: 9.817854056609908
MAE: 2.560886312414098
EVS: 0.6751869202783594
