Model: GRU
MSE: 962.8179534372669
MAE: 30.87733812685366
EVS: 0.06254908262294268
