Model: GRU
MSE: 13.956071276383458
MAE: 3.3522474147655337
EVS: 0.6655824049387535
