Model: GRU
MSE: 21.75944636088935
MAE: 4.185249646504719
EVS: 0.3758429372576223
