Model: GRU
MSE: 3.6629650306703034
MAE: 1.506738556755914
EVS: 0.6731211075301504
