Model: GRU
MSE: 10.313383593155788
MAE: 2.568209970438921
EVS: 0.3773197553568236
