Model: GRU
MSE: 8.304507319751114
MAE: 2.3275801340738926
EVS: 0.5901938006149365
