Model: GRU
MSE: 4.244936207655174
MAE: 1.4628442128499344
EVS: 0.6421455290499478
