Model: GRU
MSE: 13.878087298793218
MAE: 3.1531317940464714
EVS: 0.5497540162512461
