Model: GRU
MSE: 7.2671131190318246
MAE: 2.146018469775164
EVS: 0.6630030260269479
