Model: GRU
MSE: 10.854219289091267
MAE: 2.729650378227233
EVS: 0.5089002768448669
