Model: GRU
MSE: 21.19016025443346
MAE: 4.25970317699291
EVS: 0.6965732705444054
