Model: GRU
MSE: 5.826318843863232
MAE: 1.7502641501250085
EVS: 0.5913210138108921
