Model: GRU
MSE: 7.239102639380148
MAE: 1.9802064895629878
EVS: 0.6073672315516947
