Model: GRU
MSE: 13.207959930171889
MAE: 3.2026773382116236
EVS: 0.7059668979823446
