Model: GRU
MSE: 9.049064081063918
MAE: 2.4449407083016848
EVS: 0.6473700966551204
