Model: GRU
MSE: 36.39491369447511
MAE: 5.813273853725857
EVS: 0.7408481929565998
