Model: GRU
MSE: 8.450727069822982
MAE: 2.4693377459490735
EVS: 0.43799378044247184
