Model: GRU
MSE: 11.350068680952647
MAE: 2.71547328101264
EVS: 0.6509483260543348
