Model: GRU
MSE: 7.2162844055748625
MAE: 2.1024606845996994
EVS: 0.6339235366196718
