Model: GRU
MSE: 18.206809864378013
MAE: 3.960905181037054
EVS: 0.7484934880935363
