Model: GRU
MSE: 36.215944775953844
MAE: 5.785784191555447
EVS: 0.4151255909932735
