Model: GRU
MSE: 6.5293940778715305
MAE: 1.841200448848583
EVS: 0.5101654428432265
