Model: GRU
MSE: 4.129296141409187
MAE: 1.5567318421823002
EVS: 0.6084105148286845
