Model: GRU
MSE: 15.461821121816378
MAE: 3.402166763941446
EVS: 0.38837907857388687
