Model: GRU
MSE: 9.286861017589414
MAE: 2.5524257024129224
EVS: 0.622016062820519
