Model: GRU
MSE: 4.894654000263279
MAE: 1.6388513247172043
EVS: 0.5339016987243397
