Model: GRU
MSE: 24.582897458042993
MAE: 4.554288016425238
EVS: 0.5391519130210247
