Model: GRU
MSE: 4.689961448004631
MAE: 1.4137700751975726
EVS: 0.5521713327543283
