Model: GRU
MSE: 10.172080600013745
MAE: 2.6157022582160097
EVS: 0.6476070442161919
