Model: GRU
MSE: 1729.6759324218194
MAE: 41.48389618485062
EVS: 0.32533700622167727
