Model: GRU
MSE: 8.418377809007408
MAE: 2.11853868873031
EVS: 0.5297750857342419
