Model: GRU
MSE: 10.879365190655676
MAE: 2.6790731747945142
EVS: 0.41093724644156626
