Model: GRU
MSE: 3.8547120107937696
MAE: 1.3788551047996238
EVS: 0.6160447058186302
