Model: GRU
MSE: 17.92302836463904
MAE: 3.8738978262300834
EVS: 0.5120542156048156
