Model: GRU
MSE: 13.728516212978686
MAE: 3.264252980550129
EVS: 0.6937752902637647
