Model: GRU
MSE: 19.773008712958607
MAE: 4.1260033183627645
EVS: 0.46543326558213227
