Model: GRU
MSE: 3.9267133594597627
MAE: 1.3435044112028893
EVS: 0.6656734622430404
