Model: GRU
MSE: 6.066396799308001
MAE: 1.8737460595590092
EVS: 0.679826348747292
