Model: GRU
MSE: 5.444376627018796
MAE: 1.7349928220113113
EVS: 0.5623885688151016
