Model: GRU
MSE: 8.584277317610633
MAE: 2.4123213026258674
EVS: 0.688872212817033
