Model: GRU
MSE: 13.468222122930857
MAE: 3.032746871312458
EVS: 0.5069761755544426
