Model: GRU
MSE: 22.4002745239708
MAE: 4.431904863428185
EVS: 0.41131674935481377
