Model: GRU
MSE: 12.90550536977238
MAE: 3.0262678817466444
EVS: 0.602471634766742
