Model: GRU
MSE: 11.95299008751119
MAE: 2.9179496588530354
EVS: 0.5393457182143615
