Model: GRU
MSE: 9.993198188184708
MAE: 2.5590096579657655
EVS: 0.6287178649203942
