Model: GRU
MSE: 7.785371097832059
MAE: 2.222456402248806
EVS: 0.5986854856467221
