Model: GRU
MSE: 6.35136805673517
MAE: 1.9483379258049853
EVS: 0.6568494195994846
