Model: GRU
MSE: 18.829369981397512
MAE: 3.838631400355585
EVS: 0.5295895719365411
