Model: GRU
MSE: 8.283504755942724
MAE: 2.1267080483613188
EVS: 0.5555552995284142
