Model: GRU
MSE: 9.060227845563965
MAE: 2.58305189344618
EVS: 0.6331451820859608
