Model: GRU
MSE: 22.788613371905868
MAE: 4.121479599564163
EVS: 0.41638834356134447
