Model: GRU
MSE: 452.5432115444587
MAE: 21.05641637025056
EVS: 0.08620495825614327
