Model: GRU
MSE: 4.547869473395697
MAE: 1.4351714628714105
EVS: 0.5518328191132278
