Model: GRU
MSE: 6.359957710090517
MAE: 1.8916670481363926
EVS: 0.6395627860743216
