Model: GRU
MSE: 12.481258531842316
MAE: 2.779200094717519
EVS: 0.3495460308207128
