Model: GRU
MSE: 7.657824754919805
MAE: 2.014880542401914
EVS: 0.6083113340303716
