Model: GRU
MSE: 7.00807522776866
MAE: 2.027404802816885
EVS: 0.540646607022586
