Model: GRU
MSE: 12.063266619692786
MAE: 2.958184577800609
EVS: 0.5113531003808358
