Model: GRU
MSE: 10.043252242358369
MAE: 2.565976761005542
EVS: 0.5804468265316556
