Model: GRU
MSE: 6.297226593509622
MAE: 1.8577306005689829
EVS: 0.5849054173085046
