Model: GRU
MSE: 5.4315267059071735
MAE: 1.9448930952284067
EVS: 0.35945626962731037
