Model: GRU
MSE: 9.13009071457064
MAE: 2.5860112154925305
EVS: 0.7264267751033933
