Model: GRU
MSE: 7.512803866172326
MAE: 2.129512363009982
EVS: 0.687966937213009
