Model: GRU
MSE: 11.26778444630835
MAE: 2.8444796314945924
EVS: 0.6834569528811074
