Model: GRU
MSE: 8.700267318350829
MAE: 2.4973957273695198
EVS: 0.5728742516474878
