Model: GRU
MSE: 22.052580095278103
MAE: 4.300591927987557
EVS: 0.6448181325265216
