Model: GRU
MSE: 8.793672753047483
MAE: 2.566130072982222
EVS: 0.5286577084442197
