Model: GRU
MSE: 20.59070739688454
MAE: 4.232989558467158
EVS: 0.4296670218373029
