Model: GRU
MSE: 21.680499269359704
MAE: 4.298697860152632
EVS: 0.6806115606679795
