Model: GRU
MSE: 7.423475113043529
MAE: 2.0811209325437185
EVS: 0.6477213411976475
