Model: GRU
MSE: 10.59182744399748
MAE: 2.835852622985839
EVS: 0.4558605403139271
