Model: GRU
MSE: 6.86422675532995
MAE: 2.195862840723108
EVS: 0.47189144477048695
