Model: GRU
MSE: 15.233333794984711
MAE: 3.3771589067247167
EVS: 0.5680554940951881
