Model: GRU
MSE: 17.593537443889474
MAE: 3.6030291451348186
EVS: 0.5608430974297656
