Model: GRU
MSE: 9.238446342874836
MAE: 2.477730954134905
EVS: 0.45316270949897874
