Model: GRU
MSE: 5.040179265973534
MAE: 1.670769091005678
EVS: 0.6485743062268161
