Model: GRU
MSE: 23.171376751438796
MAE: 4.4068889971132625
EVS: 0.626262334550182
