Model: GRU
MSE: 14.613694369134711
MAE: 3.2988074620564767
EVS: 0.4485208018986131
