Model: GRU
MSE: 9.502322722488614
MAE: 2.584837772228099
EVS: 0.7189088784001041
