Model: GRU
MSE: 35.03673000053845
MAE: 5.567821114151566
EVS: 0.49468350443828124
