Model: GRU
MSE: 9.981787630661188
MAE: 2.6489029283876766
EVS: 0.7045436630753368
