Model: GRU
MSE: 18.418311598291705
MAE: 3.92676724327935
EVS: 0.7011846721396126
