Model: GRU
MSE: 6.398499487565895
MAE: 1.8830636342366531
EVS: 0.5988759375782867
