Model: GRU
MSE: 5.309488837302429
MAE: 1.802623589833577
EVS: 0.6360258745041987
