Model: GRU
MSE: 5.206872533977097
MAE: 1.8071428758126713
EVS: 0.5483988356854156
