Model: GRU
MSE: 5.666452394904605
MAE: 1.8211848294293433
EVS: 0.6579329355455377
