Model: GRU
MSE: 5.749380572792887
MAE: 2.0185829091955108
EVS: 0.39649974643120833
