Model: GRU
MSE: 3.74950164026336
MAE: 1.5874532240408432
EVS: 0.6364639048839796
