Model: GRU
MSE: 13.056672381778396
MAE: 3.2662878389711723
EVS: 0.4903751925510976
