Model: GRU
MSE: 9.69754009806645
MAE: 2.3464743296305333
EVS: 0.5361720951712386
