Model: GRU
MSE: 28.674621154871122
MAE: 5.12369555014151
EVS: 0.7586243668811578
