Model: GRU
MSE: 9.471126946941387
MAE: 2.5850445076271336
EVS: 0.6405138012864923
