Model: GRU
MSE: 22.989240792199276
MAE: 4.434063399279558
EVS: 0.6064257455353148
