Model: GRU
MSE: 7.730657057711272
MAE: 2.34363047281901
EVS: 0.425813432410056
