Model: GRU
MSE: 454.69593670575813
MAE: 21.11183719281797
EVS: 0.10456688364739275
