Model: GRU
MSE: 3.8150419775729536
MAE: 1.337423236281783
EVS: 0.640522765142286
