Model: GRU
MSE: 8.444255782034181
MAE: 2.3228282045435016
EVS: 0.6544458558661788
