Model: GRU
MSE: 6.655772546167805
MAE: 1.9982793640207357
EVS: 0.5026749508218177
