Model: GRU
MSE: 10.274906662033535
MAE: 2.7234514730947983
EVS: 0.7152437181044118
