Model: GRU
MSE: 4.174559819731198
MAE: 1.431643786253752
EVS: 0.5854128508402547
