Model: GRU
MSE: 4.55129808595211
MAE: 1.5700344156335897
EVS: 0.6829122963748664
