Model: GRU
MSE: 3.6721298179950774
MAE: 1.5959676459983538
EVS: 0.6341180569714171
