Model: GRU
MSE: 14.121508658210995
MAE: 3.3851799611692064
EVS: 0.5857275313776105
