Model: GRU
MSE: 3.9682268594675425
MAE: 1.460333665211995
EVS: 0.6122910212730563
