Model: GRU
MSE: 21.667384330930368
MAE: 4.347494425597013
EVS: 0.7243155815755948
