Model: GRU
MSE: 6.5531373790985565
MAE: 2.153770623383698
EVS: 0.5936918283137964
