Model: GRU
MSE: 9.720095170834076
MAE: 2.4778366618686247
EVS: 0.6426689353360808
