Model: GRU
MSE: 9.459178948878614
MAE: 2.158476864850079
EVS: 0.5594818226151081
