Model: GRU
MSE: 12.340283134017694
MAE: 3.114578812210647
EVS: 0.73696990892261
