Model: GRU
MSE: 6.146590882115129
MAE: 1.9586655122262455
EVS: 0.6166115670060969
