Model: GRU
MSE: 5.067981625467844
MAE: 1.4606602103621869
EVS: 0.504460592865352
