Model: GRU
MSE: 5.907352530080935
MAE: 1.648619722436975
EVS: 0.6034054411294971
