Model: GRU
MSE: 20.450912808828367
MAE: 4.257066355811224
EVS: 0.7679975584452755
