Model: GRU
MSE: 9.49083505004219
MAE: 2.6279242480242684
EVS: 0.33993246637996555
