Model: GRU
MSE: 11.456209995339893
MAE: 2.86149137991446
EVS: 0.5990829750814499
