Model: GRU
MSE: 8.271946867985157
MAE: 2.3761703085016315
EVS: 0.5055762509311716
