Model: GRU
MSE: 9.648957102797327
MAE: 2.504583447067825
EVS: 0.6635979020565215
