Model: GRU
MSE: 11.836031269068208
MAE: 3.0183254701119875
EVS: 0.43422979103863235
