Model: GRU
MSE: 4.158084214355338
MAE: 1.4276861084832086
EVS: 0.5873759679910295
