Model: GRU
MSE: 5.989641890556546
MAE: 1.842510682565194
EVS: 0.6010148163688986
