Model: GRU
MSE: 13.860319075628464
MAE: 3.2370553546481653
EVS: 0.6630226689323315
