Model: GRU
MSE: 8.764327214916602
MAE: 2.4289750169824664
EVS: 0.5994893037851841
