Model: GRU
MSE: 6.581042110636508
MAE: 1.8817443847656246
EVS: 0.5844386425078318
