Model: GRU
MSE: 9.881238052224873
MAE: 2.601529156720196
EVS: 0.5478704616961289
