Model: GRU
MSE: 7.253060085055931
MAE: 2.0971594916449647
EVS: 0.5543315300572466
