Model: GRU
MSE: 750.1540027637349
MAE: 27.21187217147262
EVS: 0.03663430345187746
