Model: GRU
MSE: 19.328897312497407
MAE: 3.83816803826226
EVS: 0.5192560494783127
