Model: GRU
MSE: 4.380504695519649
MAE: 1.433850005820945
EVS: 0.6712332573149904
