Model: GRU
MSE: 16.096005925995723
MAE: 3.577003690931531
EVS: 0.6710680932406745
