Model: GRU
MSE: 17.94432516465491
MAE: 3.742382067221181
EVS: 0.5343512732398964
