Model: GRU
MSE: 3.6921634645538037
MAE: 1.3732404002436882
EVS: 0.6322853236253203
