Model: GRU
MSE: 13.730048784818282
MAE: 3.2550632688734256
EVS: 0.6743946387395836
