Model: GRU
MSE: 18.12956422459576
MAE: 3.723954474484478
EVS: 0.3455247037655924
