Model: GRU
MSE: 4.761934090043015
MAE: 1.4089928026552547
EVS: 0.5814695350814549
