Model: GRU
MSE: 10.117274626082256
MAE: 2.443590570379186
EVS: 0.46124553954920255
