Model: GRU
MSE: 7.0505173425452945
MAE: 2.1439404134397146
EVS: 0.6249350593640686
