Model: GRU
MSE: 7.033977540325704
MAE: 2.115871835637975
EVS: 0.6032795748886939
