Model: GRU
MSE: 10.482035949172579
MAE: 2.6833207518966105
EVS: 0.6599688314973879
