Model: GRU
MSE: 9.752678501046127
MAE: 2.6093529065450025
EVS: 0.6959510114208552
