Model: GRU
MSE: 12.781497044401346
MAE: 3.0155650774637848
EVS: 0.620001149170697
