Model: GRU
MSE: 6.8469059965152255
MAE: 1.9956510155289255
EVS: 0.6786814745410705
