Model: GRU
MSE: 9.106453480926605
MAE: 2.5964071838944043
EVS: 0.5162805774255468
