Model: GRU
MSE: 8.305059619949462
MAE: 2.120219151178995
EVS: 0.5202539522163852
