Model: GRU
MSE: 11.473761478237028
MAE: 3.0416762387311005
EVS: 0.5040084801291679
