Model: GRU
MSE: 8.625243284390953
MAE: 2.3673493950455273
EVS: 0.672119313222413
