Model: GRU
MSE: 7.958745817844084
MAE: 2.4282421535915795
EVS: 0.559437494929693
