Model: GRU
MSE: 6.1559454054092395
MAE: 2.1304070508038553
EVS: 0.5227728181091369
