Model: GRU
MSE: 6.336821732051886
MAE: 2.023878627353244
EVS: 0.5959253707106986
