Model: GRU
MSE: 7.576252454247303
MAE: 2.2613202907420966
EVS: 0.43368265205802503
