Model: GRU
MSE: 16.792827041663596
MAE: 3.729721192960385
EVS: 0.6830317811703976
