Model: GRU
MSE: 16.41008728501892
MAE: 3.5526634763788283
EVS: 0.43298604304245136
