Model: GRU
MSE: 11.979870206615727
MAE: 2.9754073708145694
EVS: 0.6653409274904325
