Model: GRU
MSE: 10.088104691418069
MAE: 2.7574956505386914
EVS: 0.5933660780262813
