Model: GRU
MSE: 8.002274893470675
MAE: 2.323196199205186
EVS: 0.6083017323377625
