Model: GRU
MSE: 5.02696248565229
MAE: 1.7080326698444503
EVS: 0.6255501189249122
