Model: GRU
MSE: 27.785371308726358
MAE: 4.966606563991969
EVS: 0.689289104847365
