Model: GRU
MSE: 10.326997895908953
MAE: 2.761714122913501
EVS: 0.7002611725888104
