Model: GRU
MSE: 7.639648659152816
MAE: 2.2432719336615663
EVS: 0.5369596555512747
