Model: GRU
MSE: 12.211569954140685
MAE: 2.7899801220212654
EVS: 0.4858406851743299
