Model: GRU
MSE: 4.816102954547575
MAE: 1.4834797470657917
EVS: 0.5456774921165733
