Model: GRU
MSE: 5.33360310478986
MAE: 1.6130614457307033
EVS: 0.6558922669953111
