Model: GRU
MSE: 7.353924075176756
MAE: 2.0189573323285135
EVS: 0.6725835316722837
