Model: GRU
MSE: 14.691319437660043
MAE: 3.4473789532979318
EVS: 0.6810156055195801
