Model: GRU
MSE: 3.68722909778407
MAE: 1.6632415276986587
EVS: 0.43986437070093165
