Model: GRU
MSE: 20.222562852259582
MAE: 4.159221401921024
EVS: 0.7086949299175818
