Model: GRU
MSE: 9.77808769294834
MAE: 2.4961293096895565
EVS: 0.3701694809424505
