Model: GRU
MSE: 12.57146473212476
MAE: 2.8345154303091533
EVS: 0.5626253684944076
