Model: GRU
MSE: 17.65482586972467
MAE: 3.879020196420174
EVS: 0.4434272402747288
