Model: GRU
MSE: 16.922893297413193
MAE: 3.685114242412425
EVS: 0.6655403230967765
