Model: GRU
MSE: 26.024590421470553
MAE: 4.584318407944271
EVS: 0.010942466932483241
