Model: GRU
MSE: 10.259985425804853
MAE: 2.5959413817950647
EVS: 0.49326711783888566
