Model: GRU
MSE: 4.757743395787251
MAE: 1.65319573437726
EVS: 0.6628109976441563
