Model: GRU
MSE: 1647.8836502648412
MAE: 40.47933161700213
EVS: 0.2833685070773426
