Model: GRU
MSE: 7.691067159370713
MAE: 1.9765361679924853
EVS: 0.6008684225169574
