Model: GRU
MSE: 8.617600153188723
MAE: 2.168013087025394
EVS: 0.650927884501872
