Model: GRU
MSE: 14.382909222715343
MAE: 3.3961290959958665
EVS: 0.6271796327794151
