Model: GRU
MSE: 4.759497829422165
MAE: 1.719997741557933
EVS: 0.6616958791174699
