Model: GRU
MSE: 8.054921439493265
MAE: 2.3018055138764555
EVS: 0.6576585900778501
