Model: GRU
MSE: 18.544244519919626
MAE: 3.8391572104559994
EVS: 0.6208406397084871
