Model: GRU
MSE: 4.524594009996496
MAE: 1.5116262612519435
EVS: 0.5945779586439125
