Model: GRU
MSE: 12.310030372064498
MAE: 2.976895173390705
EVS: 0.5558608630774013
