Model: GRU
MSE: 24.6737335740876
MAE: 4.637956725226507
EVS: 0.684815017633807
