Model: GRU
MSE: 4.869458766108572
MAE: 1.3878954428213612
EVS: 0.5279094218319857
