Model: GRU
MSE: 4.439520765643497
MAE: 1.4109846397682466
EVS: 0.642329426304507
