Model: GRU
MSE: 20.5065280767261
MAE: 4.170212251168709
EVS: 0.6724349100064406
