Model: GRU
MSE: 9.46901148197075
MAE: 2.535341298138653
EVS: 0.6063730646208193
