Model: GRU
MSE: 8.303039748538177
MAE: 2.3393991788228345
EVS: 0.6502510816028044
