Model: GRU
MSE: 13.395944279182133
MAE: 3.0028270747926493
EVS: 0.21966907775856792
