Model: GRU
MSE: 9.88697554995542
MAE: 2.5885431148387763
EVS: 0.5881781481063635
