Model: GRU
MSE: 11.109803943098326
MAE: 2.8177812894185377
EVS: 0.5967300330986315
