Model: GRU
MSE: 5.793216570331624
MAE: 1.9471325344509542
EVS: 0.6793937397541808
