Model: GRU
MSE: 9.354486853720024
MAE: 2.5034249711919707
EVS: 0.5549927189273616
