Model: GRU
MSE: 8.780404190028198
MAE: 2.414226408357973
EVS: 0.634358449549201
