Model: GRU
MSE: 8.27065510097246
MAE: 2.3547423141343247
EVS: 0.41228601429180567
