Model: GRU
MSE: 15.7268109457886
MAE: 3.488526909439651
EVS: 0.6450739325832373
