Model: GRU
MSE: 4.725068118140774
MAE: 1.5261410254019272
EVS: 0.5611797343245022
