Model: GRU
MSE: 5.352467470994807
MAE: 1.7588036501849134
EVS: 0.7032340080786443
