Model: GRU
MSE: 15.427834231503939
MAE: 3.424517931761564
EVS: 0.541079207400383
