Model: GRU
MSE: 6.641384028161223
MAE: 1.5142191074512619
EVS: 0.5916021774294805
