Model: GRU
MSE: 8.719652511533273
MAE: 2.3451173835330534
EVS: 0.4372901553936823
