Model: GRU
MSE: 5.998742720243279
MAE: 1.8722351392110184
EVS: 0.6326735256015643
