Model: GRU
MSE: 8.24384353362904
MAE: 2.420662897604483
EVS: 0.5094064596164272
