Model: GRU
MSE: 7.818916981043269
MAE: 2.2591730753580723
EVS: 0.6491952347563579
