Model: GRU
MSE: 7.176721774014802
MAE: 2.2653755258630817
EVS: 0.6630311562428393
