Model: GRU
MSE: 16.489615866690013
MAE: 3.634240927519621
EVS: 0.6307611652456168
