Model: GRU
MSE: 5.476267200845201
MAE: 2.044925477769639
EVS: 0.2604708756841587
