Model: GRU
MSE: 6.89997102228102
MAE: 1.9115041494369502
EVS: 0.5186848953165635
