Model: GRU
MSE: 5.38171963762195
MAE: 1.617989575421368
EVS: 0.6361916879477589
