Model: GRU
MSE: 6.898691535281376
MAE: 2.064774866457338
EVS: 0.6425377355832643
