Model: GRU
MSE: 4.745620546839467
MAE: 1.6203366208959504
EVS: 0.5605853507837538
