Model: GRU
MSE: 9.26098943038979
MAE: 2.3754422664642325
EVS: 0.4569134853438509
