Model: GRU
MSE: 13.054662417642513
MAE: 3.0424263565628604
EVS: 0.6215194338480872
