Model: GRU
MSE: 9.817691073380859
MAE: 2.679954122613977
EVS: 0.5758875541116621
