Model: GRU
MSE: 4.716747909294166
MAE: 1.3331238428751622
EVS: 0.6005318467977931
