Model: GRU
MSE: 7.0813620560793815
MAE: 2.216759981932463
EVS: 0.6456942556639054
