Model: GRU
MSE: 10.776171911416638
MAE: 2.775122925087257
EVS: 0.4588412620059821
