Model: GRU
MSE: 5.453290712115461
MAE: 1.3699517779880095
EVS: 0.5693323924745204
