Model: GRU
MSE: 6218.23160945836
MAE: 78.78126384593823
EVS: 0.09575077956538935
