Model: GRU
MSE: 5153.514096694374
MAE: 71.72928732412832
EVS: 0.1606499001838415
