Model: GRU
MSE: 12.866548801154847
MAE: 3.0641925953052653
EVS: 0.640652728517374
