Model: GRU
MSE: 10.400190781360378
MAE: 2.679889246269508
EVS: 0.5550051130449485
