Model: GRU
MSE: 6.532663023423369
MAE: 1.953423107111895
EVS: 0.5313566866885224
