Model: GRU
MSE: 10.031305778352694
MAE: 2.554530920805754
EVS: 0.6128307915150899
