Model: GRU
MSE: 10.759737726549512
MAE: 2.717482072335702
EVS: 0.6636965448827332
