Model: GRU
MSE: 7.673855705314397
MAE: 2.1269431820622193
EVS: 0.5794429172507358
