Model: GRU
MSE: 4.7645615224788
MAE: 1.5386644116154418
EVS: 0.7232477639100352
