Model: GRU
MSE: 14.954547506134178
MAE: 3.061038374900817
EVS: 0.11836055762489828
