Model: GRU
MSE: 8.4706715029167
MAE: 2.2790495554606114
EVS: 0.6235658339633849
