Model: GRU
MSE: 7.232571756366164
MAE: 2.0840391936125573
EVS: 0.6729054754443433
