Model: GRU
MSE: 10.078818445160948
MAE: 2.4071408179071208
EVS: 0.29457581170363445
