Model: GRU
MSE: 5.726869739343848
MAE: 1.8753902647230356
EVS: 0.6040379526979911
