Model: GRU
MSE: 13.339937724832355
MAE: 3.1916713184780536
EVS: 0.648824596816719
