Model: GRU
MSE: 19.78094255284866
MAE: 4.0368275465788654
EVS: 0.6527419149985794
