Model: GRU
MSE: 5.919852391355265
MAE: 1.969689634111192
EVS: 0.5664151519366163
