Model: GRU
MSE: 7.584997761395948
MAE: 2.0995159149169917
EVS: 0.6767232758615389
