Model: GRU
MSE: 8.392747183287751
MAE: 2.0769179485462326
EVS: 0.4921191903474452
