Model: GRU
MSE: 12.745283825014603
MAE: 3.1439946315906657
EVS: 0.7149584509369409
