Model: GRU
MSE: 9.546844369803361
MAE: 2.598198802382857
EVS: 0.7213729961167792
