Model: GRU
MSE: 7.2035543313939785
MAE: 2.0158384817617905
EVS: 0.6718674687735025
