Model: GRU
MSE: 7.0760937983755126
MAE: 2.0210212822313656
EVS: 0.5044891438548698
