Model: GRU
MSE: 5.062629504908354
MAE: 1.8288817229094323
EVS: 0.5156885804118212
