Model: GRU
MSE: 10.131680319211258
MAE: 2.656221778304488
EVS: 0.6259424454123392
