Model: GRU
MSE: 6.260553659653891
MAE: 1.9912266731262203
EVS: 0.5767673767633185
