Model: GRU
MSE: 17.769138991816128
MAE: 3.6105624128271026
EVS: 0.30997494482791765
