Model: GRU
MSE: 10.323792641317052
MAE: 2.8005928110193317
EVS: 0.4919851067054061
