Model: GRU
MSE: 5.299124989739569
MAE: 1.8634862546567559
EVS: 0.5347524803731238
