Model: GRU
MSE: 7.43845777860741
MAE: 2.123408882706253
EVS: 0.5672556109259304
