Model: GRU
MSE: 20.44932579602233
MAE: 4.029526268994366
EVS: 0.6267975047032835
