Model: GRU
MSE: 29.90648718422768
MAE: 5.1174333183853715
EVS: 0.6294851106694939
