Model: GRU
MSE: 4.358446869227413
MAE: 1.4317392066672998
EVS: 0.5703038136414003
