Model: GRU
MSE: 11.083919724659053
MAE: 2.859021283962108
EVS: 0.29382853855386437
