Model: GRU
MSE: 8.701003805234349
MAE: 1.887232074031124
EVS: 0.36457993916273745
