Model: GRU
MSE: 957.1263767218546
MAE: 30.855441764548974
EVS: -0.08156843744795284
