Model: GRU
MSE: 13.304598417560165
MAE: 2.828134960598415
EVS: 0.5272132680957442
