Model: GRU
MSE: 28.640490981358738
MAE: 4.94095065858629
EVS: 0.5211020547048497
