Model: GRU
MSE: 19.594019663075304
MAE: 4.035243493539315
EVS: 0.6240872555282448
