Model: GRU
MSE: 4.638824794052194
MAE: 1.7511665202953193
EVS: 0.47296120745888726
