Model: GRU
MSE: 900.7823517180747
MAE: 29.776022098682546
EVS: -0.09110231506113697
