Model: GRU
MSE: 18.4788988112276
MAE: 3.891650140285491
EVS: 0.3697976744204985
