Model: GRU
MSE: 342.1931320250726
MAE: 18.247590877391673
EVS: 0.08142022222811296
