Model: GRU
MSE: 5.03314723273373
MAE: 1.4297779224537042
EVS: 0.4996366937905987
