Model: GRU
MSE: 15.518851725897857
MAE: 3.437474453890764
EVS: 0.5709471209094418
