Model: GRU
MSE: 19.271971698084595
MAE: 4.09484757317437
EVS: 0.7504704494460334
