Model: GRU
MSE: 2372.1290145616845
MAE: 48.657106752748845
EVS: 0.015129320056582629
