Model: GRU
MSE: 14.4991810632209
MAE: 3.3983149175290697
EVS: 0.6815196854166371
