Model: GRU
MSE: 8.12203805471017
MAE: 2.2537433836195198
EVS: 0.6083096023884582
