Model: GRU
MSE: 4.484759407211505
MAE: 1.4366855268125178
EVS: 0.5916114305369269
