Model: GRU
MSE: 9.663442867846438
MAE: 2.745746824476453
EVS: 0.5441036093169773
