Model: GRU
MSE: 15.299241325369612
MAE: 3.2730460740901797
EVS: 0.24654311344500246
