Model: GRU
MSE: 4.564154146330589
MAE: 1.650779247283935
EVS: 0.6971540939005865
