Model: GRU
MSE: 11.012217826736016
MAE: 2.649119447778771
EVS: 0.5679347587375948
