Model: GRU
MSE: 7.848243639182597
MAE: 2.1238024234771724
EVS: 0.6145349363009142
