Model: GRU
MSE: 7.915731854942719
MAE: 2.213553287364818
EVS: 0.644082963353819
