Model: GRU
MSE: 21.57449338308695
MAE: 4.305463331717031
EVS: 0.697331587586604
