Model: GRU
MSE: 20.37832240033876
MAE: 4.193609361295346
EVS: 0.7217959304993153
