Model: GRU
MSE: 20.632116447172603
MAE: 4.218767801920571
EVS: 0.7175957350745648
