Model: GRU
MSE: 4.87484214177244
MAE: 1.6593642058195885
EVS: 0.541916676282897
