Model: GRU
MSE: 14.078915947258519
MAE: 3.393891723067671
EVS: 0.7182575450614612
