Model: GRU
MSE: 554.9199604813396
MAE: 23.341400852909796
EVS: 0.22241796281858794
