Model: GRU
MSE: 6.028436473370672
MAE: 2.004568311903211
EVS: 0.4433849321629413
