Model: GRU
MSE: 16.830369376478195
MAE: 3.633936493485061
EVS: 0.6388007340550768
