Model: GRU
MSE: 4.76089240261836
MAE: 1.5042332719873495
EVS: 0.6208238402341928
