Model: GRU
MSE: 20.671525600451137
MAE: 4.171945254007974
EVS: 0.6745209906847502
