Model: GRU
MSE: 11.71336855127172
MAE: 2.8303247381139673
EVS: 0.5614056576749762
