Model: GRU
MSE: 9.743228965942093
MAE: 2.6863091610096115
EVS: 0.7071463691314205
