Model: GRU
MSE: 7.618766408882677
MAE: 1.831546854089807
EVS: 0.5197229714131579
