Model: GRU
MSE: 7.4465297083110995
MAE: 1.8361251265914347
EVS: 0.5793090134843901
