Model: GRU
MSE: 7.494379384708491
MAE: 1.8585818785208237
EVS: 0.5023886164677648
