Model: GRU
MSE: 7.251891698506016
MAE: 1.611049440171983
EVS: 0.5485574039418541
