Model: GRU
MSE: 5.526726944320147
MAE: 1.828599470633047
EVS: 0.7102780417863428
