Model: GRU
MSE: 4.642218168541382
MAE: 1.487554514849627
EVS: 0.6357927767118008
