Model: GRU
MSE: 16.354852021498615
MAE: 3.6502080140290425
EVS: 0.6830433838967893
