Model: GRU
MSE: 24.40622174083175
MAE: 4.436289456155564
EVS: 0.35334536307905307
