Model: GRU
MSE: 12.206913593053889
MAE: 2.859562873840331
EVS: 0.48483367356944496
