Model: GRU
MSE: 10.450965337489459
MAE: 2.763201572276927
EVS: 0.6882001438615584
