Model: GRU
MSE: 9.169488619037175
MAE: 2.4642756073563183
EVS: 0.6191248353018106
