Model: GRU
MSE: 5.843328346218925
MAE: 1.792582194010416
EVS: 0.6792965333551662
