Model: GRU
MSE: 6.2462556024374845
MAE: 1.9213009233827938
EVS: 0.5742681152739058
