Model: GRU
MSE: 5323.592160747939
MAE: 72.89414582429109
EVS: 0.0
