Model: GRU
MSE: 7.719292065472848
MAE: 2.185898763162118
EVS: 0.6903691519568265
