Model: GRU
MSE: 8.259241302922158
MAE: 2.2663700227384207
EVS: 0.47657699131430653
