Model: GRU
MSE: 6.749281670895771
MAE: 2.1222999714038986
EVS: 0.6436299814908173
