Model: GRU
MSE: 8.162529676849811
MAE: 2.2827252811855736
EVS: 0.6708579951494087
