Model: GRU
MSE: 10.466102060796633
MAE: 2.7232199421635377
EVS: 0.695130772275591
