Model: GRU
MSE: 11.107188498428139
MAE: 2.648482463977954
EVS: 0.6080119745966661
