Model: GRU
MSE: 8.27589623747874
MAE: 2.335911980381718
EVS: 0.7190608320891496
