Model: GRU
MSE: 6.34555114811775
MAE: 1.8093547114619497
EVS: 0.6796925054394123
