Model: GRU
MSE: 6.466390752728496
MAE: 1.8662175425776724
EVS: 0.6479319603682514
