Model: GRU
MSE: 20.263662420226794
MAE: 4.132789011354799
EVS: 0.6827597060792819
