Model: GRU
MSE: 8.15851685369967
MAE: 2.504663679334852
EVS: 0.5145724570278831
