Model: GRU
MSE: 10.902729951906268
MAE: 2.535638235233447
EVS: 0.5284278226101702
