Model: GRU
MSE: 6.3137193867576675
MAE: 2.0802360817238132
EVS: 0.4915134356411628
