Model: GRU
MSE: 9.522856013290438
MAE: 2.4461752220436375
EVS: 0.6284077109163172
