Model: GRU
MSE: 5.833573545278877
MAE: 2.0006456728334774
EVS: 0.46385338475000093
