Model: GRU
MSE: 6.1376865163866325
MAE: 1.8104423593591756
EVS: 0.5942114927220492
