Model: GRU
MSE: 7.572878589953257
MAE: 1.9886462070323798
EVS: 0.5423252539666985
