Model: GRU
MSE: 6.485714994536126
MAE: 1.8938504678231693
EVS: 0.6547378260817627
