Model: GRU
MSE: 9.824161511693458
MAE: 2.472618774131492
EVS: 0.6102974383811551
