Model: GRU
MSE: 17.331805918017555
MAE: 3.810547563764783
EVS: 0.7198458597731701
