Model: GRU
MSE: 22.995907724308584
MAE: 4.375638131742123
EVS: 0.5962723736908742
