Model: GRU
MSE: 14.733127178235858
MAE: 3.2075425518883587
EVS: 0.5413553543834684
