Model: GRU
MSE: 4.296761848726554
MAE: 1.2278095174718788
EVS: 0.5972211983743743
