Model: GRU
MSE: 5.91602322261186
MAE: 1.7173317979883267
EVS: 0.5474021313476427
