Model: GRU
MSE: 13.53011573589079
MAE: 3.2769140314172804
EVS: 0.31955833924398747
