Model: GRU
MSE: 9.060391096316444
MAE: 2.2861117610224966
EVS: 0.6179541664895782
