Model: GRU
MSE: 176.23132834246775
MAE: 12.875056668564126
EVS: -0.04270557219782867
