Model: GRU
MSE: 8.5979825095544
MAE: 2.3481081856621633
EVS: 0.601843757050436
