Model: GRU
MSE: 19.911400104499013
MAE: 4.106409161179153
EVS: 0.6962031100195378
