Model: GRU
MSE: 981.9958410086306
MAE: 31.18070454067654
EVS: 0.027517850699973923
