Model: GRU
MSE: 6.138771260859726
MAE: 1.8131736826013631
EVS: 0.665366584280809
