Model: GRU
MSE: 12.477750002545232
MAE: 3.0065729353162967
EVS: 0.44914539470482207
