Model: GRU
MSE: 7.41965227013415
MAE: 2.0481801121323193
EVS: 0.4821721055641306
