Model: GRU
MSE: 25.05719088738081
MAE: 4.6313800546858035
EVS: 0.34358932737974424
