Model: GRU
MSE: 9.123130718847404
MAE: 2.374806412944087
EVS: 0.5403655934933
