Model: GRU
MSE: 17.782133298257005
MAE: 3.8848875363667794
EVS: 0.702587609711359
