Model: GRU
MSE: 4.2326758271610725
MAE: 1.6358417228416156
EVS: 0.6838906648168215
