Model: GRU
MSE: 16.768337180359627
MAE: 3.3261290038073494
EVS: 0.45130007676821293
