Model: GRU
MSE: 12.093967821799597
MAE: 2.9662430021497928
EVS: 0.6301714027046559
