Model: GRU
MSE: 12.59962945020261
MAE: 3.069250989843297
EVS: 0.6831971057109223
