Model: GRU
MSE: 18.761941567212954
MAE: 3.837781199702509
EVS: 0.4283910418109639
