Model: GRU
MSE: 12.413352054709048
MAE: 3.101483945493344
EVS: 0.6406015191470639
