Model: GRU
MSE: 10.509914295956685
MAE: 2.6780021455552836
EVS: 0.6673644739779976
