Model: GRU
MSE: 13.047089303982084
MAE: 3.0621265482019484
EVS: 0.6342574010877775
