Model: GRU
MSE: 12.395206629546207
MAE: 3.07177882724338
EVS: 0.6571181587911574
