Model: GRU
MSE: 7.216730363952464
MAE: 2.020622200436062
EVS: 0.6145231663883657
