Model: GRU
MSE: 10.155270477801688
MAE: 2.771471270808466
EVS: 0.7198918270706589
