Model: GRU
MSE: 15.871010206182918
MAE: 3.4584676159752727
EVS: 0.49805057494319516
