Model: GRU
MSE: 16.013905906027396
MAE: 3.5855766932169586
EVS: 0.6576913879327438
