Model: GRU
MSE: 5.519431175252106
MAE: 1.7907177077399354
EVS: 0.5886268509875607
