Model: GRU
MSE: 16.64253557123555
MAE: 3.641653060913085
EVS: 0.24418456413336087
