Model: GRU
MSE: 5.851869395591982
MAE: 1.6957834208453137
EVS: 0.6041127898517584
