Model: GRU
MSE: 5.959361828957735
MAE: 2.0376087471290867
EVS: 0.35912583295328016
