Model: GRU
MSE: 5.918588135461141
MAE: 1.913805414129186
EVS: 0.640789382784729
