Model: GRU
MSE: 10.534769114253587
MAE: 2.6975800196329747
EVS: 0.6753746706181835
