Model: GRU
MSE: 5.225329968015337
MAE: 1.7902572066695597
EVS: 0.5742011277897565
