Model: GRU
MSE: 10.57878171467894
MAE: 2.604082531399196
EVS: 0.5544104788056269
