Model: GRU
MSE: 13.5713028482995
MAE: 3.1942276778044514
EVS: 0.6033696060858802
