Model: GRU
MSE: 390.551854149002
MAE: 19.45749749077691
EVS: 0.07930675933612674
