Model: GRU
MSE: 13.563288516176419
MAE: 3.1971522437201596
EVS: 0.6663214673566518
