Model: GRU
MSE: 4.737779638388186
MAE: 1.6884899492617
EVS: 0.6468075627795801
