Model: GRU
MSE: 9.743885222602874
MAE: 2.652212513817681
EVS: 0.6882893301152143
