Model: GRU
MSE: 3.875788608016422
MAE: 1.2353487721195928
EVS: 0.6350718639669954
