Model: GRU
MSE: 12.100478278502651
MAE: 2.86346411705017
EVS: 0.5506230945623658
