Model: GRU
MSE: 6.872284739775614
MAE: 1.8255544945045747
EVS: 0.5719739568928979
