Model: GRU
MSE: 5.703615959508984
MAE: 1.84975728282222
EVS: 0.6229913397813658
