Model: GRU
MSE: 14.324847516339783
MAE: 3.1344809191567546
EVS: 0.4774525943685366
