Model: GRU
MSE: 7.596353479034513
MAE: 2.272039890289306
EVS: 0.5843684601231005
