Model: GRU
MSE: 12.260532954807152
MAE: 2.7922582449736413
EVS: 0.5333288324344574
