Model: GRU
MSE: 10.835556685899101
MAE: 2.8540652769583237
EVS: 0.6890686883613549
