Model: GRU
MSE: 9.82506412278393
MAE: 2.643160466794614
EVS: 0.6591342788815909
