Model: GRU
MSE: 12.2722843801634
MAE: 3.12300247616238
EVS: 0.7018090402066558
