Model: GRU
MSE: 18.95380110422835
MAE: 4.005824406941731
EVS: 0.7103159741239523
