Model: GRU
MSE: 14.212693082115607
MAE: 3.334426526670102
EVS: 0.6778811337485217
