Model: GRU
MSE: 7.639202274135749
MAE: 2.198770611374466
EVS: 0.6094157501931179
