Model: GRU
MSE: 12.5646587519719
MAE: 3.062061168529368
EVS: 0.5998192217652953
