Model: GRU
MSE: 18.602338630453428
MAE: 3.8141876503273284
EVS: 0.5673543679434268
