Model: GRU
MSE: 9.829220985781253
MAE: 2.5939225090874563
EVS: 0.6155257993438645
