Model: GRU
MSE: 13.691221985077926
MAE: 3.2372994246306233
EVS: 0.6790455389641954
