Model: GRU
MSE: 5.035641715963357
MAE: 1.4049991148489487
EVS: 0.5595538485662576
