Model: GRU
MSE: 13.551802108152613
MAE: 3.295544589007341
EVS: 0.7318376120636381
