Model: GRU
MSE: 7.287620665215371
MAE: 2.214207313678882
EVS: 0.5687592148194732
