Model: GRU
MSE: 5.22821519319556
MAE: 1.8064493603176535
EVS: 0.6092558469252459
