Model: GRU
MSE: 13.02149388249557
MAE: 3.1579874356587716
EVS: 0.6112111142422993
