Model: GRU
MSE: 34.19052627511188
MAE: 5.595101533112703
EVS: 0.7124889058694475
