Model: GRU
MSE: 8.131993512390885
MAE: 2.410330772399902
EVS: 0.6018275246462761
