Model: GRU
MSE: 20.995082305308568
MAE: 4.2423257121333355
EVS: 0.7012898727305068
