Model: GRU
MSE: 16.0775612650543
MAE: 3.6267671231870287
EVS: 0.7086270403315638
