Model: GRU
MSE: 16.035481006564147
MAE: 3.6400491573192446
EVS: 0.7224376205260299
