Model: GRU
MSE: 17.630398559673093
MAE: 3.822308610986779
EVS: 0.6990378461927256
