Model: GRU
MSE: 14.210469174355435
MAE: 3.3573614049840845
EVS: 0.5694854739017016
