Model: GRU
MSE: 13.40375761449428
MAE: 3.2154540839018635
EVS: 0.6824647519292437
