Model: GRU
MSE: 5.232832022916267
MAE: 1.616543187035454
EVS: 0.582744256143233
