Model: GRU
MSE: 15.05157657711495
MAE: 3.410843849182128
EVS: 0.6594425269105105
