Model: GRU
MSE: 8.990121512173435
MAE: 2.367297278510199
EVS: 0.6337380226789073
