Model: GRU
MSE: 14.42881736804348
MAE: 3.3786473804050012
EVS: 0.5047613245471012
