Model: GRU
MSE: 5.280674800642608
MAE: 1.472438918219672
EVS: 0.5239574010388975
