Model: GRU
MSE: 8.101333691962296
MAE: 2.032625763504593
EVS: 0.4913608215425346
