Model: GRU
MSE: 5.514770712111392
MAE: 1.86786342550207
EVS: 0.5137820246365115
