Model: GRU
MSE: 5.779623369485517
MAE: 1.8560760815938309
EVS: 0.6296026704754745
