Model: GRU
MSE: 16.36104163091308
MAE: 3.5247570320411956
EVS: 0.5594302276559822
