Model: GRU
MSE: 6.062620349082865
MAE: 1.7686861267796263
EVS: 0.5373996786804539
