Model: GRU
MSE: 1936.5738042760079
MAE: 43.90152203595197
EVS: 0.2893122210747383
