Model: GRU
MSE: 14.153356962239062
MAE: 3.373794025844997
EVS: 0.7238976438549608
