Model: GRU
MSE: 8.887346295563573
MAE: 2.487124019198947
EVS: 0.646688638662146
