Model: GRU
MSE: 15.732527771366621
MAE: 3.506517975418655
EVS: 0.6575354639247848
