Model: GRU
MSE: 22.466387961238265
MAE: 4.389876330340349
EVS: 0.6815982128088864
