Model: GRU
MSE: 12.014081996754976
MAE: 2.616064343187543
EVS: 0.28814516734092843
