Model: GRU
MSE: 4.368300782946763
MAE: 1.4967770576477046
EVS: 0.654179647942746
