Model: GRU
MSE: 11.159923470447348
MAE: 2.8136792911423574
EVS: 0.44523316876440844
