Model: GRU
MSE: 673.3108382637887
MAE: 25.74315537346734
EVS: 0.18377950172436563
