Model: GRU
MSE: 14.066348679858825
MAE: 3.4291742819326885
EVS: 0.5076449188849843
