Model: GRU
MSE: 6.026662668676583
MAE: 1.6813838040387183
EVS: 0.6367412856562897
