Model: GRU
MSE: 3.838674778154435
MAE: 1.4112417432996958
EVS: 0.6691109414812613
