Model: GRU
MSE: 22.36966586905493
MAE: 4.399591887438738
EVS: 0.6997451584438452
