Model: GRU
MSE: 10.236652398663214
MAE: 2.6482418819710056
EVS: 0.38030235011971847
