Model: GRU
MSE: 5.9351520208163455
MAE: 1.779314968321058
EVS: 0.6375764790670422
