Model: GRU
MSE: 12.285685479860692
MAE: 3.0465937543798365
EVS: 0.6327814049868894
