Model: GRU
MSE: 2.575370075209994
MAE: 1.1216402053833006
EVS: 0.4507962806603508
