Model: GRU
MSE: 9.227059649255146
MAE: 2.341696103413899
EVS: 0.6104084540856147
