Model: GRU
MSE: 35.81879668987049
MAE: 5.6686873259367765
EVS: 0.6328314484045421
