Model: GRU
MSE: 9.970057335950038
MAE: 2.5846769898026074
EVS: 0.6426002494271172
