Model: GRU
MSE: 15.818816092950325
MAE: 3.412870583710846
EVS: 0.5436301073652863
