Model: GRU
MSE: 1903.2777929195652
MAE: 43.51140227141204
EVS: 0.0
