Model: GRU
MSE: 6.834995302255835
MAE: 2.1110322387130167
EVS: 0.6236437554049872
