Model: GRU
MSE: 9.204356611159849
MAE: 2.604510925434253
EVS: 0.5807671644721023
