Model: GRU
MSE: 7.677267192263377
MAE: 2.2586318740138296
EVS: 0.4423634511179333
