Model: GRU
MSE: 9.21615216829607
MAE: 2.5229639653806326
EVS: 0.6114953664006404
