Model: GRU
MSE: 18.063495652041556
MAE: 3.6701807887465856
EVS: 0.5553407981010032
