Model: GRU
MSE: 20.22690615074194
MAE: 3.9476288689507366
EVS: 0.005193557726481224
