Model: GRU
MSE: 9.628027515322852
MAE: 2.6104007473698365
EVS: 0.6348134729106054
