Model: GRU
MSE: 29.331872978180794
MAE: 5.120223504525644
EVS: 0.6895886669855946
