Model: GRU
MSE: 434.46360398836947
MAE: 20.61203968966449
EVS: 0.04267195669385537
