Model: GRU
MSE: 10.13229560165524
MAE: 2.385391924116346
EVS: 0.337077510089307
