Model: GRU
MSE: 5.036324846047136
MAE: 1.2729555059362336
EVS: 0.5924017409031122
