Model: GRU
MSE: 8.621125299480443
MAE: 2.4039477065757464
EVS: 0.6017055741203103
