Model: GRU
MSE: 7.711113181323153
MAE: 2.0377470299049656
EVS: 0.5913428704321337
