Model: GRU
MSE: 14.085688239110052
MAE: 3.099525575284604
EVS: 0.3232866259476894
