Model: GRU
MSE: 2.81555989697059
MAE: 1.3379151379620582
EVS: 0.5600146941947093
