Model: GRU
MSE: 8.063864352789196
MAE: 2.270256572299533
EVS: 0.594935091934374
