Model: GRU
MSE: 5.254142461662787
MAE: 1.59999077408402
EVS: 0.5310674676039628
