Model: GRU
MSE: 4.812077627363307
MAE: 1.5379111325299293
EVS: 0.6912413807791068
