Model: GRU
MSE: 174.62313185757975
MAE: 12.827766241850677
EVS: -0.003575229547511327
