Model: GRU
MSE: 7.591520136566586
MAE: 2.126260051020869
EVS: 0.5086973819185474
