Model: GRU
MSE: 6.473418088729141
MAE: 1.8905380699369638
EVS: 0.5038539789693193
