Model: GRU
MSE: 9.316313103463957
MAE: 2.3303446946320707
EVS: 0.5769335368127582
