Model: GRU
MSE: 16.276522450349784
MAE: 3.587460376598216
EVS: 0.6467062179235351
