Model: GRU
MSE: 8.364840078425035
MAE: 2.4552197632966206
EVS: 0.4167232380083731
