Model: GRU
MSE: 6.555524071950466
MAE: 1.919655927589961
EVS: 0.5193417447731055
