Model: GRU
MSE: 11.631308128293847
MAE: 2.8909036141854734
EVS: 0.6723756306188591
