Model: GRU
MSE: 4.899960546394975
MAE: 1.6542565910904499
EVS: 0.5476277055296059
