Model: GRU
MSE: 11.68568281837569
MAE: 2.941062856603551
EVS: 0.6974956813856681
