Model: GRU
MSE: 6.547193399464384
MAE: 1.9545532862345372
EVS: 0.6782129144208879
