Model: GRU
MSE: 12.243716639368488
MAE: 3.05723331592701
EVS: 0.6859517489290485
