Model: GRU
MSE: 7.6765674509716
MAE: 2.25987994229352
EVS: 0.5938779904485507
