Model: GRU
MSE: 6.437177654594656
MAE: 1.629000133938259
EVS: 0.5629097566013168
