Model: GRU
MSE: 8.426153654967935
MAE: 2.399132958164921
EVS: 0.6212620730287326
