Model: GRU
MSE: 12.39534195916089
MAE: 3.1904446990401647
EVS: 0.49911737395001277
