Model: GRU
MSE: 14.80048051536856
MAE: 3.3665642385129564
EVS: 0.6137408810273698
