Model: GRU
MSE: 6.201720956882428
MAE: 2.161937183803982
EVS: 0.5545902701018326
