Model: GRU
MSE: 14.285645564410814
MAE: 3.4796826751143834
EVS: 0.5353149886573763
