Model: GRU
MSE: 15.092968569459778
MAE: 3.446143830264055
EVS: 0.5453970890887581
