Model: GRU
MSE: 6.070004309140735
MAE: 1.9195121482566546
EVS: 0.6251912441174036
