Model: GRU
MSE: 4.415961456288785
MAE: 1.423882396132858
EVS: 0.5605570266871063
