Model: GRU
MSE: 8.23655907523875
MAE: 2.276610817228044
EVS: 0.5960870300995533
