Model: GRU
MSE: 6.690038796218726
MAE: 2.032346813767044
EVS: 0.665751189174839
