Model: GRU
MSE: 3.74071922815638
MAE: 1.3600888782077367
EVS: 0.6272576455414918
