Model: GRU
MSE: 13.86693318577758
MAE: 3.1928604532171168
EVS: 0.6096843137866729
