Model: GRU
MSE: 9.753144285862547
MAE: 2.5681746800740552
EVS: 0.6303654702708097
