Model: GRU
MSE: 8.345852391700642
MAE: 2.230814297993977
EVS: 0.5501244363737716
