Model: GRU
MSE: 7.1289460399431945
MAE: 2.0211236211988655
EVS: 0.5112019866167434
