Model: GRU
MSE: 11.135408428603446
MAE: 2.7323816087510844
EVS: 0.6026240518318308
