Model: GRU
MSE: 9.142175760938938
MAE: 2.5961786729318117
EVS: 0.5563332881908787
