Model: GRU
MSE: 15.046039165269413
MAE: 3.392747861367684
EVS: 0.6464949683377269
