Model: GRU
MSE: 5.079712958270073
MAE: 1.743237106888382
EVS: 0.6545043738664551
