Model: GRU
MSE: 4.24788959287441
MAE: 1.491847921300817
EVS: 0.6940500769945127
