Model: GRU
MSE: 8.343737775975514
MAE: 2.4353556456389245
EVS: 0.5434683775230185
