Model: GRU
MSE: 7.026120906621083
MAE: 2.234151398694073
EVS: 0.588902795929475
