Model: GRU
MSE: 7.812142456087899
MAE: 2.2048218956700074
EVS: 0.5743860291750505
