Model: GRU
MSE: 12.347061405539025
MAE: 2.9207412578441474
EVS: 0.6028722519629255
