Model: GRU
MSE: 18.475638255004885
MAE: 3.9327511964020894
EVS: 0.683616934380948
