Model: GRU
MSE: 5.508454477651561
MAE: 2.0317372216118703
EVS: 0.22764919550052265
