Model: GRU
MSE: 13.619103353080117
MAE: 2.98980031190095
EVS: 0.2796276353757371
