Model: GRU
MSE: 36.75056888824325
MAE: 5.810075477317527
EVS: 0.7017046953896773
