Model: GRU
MSE: 14.722492953619913
MAE: 3.3013863916750297
EVS: 0.37277147996037696
