Model: GRU
MSE: 12.521234664152496
MAE: 2.9052022651389784
EVS: 0.6037755002938927
