Model: GRU
MSE: 9.868263295037654
MAE: 2.614288489023844
EVS: 0.5019511765356734
