Model: GRU
MSE: 12.05321784376966
MAE: 2.6477267035731553
EVS: 0.5523265262312999
