Model: GRU
MSE: 9.32910205702464
MAE: 2.544318720146461
EVS: 0.5025657975033566
