Model: GRU
MSE: 12.130389221582876
MAE: 3.0263892986156313
EVS: 0.6604831748340667
