Model: GRU
MSE: 17.788254542540315
MAE: 3.839413148385506
EVS: 0.6963667949263033
