Model: GRU
MSE: 12.651296793294557
MAE: 3.080150109750252
EVS: 0.6383481177818298
