Model: GRU
MSE: 9.196077012734177
MAE: 2.4641753302680116
EVS: 0.6238352385133925
