Model: GRU
MSE: 12.485670791967495
MAE: 2.9591180660106513
EVS: 0.628396229469417
