Model: GRU
MSE: 4.562288880138076
MAE: 1.6994602062084052
EVS: 0.5194957355293546
