Model: GRU
MSE: 12.932029761196649
MAE: 3.105011180595114
EVS: 0.5122294036014658
