Model: GRU
MSE: 5.104419644691922
MAE: 1.7236337838349514
EVS: 0.6431673545963217
