Model: GRU
MSE: 14.6460010910388
MAE: 3.4531862824051456
EVS: 0.4192103117257636
