Model: GRU
MSE: 7.158457007207752
MAE: 2.0162022820225465
EVS: 0.5385405587202734
