Model: GRU
MSE: 18.07361930734151
MAE: 3.5269843384071633
EVS: 0.03331543655416813
