Model: GRU
MSE: 9.510827044047396
MAE: 2.204211941471806
EVS: 0.24838949452792358
