Model: GRU
MSE: 17.199592756637895
MAE: 3.1028421366656267
EVS: -0.3893021769832765
