Model: GRU
MSE: 8.888415774797135
MAE: 2.212790842409487
EVS: 0.2729263495900468
