Model: GRU
MSE: 12.795663798323462
MAE: 2.6235339023448803
EVS: -0.010113454659065102
