Model: GRU
MSE: 11.687505526821143
MAE: 2.5717572459468134
EVS: 0.039807203708665195
