Model: GRU
MSE: 22.759892237749572
MAE: 4.04922953358403
EVS: 0.03978515256109183
