Model: GRU
MSE: 9.52039734754635
MAE: 2.3899880515204535
EVS: 0.2126356911405034
