Model: GRU
MSE: 8.209602720188236
MAE: 2.1894738939073353
EVS: 0.33087500610115383
