Model: GRU
MSE: 9.44540063885705
MAE: 2.3062514905576355
EVS: 0.23213479324039343
