Model: GRU
MSE: 10.230670507494963
MAE: 2.5422640200014466
EVS: 0.1977013438847679
