Model: GRU
MSE: 8.995014062641227
MAE: 2.1681526325367115
EVS: 0.2874124220593349
