Model: GRU
MSE: 10.830200777214149
MAE: 2.447166160300926
EVS: 0.18183100154912601
