Model: GRU
MSE: 10.254165247237795
MAE: 2.43590369047942
EVS: 0.20906466062783213
