Model: GRU
MSE: 9548.915203064618
MAE: 97.6569482308847
EVS: -2.220446049250313e-16
