Model: GRU
MSE: 9.286704000181427
MAE: 2.223301322371871
EVS: 0.22911497619863552
