Model: GRU
MSE: 16.478477685992107
MAE: 3.0092869334750705
EVS: -0.3708383772088728
