Model: GRU
MSE: 12.616425716477723
MAE: 2.834758829187464
EVS: 0.22401007112282634
