Model: GRU
MSE: 10.994867033359798
MAE: 2.6074146341394493
EVS: 0.1190875237000586
