Model: GRU
MSE: 12.913201301411778
MAE: 2.742708206176758
EVS: 0.0412705028175111
