Model: GRU
MSE: 11.599416240369363
MAE: 2.6795454731693975
EVS: 0.06227861133056478
