Model: GRU
MSE: 15.26397324099422
MAE: 2.9116085370381675
EVS: -0.27867572344550773
