Model: GRU
MSE: 16.764306893461622
MAE: 2.9203615895024053
EVS: -0.38971474840837383
