Model: GRU
MSE: 17.05355963331733
MAE: 3.380466584806089
EVS: 0.006369181021350645
