Model: GRU
MSE: 12.722890556703575
MAE: 2.8846254172148527
EVS: 0.11922009212884144
