Model: GRU
MSE: 9.699504513564602
MAE: 2.3173609839545355
EVS: 0.2120102969732991
