Model: GRU
MSE: 10.59191671923337
MAE: 2.558423890007867
EVS: 0.14114063107663966
