Model: GRU
MSE: 15.38734730673171
MAE: 2.712544529526322
EVS: -0.23870071662140147
