Model: GRU
MSE: 17.040600126765657
MAE: 3.2024718037358038
EVS: -0.2475929101748624
