Model: GRU
MSE: 8.784390804580282
MAE: 2.1098335407398365
EVS: 0.27780688662732433
