Model: GRU
MSE: 8.576403941601543
MAE: 2.262382577966761
EVS: 0.2875298773477307
