Model: GRU
MSE: 9.897800072530421
MAE: 2.315916273328993
EVS: 0.17763001110588372
