Model: GRU
MSE: 12.766377065869914
MAE: 2.8749034493057817
EVS: 0.20711298329090233
