Model: GRU
MSE: 10.883147823535587
MAE: 2.515647111115632
EVS: 0.19609180920884406
