Model: GRU
MSE: 14.726628538620291
MAE: 2.7611399037497386
EVS: -0.20262799094605777
