Model: GRU
MSE: 10.166098164450988
MAE: 2.6218876662077726
EVS: 0.27424202437356127
