Model: GRU
MSE: 16.51417906912421
MAE: 2.890977082429109
EVS: -0.38029902441533636
