Model: GRU
MSE: 9.352251774186461
MAE: 2.2615007471155235
EVS: 0.23808420271233888
