Model: GRU
MSE: 22.63399756483761
MAE: 4.154143704308404
EVS: 0.08397756874939288
