Model: GRU
MSE: 10.523212829599355
MAE: 2.4807396641484014
EVS: 0.12942100748563057
