Model: GRU
MSE: 10.914177440772324
MAE: 2.504043773368553
EVS: 0.21252262272350297
