Model: GRU
MSE: 21.80941546366612
MAE: 3.9769688888832375
EVS: -0.23946649580808455
