Model: GRU
MSE: 10.87194002425019
MAE: 2.4638455708821616
EVS: 0.11325946989433977
