Model: GRU
MSE: 14.232849304926587
MAE: 3.008555429953116
EVS: 0.18851802615353241
