Model: GRU
MSE: 9.768122168427066
MAE: 2.2392939814814814
EVS: 0.22332094762727261
