Model: GRU
MSE: 11.758136351185419
MAE: 2.654441515604655
EVS: 0.11541193242057768
