Model: GRU
MSE: 10.058524902680869
MAE: 2.608196117259838
EVS: 0.28986794477692
