Model: GRU
MSE: 15.578059248229053
MAE: 2.7864648677684642
EVS: -0.25035389994560275
