Model: GRU
MSE: 8.925695886462664
MAE: 2.139116322552716
EVS: 0.26302227636521347
