Model: GRU
MSE: 14.360871091070985
MAE: 2.867468798602069
EVS: -0.13698335932974937
