Model: GRU
MSE: 15.764190474251235
MAE: 2.8732742027000144
EVS: -0.20290077399249706
