Model: GRU
MSE: 9.564435680782143
MAE: 2.167075333771882
EVS: 0.24317778141602986
