Model: GRU
MSE: 8.636778853460681
MAE: 2.159575179771141
EVS: 0.29482722005195305
