Model: GRU
MSE: 10.163489799444235
MAE: 2.420517179701063
EVS: 0.16146072334688666
