Model: GRU
MSE: 20.857445480435874
MAE: 3.8597692207053855
EVS: -0.23788734151622393
