Model: GRU
MSE: 16.990247125876387
MAE: 2.835696644253201
EVS: -0.41660866727059687
