Model: GRU
MSE: 20.163912139942802
MAE: 3.870025316874186
EVS: 0.07404071858231431
