Model: GRU
MSE: 11.879187238204462
MAE: 2.7229191815411604
EVS: 0.026844274344013486
