Model: GRU
MSE: 10.136304169516531
MAE: 2.621159588849103
EVS: 0.24724624117521843
