Model: GRU
MSE: 24.537565859571806
MAE: 4.376418413939299
EVS: -0.10282673713681034
