Model: GRU
MSE: 15.325321318861487
MAE: 2.929777004100658
EVS: -0.18255929028601736
