Model: GRU
MSE: 9.430292029003088
MAE: 2.3887982545075594
EVS: 0.23857565180056384
