Model: GRU
MSE: 10.084639404222562
MAE: 2.459827917593497
EVS: 0.2384596154250087
