Model: GRU
MSE: 10.098046766239316
MAE: 2.4980398460670754
EVS: 0.2407269895284595
