Model: GRU
MSE: 14.687094638888757
MAE: 2.5107634509051286
EVS: -0.21557738157354223
