Model: GRU
MSE: 9.99984398727439
MAE: 2.590911829913104
EVS: 0.20334075845313548
