Model: GRU
MSE: 9.803606221201504
MAE: 2.5735565114904335
EVS: 0.29009873120410146
