Model: GRU
MSE: 23.291753354940486
MAE: 4.257428416499385
EVS: 0.11050635905160633
