Model: GRU
MSE: 10.237152102055722
MAE: 2.4087237075523094
EVS: 0.1998225877438904
