Model: GRU
MSE: 9.667376033584905
MAE: 2.3711891174316406
EVS: 0.21061915557391309
