Model: GRU
MSE: 18.821848413536422
MAE: 3.3918080153288663
EVS: -0.4154402460344906
