Model: GRU
MSE: 12.800290724628995
MAE: 2.9718734423319497
EVS: 0.24735136891998266
