Model: GRU
MSE: 9.539169860130338
MAE: 2.426779958936903
EVS: 0.24812765781738766
