Model: GRU
MSE: 20.96796284244603
MAE: 3.0952074262830944
EVS: -0.643914229536694
