Model: GRU
MSE: 18.359134750112524
MAE: 3.2694472206963434
EVS: -0.4977373730939241
