Model: GRU
MSE: 9.196088532122774
MAE: 2.253856235080295
EVS: 0.23624041614446278
