Model: GRU
MSE: 10.531196087454157
MAE: 2.3880256370261863
EVS: 0.1409742696154519
