Model: GRU
MSE: 10.945661984895432
MAE: 2.4454206890530057
EVS: 0.11442347761835181
