Model: GRU
MSE: 16.34253069123683
MAE: 2.991398228539361
EVS: -0.16861613093639605
