Model: GRU
MSE: 19.42891806618455
MAE: 2.9468361183449074
EVS: -0.4533600621298419
