Model: GRU
MSE: 13.944320987616939
MAE: 3.08648211867721
EVS: 0.19204498340763432
