Model: GRU
MSE: 15.324283724518974
MAE: 3.1186331466392234
EVS: 0.038582983402436266
