Model: GRU
MSE: 10.322486866118265
MAE: 2.466231169524016
EVS: 0.14355584707184088
