Model: GRU
MSE: 18.913875932341945
MAE: 3.483233787395336
EVS: -0.41168470697771187
