Model: GRU
MSE: 10.964140760040276
MAE: 2.5333697354352034
EVS: 0.1794023502750658
