Model: GRU
MSE: 16.476613321960773
MAE: 2.9217527177598743
EVS: -0.3452223168437434
