Model: GRU
MSE: 19.386877867663653
MAE: 3.3026826205076993
EVS: -0.5247304543161408
