Model: GRU
MSE: 15.283796749832652
MAE: 2.568769348992242
EVS: -0.2786291572631785
