Model: GRU
MSE: 12358.230101805308
MAE: 111.1138749299226
EVS: 0.0
