Model: GRU
MSE: 10.577402687341596
MAE: 2.411868042416043
EVS: 0.1410583018199727
