Model: GRU
MSE: 9.269710421956445
MAE: 2.251945283677843
EVS: 0.2373120882749833
