Model: GRU
MSE: 8.535758312474476
MAE: 2.1476015161584923
EVS: 0.29205446832665105
