Model: GRU
MSE: 21.860943196087444
MAE: 3.8915913546526872
EVS: -0.5514391840200854
