Model: GRU
MSE: 15.40917644015897
MAE: 3.1848152655142323
EVS: -0.025308132736080236
