Model: GRU
MSE: 9.705879874793936
MAE: 2.2128032048543296
EVS: 0.23609525038287849
