Model: GRU
MSE: 14.78851000375545
MAE: 3.2372454184072987
EVS: 0.2346926087626382
