Model: GRU
MSE: 17.898628328272768
MAE: 3.5517072324399597
EVS: 0.07713855999947661
