Model: GRU
MSE: 10.35383394139748
MAE: 2.3991183351587364
EVS: 0.1559195215672915
