Model: GRU
MSE: 10.33479590106742
MAE: 2.4917712388215243
EVS: 0.1465614866291558
