Model: GRU
MSE: 14.5240449873512
MAE: 3.107116134078414
EVS: 0.012929880294453855
