Model: GRU
MSE: 16.2538387309223
MAE: 2.9894694398950645
EVS: -0.2637373649814869
