Model: GRU
MSE: 8.981091505200547
MAE: 2.208541269655581
EVS: 0.28116468860075616
