Model: GRU
MSE: 8.777537467154987
MAE: 2.1466953489515515
EVS: 0.2824482549824828
