Model: GRU
MSE: 9.862270161520327
MAE: 2.400338949980559
EVS: 0.18758827598169114
