Model: GRU
MSE: 16.110752157432966
MAE: 2.7554097175598145
EVS: -0.3495815979784098
