Model: GRU
MSE: 14.797389640317549
MAE: 3.1090040030302823
EVS: -0.036744001969811535
