Model: GRU
MSE: 10.69239139461179
MAE: 2.6350393648500794
EVS: 0.20647615705384414
