Model: GRU
MSE: 11.134635453546016
MAE: 2.8007561012550637
EVS: 0.2817073179258527
