Model: GRU
MSE: 14.299951043094113
MAE: 2.7640292909410267
EVS: -0.14685169346737137
