Model: GRU
MSE: 9.7130172863056
MAE: 2.4218376300953053
EVS: 0.26536458708000843
