Model: GRU
MSE: 12.559748841504096
MAE: 2.9306079546610513
EVS: 0.07009114967104724
