Model: GRU
MSE: 13.114320786667761
MAE: 2.908628816957827
EVS: 0.2068555524415695
