Model: GRU
MSE: 9.70248403803995
MAE: 2.3474981166698314
EVS: 0.19610875974824038
