Model: GRU
MSE: 10.331652004340262
MAE: 2.453673892550998
EVS: 0.2028112549423643
