Model: GRU
MSE: 18.629437408797397
MAE: 3.4815072130273887
EVS: -0.16980992300200848
