Model: GRU
MSE: 12.316637869966279
MAE: 2.600061063413267
EVS: -0.007770750484086486
