Model: GRU
MSE: 8.543672991560015
MAE: 2.1506014223451966
EVS: 0.3203205347409138
