Model: GRU
MSE: 9.920849711804665
MAE: 2.3963765038384333
EVS: 0.17636875642095917
