Model: GRU
MSE: 2010.7442058089612
MAE: 44.658777448866104
EVS: -0.36868054263314387
