Model: GRU
MSE: 18.647055173463908
MAE: 3.2905714600174516
EVS: -0.39427618593602265
