Model: GRU
MSE: 9.876862034595062
MAE: 2.4586077796088324
EVS: 0.18522337228470498
