Model: GRU
MSE: 13.924201022193285
MAE: 2.9774447547064886
EVS: 0.1362500020559615
