Model: GRU
MSE: 11.158027923969307
MAE: 2.7644277501989296
EVS: 0.21655937163535321
