Model: GRU
MSE: 12.54154356158712
MAE: 2.6937384605407715
EVS: -0.02548414475433236
