Model: GRU
MSE: 10.747017812002317
MAE: 2.5297586299754955
EVS: 0.13331241963529494
