Model: GRU
MSE: 10.258957177299711
MAE: 2.383458473064281
EVS: 0.17530192751273188
