Model: GRU
MSE: 9.352334530546681
MAE: 2.1822414751406067
EVS: 0.24714276277747083
