Model: GRU
MSE: 16.138772151819737
MAE: 2.775777498881022
EVS: -0.3449578847328354
