Model: GRU
MSE: 14.37590667390995
MAE: 3.1713540818956165
EVS: -0.10513505025057723
