Model: GRU
MSE: 13.250670388865863
MAE: 2.995329150447139
EVS: 0.12231074273295328
