Model: GRU
MSE: 25.765202910173482
MAE: 4.3574530990035445
EVS: -0.6644830488158404
