Model: GRU
MSE: 11.43199643950098
MAE: 2.671332765508581
EVS: 0.2268011803458546
