Model: GRU
MSE: 11.18861529620379
MAE: 2.6180740285802773
EVS: 0.2155029775626397
