Model: GRU
MSE: 13.437533314944025
MAE: 3.082660922297725
EVS: 0.25477344341149954
