Model: GRU
MSE: 11.616171548095028
MAE: 2.903405048229076
EVS: 0.30259971136498276
