Model: GRU
MSE: 9.636778949162126
MAE: 2.5285763210720487
EVS: 0.26702420549546135
