Model: GRU
MSE: 12.88333095971196
MAE: 2.7313529826976635
EVS: 0.06878405370338392
