Model: GRU
MSE: 9.936078946080332
MAE: 2.3991001976860895
EVS: 0.18005843380975384
