Model: GRU
MSE: 15.479465150165467
MAE: 2.9622135868778936
EVS: -0.21248441001026364
