Model: GRU
MSE: 9.893561511310475
MAE: 2.3431792789035373
EVS: 0.21139145546846794
