Model: GRU
MSE: 9.957216586541445
MAE: 2.46028525741012
EVS: 0.19123155168019657
