Model: GRU
MSE: 9.998420714366754
MAE: 2.394296646118164
EVS: 0.1903554606211183
