Model: GRU
MSE: 12.441851084043298
MAE: 2.7872702280680337
EVS: 0.08652024715996054
