Model: GRU
MSE: 16.96935845331171
MAE: 3.4069589685510704
EVS: -0.0948199407181185
