Model: GRU
MSE: 18.067169807303443
MAE: 3.2026369306776257
EVS: -0.44544113214515746
