Model: GRU
MSE: 9.776641187766169
MAE: 2.280954360961914
EVS: 0.2010095498916149
