Model: GRU
MSE: 21.978797671494796
MAE: 3.8319623911822283
EVS: -0.5479282036106969
