Model: GRU
MSE: 15.791019432521555
MAE: 2.747425149988245
EVS: -0.297957011364707
