Model: GRU
MSE: 14.546501765390042
MAE: 3.173561626010471
EVS: 0.08956760731258484
