Model: GRU
MSE: 11.084360659637174
MAE: 2.494895157990632
EVS: 0.10374971881393025
