Model: GRU
MSE: 15.963347795499372
MAE: 2.9259203981470177
EVS: -0.27053727902616265
