Model: GRU
MSE: 9.686670876815832
MAE: 2.5582702778003834
EVS: 0.326368653584342
