Model: GRU
MSE: 15.44821594404601
MAE: 3.0635273544876664
EVS: -0.08149116811973056
