Model: GRU
MSE: 12.637164540827413
MAE: 2.915397432115343
EVS: 0.1998709012225781
