Model: GRU
MSE: 9.412510026936683
MAE: 2.3872935330426253
EVS: 0.2310573712380668
