Model: GRU
MSE: 10.833816017047596
MAE: 2.5281716805917247
EVS: 0.1084040777627382
