Model: GRU
MSE: 12.9923462307097
MAE: 2.809623541655364
EVS: 0.06444148053051568
