Model: GRU
MSE: 10.690066222752009
MAE: 2.4809066277963145
EVS: 0.11507230894845744
