Model: GRU
MSE: 10.180601991736593
MAE: 2.374635519804778
EVS: 0.18642860672093942
