Model: GRU
MSE: 12.982519428923567
MAE: 2.7738652759128146
EVS: 0.0008680459073868718
