Model: GRU
MSE: 11.030119742061457
MAE: 2.4570899186310946
EVS: 0.08930330685882115
