Model: GRU
MSE: 11.561521259230041
MAE: 2.808309307804814
EVS: 0.1541408237308337
