Model: GRU
MSE: 10.476200146084281
MAE: 2.5902009186921298
EVS: 0.1727825761978845
