Model: GRU
MSE: 11.164886235633285
MAE: 2.6034293881169073
EVS: 0.07240261782266744
