Model: GRU
MSE: 9.330923612615287
MAE: 2.3403022200972945
EVS: 0.22551826867522606
