Model: GRU
MSE: 10.89911084790051
MAE: 2.6721173745614513
EVS: 0.14458506183640085
