Model: GRU
MSE: 12.262394396301211
MAE: 2.7067548257333263
EVS: 0.003603263094035025
