Model: GRU
MSE: 14.749602435541048
MAE: 3.0188246126528138
EVS: -0.12343615172812883
