Model: GRU
MSE: 8.929784249141685
MAE: 2.2766574223836265
EVS: 0.2627908299201306
