Model: GRU
MSE: 10.83742108134801
MAE: 2.689279980129666
EVS: 0.27978019594041215
