Model: GRU
MSE: 10.402139671027262
MAE: 2.3489818043178983
EVS: 0.23698649954980466
