Model: GRU
MSE: 16.7992230702536
MAE: 2.6989045319733798
EVS: -0.28830610452302974
