Model: GRU
MSE: 18.870111104721452
MAE: 3.1238008075290256
EVS: -0.2283062450518849
