Model: GRU
MSE: 10.59344517845967
MAE: 2.3683773853160717
EVS: 0.21524763783324263
