Model: GRU
MSE: 10.885962667382989
MAE: 2.7563868628607855
EVS: 0.20666390053457706
