Model: GRU
MSE: 10.939843991720341
MAE: 2.6366774947554976
EVS: 0.24132525710326724
