Model: GRU
MSE: 11.120659513753404
MAE: 2.7310363981458874
EVS: 0.2187262112632582
