Model: GRU
MSE: 9.242831672610414
MAE: 2.22493839263916
EVS: 0.24036774105858305
