Model: GRU
MSE: 12.489518104036776
MAE: 2.8420286178588867
EVS: -0.03742550099968933
