Model: GRU
MSE: 13.02785530377962
MAE: 2.8967082058941878
EVS: -0.036480363549218575
