Model: GRU
MSE: 13.735796365356396
MAE: 2.94771581225925
EVS: 0.01692256923160418
