Model: GRU
MSE: 9.45777940662979
MAE: 2.318690405951606
EVS: 0.2141883364935152
