Model: GRU
MSE: 9.08682579906269
MAE: 2.454657872517904
EVS: 0.28605765629366964
