Model: GRU
MSE: 10.676725380836885
MAE: 2.595022166216815
EVS: 0.16797306456807137
