Model: GRU
MSE: 11.664528152648321
MAE: 2.5904898466887296
EVS: 0.09664464632431946
