Model: GRU
MSE: 14.730603365701764
MAE: 2.7546153245148837
EVS: -0.20434350525579736
