Model: GRU
MSE: 10.050132306934124
MAE: 2.4199997054206
EVS: 0.17476123194527104
