Model: GRU
MSE: 8.917503339916948
MAE: 2.2641865059181496
EVS: 0.26076227233169136
