Model: GRU
MSE: 8.930104056086646
MAE: 2.3714242864538124
EVS: 0.2605626736736204
