Model: GRU
MSE: 21.503168018319034
MAE: 3.763656386622676
EVS: -0.7326989058124156
