Model: GRU
MSE: 10.514634459218508
MAE: 2.4788805643717446
EVS: 0.22307167228906588
