Model: GRU
MSE: 16.90717989653624
MAE: 3.195657588817455
EVS: -0.04063315989357008
