Model: GRU
MSE: 15.342115844791428
MAE: 3.1802196679291903
EVS: 0.22503121075642718
