Model: GRU
MSE: 13.297778209159265
MAE: 3.0194857915242515
EVS: 0.1751988227199882
