Model: GRU
MSE: 13.01729706024394
MAE: 2.959406287581832
EVS: 0.24053817930985055
