Model: GRU
MSE: 18.403270945160095
MAE: 3.1967287063598633
EVS: -0.49764206475972594
