Model: GRU
MSE: 9.455136282799753
MAE: 2.3264744016859265
EVS: 0.21928053855604646
