Model: GRU
MSE: 13.386991473228498
MAE: 2.545539379119873
EVS: -0.11953649655296439
