Model: GRU
MSE: 17.554858263790603
MAE: 3.178026658517343
EVS: -0.2912479746606289
