Model: GRU
MSE: 12.73768205056937
MAE: 2.950940873887804
EVS: 0.2032021600240883
