Model: GRU
MSE: 11.01237491267124
MAE: 2.6119943548131874
EVS: 0.15708255835394003
