Model: GRU
MSE: 10.572865307304205
MAE: 2.568580839369032
EVS: 0.1331069976572733
