Model: GRU
MSE: 15.462691003478279
MAE: 3.204272747039795
EVS: -0.25048164201326517
