Model: GRU
MSE: 17.80587646357565
MAE: 2.878355094364711
EVS: -0.4880678278362409
