Model: GRU
MSE: 12.450041694338232
MAE: 2.53249074794628
EVS: 0.18997366784315006
