Model: GRU
MSE: 13.371178697144993
MAE: 3.1006462309095593
EVS: 0.1780441485115163
