Model: GRU
MSE: 17.15462245010342
MAE: 3.246753692626953
EVS: -0.2861865451530199
