Model: GRU
MSE: 16.008035693178567
MAE: 3.067415202105487
EVS: -0.16529021622126572
