Model: GRU
MSE: 10.928412456871667
MAE: 2.677890671624078
EVS: 0.15175470188941642
