Model: GRU
MSE: 16.245646791241228
MAE: 3.0945959797611944
EVS: -0.22337665234291326
