Model: GRU
MSE: 18.834639030330436
MAE: 3.1841790234601057
EVS: -0.5711839011411597
