Model: GRU
MSE: 9.26905675134084
MAE: 2.355062131528501
EVS: 0.24202662681440568
