Model: GRU
MSE: 11.28948810568754
MAE: 2.437872568766276
EVS: 0.06615219129234895
