Model: GRU
MSE: 17.5140603967901
MAE: 3.4018568286189326
EVS: -0.08485588959108536
