Model: GRU
MSE: 16.46662842819158
MAE: 3.4748768276638455
EVS: 0.08470178213530577
