Model: GRU
MSE: 9.823577376128014
MAE: 2.561011632283529
EVS: 0.25465159796214965
