Model: GRU
MSE: 10.818223769361751
MAE: 2.3962207900153265
EVS: 0.14146163560687774
