Model: GRU
MSE: 16.612871654546662
MAE: 2.990114282678675
EVS: -0.390448029649201
