Model: GRU
MSE: 17.3554611740489
MAE: 3.531306920228181
EVS: 0.09566838339304862
