Model: GRU
MSE: 231.97691178402764
MAE: 14.819355742798912
EVS: -0.02724750559607725
