Model: GRU
MSE: 10.782470500854759
MAE: 2.511597986574526
EVS: 0.15356277671605356
