Model: GRU
MSE: 10.324499346489414
MAE: 2.4500701162550182
EVS: 0.15581248076266696
