Model: GRU
MSE: 11.947840102473391
MAE: 2.751257967065882
EVS: 0.18816783768111156
