Model: GRU
MSE: 14.762383681434292
MAE: 2.7540481090545654
EVS: -0.21389674458781838
