Model: GRU
MSE: 10.66212910993768
MAE: 2.349541116643835
EVS: 0.18503710451195277
