Model: GRU
MSE: 12.601265509162566
MAE: 2.785907091917815
EVS: 0.07085014197149075
