Model: GRU
MSE: 12.055701209418059
MAE: 2.7566259702046714
EVS: 0.25024948490317744
