Model: GRU
MSE: 15.521533263075778
MAE: 2.83344770360876
EVS: -0.2829436035852899
