Model: GRU
MSE: 16.97794050137977
MAE: 2.8569068202265986
EVS: -0.40574311036655875
