Model: GRU
MSE: 11.019418230641417
MAE: 2.5204747164690935
EVS: 0.1586761227706427
