Model: GRU
MSE: 16.540494581650144
MAE: 3.0501897953174733
EVS: -0.36836416508039194
