Model: GRU
MSE: 16.80545740947001
MAE: 3.0389764927051686
EVS: -0.36042448111897163
