Model: GRU
MSE: 12.971970345994864
MAE: 2.448707509923864
EVS: -0.04379737235423464
