Model: GRU
MSE: 19.639676579282355
MAE: 2.906421979268392
EVS: -0.5739338145630228
