Model: GRU
MSE: 21.903657354061643
MAE: 3.348599773866159
EVS: -0.6576199763089732
