Model: GRU
MSE: 13.033561370336134
MAE: 2.8716895668594926
EVS: 0.06670044743751424
