Model: GRU
MSE: 32460.443373125305
MAE: 180.06617567274304
EVS: -2.0674423124023966
