Model: GRU
MSE: 11.65856657469417
MAE: 2.6437403007789895
EVS: 0.18117052188252725
