Model: GRU
MSE: 10.963803045519112
MAE: 2.8815287484063044
EVS: 0.24904054871293835
