Model: GRU
MSE: 13.036173098570888
MAE: 2.8441536691453724
EVS: -0.04982083893722278
