Model: GRU
MSE: 9.810125110376998
MAE: 2.3134631933989347
EVS: 0.2408280184069277
