Model: GRU
MSE: 9.5647095945458
MAE: 2.3697858033356844
EVS: 0.20706561417059366
