Model: GRU
MSE: 11.73183753337283
MAE: 2.5269881707650645
EVS: 0.0644681469667252
