Model: GRU
MSE: 9.274174388902793
MAE: 2.2879973164311163
EVS: 0.23071467195163242
