Model: GRU
MSE: 10.271936722124842
MAE: 2.360691918267144
EVS: 0.1871074968646923
