Model: GRU
MSE: 14.887712898034714
MAE: 3.06931589267872
EVS: -0.04878092391547728
