Model: GRU
MSE: 9.676701980682461
MAE: 2.2122452877185963
EVS: 0.19947273161028978
