Model: GRU
MSE: 11.526029861991185
MAE: 2.5028252954836243
EVS: 0.04687763029425862
