Model: GRU
MSE: 16.264880164933352
MAE: 2.835541018733272
EVS: -0.2884159677730771
