Model: GRU
MSE: 16.37413690610969
MAE: 2.9772818883260093
EVS: -0.2700610976823574
