Model: GRU
MSE: 13.774399097402945
MAE: 2.9973588872838905
EVS: -0.012366419404809204
