Model: GRU
MSE: 9.592095331997168
MAE: 2.280868000454373
EVS: 0.22541947605912438
