Model: GRU
MSE: 12.171485690424637
MAE: 2.797111246320936
EVS: 0.07387643535937516
