Model: GRU
MSE: 13.416808258140346
MAE: 2.912750102855541
EVS: -0.018176160291656807
