Model: GRU
MSE: 9.341208181508929
MAE: 2.3190221786499023
EVS: 0.22575919351670037
