Model: GRU
MSE: 8.591124101600178
MAE: 2.3179280669600875
EVS: 0.30474742356212037
