Model: GRU
MSE: 8.676307889237453
MAE: 2.36637309745506
EVS: 0.324767915016844
