Model: GRU
MSE: 13.395638956861317
MAE: 3.0436457528008356
EVS: 0.06204567746037304
