Model: GRU
MSE: 17.004863549068574
MAE: 3.1313268343607583
EVS: -0.3580148908923162
