Model: GRU
MSE: 21.25284983358202
MAE: 3.8725429287663213
EVS: -0.11695954355688754
