Model: GRU
MSE: 11.307155811396553
MAE: 2.6152950569435403
EVS: 0.1578512868083538
