Model: GRU
MSE: 13.629593785939134
MAE: 3.0818873864633067
EVS: 0.055785517404280505
