Model: GRU
MSE: 12.646153556326645
MAE: 2.893376421045374
EVS: 0.22625348434178627
