Model: GRU
MSE: 16.194134241092257
MAE: 2.8062591199521667
EVS: -0.34906167051842796
