Model: GRU
MSE: 13.490056271614272
MAE: 2.652874981915509
EVS: -0.049291339340165274
