Model: GRU
MSE: 19.818764591347584
MAE: 3.208487281092891
EVS: -0.6570313616383083
