Model: GRU
MSE: 9.596413756583354
MAE: 2.2439360441984952
EVS: 0.2078620098782119
