Model: GRU
MSE: 10.112650114914349
MAE: 2.3673825087370695
EVS: 0.16020683806035896
