Model: GRU
MSE: 15.284662875658046
MAE: 3.035566453580503
EVS: -0.191422863510321
