Model: GRU
MSE: 9.931119983417442
MAE: 2.4401026831732855
EVS: 0.2209277775810623
