Model: GRU
MSE: 18.667934048215102
MAE: 3.0801958154748985
EVS: -0.5638670827532859
