Model: GRU
MSE: 16.05510791718731
MAE: 2.7446608720002352
EVS: -0.2336079517940628
