Model: GRU
MSE: 12.454346528248202
MAE: 2.7411748038397894
EVS: 0.04615225279101487
