Model: GRU
MSE: 9.432649553639344
MAE: 2.3385544176454895
EVS: 0.2401989945213986
