Model: GRU
MSE: 9.324218833441355
MAE: 2.27694864626284
EVS: 0.258250008340996
