Model: GRU
MSE: 277.66079570229437
MAE: 16.29801001372161
EVS: -2.220446049250313e-16
