Model: GRU
MSE: 18.81632470788529
MAE: 3.6824698271574796
EVS: -0.12042389911457696
