Model: GRU
MSE: 17.211319076419418
MAE: 2.9386175296924733
EVS: -0.4404591253684038
