Model: GRU
MSE: 23.435232871095792
MAE: 3.981399235902009
EVS: -0.6266584114803564
