Model: GRU
MSE: 9.764294518991342
MAE: 2.370151166562681
EVS: 0.2551021550352014
