Model: GRU
MSE: 18.530922506933535
MAE: 3.3993631998697915
EVS: -0.40919087338159876
