Model: GRU
MSE: 10.581957407591231
MAE: 2.5489656130472818
EVS: 0.14960992580648824
