Model: GRU
MSE: 9.725032580045047
MAE: 2.3522238907990634
EVS: 0.20401089277961437
