Model: GRU
MSE: 12.535630565154861
MAE: 2.6314416108308016
EVS: 0.04915274663798164
