Model: GRU
MSE: 9.669728378670495
MAE: 2.360203778302228
EVS: 0.27227959513259326
