Model: GRU
MSE: 9.038443305336076
MAE: 2.342435289312292
EVS: 0.26222546820570947
