Model: GRU
MSE: 11.985154305523322
MAE: 2.633273619192618
EVS: 0.05020893582246444
