Model: GRU
MSE: 11.35126093784257
MAE: 2.530956056382921
EVS: 0.05887937130536591
