Model: GRU
MSE: 15.682695574066573
MAE: 2.7847357149477356
EVS: -0.28591709868280457
