Model: GRU
MSE: 11.6103769121731
MAE: 2.645369882936831
EVS: 0.10184987829866454
