Model: GRU
MSE: 8.771523123139458
MAE: 2.2382758458455405
EVS: 0.271220305107594
