Model: GRU
MSE: 19.196979290385066
MAE: 3.1245880480165833
EVS: -0.30351076339895555
