Model: GRU
MSE: 12.496295228223339
MAE: 2.716312214180275
EVS: 0.0988534724487129
