Model: GRU
MSE: 9.298622380666766
MAE: 2.3455109066433377
EVS: 0.2479513399111012
