Model: GRU
MSE: 10.023325296899134
MAE: 2.4164149672896773
EVS: 0.168306828300525
