Model: GRU
MSE: 22.557443764030992
MAE: 3.3377283855720803
EVS: -0.8643858465462644
