Model: GRU
MSE: 31.413593487547832
MAE: 4.2705723268014415
EVS: -1.2868833985181847
