Model: GRU
MSE: 12.348690093033433
MAE: 2.824634869893392
EVS: 0.2122829442126294
