Model: GRU
MSE: 14.08324250058886
MAE: 3.038776909863507
EVS: 0.005483665935321569
