Model: GRU
MSE: 10.457201637339056
MAE: 2.396453716136791
EVS: 0.13124856161936482
