Model: GRU
MSE: 20.49599573888857
MAE: 3.346867596661603
EVS: -0.6771511856361792
