Model: GRU
MSE: 11.403076936113932
MAE: 2.5807289194177696
EVS: 0.13810371811424937
