Model: GRU
MSE: 13.496376481353604
MAE: 2.9272330778616444
EVS: 0.10294439743242745
