Model: GRU
MSE: 18.064890389921292
MAE: 2.948088840202049
EVS: -0.42689773654582974
