Model: GRU
MSE: 9.350564531635023
MAE: 2.314498088977955
EVS: 0.226659675447479
