Model: GRU
MSE: 10.71837332528379
MAE: 2.5420386879532426
EVS: 0.11902245970235459
