Model: GRU
MSE: 14.023737519125705
MAE: 2.6548126185381853
EVS: -0.1197836356836457
