Model: GRU
MSE: 16.637831346890614
MAE: 2.8756515008431895
EVS: -0.39359442282130663
