Model: GRU
MSE: 11.588252725811437
MAE: 2.682193915049235
EVS: 0.09801444039933893
