Model: GRU
MSE: 21.546531263471177
MAE: 3.4657827659889504
EVS: -0.21100674016887067
