Model: GRU
MSE: 13.72589620086479
MAE: 3.020173531991464
EVS: 0.13800693156850719
