Model: GRU
MSE: 18.528594478818984
MAE: 2.8581309495148837
EVS: -0.543095616568833
