Model: GRU
MSE: 11.816022314609722
MAE: 2.6495194611725985
EVS: 0.046282355187170166
