Model: GRU
MSE: 9.313174261106521
MAE: 2.2716313468085394
EVS: 0.2504646199346944
