Model: GRU
MSE: 15.498377866196767
MAE: 3.3168744334468134
EVS: 0.0681832325015238
