Model: GRU
MSE: 13.547481867632222
MAE: 2.4986888744212963
EVS: -0.11050643880632527
