Model: GRU
MSE: 13.690525172079072
MAE: 2.473756790161133
EVS: -0.14688237943811266
