Model: GRU
MSE: 10.776091474031562
MAE: 2.519932252389413
EVS: 0.13363777221342332
