Model: GRU
MSE: 14.65462068080399
MAE: 3.1410192913479276
EVS: 0.09855153086049429
