Model: GRU
MSE: 9.898389253458575
MAE: 2.435588236208315
EVS: 0.20787552671363585
