Model: GRU
MSE: 10.096018457210254
MAE: 2.374247674588804
EVS: 0.16519470983653772
