Model: GRU
MSE: 12.75558520393332
MAE: 2.877523598847566
EVS: 0.2307404371934293
