Model: GRU
MSE: 17.02924234457034
MAE: 2.861716941550926
EVS: -0.41554297525422346
