Model: GRU
MSE: 10.84353930960135
MAE: 2.5417947239345975
EVS: 0.10035096433962531
