Model: GRU
MSE: 23.570968267933765
MAE: 3.431872191252532
EVS: -0.5096031277113335
