Model: GRU
MSE: 15.245859297578674
MAE: 2.826201827437789
EVS: -0.2644965210811072
