Model: GRU
MSE: 19.49292475376761
MAE: 3.7569028006659613
EVS: -0.12058665780138988
