Model: GRU
MSE: 8.988189180354007
MAE: 2.346387333340115
EVS: 0.2774216092451154
