Model: GRU
MSE: 22.733627600109685
MAE: 3.5262638374611184
EVS: -0.38940732052812255
