Model: GRU
MSE: 11.957245786867336
MAE: 2.9668267567952475
EVS: 0.26108925637290736
