Model: GRU
MSE: 239.4520894090665
MAE: 15.085894403634247
EVS: 0.005782105249739877
