Model: GRU
MSE: 10.394223911649162
MAE: 2.2587564609668873
EVS: 0.13673188824499882
