Model: GRU
MSE: 15.280241397693418
MAE: 2.755311224195692
EVS: -0.2779586399478742
