Model: GRU
MSE: 15.31026809743256
MAE: 3.272038141886393
EVS: 0.05269556236275996
