Model: GRU
MSE: 15.371498528066198
MAE: 2.798223583786576
EVS: -0.2508188375949447
