Model: GRU
MSE: 17.775839333387122
MAE: 3.682704943197745
EVS: 0.06644719297443158
