Model: GRU
MSE: 10.08782038374186
MAE: 2.45120401735659
EVS: 0.17220691915524022
