Model: GRU
MSE: 13.07386021726055
MAE: 2.9059388549239547
EVS: -0.023726242120966745
