Model: GRU
MSE: 14.099501305507644
MAE: 3.0058319127118147
EVS: -0.07993808547578474
