Model: GRU
MSE: 16.815433086461308
MAE: 3.046375557228371
EVS: -0.2802710380827347
