Model: GRU
MSE: 13.385971330827605
MAE: 2.853834858647099
EVS: 0.19205093082471258
