Model: GRU
MSE: 12.999342747222155
MAE: 2.872865464952257
EVS: 0.19618344037639857
