Model: GRU
MSE: 10.640055730054074
MAE: 2.5314728772198714
EVS: 0.17317274605066035
