Model: GRU
MSE: 11.129872228935609
MAE: 2.460413791515209
EVS: 0.0770303615138711
