Model: GRU
MSE: 10.894375999437587
MAE: 2.51410272386339
EVS: 0.20363563646618177
