Model: GRU
MSE: 18.785733973817784
MAE: 2.926648422523781
EVS: -0.394466932573742
