Model: GRU
MSE: 13.702882947214237
MAE: 3.077655827557599
EVS: 0.15378468414064117
