Model: GRU
MSE: 13.55131430460184
MAE: 2.477401945326063
EVS: -0.13512381011107544
