Model: GRU
MSE: 10.574015491958933
MAE: 2.504285141273781
EVS: 0.12204495133824789
