Model: GRU
MSE: 18.433274906317987
MAE: 3.471368330496329
EVS: -0.2992902647270088
