Model: GRU
MSE: 18.747515215953726
MAE: 3.6829088705557362
EVS: 0.060346798806344415
