Model: GRU
MSE: 9.373170124948517
MAE: 2.304984869780364
EVS: 0.22133149480962833
