Model: GRU
MSE: 13.431861514873534
MAE: 2.5196243215490273
EVS: -0.11007647721779179
