Model: GRU
MSE: 10.696076085153402
MAE: 2.4675716824001737
EVS: 0.14880137897775514
