Model: GRU
MSE: 13.694913458536634
MAE: 2.8999810218811035
EVS: 0.006714864988381364
