Model: GRU
MSE: 8.790009267784221
MAE: 2.285503528736256
EVS: 0.2802705103034844
