Model: GRU
MSE: 19.32832993878305
MAE: 3.5508401305587203
EVS: -0.391966034862983
