Model: GRU
MSE: 4400.845216490834
MAE: 66.21322942663122
EVS: -0.3836763468450699
