Model: GRU
MSE: 9.667590636262334
MAE: 2.4924340424714266
EVS: 0.2628117950362632
