Model: GRU
MSE: 10.904556864661943
MAE: 2.751603126525879
EVS: 0.28615583652563437
