Model: GRU
MSE: 15.97882545327657
MAE: 2.953200764126248
EVS: -0.2567154030274055
