Model: GRU
MSE: 10.41260722811593
MAE: 2.4336782738014504
EVS: 0.1979746879850185
