Model: GRU
MSE: 10.210039263731266
MAE: 2.3495186346548573
EVS: 0.1530270885047721
