Model: GRU
MSE: 8.452247218048225
MAE: 2.0125607737788447
EVS: 0.3360343404379199
