Model: GRU
MSE: 17.404637469134975
MAE: 3.2341189207854093
EVS: -0.314198846700094
