Model: GRU
MSE: 20.184036202414873
MAE: 3.6863255677399813
EVS: -0.4058239417262399
