Model: GRU
MSE: 11.867900489806752
MAE: 2.709842628902859
EVS: 0.13336331104644428
