Model: GRU
MSE: 9.803619375894819
MAE: 2.3309008280436196
EVS: 0.1898133758262497
