Model: GRU
MSE: 10.613205272861807
MAE: 2.548084612245913
EVS: 0.176079993557146
