Model: GRU
MSE: 12.07122324622021
MAE: 2.6674215881912797
EVS: 0.14139251306198553
