Model: GRU
MSE: 10.57218176284146
MAE: 2.3104174578631365
EVS: 0.151405936518339
