Model: GRU
MSE: 10.562457136866012
MAE: 2.5628007959436485
EVS: 0.2399433206886613
