Model: GRU
MSE: 20.508957490994394
MAE: 3.835701165375886
EVS: -0.04880349961428787
