Model: GRU
MSE: 9.159613675284264
MAE: 2.265810154102467
EVS: 0.23954212100816186
