Model: GRU
MSE: 15.443518750588005
MAE: 3.2951451230932167
EVS: -0.037078701981576145
