Model: GRU
MSE: 16.786077188365873
MAE: 2.983161113880299
EVS: -0.34363118734240605
