Model: GRU
MSE: 15.505741616481357
MAE: 2.848927038687247
EVS: -0.26323252320491775
