Model: GRU
MSE: 9.961213050201373
MAE: 2.334956487019857
EVS: 0.2616288001912155
