Model: GRU
MSE: 10.624494699489938
MAE: 2.35646300845676
EVS: 0.1974161456478467
