Model: GRU
MSE: 16.256572227703312
MAE: 2.8501159879896374
EVS: -0.3371606390826669
