Model: GRU
MSE: 11.339969362282789
MAE: 2.681844393412272
EVS: 0.08010845319500404
