Model: GRU
MSE: 12.026284768303345
MAE: 2.7749372764869973
EVS: 0.19581915244654646
