Model: GRU
MSE: 37.97057714387386
MAE: 3.7047998993485063
EVS: -1.7026757934811712
