Model: GRU
MSE: 14.844511319909039
MAE: 3.0420993522361472
EVS: 0.0460359948528557
