Model: GRU
MSE: 14.7992853667961
MAE: 3.155008068791142
EVS: -2.544082449640328e-05
