Model: GRU
MSE: 15.995185875114093
MAE: 2.857603903169985
EVS: -0.3097010674864089
