Model: GRU
MSE: 9.048475931613986
MAE: 2.2976096471150718
EVS: 0.2777611561270268
