Model: GRU
MSE: 16.89650945900078
MAE: 3.296046663213659
EVS: 0.062303183680902596
