Model: GRU
MSE: 17.378541615667363
MAE: 2.969279200942428
EVS: -0.4536423923752957
