Model: GRU
MSE: 17.995688595769124
MAE: 3.558738319962113
EVS: 0.244106457537842
