Model: GRU
MSE: 14.56545843204586
MAE: 3.143190207304778
EVS: 0.18143952012305598
