Model: GRU
MSE: 9.925407010117649
MAE: 2.3967647552490234
EVS: 0.19351406131972715
