Model: GRU
MSE: 15.163752946433204
MAE: 2.7161231923986366
EVS: -0.26304312108986183
