Model: GRU
MSE: 11.21715029726653
MAE: 2.5565790423640498
EVS: 0.1264086221791998
