Model: GRU
MSE: 14.910325067725251
MAE: 2.8234696211638273
EVS: -0.14697306103701302
