Model: GRU
MSE: 15.360490654659838
MAE: 2.968866948728208
EVS: -0.2821630320993289
