Model: GRU
MSE: 12.229153448109477
MAE: 2.4676119486490884
EVS: -2.220446049250313e-16
