Model: GRU
MSE: 13.803061189996638
MAE: 2.891165927604393
EVS: 0.09507966156537839
