Model: GRU
MSE: 11.685042051771301
MAE: 2.75883455629702
EVS: 0.05427359681410626
