Model: GRU
MSE: 8.967576689765439
MAE: 2.4111678158795393
EVS: 0.2925629188231511
