Model: GRU
MSE: 9.916155275791535
MAE: 2.337274533730966
EVS: 0.19108993935454333
