Model: GRU
MSE: 10.287473183739849
MAE: 2.440473680143003
EVS: 0.15678085295115807
