Model: GRU
MSE: 9.85291874966633
MAE: 2.444414986504449
EVS: 0.24487479238214138
