Model: GRU
MSE: 9.574442103077033
MAE: 2.2931538687811956
EVS: 0.20635661750262524
