Model: GRU
MSE: 10.321102320222222
MAE: 2.3322713993213795
EVS: 0.2523493375371364
