Model: GRU
MSE: 232.87789376508385
MAE: 14.831839874938682
EVS: -0.07135080390614901
