Model: GRU
MSE: 10.4385478958049
MAE: 2.5294579753169306
EVS: 0.14958734709865285
