Model: GRU
MSE: 13.455595707617013
MAE: 2.546574027449996
EVS: -0.05196162033060325
