Model: GRU
MSE: 10.67072136472874
MAE: 2.5646001321298106
EVS: 0.12571551430587646
