Model: GRU
MSE: 14.200693951475538
MAE: 2.589681519402398
EVS: -0.17931098473487905
