Model: GRU
MSE: 11.553192949324174
MAE: 2.664814560501664
EVS: 0.06211990992905081
