Model: GRU
MSE: 10.124291371759455
MAE: 2.2886786107663757
EVS: 0.16102556665282441
