Model: GRU
MSE: 10.694095546693461
MAE: 2.5428573113900645
EVS: 0.22975317896144132
