Model: GRU
MSE: 9.839881172435964
MAE: 2.3514961666531033
EVS: 0.18764162196613876
