Model: GRU
MSE: 10.859693260856147
MAE: 2.671715983638057
EVS: 0.28107390351346473
