Model: GRU
MSE: 19.89094241659721
MAE: 3.08188064010055
EVS: -0.593889745941869
