Model: GRU
MSE: 14.535557584081365
MAE: 3.1525044088010437
EVS: 0.12595859520528974
