Model: GRU
MSE: 10.003343051184586
MAE: 2.2968503457528575
EVS: 0.1691227131386236
