Model: GRU
MSE: 10.49586875102681
MAE: 2.6589909306278936
EVS: 0.19444529317507908
