Model: GRU
MSE: 12.38372353013264
MAE: 2.6586630785906755
EVS: 0.15283673828975464
