Model: GRU
MSE: 13.122542480753374
MAE: 2.7126614252726235
EVS: 0.02539696741995956
