Model: GRU
MSE: 17.791959362900243
MAE: 2.9699620847348815
EVS: -0.3864151480163882
