Model: GRU
MSE: 17.197980180274172
MAE: 3.066196494632297
EVS: -0.39351899589017214
