Model: GRU
MSE: 9.373343109968422
MAE: 2.407250475000452
EVS: 0.22843013254255107
