Model: GRU
MSE: 11.311874235436639
MAE: 2.6327199935913086
EVS: 0.22400350531757907
