Model: GRU
MSE: 11.53384500143346
MAE: 2.7244557627925166
EVS: 0.19041296889106163
