Model: GRU
MSE: 11.51207947192524
MAE: 2.6104766881024397
EVS: 0.15023057967194697
