Model: GRU
MSE: 18.000275642570834
MAE: 3.6402769088745117
EVS: 0.152578972653444
