Model: GRU
MSE: 10.510996712894666
MAE: 2.3570112652248807
EVS: 0.15397870797706859
