Model: GRU
MSE: 11.056076431736646
MAE: 2.644569714864095
EVS: 0.17991751585051685
