Model: GRU
MSE: 11.508360111575813
MAE: 2.69109097233525
EVS: 0.06688271523226941
