Model: GRU
MSE: 12.613078364651772
MAE: 2.9234556268762657
EVS: 0.23772309852140971
