Model: GRU
MSE: 12.776827657252902
MAE: 2.770766364203559
EVS: 0.078934713103338
