Model: GRU
MSE: 12.081799961262126
MAE: 2.615642618249964
EVS: 0.03937941386815724
