Model: GRU
MSE: 16.785019891666927
MAE: 3.503135575188531
EVS: 0.1757124492585288
