Model: GRU
MSE: 11.468211371517075
MAE: 2.567997384954382
EVS: 0.1477305987703187
