Model: GRU
MSE: 9.825577565253878
MAE: 2.395555372591372
EVS: 0.19409764055476986
