Model: GRU
MSE: 17.049927624499308
MAE: 3.086541423091182
EVS: -0.24953584793254713
