Model: GRU
MSE: 16.218049843333944
MAE: 3.184818726998788
EVS: -0.2108689284182692
