Model: GRU
MSE: 8.891933795498787
MAE: 2.1835141711764865
EVS: 0.2650719628010112
