Model: GRU
MSE: 19.877547273859566
MAE: 3.2428981992933483
EVS: -0.5856294822268346
