Model: GRU
MSE: 10.872146005025368
MAE: 2.703462600708008
EVS: 0.22980109985068986
