Model: GRU
MSE: 9.987730139622862
MAE: 2.4392113862214266
EVS: 0.1910488740248426
