Model: GRU
MSE: 18.97822936055289
MAE: 3.527323493251094
EVS: -0.3480551317239102
