Model: GRU
MSE: 17.194081468865072
MAE: 3.3370212802180537
EVS: -0.0546737819949763
