Model: GRU
MSE: 14.375518274219825
MAE: 2.6218849817911782
EVS: -0.19264525757754902
