Model: GRU
MSE: 15.294129326877199
MAE: 2.684782452053494
EVS: -0.27835878996869523
