Model: GRU
MSE: 8.738815673229274
MAE: 2.2216948050039784
EVS: 0.2744393769882413
