Model: GRU
MSE: 13.790322558989256
MAE: 3.1384881337483725
EVS: 0.2153695057161802
