Model: GRU
MSE: 10.479013991470412
MAE: 2.7359791508427374
EVS: 0.27614523017206505
