Model: GRU
MSE: 14.621373403541106
MAE: 3.187597716296161
EVS: 0.07316904064960261
