Model: GRU
MSE: 12.154792863867804
MAE: 2.634593451464618
EVS: 0.048121136990453395
