Model: GRU
MSE: 11.679615928023042
MAE: 2.5987335487648293
EVS: 0.05571797385318544
