Model: GRU
MSE: 9.66197815199434
MAE: 2.405696974860297
EVS: 0.24265088804735524
