Model: GRU
MSE: 25.22095014693479
MAE: 4.131343185901642
EVS: -0.6588116237999235
