Model: GRU
MSE: 14.921053583849108
MAE: 2.699858453538683
EVS: -0.22511381711473888
