Model: GRU
MSE: 10.72908448206393
MAE: 2.4620286800243236
EVS: 0.12469229933849668
