Model: GRU
MSE: 9.211617787307087
MAE: 2.333898897524233
EVS: 0.24314396982210473
