Model: GRU
MSE: 9.705081967586954
MAE: 2.365164368240922
EVS: 0.2006687441119075
