Model: GRU
MSE: 11.255050299729898
MAE: 2.578997046859176
EVS: 0.06969119294663506
