Model: GRU
MSE: 21.252849364036642
MAE: 3.537032303986726
EVS: -0.6812067531866266
