Model: GRU
MSE: 17.268996128747798
MAE: 2.939913696712918
EVS: -0.44388616671387804
