Model: GRU
MSE: 11.401664035997952
MAE: 2.633732831036603
EVS: 0.28012299065035684
