Model: GRU
MSE: 9.885574494874366
MAE: 2.348584210431134
EVS: 0.1786795159784491
