Model: GRU
MSE: 11.472055475333507
MAE: 2.7425526512993708
EVS: 0.18424834156395165
