Model: GRU
MSE: 12.84810602071765
MAE: 2.987243828950105
EVS: 0.13521903348463615
