Model: GRU
MSE: 15.186456836790942
MAE: 3.2337176181651928
EVS: 0.09620558285433367
