Model: GRU
MSE: 14.44663624183812
MAE: 2.5120115633364075
EVS: -0.2001998924079591
