Model: GRU
MSE: 13.990187008856756
MAE: 2.6559183332655163
EVS: -0.13389027615418736
