Model: GRU
MSE: 11.103028643454511
MAE: 2.649789739538122
EVS: 0.20431286155354766
