Model: GRU
MSE: 17.010312140034042
MAE: 3.323949425308793
EVS: -0.017523161985630864
