Model: GRU
MSE: 10.985326761250723
MAE: 2.615035127710413
EVS: 0.1702119899060235
