Model: GRU
MSE: 12.616357521908968
MAE: 2.879031746475785
EVS: 0.004217485164824564
