Model: GRU
MSE: 15.132061061099034
MAE: 2.8778077761332193
EVS: -0.23284225439654627
