Model: GRU
MSE: 14.310780939188218
MAE: 3.062773669207538
EVS: 0.09731732904670565
