Model: GRU
MSE: 9.762375988674277
MAE: 2.2473398137975624
EVS: 0.19802932721129163
