Model: GRU
MSE: 15.718674669012232
MAE: 3.000902952971282
EVS: -0.22158248524956403
