Model: GRU
MSE: 13.974244117188837
MAE: 2.9292736230073153
EVS: 0.07708967559103685
