Model: GRU
MSE: 21.547810608982058
MAE: 4.0687799277128995
EVS: -0.15750137355923122
