Model: GRU
MSE: 14.057644188949881
MAE: 2.5555397669474282
EVS: -0.13854396271272695
