Model: GRU
MSE: 14.656669114141046
MAE: 2.803341653611925
EVS: -0.12599335570420678
