Model: GRU
MSE: 10.039286585920308
MAE: 2.4114373878196433
EVS: 0.18091927493363935
