Model: GRU
MSE: 11.59205621058788
MAE: 2.651712912100333
EVS: 0.09063639952940838
