Model: GRU
MSE: 15.49593484159501
MAE: 2.9872720506456165
EVS: -0.2901209718638784
