Model: GRU
MSE: 12.71056865184036
MAE: 3.068912046926993
EVS: 0.24452835428192765
