Model: GRU
MSE: 8.871184169189089
MAE: 2.4228778415256076
EVS: 0.276558240688052
