Model: GRU
MSE: 9.501657771671692
MAE: 2.267371248315882
EVS: 0.21056708130317037
