Model: GRU
MSE: 8.606384584041406
MAE: 2.0729680767765752
EVS: 0.3066962656512925
