Model: GRU
MSE: 21.99816559976444
MAE: 3.7818335635321483
EVS: -0.5073361474189371
