Model: GRU
MSE: 24.02281528250084
MAE: 4.101405956127025
EVS: -0.24927742810325237
