Model: GRU
MSE: 9.578788684866797
MAE: 2.3546740214029946
EVS: 0.20924341539357405
