Model: GRU
MSE: 9.708163386864557
MAE: 2.3832148092764394
EVS: 0.20111398632995514
