Model: GRU
MSE: 11.372735300326086
MAE: 2.4904039171006946
EVS: 0.11897904635159995
