Model: GRU
MSE: 13.797809941444973
MAE: 2.953217859621401
EVS: 0.18364346206963467
