Model: GRU
MSE: 11.984690097362714
MAE: 2.5972442273740417
EVS: 0.014362946496582207
