Model: GRU
MSE: 12.560228500751927
MAE: 2.878079414367676
EVS: 0.17159512563176327
