Model: GRU
MSE: 9.89657351820127
MAE: 2.4176199524490922
EVS: 0.1824049629535036
