Model: GRU
MSE: 10.991388086985564
MAE: 2.4582941090619124
EVS: 0.11641441343567416
