Model: GRU
MSE: 10.054476639803541
MAE: 2.347843435075548
EVS: 0.17888663110517933
