Model: GRU
MSE: 10.382514031951704
MAE: 2.471374105524134
EVS: 0.14197675191361658
