Model: GRU
MSE: 12.578128949988418
MAE: 2.715927565539325
EVS: 0.04030431536029344
