Model: GRU
MSE: 14.755258701322688
MAE: 3.0285055019237377
EVS: -0.17390872259240076
