Model: GRU
MSE: 10.842381248724426
MAE: 2.4413725711681225
EVS: 0.10995995190517249
