Model: GRU
MSE: 12.45697869163922
MAE: 2.943999820285373
EVS: 0.15691493369293252
