Model: GRU
MSE: 18.08462566405788
MAE: 3.3533141171490706
EVS: -0.24029201558152247
