Model: GRU
MSE: 10.746525683166654
MAE: 2.3317305423595287
EVS: 0.16046790720585002
