Model: GRU
MSE: 10.395151914021072
MAE: 2.4663092648541487
EVS: 0.13797567186115578
