Model: GRU
MSE: 19.98862049799465
MAE: 3.68635587339048
EVS: -0.3868152908018978
