Model: GRU
MSE: 9.323809968632101
MAE: 2.229281778688784
EVS: 0.2264777657522361
