Model: GRU
MSE: 19.78612704726133
MAE: 3.8222653247691967
EVS: 0.04223000306739433
