Model: GRU
MSE: 12.659424013555407
MAE: 2.6817234180591725
EVS: 0.05856082730440948
