Model: GRU
MSE: 11.066704296228298
MAE: 2.5778820602982133
EVS: 0.14604414837683122
