Model: GRU
MSE: 14.251044539070554
MAE: 3.1663151140566224
EVS: 0.1590273607898378
