Model: GRU
MSE: 10.601494034558426
MAE: 2.5104277575457536
EVS: 0.2204549038932655
