Model: GRU
MSE: 15.764621787531429
MAE: 3.0755620709172002
EVS: -0.2912759309199717
