Model: GRU
MSE: 15.804081528876479
MAE: 2.8764837406299733
EVS: -0.279277024059291
