Model: GRU
MSE: 15.59886883633263
MAE: 3.35246972684507
EVS: -0.03733550809207542
