Model: GRU
MSE: 20.518702863533992
MAE: 3.6068684260050454
EVS: -0.5821688155647469
