Model: GRU
MSE: 14.168021466247545
MAE: 2.6598967446221247
EVS: -0.1252704363379904
