Model: GRU
MSE: 13.413754922896176
MAE: 2.8997860661259405
EVS: 0.0014640066065508828
