Model: GRU
MSE: 244.31807573581912
MAE: 15.251772001937583
EVS: 0.01971812855922761
