Model: GRU
MSE: 244.79874183914848
MAE: 15.268461077301591
EVS: 0.022121463343536485
