Model: GRU
MSE: 10.43139356797302
MAE: 2.4477575443409108
EVS: 0.13333612668363692
