Model: GRU
MSE: 15.352779250577626
MAE: 3.2408986268220126
EVS: 0.07324208226100626
