Model: GRU
MSE: 12.218653532148824
MAE: 2.7475512469256365
EVS: 0.2107267291976066
