Model: GRU
MSE: 15.156504892842966
MAE: 2.7509450571877614
EVS: -0.2665611036005837
