Model: GRU
MSE: 10.179694870021295
MAE: 2.407324932239674
EVS: 0.16068411110496428
