Model: GRU
MSE: 17.08627824348754
MAE: 3.431969165802002
EVS: -0.05314208612768456
