Model: GRU
MSE: 16.513870785698305
MAE: 3.3925766944885254
EVS: 0.16619126068205103
