Model: GRU
MSE: 8.585299691977458
MAE: 2.2249763983267323
EVS: 0.2913446773378049
