Model: GRU
MSE: 9.20364570361131
MAE: 2.304546214916088
EVS: 0.23595493105477916
