Model: GRU
MSE: 27.30358532126438
MAE: 4.659573660956489
EVS: -0.38065136691542145
