Model: GRU
MSE: 13.463497088073062
MAE: 2.86184204949273
EVS: 0.07645431014891468
