Model: GRU
MSE: 9.779228700096644
MAE: 2.3721006181504993
EVS: 0.20351278906286474
