Model: GRU
MSE: 11.396798276767893
MAE: 2.71383214879919
EVS: 0.21319219653611599
