Model: GRU
MSE: 12.07961531925388
MAE: 2.70701210587113
EVS: 0.16111579287471878
