Model: GRU
MSE: 12.23181166428654
MAE: 2.6769585256223327
EVS: -0.003777190858471835
