Model: GRU
MSE: 10.261191340419861
MAE: 2.403776204144513
EVS: 0.17497423331522366
