Model: GRU
MSE: 18.757727641630918
MAE: 3.5421775888513634
EVS: -0.2935812634915571
