Model: GRU
MSE: 9.950224184288379
MAE: 2.343258186622902
EVS: 0.21024704904432778
