Model: GRU
MSE: 20.23498150555427
MAE: 3.5568587868301957
EVS: -0.45916959955890957
