Model: GRU
MSE: 10.707192055140593
MAE: 2.5592193250302917
EVS: 0.1106062986934947
