Model: GRU
MSE: 11.111911835677919
MAE: 2.6700356094925493
EVS: 0.29653413092501946
