Model: GRU
MSE: 13.395937625607042
MAE: 2.982073536625615
EVS: 0.07824068852388744
