Model: GRU
MSE: 17.892402970140683
MAE: 3.442255479318124
EVS: -0.20999638468326998
