Model: GRU
MSE: 9.97951747504427
MAE: 2.308529606571904
EVS: 0.19361559328518785
