Model: GRU
MSE: 10.399688582096806
MAE: 2.4661823555275246
EVS: 0.1672548163619375
