Model: GRU
MSE: 9.082376852341744
MAE: 2.166476850156431
EVS: 0.25914533426539643
