Model: GRU
MSE: 9.071749106460798
MAE: 2.118144883049859
EVS: 0.26838785940455967
