Model: GRU
MSE: 17.084004924478094
MAE: 3.196041778281883
EVS: -0.2939486642637228
