Model: GRU
MSE: 19.1918451382676
MAE: 3.5684189619841398
EVS: -0.3719562385259023
