Model: GRU
MSE: 12.600546844107393
MAE: 2.522353525514956
EVS: -0.04666451131440574
