Model: GRU
MSE: 12.36248370767025
MAE: 2.6380047974763094
EVS: 0.13396868886732105
