Model: GRU
MSE: 13.125332415306435
MAE: 2.938968605465359
EVS: 0.16699920152761494
