Model: GRU
MSE: 20.253172287370575
MAE: 3.4508561028374567
EVS: -0.6472527655782183
