Model: GRU
MSE: 17.197606481412222
MAE: 3.262737821649622
EVS: -0.2804455904210801
