Model: GRU
MSE: 11.946316371445459
MAE: 2.730560196770562
EVS: 0.07839258208048128
