Model: GRU
MSE: 10.53798687520194
MAE: 2.497470502500181
EVS: 0.25302527739619984
