Model: GRU
MSE: 16.32037555792862
MAE: 2.90997494591607
EVS: -0.3342468819630815
