Model: GRU
MSE: 11.084080568461205
MAE: 2.477036723384151
EVS: 0.10110609942689108
