Model: GRU
MSE: 18.07845052876608
MAE: 3.331682911625615
EVS: -0.2654003144590651
