Model: GRU
MSE: 21.90385689985083
MAE: 3.454296253345631
EVS: -0.8206695234044159
