Model: GRU
MSE: 10.176850339314385
MAE: 2.4560474819607205
EVS: 0.17376488532757084
