Model: GRU
MSE: 9.13922689549468
MAE: 2.412975169994213
EVS: 0.27872115585696655
