Model: GRU
MSE: 9.389680227228821
MAE: 2.348633130391439
EVS: 0.2297331856963032
