Model: GRU
MSE: 14.461737208690735
MAE: 3.1443407270643444
EVS: 0.0761858643765867
