Model: GRU
MSE: 17.139443440899647
MAE: 3.150294303894043
EVS: -0.4237082107128547
