Model: GRU
MSE: 14.397254428123881
MAE: 3.150857589862965
EVS: 0.13328328720561455
