Model: GRU
MSE: 16.17053256109796
MAE: 3.006856988977503
EVS: -0.2847284077366281
