Model: GRU
MSE: 13.107737925606333
MAE: 2.7717036847715026
EVS: 0.1659329983320914
