Model: GRU
MSE: 12.34371501434247
MAE: 2.9049165513780384
EVS: 0.04186900554943762
