Model: GRU
MSE: 13.142060839542966
MAE: 2.5668228997124567
EVS: -0.08243307780954257
