Model: GRU
MSE: 10.7771407168151
MAE: 2.4811719082019947
EVS: 0.16472388230447077
