Model: GRU
MSE: 25.070480502675174
MAE: 4.17879652093958
EVS: -0.7166775327962858
