Model: GRU
MSE: 15.690826483457924
MAE: 2.877515686882867
EVS: -0.307769795691917
