Model: GRU
MSE: 1856.556383661548
MAE: 42.947883747242116
EVS: -2.220446049250313e-16
