Model: GRU
MSE: 16.022942815568268
MAE: 2.915652292746085
EVS: -0.2750671837185581
