Model: GRU
MSE: 17.257856561066713
MAE: 2.994839562310113
EVS: -0.43119919392863126
