Model: GRU
MSE: 11.764780881975074
MAE: 2.63062553052549
EVS: 0.06942562941620001
