Model: GRU
MSE: 21.36949563414362
MAE: 3.4654983414544
EVS: -0.7339496524259939
