Model: GRU
MSE: 9.929310144851932
MAE: 2.38148977138378
EVS: 0.19312210623185955
