Model: GRU
MSE: 18.054112177198686
MAE: 2.995230374512849
EVS: -0.49020722229488123
