Model: GRU
MSE: 9.850593253676985
MAE: 2.495708359612359
EVS: 0.2529977656858814
