Model: GRU
MSE: 10.997746039264374
MAE: 2.45711648022687
EVS: 0.10508336990479772
