Model: GRU
MSE: 16.6730286975065
MAE: 2.84982787238227
EVS: -0.39637372141374017
