Model: GRU
MSE: 10.840267935389555
MAE: 2.5519834447790077
EVS: 0.10177240579294267
