Model: GRU
MSE: 11.040351486026886
MAE: 2.643301734217891
EVS: 0.09433305197634911
