Model: GRU
MSE: 11.25679949397966
MAE: 2.5423921655725548
EVS: 0.2599259932888376
