Model: GRU
MSE: 10.443087026296578
MAE: 2.446158868295175
EVS: 0.16806505037899733
