Model: GRU
MSE: 9.090986403380628
MAE: 2.330323254620587
EVS: 0.252579420416035
