Model: GRU
MSE: 9.420147113445738
MAE: 2.2256301244099936
EVS: 0.2697276239308808
