Model: GRU
MSE: 17.542100983697782
MAE: 3.054587540803132
EVS: -0.4368544715296703
