Model: GRU
MSE: 17.13275208405981
MAE: 2.9066461665289745
EVS: -0.4108935277319692
