Model: GRU
MSE: 22.958120507568143
MAE: 3.6293843234026872
EVS: -0.41062312443434035
