Model: GRU
MSE: 23.05509701007817
MAE: 3.275576538509793
EVS: -0.609162008125814
