Model: GRU
MSE: 13.763736668412102
MAE: 3.0421783129374185
EVS: 0.16827529600806945
