Model: GRU
MSE: 13.008702530159166
MAE: 2.8759789996676974
EVS: 0.1902337627341566
