Model: GRU
MSE: 15.499599200596432
MAE: 2.7256443235609265
EVS: -0.27915303416620496
