Model: GRU
MSE: 9.715485596178622
MAE: 2.2076947777359575
EVS: 0.20426569430772534
