Model: GRU
MSE: 12.919189633018572
MAE: 2.956046952141656
EVS: 0.18760448696997956
