Model: GRU
MSE: 14.24804511510142
MAE: 2.6052997553790056
EVS: -0.181395029484402
