Model: GRU
MSE: 21.74124906795037
MAE: 3.6665100521511502
EVS: -0.3235427260218211
