Model: GRU
MSE: 11.70326752079305
MAE: 2.4729550856131093
EVS: 0.04638734460044103
