Model: GRU
MSE: 9.878969826685804
MAE: 2.396156487641511
EVS: 0.21132160195499283
