Model: GRU
MSE: 9.842342930187543
MAE: 2.3691638310750327
EVS: 0.21991782065357635
