Model: GRU
MSE: 16.41672338323181
MAE: 2.887209839291043
EVS: -0.348865115110216
