Model: GRU
MSE: 11.693949813910708
MAE: 2.652835386770743
EVS: 0.17106783683544302
