Model: GRU
MSE: 11.077661466898395
MAE: 2.3788712466204607
EVS: 0.15623929002780368
