Model: GRU
MSE: 21.51076626226457
MAE: 4.018434984343393
EVS: -0.23784911305400613
