Model: GRU
MSE: 9.270324495245
MAE: 2.447280283327456
EVS: 0.25804954039755723
