Model: GRU
MSE: 13.52694199490745
MAE: 3.1469073118986906
EVS: 0.12154243330698378
