Model: GRU
MSE: 15.052132293746142
MAE: 3.2979725731743708
EVS: 0.052195106714660544
