Model: GRU
MSE: 14.985289196073406
MAE: 3.3573473824395075
EVS: -0.057737896452516146
