Model: GRU
MSE: 15.018429332174197
MAE: 3.122490653285274
EVS: -0.013171607273865682
