Model: GRU
MSE: 13.602874868033673
MAE: 2.838459685996727
EVS: -0.1108489468916638
