Model: GRU
MSE: 13.315315139144356
MAE: 2.67519239143089
EVS: -0.08084325416953764
