Model: GRU
MSE: 12.22439791702581
MAE: 2.791444919727467
EVS: 0.010427049831222446
