Model: GRU
MSE: 9.585240706026255
MAE: 2.3128686834264687
EVS: 0.20458292931753908
