Model: GRU
MSE: 15.671719642704746
MAE: 2.8990339349817345
EVS: -0.2775415992373451
