Model: GRU
MSE: 8.608453325122868
MAE: 2.1388062547754356
EVS: 0.2897201260234391
