Model: GRU
MSE: 11.62447956978657
MAE: 2.770536422729492
EVS: 0.24548762303617566
