Model: GRU
MSE: 17.975811477753403
MAE: 3.045617032934118
EVS: -0.19749643130556493
