Model: GRU
MSE: 15.412297301860606
MAE: 3.325203542356138
EVS: 0.14198282147465957
