Model: GRU
MSE: 9.667753872233098
MAE: 2.3199241073043257
EVS: 0.1967828619818769
