Model: GRU
MSE: 13.572466847506812
MAE: 2.9381116761101618
EVS: 0.03082760386662109
