Model: GRU
MSE: 8.35403612013333
MAE: 2.053238303573043
EVS: 0.3236611561292898
