Model: GRU
MSE: 17.15902216546138
MAE: 3.4531143682974355
EVS: 0.15568390444903268
