Model: GRU
MSE: 11.685179977380358
MAE: 2.664501013579192
EVS: 0.12033911711912748
