Model: GRU
MSE: 11.138380273944879
MAE: 2.658836046854655
EVS: 0.10523770655503495
