Model: GRU
MSE: 17.546694504204492
MAE: 2.9005504184299045
EVS: -0.33686380973974006
