Model: GRU
MSE: 12.729037495661975
MAE: 2.9101820345278138
EVS: 0.1960332211744784
