Model: GRU
MSE: 9.614751267469762
MAE: 2.255230020593714
EVS: 0.201534477817634
