Model: GRU
MSE: 9.594173917058537
MAE: 2.2778755823771157
EVS: 0.21465777361312
