Model: GRU
MSE: 18.828544720061103
MAE: 3.348353385925293
EVS: -0.3909723754176999
