Model: GRU
MSE: 21.774459607155162
MAE: 3.394408596886529
EVS: -0.8146315693112911
