Model: GRU
MSE: 12.166508375900708
MAE: 3.0504645241631403
EVS: 0.24196071957798693
