Model: GRU
MSE: 9.971485684343827
MAE: 2.3783446064701788
EVS: 0.24184810801359513
