Model: GRU
MSE: 10.615665950368667
MAE: 2.4757057119298866
EVS: 0.12186076101569998
