Model: GRU
MSE: 9.476001403685249
MAE: 2.3394509774667247
EVS: 0.21414363211021314
