Model: GRU
MSE: 19.22967706532709
MAE: 3.570329401228163
EVS: -0.37320857235406324
