Model: GRU
MSE: 18.064699687745016
MAE: 3.041810053366202
EVS: -0.4096571966154592
