Model: GRU
MSE: 1060.8585042825118
MAE: 32.362373422693324
EVS: -0.12459846639075711
