Model: GRU
MSE: 9.592780230258338
MAE: 2.4036565356784396
EVS: 0.21867931979013666
