Model: GRU
MSE: 8.928048314143789
MAE: 2.1497575088783547
EVS: 0.2828339812193966
