Model: GRU
MSE: 15.066757589713335
MAE: 2.506398412916395
EVS: -0.18564219394094028
