Model: GRU
MSE: 15.697178325624177
MAE: 2.523576030024776
EVS: -0.28347461606641167
