Model: GRU
MSE: 10.229274804680683
MAE: 2.3149920216313116
EVS: 0.1501268015197047
