Model: GRU
MSE: 11.68778284299812
MAE: 2.6461979018317328
EVS: 0.17749789290653306
