Model: GRU
MSE: 8.427065165494207
MAE: 2.1611676392731844
EVS: 0.31537611131318055
