Model: GRU
MSE: 14.034954378051056
MAE: 2.5348608228895397
EVS: -0.1719651196041514
