Model: GRU
MSE: 8.908974488764587
MAE: 2.1892976054438837
EVS: 0.259847047005596
