Model: GRU
MSE: 11.833255845887665
MAE: 2.648952024954337
EVS: 0.21041846130976372
