Model: GRU
MSE: 10.524748788497332
MAE: 2.5410326851738825
EVS: 0.22846691879792402
