Model: GRU
MSE: 13.57680287877561
MAE: 2.9871278162355774
EVS: 0.20454598262401025
