Model: GRU
MSE: 14.09247289351067
MAE: 2.629008999577275
EVS: -0.1499784919856184
