Model: GRU
MSE: 16.88711104646464
MAE: 3.0203065165766962
EVS: -0.3906248046755454
