Model: GRU
MSE: 14.4160136956659
MAE: 2.9826854776453087
EVS: 0.028690739400366594
