Model: GRU
MSE: 15.090957298713276
MAE: 3.209551722915084
EVS: 0.09502976735899737
