Model: GRU
MSE: 10.744770648617449
MAE: 2.391790513639097
EVS: 0.11569999679434051
