Model: GRU
MSE: 10.235258001316247
MAE: 2.6397487145883067
EVS: 0.27889979725090464
