Model: GRU
MSE: 18.700675955348615
MAE: 3.436020091727928
EVS: -0.1493523194627162
