Model: GRU
MSE: 13.927181377626631
MAE: 2.790443844265408
EVS: -0.13281021075932875
