Model: GRU
MSE: 16.896891402908043
MAE: 3.4640893229731806
EVS: 0.07614144992305039
