Model: GRU
MSE: 15.38008892036422
MAE: 2.745626517704555
EVS: -0.2747358656554
