Model: GRU
MSE: 9.881860412164189
MAE: 2.225304444630941
EVS: 0.21110056755446294
