Model: GRU
MSE: 16.57767860012573
MAE: 3.4262626612627947
EVS: -0.06249224304826728
