Model: GRU
MSE: 18.7057493603214
MAE: 3.292376235679344
EVS: -0.48582534853490467
