Model: GRU
MSE: 15.627930005808222
MAE: 2.6331631342569985
EVS: -0.295825369741471
