Model: GRU
MSE: 9.733339899400967
MAE: 2.3914539549085827
EVS: 0.19218366518000152
