Model: GRU
MSE: 9.135320816017021
MAE: 2.361035629555031
EVS: 0.2644563375052116
