Model: GRU
MSE: 16.87258765422444
MAE: 2.9567221182364003
EVS: -0.35556170265638487
