Model: GRU
MSE: 19.166736453823162
MAE: 3.1819389131334095
EVS: -0.6015101805323986
