Model: GRU
MSE: 10.032575111126553
MAE: 2.580441545557093
EVS: 0.1692554477019933
