Model: GRU
MSE: 9.57640043565974
MAE: 2.376853519015842
EVS: 0.2086516529077146
