Model: GRU
MSE: 20.059557889842406
MAE: 3.3009997297216347
EVS: -0.6751635344093014
