Model: GRU
MSE: 9.31285156365141
MAE: 2.3790733549329968
EVS: 0.23552829555718624
