Model: GRU
MSE: 13.534706794629832
MAE: 3.073541252701371
EVS: 0.04906428615137004
