Model: GRU
MSE: 9.773027390370332
MAE: 2.3444229055334023
EVS: 0.19071919649661528
