Model: GRU
MSE: 13.084954552983787
MAE: 2.8710896880538375
EVS: -0.06497792300001004
