Model: GRU
MSE: 12.677435929629441
MAE: 2.777982570506908
EVS: 0.22682176899683426
