Model: GRU
MSE: 9.56370302312519
MAE: 2.2287573990998446
EVS: 0.22014093510781718
