Model: GRU
MSE: 9.20097769355804
MAE: 2.397229583175094
EVS: 0.2370384961092541
