Model: GRU
MSE: 20.016083907439274
MAE: 3.321798395227503
EVS: -0.6633339193171826
