Model: GRU
MSE: 12.188124367910085
MAE: 2.754253210844817
EVS: 0.1909281458217711
