Model: GRU
MSE: 11.649982088793674
MAE: 2.7509596436112016
EVS: 0.17416778822675283
