Model: GRU
MSE: 9.86742486420112
MAE: 2.3566148899219654
EVS: 0.1801520357206282
