Model: GRU
MSE: 230.2188385965947
MAE: 14.75936624849284
EVS: -0.0286050863067544
