Model: GRU
MSE: 9.379179020602553
MAE: 2.6079460779825845
EVS: 0.28985798840654264
