Model: GRU
MSE: 10.911677924030705
MAE: 2.396511784306279
EVS: 0.10369559567019382
