Model: GRU
MSE: 12.483243540809612
MAE: 2.996535159923412
EVS: 0.30974175438315377
