Model: GRU
MSE: 19.601250178575793
MAE: 3.0323496571293584
EVS: -0.41653468353334233
