Model: GRU
MSE: 21.74446931992962
MAE: 4.031965538307473
EVS: 0.059517587317421294
