Model: GRU
MSE: 10.58372445796697
MAE: 2.465209537082248
EVS: 0.16255082713394042
