Model: GRU
MSE: 19.884797480676703
MAE: 3.779654714796278
EVS: 0.025261242570829068
