Model: GRU
MSE: 20.52246966757055
MAE: 3.8688576839588307
EVS: 0.16985419218734787
