Model: GRU
MSE: 14.32038668687289
MAE: 2.7555323353520147
EVS: -0.12616646924575292
