Model: GRU
MSE: 11.036278007338026
MAE: 2.7320067441021956
EVS: 0.17737790358388483
