Model: GRU
MSE: 9.793232605464759
MAE: 2.3654621971978083
EVS: 0.20698455085603173
