Model: GRU
MSE: 11.944645081805195
MAE: 2.8658204255280673
EVS: 0.18184328325275068
