Model: GRU
MSE: 8.707774169823837
MAE: 2.2523254818386502
EVS: 0.2850453307240999
