Model: GRU
MSE: 14.771874012748075
MAE: 2.760322747407136
EVS: -0.16269371668226662
