Model: GRU
MSE: 9.665507229692931
MAE: 2.4759707274260343
EVS: 0.2278146938583573
