Model: GRU
MSE: 15.521211013902118
MAE: 3.264173013192636
EVS: -0.06443956299869513
