Model: GRU
MSE: 9.239161409389991
MAE: 2.2019082881786205
EVS: 0.24705267030714295
