Model: GRU
MSE: 8.443278589235282
MAE: 2.289216324135109
EVS: 0.3257500821036674
