Model: GRU
MSE: 13.387889585573147
MAE: 2.834740956624349
EVS: -0.09519661004995483
