Model: GRU
MSE: 11.57234931318396
MAE: 2.825403813962583
EVS: 0.2759797965289894
