Model: GRU
MSE: 15.190679200579325
MAE: 3.056486694901078
EVS: -0.10752209750885067
