Model: GRU
MSE: 12.017560936396606
MAE: 2.8486343313146523
EVS: 0.23629691116307505
