Model: GRU
MSE: 12.572134374477578
MAE: 2.7757735075774015
EVS: 0.23274211943969336
