Model: GRU
MSE: 21.752996080351817
MAE: 3.696033583747016
EVS: -0.717313406391507
