Model: GRU
MSE: 14.24768828224121
MAE: 2.5605973137749567
EVS: -0.15876048778172192
