Model: GRU
MSE: 13.813700221696106
MAE: 2.713924443280255
EVS: -0.14573261906212376
