Model: GRU
MSE: 9.406398677294048
MAE: 2.2167286696257413
EVS: 0.23354275886582887
