Model: GRU
MSE: 10.139493094122034
MAE: 2.502615963971173
EVS: 0.2321327757803725
