Model: GRU
MSE: 17.575896071185525
MAE: 2.9979817072550454
EVS: -0.4554213156070066
