Model: GRU
MSE: 10.747893916642347
MAE: 2.5029872081897877
EVS: 0.20787071154200565
