Model: GRU
MSE: 13.13127762336215
MAE: 2.773409949408637
EVS: 0.07084423583373911
