Model: GRU
MSE: 12.142713591567212
MAE: 2.6322437039128057
EVS: 0.1947653503556992
