Model: GRU
MSE: 9.683379096725663
MAE: 2.305956487302427
EVS: 0.19566080033620703
