Model: GRU
MSE: 9.47028370544666
MAE: 2.262918790181478
EVS: 0.21528386235732766
