Model: GRU
MSE: 254.3836248162795
MAE: 15.55874326494005
EVS: -0.02272143087535672
