Model: GRU
MSE: 15.795947516037813
MAE: 3.346325238545736
EVS: 0.015275145551281066
