Model: GRU
MSE: 10.875523264375024
MAE: 2.622767271818938
EVS: 0.21399069969701867
