Model: GRU
MSE: 10.661070805319536
MAE: 2.6833827407271773
EVS: 0.20940023649082928
