Model: GRU
MSE: 48.50948373049124
MAE: 4.876512633429633
EVS: -2.191772429947978
