Model: GRU
MSE: 15.552041524524375
MAE: 2.7950544357299805
EVS: -0.2582029057190418
