Model: GRU
MSE: 13.673265893566168
MAE: 3.1021129113656505
EVS: 0.3000606186826049
