Model: GRU
MSE: 15.670853791920544
MAE: 2.8757059662430375
EVS: -0.3057737111860146
