Model: GRU
MSE: 23.322732255623123
MAE: 3.746467519689489
EVS: -0.3140723391537237
