Model: GRU
MSE: 22.80048034034713
MAE: 4.120029202213994
EVS: -0.1928849364970513
