Model: GRU
MSE: 11.94152794705409
MAE: 2.5899647253530995
EVS: 0.014173941706862259
