Model: GRU
MSE: 12.505664505737286
MAE: 2.890524669929787
EVS: 0.0205489742715812
