Model: GRU
MSE: 10.961896178399506
MAE: 2.5597835823341653
EVS: 0.10678933892818065
