Model: GRU
MSE: 14.48638022386745
MAE: 2.7102245401453087
EVS: -0.17877208450908655
