Model: GRU
MSE: 25.31130807947093
MAE: 4.176156163215637
EVS: -0.6598300961833596
