Model: GRU
MSE: 20.843163779586035
MAE: 3.73292099988019
EVS: -0.5214187351798243
