Model: GRU
MSE: 10.829703605566296
MAE: 2.499707716482657
EVS: 0.19493077394715108
