Model: GRU
MSE: 8.702583767031152
MAE: 2.1869647237989636
EVS: 0.27712915058214616
