Model: GRU
MSE: 20.76199485602508
MAE: 3.7540982211077654
EVS: -0.520192631340711
