Model: GRU
MSE: 20.01138141949159
MAE: 3.539964870170311
EVS: -0.6278980570890484
