Model: GRU
MSE: 16.791610494684527
MAE: 3.1836220423380532
EVS: -0.20531271631095116
