Model: GRU
MSE: 11.66416472233299
MAE: 2.5810810724894204
EVS: 0.033080487104671596
