Model: GRU
MSE: 9.85563282214281
MAE: 2.3261472207528575
EVS: 0.2067262996539776
