Model: GRU
MSE: 9.509590424976826
MAE: 2.3131046295166016
EVS: 0.2708066226138326
