Model: GRU
MSE: 12.668251684962106
MAE: 2.7359997078224465
EVS: -0.03955641836648627
