Model: GRU
MSE: 17.067225092024543
MAE: 2.9956710603502064
EVS: -0.4296817006367648
