Model: GRU
MSE: 10.762447430851353
MAE: 2.5291689766777887
EVS: 0.16142986990065888
