Model: GRU
MSE: 12.418058035575289
MAE: 2.847294842755353
EVS: 0.11977266117146534
