Model: GRU
MSE: 25.85057531134084
MAE: 4.320851290667498
EVS: -0.67201004869035
