Model: GRU
MSE: 16.71521362558771
MAE: 2.735404579727738
EVS: -0.39814429086854086
