Model: GRU
MSE: 10.149791746957513
MAE: 2.519950018988715
EVS: 0.2465193271305679
