Model: GRU
MSE: 9.874532837296337
MAE: 2.4060804578993054
EVS: 0.1826153328678286
