Model: GRU
MSE: 9.901842839858041
MAE: 2.5171736258047597
EVS: 0.2867172431724472
