Model: GRU
MSE: 11.74679124072679
MAE: 2.6641096185754845
EVS: 0.02929047026972964
