Model: GRU
MSE: 9.681980726976352
MAE: 2.314008288913303
EVS: 0.19751381851117567
