Model: GRU
MSE: 16.77335663623961
MAE: 2.948250382034867
EVS: -0.40487698038928177
