Model: GRU
MSE: 9.375114945575525
MAE: 2.304616822136773
EVS: 0.22898521712025077
