Model: GRU
MSE: 10.934568931436987
MAE: 2.4710241070500127
EVS: 0.09569209794530231
