Model: GRU
MSE: 11.051483575840596
MAE: 2.794807716652199
EVS: 0.23940489049890623
