Model: GRU
MSE: 11.188111392840726
MAE: 2.7567703458997936
EVS: 0.15260032501452958
