Model: GRU
MSE: 9.047751418896613
MAE: 2.186960290979456
EVS: 0.25041111118288073
