Model: GRU
MSE: 11.111766985908279
MAE: 2.6551263597276478
EVS: 0.22147583551357797
