Model: GRU
MSE: 8.867005542734221
MAE: 2.140035558629919
EVS: 0.26466314812004055
