Model: GRU
MSE: 9.263407088346934
MAE: 2.233719649138274
EVS: 0.23302436018181105
