Model: GRU
MSE: 12.369619648776691
MAE: 2.7291483172663935
EVS: 0.16764586200862608
