Model: GRU
MSE: 20.72419777275542
MAE: 3.8575103018018932
EVS: -0.3579700583434151
