Model: GRU
MSE: 11.371503770805417
MAE: 2.638540267944336
EVS: 0.08268531276133118
