Model: GRU
MSE: 14.906499981434981
MAE: 3.1601291762457953
EVS: 0.04106914501058101
