Model: GRU
MSE: 12.794229117044146
MAE: 2.898121745498092
EVS: 0.2450525704386627
