Model: GRU
MSE: 57677.20702089245
MAE: 240.13532398365163
EVS: 0.0
