Model: GRU
MSE: 15.017733031825628
MAE: 3.321885002983941
EVS: 0.3043119543674214
