Model: GRU
MSE: 11.587539002705515
MAE: 2.7416572217588073
EVS: 0.037835050911292356
