Model: GRU
MSE: 10.091674190824017
MAE: 2.4977170802928783
EVS: 0.1620598104776051
