Model: GRU
MSE: 11.072651025456993
MAE: 2.540170916804561
EVS: 0.1026919373601447
