Model: GRU
MSE: 16.378986140970717
MAE: 3.1124437826651112
EVS: -0.29301615576997775
