Model: GRU
MSE: 12.247879372375387
MAE: 2.657580516956471
EVS: 0.10973303738707585
