Model: GRU
MSE: 16.637561073589698
MAE: 2.948422008090549
EVS: -0.38531621710715447
