Model: GRU
MSE: 12.112300052288784
MAE: 2.4487210379706488
EVS: 0.07281161517095602
