Model: GRU
MSE: 10.206099705227272
MAE: 2.6496430856210216
EVS: 0.19976811500985192
