Model: GRU
MSE: 14.980822247152362
MAE: 3.2142417342574507
EVS: 0.12504507401698706
