Model: GRU
MSE: 13.364790755526782
MAE: 3.1388558988217956
EVS: 0.24331558057530134
