Model: GRU
MSE: 9.918968676067413
MAE: 2.413664535239891
EVS: 0.17765996830516062
