Model: GRU
MSE: 16.490104353985544
MAE: 3.0490596294403076
EVS: -0.242858965662333
