Model: GRU
MSE: 9.36672169623718
MAE: 2.5331009758843317
EVS: 0.30070042636659855
