Model: GRU
MSE: 16.183249315509347
MAE: 2.850231170654297
EVS: -0.24829420111843703
