Model: GRU
MSE: 12.549917023774537
MAE: 2.8505788732458046
EVS: 0.10415532671322747
