Model: GRU
MSE: 12.621870125907906
MAE: 2.5787661340501575
EVS: -0.04866998188695715
