Model: GRU
MSE: 11.541727855918309
MAE: 2.5526460188406483
EVS: 0.07998957271797824
