Model: GRU
MSE: 17.21775353893857
MAE: 2.6881743890267833
EVS: -0.44212367100551986
