Model: GRU
MSE: 11.037770073939008
MAE: 2.5902661394189903
EVS: 0.2820050422217024
