Model: GRU
MSE: 16.83141884085431
MAE: 3.3302626963014954
EVS: -0.1678762885363605
