Model: GRU
MSE: 12.824132501876681
MAE: 2.8782834300288447
EVS: -0.06404176881281431
