Model: GRU
MSE: 20.70398016440295
MAE: 2.9928649266560874
EVS: -0.7162406477502936
