Model: GRU
MSE: 9.301129346183668
MAE: 2.4832136542708785
EVS: 0.2651594376554388
