Model: GRU
MSE: 10.029589698161477
MAE: 2.486400286356608
EVS: 0.20922880031288393
