Model: GRU
MSE: 9.967494945107319
MAE: 2.5310229548701533
EVS: 0.2542135375215391
