Model: GRU
MSE: 9.065811657508103
MAE: 2.2131598790486655
EVS: 0.2795455340307764
