Model: GRU
MSE: 16.003832983450465
MAE: 3.0874130637557418
EVS: -0.11532532064576761
