Model: GRU
MSE: 11.8431383988927
MAE: 2.7758378629331237
EVS: 0.22497406863391933
