Model: GRU
MSE: 28.150768586357522
MAE: 3.3764477835761175
EVS: -1.3480649164516207
