Model: GRU
MSE: 13.437560644942938
MAE: 3.101152702614113
EVS: 0.05014828962080653
