Model: GRU
MSE: 9.510081166447048
MAE: 2.351272371080187
EVS: 0.23931969738893166
