Model: GRU
MSE: 13.429113573487223
MAE: 2.977106288627342
EVS: 0.16831186083137906
