Model: GRU
MSE: 14.079286007617476
MAE: 2.9450255146733038
EVS: 0.02232434372628811
