Model: GRU
MSE: 15.529762460928033
MAE: 2.856349998050266
EVS: -0.2530899435777181
