Model: GRU
MSE: 21.045950704769925
MAE: 3.5720030466715493
EVS: -0.6552096913975813
