Model: GRU
MSE: 9.873521924691447
MAE: 2.4644315154464156
EVS: 0.19995982581673033
