Model: GRU
MSE: 17.258691855756744
MAE: 3.049183757216842
EVS: -0.3992108403476906
