Model: GRU
MSE: 9.183828741342714
MAE: 2.217079339204011
EVS: 0.2985738331003729
