Model: GRU
MSE: 13.202368820619153
MAE: 2.8107483475296586
EVS: 0.028009488064109522
