Model: GRU
MSE: 15.02649063491373
MAE: 2.7228695904767073
EVS: -0.2515687064552563
