Model: GRU
MSE: 9.360845898271666
MAE: 2.39732676965219
EVS: 0.23060301446883869
