Model: GRU
MSE: 14.862378679536588
MAE: 2.673383430198387
EVS: -0.16077254450734224
