Model: GRU
MSE: 14.81300499747916
MAE: 3.133374072887279
EVS: 0.14633640088144195
