Model: GRU
MSE: 9.265080859662602
MAE: 2.244111838164153
EVS: 0.23024467768527446
