Model: GRU
MSE: 10.692160397507434
MAE: 2.473430492259838
EVS: 0.17970614870772417
