Model: GRU
MSE: 11.996415333111583
MAE: 2.9826055102878146
EVS: 0.26688789494355747
