Model: GRU
MSE: 14.429668251027316
MAE: 3.21306668387519
EVS: 0.12410870823527387
