Model: GRU
MSE: 11.380508106649804
MAE: 2.5225798818800182
EVS: 0.12505945552256037
