Model: GRU
MSE: 9.723362568603854
MAE: 2.3796214350947626
EVS: 0.2080828488810864
