Model: GRU
MSE: 10.244221646297202
MAE: 2.5381632910834417
EVS: 0.1489831769998181
