Model: GRU
MSE: 235.97378158423035
MAE: 14.957526527069232
EVS: -0.017491054808142392
