Model: GRU
MSE: 9.68916400035478
MAE: 2.3491657045152454
EVS: 0.23817867982654528
