Model: GRU
MSE: 9.55307483248019
MAE: 2.1789047629744918
EVS: 0.21453913998201313
