Model: GRU
MSE: 23.38479832492545
MAE: 4.039237587540238
EVS: -0.6371393499597457
