Model: GRU
MSE: 8.52950442168168
MAE: 2.1398515701293945
EVS: 0.29134336969440167
