Model: GRU
MSE: 13.213464968935535
MAE: 2.848011052166974
EVS: 0.004868787504499483
