Model: GRU
MSE: 12.725865869615392
MAE: 2.8219382851212114
EVS: 0.056119349683491304
