Model: GRU
MSE: 18.49512614553849
MAE: 3.5301552525273077
EVS: -0.057712524185596026
