Model: GRU
MSE: 12.548337976827826
MAE: 2.6696698753922075
EVS: 0.03289036615745633
