Model: GRU
MSE: 14.953161305784407
MAE: 2.7467465224089445
EVS: -0.24758338293859894
