Model: GRU
MSE: 10.368674384423448
MAE: 2.5654159828468606
EVS: 0.2525541161455508
