Model: GRU
MSE: 12.464207140017177
MAE: 2.7371302534032753
EVS: 0.024941037733166804
