Model: GRU
MSE: 10.89793729811919
MAE: 2.5996718583283602
EVS: 0.16374352640226042
