Model: GRU
MSE: 15.909403316949785
MAE: 2.9100110442550093
EVS: -0.3113616010410143
