Model: GRU
MSE: 14.296573164757664
MAE: 3.0654410786098905
EVS: 0.14276942620700794
