Model: GRU
MSE: 16.653614638625935
MAE: 3.0224402215745716
EVS: -0.38012053176038285
