Model: GRU
MSE: 19.97839279654198
MAE: 3.1531763783207647
EVS: -0.6071713490681125
