Model: GRU
MSE: 9.763828726320618
MAE: 2.399627367655436
EVS: 0.19194187777848604
