Model: GRU
MSE: 15.173286075032495
MAE: 2.924398592540196
EVS: -0.1484161422777599
