Model: GRU
MSE: 17.714314293986483
MAE: 3.064818770797164
EVS: -0.44029731015111984
