Model: GRU
MSE: 10.811957767965934
MAE: 2.6207267973158093
EVS: 0.252361651835757
