Model: GRU
MSE: 15.451433364674417
MAE: 3.2515996120594166
EVS: 0.05870282118169501
