Model: GRU
MSE: 240.49503826683966
MAE: 15.093391277171948
EVS: -0.05391581688288882
