Model: GRU
MSE: 10.365619898346873
MAE: 2.3958038047507957
EVS: 0.15094275311053984
