Model: GRU
MSE: 10.93476949489997
MAE: 2.525674961231373
EVS: 0.17865029016868839
