Model: GRU
MSE: 9.175352035726064
MAE: 2.1794649406715676
EVS: 0.23826046945726753
