Model: GRU
MSE: 9.6367153359391
MAE: 2.2530579566955566
EVS: 0.19979720260180145
