Model: GRU
MSE: 10.52011946584208
MAE: 2.5235888339855053
EVS: 0.15591804086123673
