Model: GRU
MSE: 19.20323087316481
MAE: 3.7382224047625505
EVS: -0.15917944093430503
