Model: GRU
MSE: 12.985331366785575
MAE: 2.700399063251637
EVS: -0.054394722234812676
