Model: GRU
MSE: 11.90693027156764
MAE: 2.511057041309498
EVS: 0.05931843438003859
