Model: GRU
MSE: 13.24038631462953
MAE: 2.901884432192202
EVS: 0.16396499198959524
