Model: GRU
MSE: 11.092246423707433
MAE: 2.597981170371727
EVS: 0.08605723686700284
