Model: GRU
MSE: 20.951369045723066
MAE: 4.030682952315719
EVS: 0.008884632838603745
