Model: GRU
MSE: 16.22053539668977
MAE: 3.4425264994303384
EVS: 0.003172379889997079
