Model: GRU
MSE: 15.461649198120085
MAE: 3.2042184052643954
EVS: -0.12142063299555739
