Model: GRU
MSE: 12.465203912524354
MAE: 2.73619070759526
EVS: 0.034351683939048194
