Model: GRU
MSE: 12.20355938871588
MAE: 2.7294856707255044
EVS: 0.04849974297699444
