Model: GRU
MSE: 24.787059483419036
MAE: 4.015994725403963
EVS: -0.8531621509351257
