Model: GRU
MSE: 15.09392538111994
MAE: 3.0958886323151766
EVS: 0.04330850620583815
