Model: GRU
MSE: 9.356121910448094
MAE: 2.275161107381185
EVS: 0.22263360122460563
