Model: GRU
MSE: 10.47871285589008
MAE: 2.467131402757433
EVS: 0.13915922587489116
