Model: GRU
MSE: 9.576231489867665
MAE: 2.4092187881469727
EVS: 0.22424003800769154
