Model: GRU
MSE: 11.131799876210035
MAE: 2.551348227041739
EVS: 0.11623872066148278
