Model: GRU
MSE: 11.25790773628056
MAE: 2.5026839397571705
EVS: 0.08751431067510884
