Model: GRU
MSE: 9.668957340350769
MAE: 2.527061179832176
EVS: 0.28770985080076206
