Model: GRU
MSE: 8.874914689007575
MAE: 2.407671681156865
EVS: 0.3037270293418347
