Model: GRU
MSE: 13.540751886825092
MAE: 3.0679488711886935
EVS: 0.17533455441061152
