Model: GRU
MSE: 16.707275791345772
MAE: 3.2191207673814564
EVS: -0.17371718245465284
