Model: GRU
MSE: 269.6440755978662
MAE: 16.060580474359018
EVS: 0.019692670712080695
