Model: GRU
MSE: 14.119838448471667
MAE: 3.015105724334717
EVS: 0.11822024215246552
