Model: GRU
MSE: 17.51784567002901
MAE: 3.5209082144278065
EVS: -0.006372028156812259
