Model: GRU
MSE: 14.612017412082288
MAE: 2.7082610660129123
EVS: -0.22230935409308028
