Model: GRU
MSE: 9.818176885338222
MAE: 2.4635014357390226
EVS: 0.18828079064412384
