Model: GRU
MSE: 11.73914460825802
MAE: 2.6975159821686923
EVS: 0.09977605234235765
