Model: GRU
MSE: 11.282430729148743
MAE: 2.5597130810772932
EVS: 0.11641931067998978
