Model: GRU
MSE: 15.8074370396582
MAE: 2.7426417668660483
EVS: -0.20189752784610215
