Model: GRU
MSE: 17.191957595161544
MAE: 2.979784188447175
EVS: -0.1635687823622889
