Model: GRU
MSE: 9.962627926824402
MAE: 2.3919444613986545
EVS: 0.19258470363007796
