Model: GRU
MSE: 9.246764215402875
MAE: 2.3640346880312317
EVS: 0.23600966623302133
