Model: GRU
MSE: 15.21702286803702
MAE: 3.33395873175727
EVS: 0.24291282671072512
