Model: GRU
MSE: 17.143400338269995
MAE: 3.497261824431243
EVS: 0.2393811902384676
