Model: GRU
MSE: 4424.395532985421
MAE: 66.38764925356264
EVS: -0.430485282409121
