Model: GRU
MSE: 12.62796976676684
MAE: 2.929257286919488
EVS: 0.1754974456018521
