Model: GRU
MSE: 11.521324785690181
MAE: 2.4624268920333297
EVS: 0.06155806372903161
