Model: GRU
MSE: 10.643959352627284
MAE: 2.3172165022956
EVS: 0.2399719707066159
