Model: GRU
MSE: 19.45275317005706
MAE: 3.0364883917349355
EVS: -0.45924546295809
