Model: GRU
MSE: 12.889176310123933
MAE: 3.1500269571940103
EVS: 0.27991027779669486
