Model: GRU
MSE: 14.344296637180848
MAE: 3.2061485714382596
EVS: 0.12474134376363188
