Model: GRU
MSE: 19.624136177809728
MAE: 3.662320171083723
EVS: -0.3961516783663175
