Model: GRU
MSE: 12.744645965591804
MAE: 2.856036592412878
EVS: 0.185990513363546
