Model: GRU
MSE: 17.204511578247917
MAE: 3.4421246493304216
EVS: 0.08057139528497348
