Model: GRU
MSE: 15.584655947498446
MAE: 2.920795952832257
EVS: -0.2923279096168321
