Model: GRU
MSE: 14.745238764482666
MAE: 2.7491594597145363
EVS: -0.14368402409660752
