Model: GRU
MSE: 16.103782024703907
MAE: 3.0114571430065014
EVS: -0.2924910285395266
