Model: GRU
MSE: 17.664110829864647
MAE: 2.8916458553738065
EVS: -0.3560734731978712
