Model: GRU
MSE: 13.596359759234979
MAE: 3.0567122212162725
EVS: 0.07994263183683725
