Model: GRU
MSE: 12.115652479268816
MAE: 2.8340336834942854
EVS: 0.011217838779402411
