Model: GRU
MSE: 13.413977421554828
MAE: 2.730422302528664
EVS: -0.10371722355910817
