Model: GRU
MSE: 8769.487514013
MAE: 93.58178569652416
EVS: 0.0
