Model: GRU
MSE: 15.713912841088781
MAE: 2.8289268357413158
EVS: -0.28205627762896657
