Model: GRU
MSE: 16.733545238983314
MAE: 3.5016947675634316
EVS: 0.11628203857146202
