Model: GRU
MSE: 11.642863193855932
MAE: 2.578383869594998
EVS: 0.1441549423061257
