Model: GRU
MSE: 9.836657286762703
MAE: 2.2758748796251087
EVS: 0.26126295835037294
