Model: GRU
MSE: 21.154575748117253
MAE: 3.9237856335110135
EVS: -0.28545914171328834
