Model: GRU
MSE: 13.952153838261877
MAE: 3.089240144800257
EVS: 0.17790850250475232
