Model: GRU
MSE: 18.038357877484216
MAE: 3.1879408447830766
EVS: -0.44414168190732006
