Model: GRU
MSE: 13.311442693800085
MAE: 2.9355318634598344
EVS: -0.002052790288629369
