Model: GRU
MSE: 9.688933661725464
MAE: 2.44034481048584
EVS: 0.19907384971137754
