Model: GRU
MSE: 21.714189492782513
MAE: 3.8819635532520436
EVS: -0.2568592204673019
