Model: GRU
MSE: 19.323064488397804
MAE: 3.2274213720251015
EVS: -0.5630694050958271
