Model: GRU
MSE: 10.952745689510376
MAE: 2.457512060801188
EVS: 0.13523516758778775
