Model: GRU
MSE: 21.14336896128319
MAE: 4.016147048385055
EVS: 0.17447173278541606
