Model: GRU
MSE: 14.986846199917993
MAE: 2.607220411300659
EVS: -0.22008465574582603
