Model: GRU
MSE: 14.626404408523504
MAE: 2.6794570287068686
EVS: -0.21112305902384598
