Model: GRU
MSE: 23.066539569108986
MAE: 4.0561911618268045
EVS: -0.25525915314772885
