Model: GRU
MSE: 15.010786794112862
MAE: 3.216584982695403
EVS: 0.1415801291762684
