Model: GRU
MSE: 15.284202901795348
MAE: 2.8301991003530995
EVS: -0.26106498151282675
