Model: GRU
MSE: 13.290117804929642
MAE: 2.7476617848431624
EVS: 0.004416442915556096
