Model: GRU
MSE: 10.862482226472652
MAE: 2.5081731301766856
EVS: 0.15743598289561533
