Model: GRU
MSE: 10.686819421085838
MAE: 2.7539534038967557
EVS: 0.28393207684462296
