Model: GRU
MSE: 222.93822159044933
MAE: 14.517787981916356
EVS: -0.011332020649265973
