Model: GRU
MSE: 9.963486257553154
MAE: 2.225996723881474
EVS: 0.228414557422689
