Model: GRU
MSE: 17.255777469681426
MAE: 3.2112883815058955
EVS: -0.3635889231222842
