Model: GRU
MSE: 12.681768125793091
MAE: 2.853343292518898
EVS: 0.10124410490642266
