Model: GRU
MSE: 11.380193852587759
MAE: 2.5598469663549355
EVS: 0.10038273668955222
