Model: GRU
MSE: 14.93255705027261
MAE: 3.0523731443617077
EVS: 0.047116401136756414
