Model: GRU
MSE: 10.175045338427177
MAE: 2.4096311639856407
EVS: 0.20935494893006779
