Model: GRU
MSE: 12.74119148410373
MAE: 2.722984543553105
EVS: 0.020999926117547196
