Model: GRU
MSE: 12.088000367182792
MAE: 2.8621161778767905
EVS: -0.0005958709659676931
