Model: GRU
MSE: 19.282410363637272
MAE: 3.328094976919669
EVS: -0.4847623988929588
