Model: GRU
MSE: 26.378723926302175
MAE: 4.502728709468135
EVS: -0.01573524073644128
