Model: GRU
MSE: 15.849985650934261
MAE: 3.3694485381797508
EVS: 0.21133230506811607
