Model: GRU
MSE: 10.59384519601776
MAE: 2.544208526611328
EVS: 0.20171458841169143
