Model: GRU
MSE: 18.973123718857906
MAE: 3.15194214714898
EVS: -0.5891722908460979
