Model: GRU
MSE: 14.310644907306166
MAE: 3.0502293374803333
EVS: -0.14520657449337704
