Model: GRU
MSE: 29718.178916670753
MAE: 172.35470185456452
EVS: -2.220446049250313e-16
