Model: GRU
MSE: 19.274869484580684
MAE: 3.121294304176613
EVS: -0.6141497180447091
