Model: GRU
MSE: 8.60568724680454
MAE: 2.2173325220743814
EVS: 0.2879262725352406
