Model: GRU
MSE: 10.668160716500669
MAE: 2.506076318246347
EVS: 0.21608604109957819
