Model: GRU
MSE: 9.09156223766988
MAE: 2.3083051398948387
EVS: 0.25030280120947856
