Model: GRU
MSE: 11.053326666652605
MAE: 2.5149579577975802
EVS: 0.17650915598631411
