Model: GRU
MSE: 21.339836948247953
MAE: 3.8894635268620084
EVS: -0.31492068752096025
