Model: GRU
MSE: 9.956645898602396
MAE: 2.4947752069543907
EVS: 0.20198216718771422
