Model: GRU
MSE: 10.184493089132115
MAE: 2.366864486976906
EVS: 0.1716893543899889
