Model: GRU
MSE: 10.311564893490733
MAE: 2.42088254292806
EVS: 0.17549183374979183
