Model: GRU
MSE: 9.023084727895096
MAE: 2.234727965460883
EVS: 0.2637765695862506
