Model: GRU
MSE: 15.05369800396575
MAE: 2.8616928877653898
EVS: -0.19722971863411476
