Model: GRU
MSE: 9.848810778632503
MAE: 2.3135738726015442
EVS: 0.2076214169343249
