Model: GRU
MSE: 12.860405006019526
MAE: 2.7740488052368164
EVS: -0.04434957254895999
