Model: GRU
MSE: 18.235044570757704
MAE: 3.052746543177852
EVS: -0.4424132315048972
