Model: GRU
MSE: 9.54914465296096
MAE: 2.35636043548584
EVS: 0.20986814565357192
