Model: GRU
MSE: 11.226249367051727
MAE: 2.666986995273166
EVS: 0.1794040305884247
