Model: GRU
MSE: 9.503565882873604
MAE: 2.1782969015615956
EVS: 0.2359319546890345
