Model: GRU
MSE: 19.648718561291236
MAE: 3.671396953719003
EVS: -0.22848131264003424
