Model: GRU
MSE: 10.093444635684271
MAE: 2.4730271939878112
EVS: 0.17951521601990328
