Model: GRU
MSE: 10.247058078663956
MAE: 2.3459209865993924
EVS: 0.1815002882614536
