Model: GRU
MSE: 20.553349364965488
MAE: 3.7111089494493275
EVS: -0.3978905743167598
