Model: GRU
MSE: 19.68618882178183
MAE: 3.259720766985858
EVS: -0.22836723532257497
