Model: GRU
MSE: 17.97035033834884
MAE: 2.97648016611735
EVS: -0.5051043370275843
