Model: GRU
MSE: 11.107759816020495
MAE: 2.5379128279509366
EVS: 0.13397628940436712
