Model: GRU
MSE: 16.443247478917495
MAE: 2.818924338729293
EVS: -0.3610848431566134
