Model: GRU
MSE: 10.836474297194206
MAE: 2.4627912132828325
EVS: 0.14377762686158546
