Model: GRU
MSE: 13.424038722305408
MAE: 3.063256299054181
EVS: 0.2424023654368438
