Model: GRU
MSE: 26.77273801617197
MAE: 4.46386366420322
EVS: -0.3396844514646731
