Model: GRU
MSE: 13.134888206287483
MAE: 2.9413371792546026
EVS: 0.0822651188426956
