Model: GRU
MSE: 9.981601940922575
MAE: 2.3440700990182384
EVS: 0.18657588847385886
