Model: GRU
MSE: 12.840642663053275
MAE: 2.920496605060719
EVS: 0.16840540918234048
