Model: GRU
MSE: 11.793763568170107
MAE: 2.693487449928566
EVS: 0.025836325305270025
