Model: GRU
MSE: 9.63162005253704
MAE: 2.36686932599103
EVS: 0.20270436077116738
