Model: GRU
MSE: 10.409276474629358
MAE: 2.254644747133608
EVS: 0.2200962690771867
