Model: GRU
MSE: 19.46278294368576
MAE: 3.2033613522847495
EVS: -0.628028720668425
