Model: GRU
MSE: 10.804662562475237
MAE: 2.364044118810583
EVS: 0.1346636030783367
