Model: GRU
MSE: 9.681202926580832
MAE: 2.342072522198712
EVS: 0.22722610014319133
