Model: GRU
MSE: 17.377349901686845
MAE: 3.1442540486653647
EVS: -0.2110526950429925
