Model: GRU
MSE: 13.476690162036531
MAE: 2.5058107376098633
EVS: -0.12080862539528092
