Model: GRU
MSE: 12.665791314272441
MAE: 2.869484866106952
EVS: 0.13979395185007826
