Model: GRU
MSE: 14.127206609413978
MAE: 2.703500853644477
EVS: -0.07116074045686172
