Model: GRU
MSE: 15.06254332776449
MAE: 3.1730963212472423
EVS: -0.02440743412240165
