Model: GRU
MSE: 11.570694811122747
MAE: 2.4732042948404946
EVS: 0.04055864083276417
