Model: GRU
MSE: 11.57199595524199
MAE: 2.5541583873607494
EVS: 0.11498976248954462
