Model: GRU
MSE: 15.4958844130987
MAE: 3.2068897353278265
EVS: -0.09205636279943419
