Model: GRU
MSE: 11.803214248752418
MAE: 2.5553758409288196
EVS: 0.0992339070915712
