Model: GRU
MSE: 17.90329421136903
MAE: 2.848920362967032
EVS: -0.30810300291627524
