Model: GRU
MSE: 9.91140742276137
MAE: 2.3604071581805193
EVS: 0.18445265010840783
