Model: GRU
MSE: 13.675858800791376
MAE: 2.8979814140884965
EVS: -0.13593353333821745
