Model: GRU
MSE: 9.712415374833586
MAE: 2.565611450760453
EVS: 0.3044794345345717
