Model: GRU
MSE: 14.286403976056135
MAE: 3.111522639239276
EVS: 0.2132357055009979
