Model: GRU
MSE: 14.003140891572912
MAE: 3.179851531982422
EVS: 0.2596995751143829
