Model: GRU
MSE: 8.953730228052269
MAE: 2.160728207340947
EVS: 0.25695775395507514
