Model: GRU
MSE: 9.09529001514255
MAE: 2.3662135865953235
EVS: 0.26656600502626415
