Model: GRU
MSE: 17.157623204092758
MAE: 2.7854733996921115
EVS: -0.4235887599551824
