Model: GRU
MSE: 17.383447406329164
MAE: 3.115356479372297
EVS: -0.27293908155378266
