Model: GRU
MSE: 12.044276242105878
MAE: 2.8774494771604187
EVS: 0.2421989916959305
