Model: GRU
MSE: 15.079264544829778
MAE: 3.1332581308152943
EVS: -0.07264303232010638
