Model: GRU
MSE: 11.630361446288017
MAE: 2.783267233106825
EVS: 0.15403131231379208
