Model: GRU
MSE: 10.766139128623191
MAE: 2.6071943000510887
EVS: 0.16462281019073055
