Model: GRU
MSE: 9.976158800357148
MAE: 2.519518993518971
EVS: 0.1911352125100868
