Model: GRU
MSE: 14.573546643885097
MAE: 3.0587766258804887
EVS: -0.010858270593176123
