Model: GRU
MSE: 8.9910392525576
MAE: 2.21725446206552
EVS: 0.2675153591111864
