Model: GRU
MSE: 11.552419658728788
MAE: 2.4379627439710827
EVS: 0.20939835508789495
