Model: GRU
MSE: 14.046868662318536
MAE: 2.9882984161376953
EVS: 0.006131031177432411
