Model: GRU
MSE: 20.305411006335927
MAE: 3.391556157006158
EVS: -0.5887993227172359
