Model: GRU
MSE: 9.562522564627654
MAE: 2.2606790683887623
EVS: 0.24702488980849635
