Model: GRU
MSE: 10.431766589812367
MAE: 2.465113286618833
EVS: 0.16832766538162558
