Model: GRU
MSE: 21.42770127318256
MAE: 4.059759970064516
EVS: 0.08918158296539214
