Model: GRU
MSE: 12.037440378742936
MAE: 2.6722651764198586
EVS: 0.22836711279882127
