Model: GRU
MSE: 11.159264519176885
MAE: 2.390853934817844
EVS: 0.0916857815137817
