Model: GRU
MSE: 16.898358630423235
MAE: 3.3737488676000527
EVS: -0.04742287719747851
