Model: GRU
MSE: 15.106338996367514
MAE: 2.86781265117504
EVS: -0.0781302965773345
