Model: GRU
MSE: 14.404017023503853
MAE: 2.7192914574234575
EVS: -0.18469284170337308
