Model: GRU
MSE: 13.448460837613016
MAE: 3.034959492860017
EVS: 0.0890945635600282
