Model: GRU
MSE: 10.042921071295563
MAE: 2.41539262842249
EVS: 0.17367048857391798
