Model: GRU
MSE: 9.356565096466916
MAE: 2.177003648546007
EVS: 0.23772648312973166
