Model: GRU
MSE: 19.9215043910346
MAE: 2.979673244335033
EVS: -0.45919133314557814
