Model: GRU
MSE: 17.0153883266041
MAE: 3.432578510708279
EVS: -0.2385057054227364
