Model: GRU
MSE: 22.5101997315672
MAE: 4.188821615996184
EVS: -0.466602270505623
