Model: GRU
MSE: 19.089153457515295
MAE: 3.284798268918638
EVS: -0.4969484899671841
