Model: GRU
MSE: 14.921058391339908
MAE: 3.0368963877360025
EVS: 0.18227781693002254
