Model: GRU
MSE: 14.7754620824994
MAE: 3.2357234954833984
EVS: 0.02517731399514478
