Model: GRU
MSE: 19.206645053996706
MAE: 3.1807132297092013
EVS: -0.2946001500007809
