Model: GRU
MSE: 12.374371235229503
MAE: 2.9416265840883606
EVS: 0.1482197662477952
