Model: GRU
MSE: 2826.411623944397
MAE: 52.9596518057364
EVS: -0.8018866450783984
