Model: GRU
MSE: 9.777023416478524
MAE: 2.5511601765950522
EVS: 0.3097375027944709
