Model: GRU
MSE: 12.061532499108985
MAE: 2.871599409315321
EVS: 0.19017390872175866
