Model: GRU
MSE: 18.97472397252036
MAE: 3.4765266135886863
EVS: -0.43097519524639694
