Model: GRU
MSE: 20.90997859366494
MAE: 3.1779330924705222
EVS: -0.35164776046776103
