Model: GRU
MSE: 23.510120249777486
MAE: 4.0510017077128095
EVS: -0.5356582222655357
