Model: GRU
MSE: 9.025664777937353
MAE: 2.247555874012135
EVS: 0.25010027743608665
