Model: GRU
MSE: 14.268717527990534
MAE: 2.8333416691532842
EVS: -0.062019676543987545
