Model: GRU
MSE: 8.95474041173633
MAE: 2.1929041897809065
EVS: 0.27250009022603083
