Model: GRU
MSE: 10.38634850479243
MAE: 2.3933229446411133
EVS: 0.1627737812003326
