Model: GRU
MSE: 9.57764730591364
MAE: 2.2493096280980995
EVS: 0.20709217965439852
