Model: GRU
MSE: 9.79724953597913
MAE: 2.3345312189172813
EVS: 0.1975645287424953
