Model: GRU
MSE: 20.44286354489029
MAE: 3.7404365709849765
EVS: -0.37210678456585966
