Model: GRU
MSE: 17.808106851834864
MAE: 3.1680819546734846
EVS: -0.22303523932543046
