Model: GRU
MSE: 15.406418740969995
MAE: 2.7883283120614513
EVS: -0.27180771460846875
