Model: GRU
MSE: 13.17340336081984
MAE: 2.9368965360853405
EVS: 0.18133090218629222
