Model: GRU
MSE: 14.920404650604302
MAE: 3.069560828032317
EVS: -0.0006437354029591447
