Model: GRU
MSE: 20.434784697616596
MAE: 3.3944148310908564
EVS: -0.6660343839920522
