Model: GRU
MSE: 11.186555495928486
MAE: 2.3161567405418113
EVS: 0.08246490912937254
