Model: GRU
MSE: 9.982607983247606
MAE: 2.2802251356619374
EVS: 0.19708059621019436
