Model: GRU
MSE: 19.015244742439968
MAE: 3.54631033650151
EVS: -0.4552294809393611
