Model: GRU
MSE: 13.720050788664981
MAE: 3.026301278008355
EVS: -0.017770075666605045
