Model: GRU
MSE: 10.376806558001523
MAE: 2.3931295960037797
EVS: 0.20351527394444624
