Model: GRU
MSE: 12.84038559343578
MAE: 2.552848250777633
EVS: -0.07221331963917677
