Model: GRU
MSE: 16.817010260807656
MAE: 3.1950813361576627
EVS: -0.26953867009946064
