Model: GRU
MSE: 15.07098680056687
MAE: 2.7455117614180953
EVS: -0.2625453808158804
