Model: GRU
MSE: 9.086328821997556
MAE: 2.2849593692355685
EVS: 0.2451853964878291
