Model: GRU
MSE: 16.60480280695056
MAE: 3.4940678631817854
EVS: 0.13821984175805835
