Model: GRU
MSE: 13.130564158903157
MAE: 3.0588117528844765
EVS: 0.17135706872405865
