Model: GRU
MSE: 14.868221566559543
MAE: 2.7729447329485857
EVS: -0.22026844891850006
