Model: GRU
MSE: 14.562600531804323
MAE: 2.6941099873295538
EVS: -0.21848337288376696
