Model: GRU
MSE: 13.4975524217007
MAE: 2.890374872419569
EVS: -0.049242245510949356
