Model: GRU
MSE: 3605.7292722647244
MAE: 59.92235678213614
EVS: -0.24965505192718473
