Model: GRU
MSE: 15.871015322407974
MAE: 2.715460353427463
EVS: -0.2945758878036955
