Model: GRU
MSE: 10.287833666427037
MAE: 2.6208100495515048
EVS: 0.2929774360885834
