Model: GRU
MSE: 16.434962486059568
MAE: 2.8101094917014793
EVS: -0.37245618765276456
