Model: GRU
MSE: 19.677504440885293
MAE: 3.351721657647027
EVS: -0.5971247816093601
