Model: GRU
MSE: 10.46510840174866
MAE: 2.6193599700927734
EVS: 0.130523912137543
