Model: GRU
MSE: 8.750432417581115
MAE: 2.092276343592891
EVS: 0.28669688355554446
