Model: GRU
MSE: 12.10025438832222
MAE: 2.827816715946904
EVS: 0.27817705324053543
