Model: GRU
MSE: 11.491677604001678
MAE: 2.7436900668674045
EVS: 0.22122425192213857
