Model: GRU
MSE: 18.70429246284279
MAE: 3.2412563732692172
EVS: -0.5445499572216672
