Model: GRU
MSE: 16.326629544099315
MAE: 2.929300802725333
EVS: -0.35877242737930115
