Model: GRU
MSE: 9.232999763334158
MAE: 2.1898634168836804
EVS: 0.23688490294567233
