Model: GRU
MSE: 11.918914271344235
MAE: 2.639227831805194
EVS: 0.027256002170783056
