Model: GRU
MSE: 10.096680649115283
MAE: 2.444899382414641
EVS: 0.16110614315547334
