Model: GRU
MSE: 13.684363955275801
MAE: 2.4599627742060908
EVS: -0.13736569926561648
