Model: GRU
MSE: 9.618259470051305
MAE: 2.309432171009205
EVS: 0.20091392965224764
