Model: GRU
MSE: 8.649911601507988
MAE: 2.4232652099044234
EVS: 0.31863032366654676
