Model: GRU
MSE: 219.070214362852
MAE: 14.362279097239176
EVS: -0.04593708213511194
