Model: GRU
MSE: 10.29769054791369
MAE: 2.460555005956579
EVS: 0.17021257198241846
