Model: GRU
MSE: 17.17937355961284
MAE: 3.471534905610261
EVS: -0.10458465050303212
