Model: GRU
MSE: 12.131415701989042
MAE: 2.6812925338745117
EVS: -0.005983956167317839
