Model: GRU
MSE: 14.237535552459795
MAE: 2.772011333041721
EVS: -0.10758632598942675
