Model: GRU
MSE: 9.749615748334758
MAE: 2.353094807377568
EVS: 0.23519818841360307
