Model: GRU
MSE: 18.898040178166767
MAE: 3.2542760725374573
EVS: -0.41424043097929775
