Model: GRU
MSE: 17.930628719009192
MAE: 3.5646124945746527
EVS: 0.14453532047231243
