Model: GRU
MSE: 19.781318589142217
MAE: 2.993655522664388
EVS: -0.5431450570857523
