Model: GRU
MSE: 11.578379511412566
MAE: 2.6680835794519493
EVS: 0.27891778721140514
