Model: GRU
MSE: 18.551116946333657
MAE: 3.4040827927766024
EVS: -0.08333752574458564
