Model: GRU
MSE: 17.88286285901895
MAE: 3.466033034854465
EVS: -0.18134016431367672
