Model: GRU
MSE: 12.319749966058763
MAE: 2.7688282154224537
EVS: 0.025215768847497655
