Model: GRU
MSE: 10.074288204149795
MAE: 2.507181414851436
EVS: 0.22133262577064494
