Model: GRU
MSE: 14.119242286726232
MAE: 2.986721568637424
EVS: -0.004579254775713082
