Model: GRU
MSE: 12.174850415547452
MAE: 2.985483204876935
EVS: 0.2448915906441662
