Model: GRU
MSE: 13.722204962343616
MAE: 2.543800954465513
EVS: -0.1408492482567345
