Model: GRU
MSE: 9.584465319809473
MAE: 2.3422808117336698
EVS: 0.20702251627876345
