Model: GRU
MSE: 12.210490126183796
MAE: 2.705393526289198
EVS: 0.06341334850453184
