Model: GRU
MSE: 13.398973126133072
MAE: 3.1113766034444175
EVS: 0.13831324426716396
