Model: GRU
MSE: 11.06809274226503
MAE: 2.6444294540970414
EVS: 0.18663859132836713
