Model: GRU
MSE: 31.363038023147503
MAE: 4.530083073510064
EVS: -1.5199869478554087
