Model: GRU
MSE: 19.551242846398214
MAE: 3.6681085692511664
EVS: -0.3165685506772249
