Model: GRU
MSE: 12.757616699365759
MAE: 2.646670941953306
EVS: 0.058303675517757614
