Model: GRU
MSE: 9.777417508743822
MAE: 2.337440596686469
EVS: 0.18942932201292895
