Model: GRU
MSE: 9.929113773961237
MAE: 2.2561092023496276
EVS: 0.18673807346608684
