Model: GRU
MSE: 14.934036539689798
MAE: 2.489153120252821
EVS: -0.21845234651689704
