Model: GRU
MSE: 16.912128755625922
MAE: 2.954716435185185
EVS: -0.25102547496218097
