Model: GRU
MSE: 10.449558174461917
MAE: 2.487562991954662
EVS: 0.14928694589930214
