Model: GRU
MSE: 9.25845223285237
MAE: 2.3368262538203486
EVS: 0.24642420278774857
