Model: GRU
MSE: 9.234540307371086
MAE: 2.1996080610487194
EVS: 0.234925694119674
