Model: GRU
MSE: 9.529771269347403
MAE: 2.3383030184993037
EVS: 0.2155069732891678
