Model: GRU
MSE: 10.217462391585691
MAE: 2.556120130750868
EVS: 0.1896027010473713
