Model: GRU
MSE: 10.570028730432838
MAE: 2.412138585691099
EVS: 0.15883026408743728
