Model: GRU
MSE: 16.882787556268845
MAE: 2.930202907986111
EVS: -0.4042682490072007
