Model: GRU
MSE: 14.089732895706303
MAE: 3.031009250217014
EVS: 0.16014922010920762
