Model: GRU
MSE: 11.787956823334012
MAE: 2.797334176522714
EVS: 0.13533113113018325
