Model: GRU
MSE: 10.381754928771139
MAE: 2.3764079765037254
EVS: 0.1556936385054254
