Model: GRU
MSE: 10.91545351103977
MAE: 2.5385834729229964
EVS: 0.09487023117004878
