Model: GRU
MSE: 15.918888198333391
MAE: 2.7678995485658997
EVS: -0.2252211309380283
