Model: GRU
MSE: 17.111776083602848
MAE: 3.1285837667959706
EVS: -0.41491746656533723
