Model: GRU
MSE: 10.564469316575519
MAE: 2.4112860361735025
EVS: 0.1410875470207824
