Model: GRU
MSE: 13.91766580852399
MAE: 3.169517093234592
EVS: 0.20251224896824582
