Model: GRU
MSE: 15.694031288411274
MAE: 3.3233712161028826
EVS: 0.01526508266474369
