Model: GRU
MSE: 11.424670569454403
MAE: 2.7282371167783386
EVS: 0.18586819802234522
