Model: GRU
MSE: 13.749404836151076
MAE: 2.951082529845061
EVS: 0.06302434104603005
