Model: GRU
MSE: 15.024115643018444
MAE: 3.276806937323676
EVS: 0.23969415077366552
