Model: GRU
MSE: 14.523502627332702
MAE: 2.729254510667589
EVS: -0.1814295541456894
