Model: GRU
MSE: 13.229382366183826
MAE: 2.9603441379688404
EVS: -0.024392017010695266
