Model: GRU
MSE: 11.17422425241429
MAE: 2.520776395444517
EVS: 0.20342125453949433
