Model: GRU
MSE: 11.551388690986792
MAE: 2.5413554862693504
EVS: 0.1441565486797589
