Model: GRU
MSE: 241.36047611094654
MAE: 15.14213412337833
EVS: -0.003372061672463955
