Model: GRU
MSE: 18.948375578859434
MAE: 3.6429520359745733
EVS: -0.3252187711650869
