Model: GRU
MSE: 9.908341551033557
MAE: 2.391647974650065
EVS: 0.20900009325611013
