Model: GRU
MSE: 11.133042760050591
MAE: 2.6301137429696544
EVS: 0.14057241757695726
