Model: GRU
MSE: 11.277590865652167
MAE: 2.593415719491464
EVS: 0.06447027991170073
