Model: GRU
MSE: 9.016491465711287
MAE: 2.278208096822103
EVS: 0.2565699400724426
