Model: GRU
MSE: 15.77158711014127
MAE: 3.0019094325878
EVS: -0.2091170223602803
