Model: GRU
MSE: 15.957151875834075
MAE: 3.187735681180601
EVS: 0.2074824904765099
