Model: GRU
MSE: 9.463564203502015
MAE: 2.3160038700810186
EVS: 0.22035653470114125
