Model: GRU
MSE: 10.22438414701628
MAE: 2.416654692755805
EVS: 0.16742109346422862
