Model: GRU
MSE: 12.032641250634924
MAE: 2.8306081383316606
EVS: 0.23698054216917996
