Model: GRU
MSE: 14.623152081270241
MAE: 2.559239316869665
EVS: -0.20290399734614217
