Model: GRU
MSE: 6.287389314016503
MAE: 1.7564820360254358
EVS: 0.4196574611829621
