Model: GRU
MSE: 5.371418490958275
MAE: 1.635145275681107
EVS: 0.47665575899275425
