Model: GRU
MSE: 12.156788815582331
MAE: 2.9864672908076533
EVS: 0.5779970543759635
