Model: GRU
MSE: 3.63941829593864
MAE: 1.332832036194978
EVS: 0.5734806877014583
