Model: GRU
MSE: 3.7666831082827534
MAE: 1.3285624539410625
EVS: 0.5584030241898528
