Model: GRU
MSE: 6.488171702164713
MAE: 1.9556035112451622
EVS: 0.5382686208985619
