Model: GRU
MSE: 9.221039912322944
MAE: 2.361054597077546
EVS: 0.5167436496824359
