Model: GRU
MSE: 7.555482412953928
MAE: 1.9199371161284264
EVS: 0.38467087690328183
