Model: GRU
MSE: 3.953583750665664
MAE: 1.3960564578021015
EVS: 0.5727162717134366
