Model: GRU
MSE: 5.0971357463342715
MAE: 1.6917790836758082
EVS: 0.45036635500406597
