Model: GRU
MSE: 4.76083174987446
MAE: 1.6244278660526983
EVS: 0.4756388916762262
