Model: GRU
MSE: 7.690772829792296
MAE: 1.8304745532848217
EVS: 0.3505881378938599
