Model: GRU
MSE: 7.140435636803329
MAE: 1.9760542269106263
EVS: 0.4695890129491843
