Model: GRU
MSE: 8.291801864552705
MAE: 1.852803141982467
EVS: 0.33371565186341823
