Model: GRU
MSE: 21.47427329792808
MAE: 4.21247457574915
EVS: 0.5627721970460238
