Model: GRU
MSE: 9.02614751034219
MAE: 2.2717223678316385
EVS: 0.423045489790019
