Model: GRU
MSE: 8.71430094001486
MAE: 2.3710133234659825
EVS: 0.2019267946017509
