Model: GRU
MSE: 4.05279090030788
MAE: 1.4380001138757776
EVS: 0.5543490956805653
