Model: GRU
MSE: 4.885169328951785
MAE: 1.6146758397420247
EVS: 0.4480130596045969
