Model: GRU
MSE: 4.581336168176751
MAE: 1.456829653845893
EVS: 0.5218130216402755
