Model: GRU
MSE: 3.7633643438787625
MAE: 1.2921162711249456
EVS: 0.5607104500110249
