Model: GRU
MSE: 7.537129016802819
MAE: 1.8170447172941981
EVS: 0.3336815392931731
