Model: GRU
MSE: 4.211952781348508
MAE: 1.4315583617598922
EVS: 0.5244883304546007
