Model: GRU
MSE: 7.561059428649041
MAE: 1.9565077181215633
EVS: 0.39505834815569085
