Model: GRU
MSE: 6.108234942895536
MAE: 1.770205462420428
EVS: 0.4447529631206061
