Model: GRU
MSE: 4.834381764373548
MAE: 1.5273520681593153
EVS: 0.5951816518344958
