Model: GRU
MSE: 7.012284562675967
MAE: 2.0262425740559893
EVS: 0.5514557178506936
