Model: GRU
MSE: 4.143311478289829
MAE: 1.4260112091347024
EVS: 0.6306772478968914
