Model: GRU
MSE: 10.968000058333018
MAE: 2.834115805449309
EVS: 0.6212385016099049
