Model: GRU
MSE: 8.17449392736185
MAE: 2.1953313438980664
EVS: 0.4103300160690143
