Model: GRU
MSE: 4.257981172648983
MAE: 1.693958008730853
EVS: 0.6260657841591426
