Model: GRU
MSE: 5.308442710234498
MAE: 1.6094513999091253
EVS: 0.48865525514202224
