Model: GRU
MSE: 8.119706206740027
MAE: 2.077289245746753
EVS: 0.3446532539174134
