Model: GRU
MSE: 6.688719324213236
MAE: 1.6242333871346932
EVS: 0.3887354648126736
