Model: GRU
MSE: 6.673106698455673
MAE: 1.9555401272243922
EVS: 0.4866088098642398
