Model: GRU
MSE: 7.889649716364424
MAE: 2.235992837835241
EVS: 0.5134281784592867
