Model: GRU
MSE: 14.630918401975233
MAE: 3.2922867139180503
EVS: 0.492086571381106
