Model: GRU
MSE: 4.127976965445727
MAE: 1.3739957632841888
EVS: 0.5514080232858818
