Model: GRU
MSE: 3.979139192642976
MAE: 1.3414580557081435
EVS: 0.6181472990291379
