Model: GRU
MSE: 6.861415252803325
MAE: 1.8908945896007392
EVS: 0.4373861032843964
