Model: GRU
MSE: 7.7776170232013495
MAE: 2.1012593728524664
EVS: 0.4837239506966693
