Model: GRU
MSE: 7.050262135595511
MAE: 1.803672808187979
EVS: 0.403221218361839
