Model: GRU
MSE: 6.863885478656962
MAE: 1.9194899311772093
EVS: 0.45817692873747706
