Model: GRU
MSE: 4.195073767054543
MAE: 1.527064076176396
EVS: 0.6082725876845252
