Model: GRU
MSE: 7.3595636171892815
MAE: 2.0504900614420567
EVS: 0.42573156143378066
