Model: GRU
MSE: 7.830014047670171
MAE: 2.3396916919284396
EVS: 0.6276716954503179
