Model: GRU
MSE: 7.953048165933683
MAE: 2.3205945580093945
EVS: 0.6213460875373515
