Model: GRU
MSE: 7.737976839662671
MAE: 2.1574186219109426
EVS: 0.498604492173106
