Model: GRU
MSE: 5.843877495150249
MAE: 1.8227889096295389
EVS: 0.574348635314121
