Model: GRU
MSE: 4.918248615424023
MAE: 1.6972596910264757
EVS: 0.6181771661229145
