Model: GRU
MSE: 5.8890907945815245
MAE: 1.680359116307011
EVS: 0.44292764090024683
