Model: GRU
MSE: 7.033012235117162
MAE: 1.6614475426850495
EVS: 0.33692027176427697
