Model: GRU
MSE: 6.311339929024329
MAE: 1.6094573338826497
EVS: 0.4056121057635521
