Model: GRU
MSE: 5.184086696443946
MAE: 1.6439417203267412
EVS: 0.5923148500631977
