Model: GRU
MSE: 8.885565943254218
MAE: 2.251010806472213
EVS: 0.2885275102262399
