Model: GRU
MSE: 13.733957328021697
MAE: 3.199560518617983
EVS: 0.517189815203575
