Model: GRU
MSE: 16.17844293993477
MAE: 3.3816813716182
EVS: -0.0998907552895949
