Model: GRU
MSE: 9.046500745108645
MAE: 2.5035651524861655
EVS: 0.5217290775894092
