Model: GRU
MSE: 11.650904239862367
MAE: 2.854957686530219
EVS: 0.4614992343827903
