Model: GRU
MSE: 7.680813394824124
MAE: 1.5995814358746563
EVS: 0.2880427642027944
