Model: GRU
MSE: 4.4205585737675355
MAE: 1.5170756445990667
EVS: 0.49519267201091455
