Model: GRU
MSE: 5.320112205727263
MAE: 1.7461232785825374
EVS: 0.5061998186639607
