Model: GRU
MSE: 7.357908836291624
MAE: 1.7426887618170843
EVS: 0.318183399339515
