Model: GRU
MSE: 1078.0996037426946
MAE: 32.64987373352051
EVS: -0.023319317360846137
