Model: GRU
MSE: 6.789217635234325
MAE: 2.017388061240867
EVS: 0.5503202915002765
