Model: GRU
MSE: 14.280785909980633
MAE: 3.317535082499186
EVS: 0.5761552962555678
