Model: GRU
MSE: 7.091434234817899
MAE: 2.1788643907617633
EVS: 0.5162541807299936
