Model: GRU
MSE: 7.900606659470608
MAE: 2.3627050364459
EVS: 0.6285652980858869
