Model: GRU
MSE: 6.6027815041568125
MAE: 1.9712137999357997
EVS: 0.48671269892879354
