Model: GRU
MSE: 13595.719497288635
MAE: 116.54327364321108
EVS: -0.2662298439054025
