Model: GRU
MSE: 14.09819638668129
MAE: 3.1922889638830116
EVS: 0.5079501407709318
