Model: GRU
MSE: 7.176953973563756
MAE: 1.924151985733597
EVS: 0.4116436621559002
