Model: GRU
MSE: 3.786569022260597
MAE: 1.3987353995994285
EVS: 0.5690508275638754
