Model: GRU
MSE: 123.91304137668637
MAE: 10.643907293125435
EVS: -0.004695474549098133
