Model: GRU
MSE: 7.228449606712029
MAE: 2.155797870070846
EVS: 0.5666004468152905
