Model: GRU
MSE: 7.3023093830418775
MAE: 1.965132995888039
EVS: 0.4321210342328532
