Model: GRU
MSE: 7.55503603577797
MAE: 2.0333097952383534
EVS: 0.46347500313333956
