Model: GRU
MSE: 4.939816857239411
MAE: 1.5896294558489765
EVS: 0.59507192499307
