Model: GRU
MSE: 11.2085848349016
MAE: 2.7573593810752586
EVS: 0.29239104394796045
