Model: GRU
MSE: 10.603365710946287
MAE: 2.6464297329937967
EVS: 0.2761665481118445
