Model: GRU
MSE: 9.956830913387446
MAE: 2.490849689201072
EVS: 0.48435175616579007
