Model: GRU
MSE: 6.05575601127369
MAE: 1.8506967756483288
EVS: 0.533717545303656
