Model: GRU
MSE: 12.129571172508129
MAE: 2.988950658727575
EVS: 0.35372270517456916
