Model: GRU
MSE: 4.254540048155402
MAE: 1.5033028390672472
EVS: 0.5117526299038211
