Model: GRU
MSE: 6.218123765848868
MAE: 1.859817098688196
EVS: 0.5821065611360159
