Model: GRU
MSE: 8.99704336310365
MAE: 2.4048676667390043
EVS: 0.4353869909948844
