Model: GRU
MSE: 6.676044456662264
MAE: 1.9936132431030271
EVS: 0.492454719113388
