Model: GRU
MSE: 3.768100342098335
MAE: 1.4657747303998028
EVS: 0.5913247493086529
