Model: GRU
MSE: 7022.780672385767
MAE: 83.74475154170284
EVS: 0.02093426959392375
