Model: GRU
MSE: 5.649850394233108
MAE: 1.8116691200821486
EVS: 0.6076539359001181
