Model: GRU
MSE: 9.917962280426536
MAE: 2.4684210706640166
EVS: 0.49114872560982126
