Model: GRU
MSE: 3.761631360440232
MAE: 1.356215724238643
EVS: 0.5914054584167909
