Model: GRU
MSE: 12.222707915326627
MAE: 2.671273037239357
EVS: 0.4096533083275067
