Model: GRU
MSE: 3.7256476925818385
MAE: 1.4018851386176214
EVS: 0.5869621047569331
