Model: GRU
MSE: 6.940915610761311
MAE: 1.980839588023998
EVS: 0.31191536798263175
