Model: GRU
MSE: 3.8872099074519526
MAE: 1.3616361441435638
EVS: 0.5739616243457543
