Model: GRU
MSE: 4.93223353519894
MAE: 1.716775858843768
EVS: 0.6910890931621966
