Model: GRU
MSE: 134520.91189403168
MAE: 366.75651493778935
EVS: 0.0
