Model: GRU
MSE: 6.596871753778157
MAE: 1.5608259307013614
EVS: 0.3765939305172492
