Model: GRU
MSE: 4.347264883488488
MAE: 1.513440697281449
EVS: 0.4925179577284484
