Model: GRU
MSE: 6.964649495423474
MAE: 1.9942016071743434
EVS: 0.4598035066145282
