Model: GRU
MSE: 7.624899790823366
MAE: 1.885532502774839
EVS: 0.2843785177057384
