Model: GRU
MSE: 4.747807195611871
MAE: 1.6082125416508428
EVS: 0.6177728849668619
