Model: GRU
MSE: 8.619176199425308
MAE: 1.817667290016457
EVS: 0.32827440977790423
