Model: GRU
MSE: 4.327500723858554
MAE: 1.4091726232458044
EVS: 0.5246523182808134
