Model: GRU
MSE: 3.2351901726344243
MAE: 1.3316104853594746
EVS: 0.6210315702583322
