Model: GRU
MSE: 4.60179487227408
MAE: 1.6388030405397769
EVS: 0.5001303193052811
