Model: GRU
MSE: 8.986345204302214
MAE: 2.352981408437093
EVS: 0.4609775851988728
