Model: GRU
MSE: 7.621894968785605
MAE: 2.1448050604926214
EVS: 0.5480158154046815
