Model: GRU
MSE: 6.120428679926648
MAE: 1.484332278922752
EVS: 0.42123950211733585
