Model: GRU
MSE: 4.7359303292706345
MAE: 1.520596910406042
EVS: 0.4524501779066128
