Model: GRU
MSE: 7.2320706567733115
MAE: 1.900083118014865
EVS: 0.3900489783197082
