Model: GRU
MSE: 5.361819329833132
MAE: 1.573351118299696
EVS: 0.5078310579816785
