Model: GRU
MSE: 6.586007588948404
MAE: 1.867481849811695
EVS: 0.5549115026721654
