Model: GRU
MSE: 6.133442384255042
MAE: 1.577279832628038
EVS: 0.44071108452497654
