Model: GRU
MSE: 3.2721422172444616
MAE: 1.2591975000169542
EVS: 0.61788405745945
