Model: GRU
MSE: 8.13647317497515
MAE: 2.1838390915482133
EVS: 0.060436395912011664
