Model: GRU
MSE: 3.821368995036319
MAE: 1.5270079330161765
EVS: 0.591141653415248
