Model: GRU
MSE: 14.812536028000826
MAE: 3.207519707856355
EVS: 0.31150365038428884
