Model: GRU
MSE: 5.798146023548714
MAE: 1.6413735460352012
EVS: 0.48611135088311597
