Model: GRU
MSE: 9.59746241145078
MAE: 2.269301979630081
EVS: 0.2592659962305017
