Model: GRU
MSE: 8.167657756551947
MAE: 2.2685197900842735
EVS: 0.5571952338581261
