Model: GRU
MSE: 3.7209561886643567
MAE: 1.297309363329852
EVS: 0.621188789686341
