Model: GRU
MSE: 4.85078631346756
MAE: 1.5334173838297527
EVS: 0.4479211505364371
