Model: GRU
MSE: 6.466576132053416
MAE: 1.6350830925835504
EVS: 0.4289684145943554
