Model: GRU
MSE: 4.266531252844877
MAE: 1.4526853208188657
EVS: 0.6323257308381465
