Model: GRU
MSE: 5.621162628068768
MAE: 1.8076179469073257
EVS: 0.5229391212991288
