Model: GRU
MSE: 9.634784400607408
MAE: 2.5908365602846493
EVS: 0.41592332491711925
