Model: GRU
MSE: 6.791923434319676
MAE: 2.064027380060266
EVS: 0.4943824883908311
