Model: GRU
MSE: 9.85183986749918
MAE: 2.461336347791883
EVS: 0.2769755214228018
