Model: GRU
MSE: 6.817038223475399
MAE: 2.10305623654966
EVS: 0.6317627176276271
