Model: GRU
MSE: 7.096659734140522
MAE: 2.090331713358561
EVS: 0.5108066392746293
