Model: GRU
MSE: 6.208533217252334
MAE: 1.82559440754078
EVS: 0.4879235890150013
