Model: GRU
MSE: 13.15202595229372
MAE: 3.1112374906186706
EVS: 0.3209945443618337
