Model: GRU
MSE: 4.842440747527083
MAE: 1.560736302976255
EVS: 0.554638002375386
