Model: GRU
MSE: 5.3993888622353134
MAE: 1.7005508034317582
EVS: 0.49215700820493036
