Model: GRU
MSE: 9.180121075879384
MAE: 2.4673897425333657
EVS: 0.43380164960351375
