Model: GRU
MSE: 3.5105243737064282
MAE: 1.327251469647443
EVS: 0.5939552617390922
