Model: GRU
MSE: 4.669308053856832
MAE: 1.5743270979987247
EVS: 0.47742380888783
