Model: GRU
MSE: 3.9560423943479504
MAE: 1.4339565171135797
EVS: 0.5476500431407165
