Model: GRU
MSE: 8.517684052800412
MAE: 2.3941362522266525
EVS: 0.567929630837763
