Model: GRU
MSE: 4.956922100699777
MAE: 1.6689555203473125
EVS: 0.6578154370280529
