Model: GRU
MSE: 15.080851056660721
MAE: 3.4174397080032914
EVS: 0.3017750700431294
