Model: GRU
MSE: 11.007461239202097
MAE: 2.7598039309183755
EVS: 0.5291355312413445
