Model: GRU
MSE: 4.10097729272123
MAE: 1.498528586493598
EVS: 0.61234592022156
