Model: GRU
MSE: 4.051683681313299
MAE: 1.5028104782104492
EVS: 0.5325147942330969
