Model: GRU
MSE: 3.9543968998779273
MAE: 1.3599546926992911
EVS: 0.5404735474496016
