Model: GRU
MSE: 5.654298034447712
MAE: 1.6759460237291124
EVS: 0.49069503923225266
