Model: GRU
MSE: 6.0413588924767625
MAE: 1.66027056729352
EVS: 0.4623285151323133
