Model: GRU
MSE: 12.969999288662983
MAE: 2.96759918000963
EVS: 0.35210746433666473
