Model: GRU
MSE: 4.600178043983828
MAE: 1.5947039568865742
EVS: 0.4905213775243923
