Model: GRU
MSE: 8.239368123374653
MAE: 2.3364406161838107
EVS: 0.52954076566658
