Model: GRU
MSE: 5.5740415904368215
MAE: 1.5662053072894058
EVS: 0.47760609082305283
