Model: GRU
MSE: 3.907325268104488
MAE: 1.372217513896801
EVS: 0.6246749668094133
