Model: GRU
MSE: 7.10918412365579
MAE: 2.0903234481811523
EVS: 0.19005430868561535
