Model: GRU
MSE: 5.419859240351199
MAE: 1.687754330811677
EVS: 0.5506295229830913
