Model: GRU
MSE: 7.597801474486669
MAE: 2.1942876356619374
EVS: 0.5579822708473522
