Model: GRU
MSE: 4.321436402363899
MAE: 1.4552028444078233
EVS: 0.6034596053590358
