Model: GRU
MSE: 5.418266117202385
MAE: 1.711372375488281
EVS: 0.512926868719804
