Model: GRU
MSE: 5.418427179359275
MAE: 1.6335036313092266
EVS: 0.38776996254350027
