Model: GRU
MSE: 6.321748464562308
MAE: 1.6311456539012767
EVS: 0.40206099790331384
