Model: GRU
MSE: 4.526015014837218
MAE: 1.55347239529645
EVS: 0.5691448820267822
