Model: GRU
MSE: 8.141385831929743
MAE: 2.280504332648383
EVS: 0.5316573547632143
