Model: GRU
MSE: 4.93843556617445
MAE: 1.6519046889411075
EVS: 0.502267406348962
