Model: GRU
MSE: 5.6260841462678854
MAE: 1.711127546098497
EVS: 0.5442857182030456
