Model: GRU
MSE: 9.773780017203805
MAE: 2.5247495439317493
EVS: 0.43957007656295366
