Model: GRU
MSE: 5.605456554143857
MAE: 1.655348159648754
EVS: 0.4581398864408891
