Model: GRU
MSE: 10.608142077141565
MAE: 2.816146391409415
EVS: 0.6356350290463813
