Model: GRU
MSE: 3.7528494404071147
MAE: 1.3809996710883246
EVS: 0.6321330706468984
