Model: GRU
MSE: 7.437303421590631
MAE: 1.9679384937992799
EVS: 0.33869152344628395
