Model: GRU
MSE: 4.230355706390314
MAE: 1.3769667943318684
EVS: 0.5116340101732084
