Model: GRU
MSE: 6.759224804048363
MAE: 1.7398662213925962
EVS: 0.4281333778088324
