Model: GRU
MSE: 8.608465564817049
MAE: 2.360149189277931
EVS: 0.31889938425063413
