Model: GRU
MSE: 6.580239349596652
MAE: 1.7491012502599645
EVS: 0.37789286138232236
