Model: GRU
MSE: 8.444917563790566
MAE: 2.038097699483235
EVS: 0.30487623447333856
