Model: GRU
MSE: 7.285978366324697
MAE: 2.0819985071818032
EVS: 0.40385906493246493
