Model: GRU
MSE: 9.536534223815408
MAE: 2.5646695737485534
EVS: 0.5318105913609108
