Model: GRU
MSE: 6.602809213803505
MAE: 1.90306642320421
EVS: 0.5411192051835139
