Model: GRU
MSE: 8.01034644060342
MAE: 2.0484477855541083
EVS: 0.35292219369667654
