Model: GRU
MSE: 6.7698008341589535
MAE: 1.7471283630088523
EVS: 0.3663495076190587
