Model: GRU
MSE: 6.461327172906066
MAE: 1.7939719977202235
EVS: 0.4056176755932015
