Model: GRU
MSE: 7.804505115480474
MAE: 1.8928583639639394
EVS: 0.2746652534255256
