Model: GRU
MSE: 13.363286397373175
MAE: 3.10423234657005
EVS: 0.5048539471731641
