Model: GRU
MSE: 5.4839213382906395
MAE: 1.7161907619900174
EVS: 0.464098641005134
