Model: GRU
MSE: 9.128234459488263
MAE: 2.2345766667966487
EVS: 0.32490382303691634
