Model: GRU
MSE: 4.310512898541422
MAE: 1.4741784554940682
EVS: 0.5996272472268789
