Model: GRU
MSE: 4.737025588138504
MAE: 1.636809649290862
EVS: 0.542938329637215
