Model: GRU
MSE: 10.594485757014
MAE: 2.8265079568933555
EVS: 0.6188021396386736
