Model: GRU
MSE: 7.145003153291461
MAE: 2.1112967597113714
EVS: 0.5752407451753099
