Model: GRU
MSE: 4770.6867049154
MAE: 69.01454402782299
EVS: 0.09966301192940008
