Model: GRU
MSE: 8.595966032648388
MAE: 2.226228484400996
EVS: 0.4882006573895987
