Model: GRU
MSE: 4.9545550340889655
MAE: 1.6044034074853968
EVS: 0.5862428828304413
