Model: GRU
MSE: 2.874929878979738
MAE: 1.085732071487992
EVS: 0.6633874579420134
