Model: GRU
MSE: 4.241828273752718
MAE: 1.4229490138866283
EVS: 0.5207890136751742
