Model: GRU
MSE: 3.9233724084067236
MAE: 1.4486073741206416
EVS: 0.5999407269723667
