Model: GRU
MSE: 4.029783020076854
MAE: 1.4032941217775698
EVS: 0.5390463999889674
