Model: GRU
MSE: 3.3982476472326146
MAE: 1.3480499585469563
EVS: 0.6258321446664548
