Model: GRU
MSE: 8.116165093694175
MAE: 2.3233668539259167
EVS: 0.5692047915437943
