Model: GRU
MSE: 5.178385218489978
MAE: 1.7212048636542423
EVS: 0.6072077094137478
