Model: GRU
MSE: 7.730012956513156
MAE: 2.190503120422363
EVS: 0.5619341005131809
