Model: GRU
MSE: 5.1203828464976375
MAE: 1.6031436566953305
EVS: 0.40197432154530777
