Model: GRU
MSE: 12.666756802583624
MAE: 3.055104962101689
EVS: 0.33075324223890057
