Model: GRU
MSE: 4.682908165526029
MAE: 1.5294831064012315
EVS: 0.45700152506117353
