Model: GRU
MSE: 8.176250508327987
MAE: 2.2061652456011087
EVS: 0.3342743726097325
