Model: GRU
MSE: 32.789060642086014
MAE: 4.893596949400725
EVS: -0.19989754468211052
