Model: GRU
MSE: 5.408193701225072
MAE: 1.6928567179927116
EVS: 0.41187636263857497
