Model: GRU
MSE: 5.463683482807129
MAE: 1.7382320827907984
EVS: 0.4660113264722511
