Model: GRU
MSE: 4.010482650575972
MAE: 1.4189468842965585
EVS: 0.6216309405659064
