Model: GRU
MSE: 9.349010459430346
MAE: 2.2219199427851923
EVS: 0.24682370935261844
