Model: GRU
MSE: 6.205108351151441
MAE: 1.6911011625219274
EVS: 0.4488402630514585
