Model: GRU
MSE: 7.021359442464152
MAE: 2.17264825326425
EVS: 0.651429706028539
