Model: GRU
MSE: 8.105965855101076
MAE: 2.043023162417941
EVS: 0.35838002277071856
