Model: GRU
MSE: 9.297896487492059
MAE: 2.486686529936614
EVS: 0.4903164569421088
