Model: GRU
MSE: 8.900186554782925
MAE: 2.5200366620664245
EVS: 0.6035425112578592
