Model: GRU
MSE: 4.016256873158067
MAE: 1.3860544275354456
EVS: 0.5595199669663689
