Model: GRU
MSE: 5.731069004014687
MAE: 1.640627207579436
EVS: 0.48134231122693416
