Model: GRU
MSE: 6.164742383930195
MAE: 1.882109553725631
EVS: 0.4948225272645538
