Model: GRU
MSE: 7.27148479630203
MAE: 2.250385319745099
EVS: 0.6088853699720604
