Model: GRU
MSE: 9.126827052556875
MAE: 2.3586457747000233
EVS: 0.48566894216347023
