Model: GRU
MSE: 9.507550751607628
MAE: 2.5956846166540077
EVS: 0.5820877737824542
