Model: GRU
MSE: 6.091028538698276
MAE: 1.6560066894248677
EVS: 0.42690970652309423
