Model: GRU
MSE: 11.5789366960606
MAE: 2.9529415059972686
EVS: 0.45435793702703753
