Model: GRU
MSE: 8.961945195463132
MAE: 2.4945181210835776
EVS: 0.3507617566164384
