Model: GRU
MSE: 3.3092001118648864
MAE: 1.2669321872569896
EVS: 0.6349122889129546
