Model: GRU
MSE: 6.536776474141881
MAE: 1.944991588592529
EVS: 0.4483060001074105
