Model: GRU
MSE: 4.880147870285891
MAE: 1.574751412426984
EVS: 0.5353272690654145
