Model: GRU
MSE: 5.313462047798153
MAE: 1.7038447945206254
EVS: 0.4467554800725527
