Model: GRU
MSE: 6.876561066940566
MAE: 1.7499302404898185
EVS: 0.34976558660956836
