Model: GRU
MSE: 8.439078579857432
MAE: 2.319042117507369
EVS: 0.5921874301016958
