Model: GRU
MSE: 5.234481499142156
MAE: 1.6590615378485785
EVS: 0.49511282179795835
