Model: GRU
MSE: 4.360923324095194
MAE: 1.5175287988450792
EVS: 0.5033672671821481
