Model: GRU
MSE: 3.8067025775878847
MAE: 1.284996332945647
EVS: 0.5993057661649079
