Model: GRU
MSE: 8.18515547858772
MAE: 2.2630310058593746
EVS: 0.5534431575185952
