Model: GRU
MSE: 12.320061251233744
MAE: 3.0268865867897317
EVS: 0.5369991592311517
