Model: GRU
MSE: 4.069879034063787
MAE: 1.4122447967529297
EVS: 0.5349984846494167
