Model: GRU
MSE: 8.567180198425316
MAE: 2.1972053492510755
EVS: 0.3319266217463521
