Model: GRU
MSE: 5.280407314188694
MAE: 1.5494982754742657
EVS: 0.4689249078202633
