Model: GRU
MSE: 3.872210229150411
MAE: 1.3883748760929815
EVS: 0.5509354934457209
