Model: GRU
MSE: 6.2710094447626625
MAE: 1.9185197971485277
EVS: 0.5610932382859685
