Model: GRU
MSE: 5.976924543342883
MAE: 1.7293387165776006
EVS: 0.3166610462328865
