Model: GRU
MSE: 9.807064559414139
MAE: 2.3997651559335207
EVS: 0.24517448930692087
