Model: GRU
MSE: 4.851648655033529
MAE: 1.745115862952338
EVS: 0.6518597357087242
