Model: GRU
MSE: 8.131407811468693
MAE: 2.081666098700629
EVS: 0.3672512688778259
