Model: GRU
MSE: 12.548777569127399
MAE: 2.9551129517731844
EVS: 0.48560893717136244
