Model: GRU
MSE: 5.985446552613591
MAE: 1.788131448957655
EVS: 0.4683485541678244
