Model: GRU
MSE: 7.864778895154585
MAE: 2.2285315725538464
EVS: 0.42664781438826094
