Model: GRU
MSE: 11.251318510986762
MAE: 2.7864685411806454
EVS: 0.1933491028172799
