Model: GRU
MSE: 9.967706212672349
MAE: 2.473897810335512
EVS: 0.3102701156782266
