Model: GRU
MSE: 9.630557736540004
MAE: 2.6525533464219837
EVS: 0.63567130427324
