Model: GRU
MSE: 6.741071978876091
MAE: 1.8528617790767126
EVS: 0.44147593371912164
