Model: GRU
MSE: 7.239296948007584
MAE: 2.1912610442550093
EVS: 0.543627692876995
