Model: GRU
MSE: 4.767069368550049
MAE: 1.6845467885335286
EVS: 0.6627902923244354
