Model: GRU
MSE: 5.055147662878635
MAE: 1.607035513277407
EVS: 0.5432828399107184
