Model: GRU
MSE: 11.08672096792304
MAE: 2.9454980426364474
EVS: 0.6951345755965579
