Model: GRU
MSE: 4.1747453360483515
MAE: 1.376957169285527
EVS: 0.51873373948919
