Model: GRU
MSE: 6.205174074301347
MAE: 1.6670082763389302
EVS: 0.4188694401815354
