Model: GRU
MSE: 8.516500417342318
MAE: 2.3890674732349533
EVS: 0.5703751350937556
