Model: GRU
MSE: 10.582189065771535
MAE: 2.674874835544162
EVS: 0.31117026318819396
