Model: GRU
MSE: 11.746169110693158
MAE: 2.6909004140783233
EVS: 0.28355429199544646
