Model: GRU
MSE: 9.121146508030748
MAE: 2.2184686130947533
EVS: 0.25309159507607903
