Model: GRU
MSE: 5.775394041851011
MAE: 1.8403961923387313
EVS: 0.49426805062136314
