Model: GRU
MSE: 6.476870934663321
MAE: 1.9362869439301664
EVS: 0.4999485570712411
