Model: GRU
MSE: 7.919502117806046
MAE: 2.2626952771787288
EVS: 0.24209179143074366
