Model: GRU
MSE: 8.229076280671142
MAE: 1.8481873582910606
EVS: 0.27712881931897737
