Model: GRU
MSE: 5.0951632196325525
MAE: 1.7074524914776836
EVS: 0.5894632944856137
