Model: GRU
MSE: 8.9580237823542
MAE: 2.025861704791033
EVS: 0.22918308227716733
