Model: GRU
MSE: 2.745674444621761
MAE: 1.19456383034035
EVS: 0.6843303847748197
