Model: GRU
MSE: 6.736553235339148
MAE: 1.9186453289455838
EVS: 0.32907986550651547
