Model: GRU
MSE: 8.485752598606874
MAE: 2.2072727415296765
EVS: 0.30821405453792816
