Model: GRU
MSE: 8.959448064930667
MAE: 2.4994667371114088
EVS: 0.5128926652408499
