Model: GRU
MSE: 4.007407799274511
MAE: 1.4843648627952293
EVS: 0.5918958627308415
