Model: GRU
MSE: 5.5917754821710455
MAE: 1.7578335867987736
EVS: 0.5368040728630787
