Model: GRU
MSE: 3.7245048843094533
MAE: 1.3518856719688133
EVS: 0.6602935470837705
