Model: GRU
MSE: 3.4436292156881336
MAE: 1.2653268354910392
EVS: 0.5965752330399487
