Model: GRU
MSE: 5.556661189534005
MAE: 1.5412924378006547
EVS: 0.48281357629361266
