Model: GRU
MSE: 7.591062785901983
MAE: 2.0820311440361867
EVS: 0.36311570549898065
