Model: GRU
MSE: 4.42235796964007
MAE: 1.6246646068714283
EVS: 0.48168851941032853
