Model: GRU
MSE: 4.549475748315065
MAE: 1.510616443775318
EVS: 0.5733822853769337
