Model: GRU
MSE: 6.774408446738739
MAE: 1.7084826540063929
EVS: 0.3769091738196674
