Model: GRU
MSE: 5.188662998345872
MAE: 1.597718768649631
EVS: 0.3986295563533039
