Model: GRU
MSE: 5.36184547329612
MAE: 1.6425445168106645
EVS: 0.522701347083316
