Model: GRU
MSE: 8.460006388141023
MAE: 2.350905524359809
EVS: 0.5199617161702121
