Model: GRU
MSE: 5.790660510057259
MAE: 1.8061767154269746
EVS: 0.517552520554756
