Model: GRU
MSE: 4.418897986869171
MAE: 1.4953704763341833
EVS: 0.4973645300540185
