Model: GRU
MSE: 3.9181732314513176
MAE: 1.3569292139123987
EVS: 0.5673801929212592
