Model: GRU
MSE: 7.849885357067587
MAE: 2.0025392461706084
EVS: 0.31154379104546026
