Model: GRU
MSE: 5.040219827645337
MAE: 1.5801355044047039
EVS: 0.46962422865863007
