Model: GRU
MSE: 7.827964102935589
MAE: 2.335626407905861
EVS: 0.6423121060168518
