Model: GRU
MSE: 8.427320873279044
MAE: 2.0936841964721675
EVS: 0.2640427769625301
