Model: GRU
MSE: 7.587214872561119
MAE: 1.9688146909077957
EVS: 0.3483675386178854
