Model: GRU
MSE: 8.794347440830142
MAE: 2.4595862847787355
EVS: 0.4988012716286817
