Model: GRU
MSE: 6.166416359766664
MAE: 1.814921220143636
EVS: 0.5083547112303299
