Model: GRU
MSE: 7.266446383302789
MAE: 2.0470119052463107
EVS: 0.40053799551635405
