Model: GRU
MSE: 7.0452483686970355
MAE: 1.9596692721048987
EVS: 0.41627981794213054
