Model: GRU
MSE: 3.728588186933958
MAE: 1.307984193166097
EVS: 0.5651938481222482
