Model: GRU
MSE: 6.187518891144068
MAE: 1.6553419431050618
EVS: 0.4395094560010647
