Model: GRU
MSE: 7.843872983612695
MAE: 1.9976987132319692
EVS: 0.31866333002545155
