Model: GRU
MSE: 11.701242009506071
MAE: 2.7781238026089135
EVS: 0.2598597544139992
