Model: GRU
MSE: 12.280519740880832
MAE: 3.029515160454644
EVS: 0.6001060412411046
