Model: GRU
MSE: 5.185776394077409
MAE: 1.5902191444679543
EVS: 0.5044784327093836
