Model: GRU
MSE: 5.888889791391665
MAE: 1.9322219424777558
EVS: 0.6679462594446467
