Model: GRU
MSE: 8.333145934826998
MAE: 2.333238107186776
EVS: 0.4400630175699163
