Model: GRU
MSE: 9.548989934816003
MAE: 2.549841951440882
EVS: 0.5465769307653712
