Model: GRU
MSE: 7.520373746530181
MAE: 2.145825456689905
EVS: 0.47162199221877166
