Model: GRU
MSE: 17.118000003313
MAE: 3.5041472646925182
EVS: 0.3517030384538964
