Model: GRU
MSE: 4.051195552643473
MAE: 1.3185711083588776
EVS: 0.6197590858234359
