Model: GRU
MSE: 7.39794439301139
MAE: 2.118379539913601
EVS: 0.37989932680672156
