Model: GRU
MSE: 5.398617769496855
MAE: 1.7151996118051032
EVS: 0.4776003270516517
