Model: GRU
MSE: 10.215144620023297
MAE: 2.649895332477711
EVS: 0.4513667442974205
