Model: GRU
MSE: 3.748461285089299
MAE: 1.2824815114339192
EVS: 0.5663757306974211
