Model: GRU
MSE: 7.008174122906278
MAE: 2.0482930607265892
EVS: 0.4286394832186724
