Model: GRU
MSE: 6.302699647171721
MAE: 1.917931274131492
EVS: 0.5348777946575618
