Model: GRU
MSE: 6.155576782873864
MAE: 1.7699993981255422
EVS: 0.5175932197813627
