Model: GRU
MSE: 8.327462466258245
MAE: 2.354795067398636
EVS: 0.6297121970399984
