Model: GRU
MSE: 7.800434612607137
MAE: 2.202075887609411
EVS: 0.5760940989234364
