Model: GRU
MSE: 10.410452414783153
MAE: 2.7184690546106407
EVS: 0.5621418927611126
