Model: GRU
MSE: 11.168210377406567
MAE: 2.722367816501193
EVS: 0.21413971584131242
