Model: GRU
MSE: 14.711402050480872
MAE: 3.402724583943685
EVS: 0.49456644241688685
