Model: GRU
MSE: 3.870589177754136
MAE: 1.4886347982618544
EVS: 0.5558816298505493
