Model: GRU
MSE: 5.90345510995542
MAE: 1.937316258748372
EVS: 0.6384733809835869
