Model: GRU
MSE: 4.888164247901428
MAE: 1.680703180807608
EVS: 0.5120452539688948
