Model: GRU
MSE: 12.53684278066601
MAE: 2.9115119686833135
EVS: 0.34623428639048137
