Model: GRU
MSE: 6.226936298553507
MAE: 1.744250103279396
EVS: 0.42467212793259557
