Model: GRU
MSE: 5.895671459571277
MAE: 1.7508275420577437
EVS: 0.5661326025673903
