Model: GRU
MSE: 5.203958030499195
MAE: 1.615050404160111
EVS: 0.5341557244078485
