Model: GRU
MSE: 6.267649608283834
MAE: 1.8012321790059405
EVS: 0.36601641562268095
