Model: GRU
MSE: 8.44791299579595
MAE: 2.3002868228488493
EVS: 0.36743454282970667
