Model: GRU
MSE: 6.2905305403310185
MAE: 1.9471315454553673
EVS: 0.6418389268316123
