Model: GRU
MSE: 4.799621543523598
MAE: 1.5956578784518771
EVS: 0.5150048801024878
