Model: GRU
MSE: 6.973850174407769
MAE: 2.0830477078755694
EVS: 0.5735805185446579
