Model: GRU
MSE: 6.497393208967338
MAE: 1.607837782965766
EVS: 0.3855885358064479
