Model: GRU
MSE: 5.799037701254527
MAE: 1.4738817044666832
EVS: 0.5125475572962233
