Model: GRU
MSE: 5.174545484021784
MAE: 1.698765330844455
EVS: 0.48744920174737694
