Model: GRU
MSE: 17.136855791863823
MAE: 3.613171842363146
EVS: 0.3651294034174032
