Model: GRU
MSE: 18467.37066611002
MAE: 135.8633179841218
EVS: 0.0
