Model: GRU
MSE: 6.586977866144235
MAE: 2.0195131478486235
EVS: 0.6451900276579984
