Model: GRU
MSE: 7.665660766112557
MAE: 1.72449814831769
EVS: 0.2781610841224844
