Model: GRU
MSE: 3.1898381820640394
MAE: 1.2202738832544398
EVS: 0.6396907253552271
