Model: GRU
MSE: 9.649201106592061
MAE: 2.4954611460367833
EVS: 0.2925951064615616
