Model: GRU
MSE: 4.432728641042701
MAE: 1.5648420298541035
EVS: 0.6407743198706484
