Model: GRU
MSE: 4.791527303034307
MAE: 1.5061615308125813
EVS: 0.5490461066320391
