Model: GRU
MSE: 3.469845792338733
MAE: 1.3073284890916612
EVS: 0.5937293660553737
