Model: GRU
MSE: 5.258276146758825
MAE: 1.7309694819980195
EVS: 0.5637863791921554
