Model: GRU
MSE: 131.02966682634576
MAE: 10.998881475792992
EVS: 0.04884958531160022
