Model: GRU
MSE: 13.863123697510687
MAE: 3.2075652016533747
EVS: 0.46469364659637924
