Model: GRU
MSE: 7.0002514559580575
MAE: 2.005695448981391
EVS: 0.4719257165794738
