Model: GRU
MSE: 6.472272489520366
MAE: 1.6229165218494555
EVS: 0.39240549423400695
