Model: GRU
MSE: 12.120103122075136
MAE: 2.971506224738227
EVS: 0.39221250506517225
