Model: GRU
MSE: 5.623457589839745
MAE: 1.6871289147271051
EVS: 0.5172500507430916
