Model: GRU
MSE: 8.65340272726035
MAE: 2.2932545873853893
EVS: 0.39991708338670806
