Model: GRU
MSE: 5.7770678513834355
MAE: 1.850722030357078
EVS: 0.5731713025158224
