Model: GRU
MSE: 6.610885944867362
MAE: 1.7044906616210938
EVS: 0.3749616754700207
