Model: GRU
MSE: 13.13461031735784
MAE: 3.05578992984913
EVS: 0.30146291833144756
