Model: GRU
MSE: 4.552784137485087
MAE: 1.5469807165640372
EVS: 0.6257913140408058
