Model: GRU
MSE: 3.749875851953717
MAE: 1.5249631493179887
EVS: 0.6083636080702333
