Model: GRU
MSE: 4.3364766501989225
MAE: 1.4988666816993996
EVS: 0.4918058776320837
