Model: GRU
MSE: 6.0555170341088305
MAE: 1.5235114627414277
EVS: 0.42928501826411347
