Model: GRU
MSE: 9.24317650558108
MAE: 2.4648651900114835
EVS: 0.43405785023305865
