Model: GRU
MSE: 4.5762200229881405
MAE: 1.573164939880371
EVS: 0.5355224656198057
