Model: GRU
MSE: 6.339162554425549
MAE: 2.173486797897904
EVS: 0.4815281319271275
