Model: GRU
MSE: 7.709940543934356
MAE: 2.2187353416725437
EVS: 0.4680270249780184
