Model: GRU
MSE: 10.022935413959615
MAE: 2.4032348526848684
EVS: 0.31626948421702394
