Model: GRU
MSE: 9.379532063498184
MAE: 2.5546255464907044
EVS: 0.5790292485607267
