Model: GRU
MSE: 7.7886655250067625
MAE: 2.061426480611165
EVS: 0.43232681216480207
