Model: GRU
MSE: 8.70765116187131
MAE: 2.4118078373096603
EVS: 0.44039263094307435
