Model: GRU
MSE: 8.001119226142512
MAE: 2.0509327139173235
EVS: 0.3367147215441838
