Model: GRU
MSE: 12.728571662932053
MAE: 3.025323196693703
EVS: 0.523149854538795
