Model: GRU
MSE: 6.256942730675063
MAE: 1.7155399499116117
EVS: 0.4102946335904981
