Model: GRU
MSE: 8.99617312173833
MAE: 2.45957757808544
EVS: 0.5387831141241277
