Model: GRU
MSE: 6.375132572077314
MAE: 1.7268490961619782
EVS: 0.4721945825928976
