Model: GRU
MSE: 10.521857815268286
MAE: 2.7115515956172236
EVS: 0.5669239095207641
