Model: GRU
MSE: 4.250967198976502
MAE: 1.443685319688585
EVS: 0.5447481066053814
