Model: GRU
MSE: 10.162661904302468
MAE: 2.5254374433446816
EVS: 0.43969863387935637
