Model: GRU
MSE: 7.544688874498247
MAE: 2.1795775978653515
EVS: 0.5719393161502202
