Model: GRU
MSE: 4.370785155852714
MAE: 1.4970080057779949
EVS: 0.5024803098353605
