Model: GRU
MSE: 3.732485475828593
MAE: 1.3742878525345414
EVS: 0.57266289020745
