Model: GRU
MSE: 20.420526657275495
MAE: 4.042739550272624
EVS: 0.21547662078494234
