Model: GRU
MSE: 7.800144899250426
MAE: 2.0172263604623297
EVS: 0.15837996263623577
