Model: GRU
MSE: 14.432973669962761
MAE: 3.3238308164808483
EVS: 0.3662152469650235
