Model: GRU
MSE: 7.346090739199965
MAE: 1.8625064955817325
EVS: 0.33106902909713787
