Model: GRU
MSE: 7.3957370166984004
MAE: 1.8920932345920136
EVS: 0.3366073163731902
