Model: GRU
MSE: 5.199289208451529
MAE: 1.7010440649809662
EVS: 0.47012247256297024
