Model: GRU
MSE: 14.352143654042399
MAE: 3.29694433565493
EVS: 0.5848574988269247
