Model: GRU
MSE: 10.306929393090117
MAE: 2.7009433463767722
EVS: 0.5858950804785845
