Model: GRU
MSE: 6.247274310342853
MAE: 1.7174608442518444
EVS: 0.4423339199197911
