Model: GRU
MSE: 5.918416215623169
MAE: 1.768062732837818
EVS: 0.5173592417356593
