Model: GRU
MSE: 6.947881023214711
MAE: 2.056449837154812
EVS: 0.54292323039589
