Model: GRU
MSE: 5.513037534454927
MAE: 1.6768643767745406
EVS: 0.5374963124434559
