Model: GRU
MSE: 10.23875509258282
MAE: 2.628291606903076
EVS: 0.46508721857128976
