Model: GRU
MSE: 5.785895580621146
MAE: 1.661691347757975
EVS: 0.4670190950987252
