Model: GRU
MSE: 10.241955654918756
MAE: 2.6146496666802297
EVS: 0.3797782032880339
