Model: GRU
MSE: 7.33949434101288
MAE: 2.2030525560732235
EVS: 0.5225926708339511
