Model: GRU
MSE: 7.05207106147556
MAE: 1.8887411866869246
EVS: 0.4177959722913296
