Model: GRU
MSE: 6.0079562085127485
MAE: 1.8214568385371452
EVS: 0.36140987932923485
