Model: GRU
MSE: 6.311361235471241
MAE: 1.9170462996871378
EVS: 0.5091555594352055
