Model: GRU
MSE: 5.86207896336628
MAE: 1.8396230097170228
EVS: 0.5677179261176002
