Model: GRU
MSE: 7.720443611676375
MAE: 2.2631747634322554
EVS: 0.33743761602331357
