Model: GRU
MSE: 9.098674202485306
MAE: 2.427693949805365
EVS: 0.39450504930045605
