Model: GRU
MSE: 4.537077926360637
MAE: 1.5783998171488445
EVS: 0.4896822775161247
