Model: GRU
MSE: 7.326410832739897
MAE: 2.1715648615801775
EVS: 0.6216866425176966
