Model: GRU
MSE: 5.695939533473923
MAE: 1.7389406098259816
EVS: 0.548583523534
