Model: GRU
MSE: 3.7287548016204592
MAE: 1.3622963693406847
EVS: 0.5726359717487406
