Model: GRU
MSE: 5.106502004215051
MAE: 1.6455795323407205
EVS: 0.5315516777750134
