Model: GRU
MSE: 14.355185400349
MAE: 3.3417044039125794
EVS: 0.6147730394192883
