Model: GRU
MSE: 5.606587095964624
MAE: 1.7427532761185256
EVS: 0.46677080188641906
