Model: GRU
MSE: 5.852002735193739
MAE: 1.8149863878885906
EVS: 0.46997073763822594
