Model: GRU
MSE: 12.055683465633088
MAE: 2.7717757048430265
EVS: 0.4253767043550657
