Model: GRU
MSE: 3.5197079466222476
MAE: 1.3930155966016982
EVS: 0.5908830014755462
