Model: GRU
MSE: 5.101888687746505
MAE: 1.6157254642910428
EVS: 0.40352700149982357
