Model: GRU
MSE: 7.922465876724202
MAE: 1.772297947495072
EVS: 0.3831635196407842
