Model: GRU
MSE: 5.233277914961507
MAE: 1.7402140652691875
EVS: 0.5925633600597917
