Model: GRU
MSE: 9.213515240840698
MAE: 2.5267725697270147
EVS: 0.5947184540487869
