Model: GRU
MSE: 3.5298123657464235
MAE: 1.2839672653763383
EVS: 0.5890090400270658
