Model: GRU
MSE: 5.188337764985498
MAE: 1.6989246827584725
EVS: 0.3918747143747664
