Model: GRU
MSE: 6.631434338507265
MAE: 1.8152143513714822
EVS: 0.43767117392441257
