Model: GRU
MSE: 8.87882139716516
MAE: 2.3790649484705035
EVS: 0.48346297977647557
