Model: GRU
MSE: 8.75654820411145
MAE: 2.381195527535897
EVS: 0.44179480234073776
