Model: GRU
MSE: 7.103067988235427
MAE: 2.0632968125519926
EVS: 0.5748683598727005
