Model: GRU
MSE: 7.520829281784658
MAE: 1.9971345089100023
EVS: 0.44640095232277355
