Model: GRU
MSE: 9.145856562172748
MAE: 2.5355843438042536
EVS: 0.5645247367797546
