Model: GRU
MSE: 4.055171391778526
MAE: 1.393763259605125
EVS: 0.5399805499925927
