Model: GRU
MSE: 8.500723552245498
MAE: 2.2656821321558063
EVS: 0.3718381417913823
