Model: GRU
MSE: 13.712834322596969
MAE: 3.142171029691343
EVS: 0.41573761321540537
