Model: GRU
MSE: 4.12204922830713
MAE: 1.4366011796174225
EVS: 0.5832236259232237
