Model: GRU
MSE: 6.345544119310757
MAE: 1.7630311824657297
EVS: 0.44598057181263573
