Model: GRU
MSE: 4.254648254847358
MAE: 1.4994453147605613
EVS: 0.6465858586958106
