Model: GRU
MSE: 7.4425033216203795
MAE: 2.1942430425573276
EVS: 0.550086616568165
