Model: GRU
MSE: 7.009975732974923
MAE: 2.0277574327256938
EVS: 0.4843427626979039
