Model: GRU
MSE: 7.750833051585458
MAE: 2.079313649071587
EVS: 0.40726739142149027
