Model: GRU
MSE: 4.406064694942517
MAE: 1.4844298539338288
EVS: 0.48680390003481144
