Model: GRU
MSE: 3.749565105682088
MAE: 1.33141349863123
EVS: 0.5769545930047255
