Model: GRU
MSE: 9.02903755235608
MAE: 2.1418334466439704
EVS: 0.29758900538801025
