Model: GRU
MSE: 7.16170405143125
MAE: 2.076883422003852
EVS: 0.40812246310503575
