Model: GRU
MSE: 5.7152208799823825
MAE: 1.6772233468514899
EVS: 0.47933949823272715
