Model: GRU
MSE: 15.171053384024058
MAE: 3.333306418524848
EVS: 0.17712134208548025
