Model: GRU
MSE: 5.0696505400694605
MAE: 1.5589178050005879
EVS: 0.4059179486768355
