Model: GRU
MSE: 6.9194567165933725
MAE: 2.032861020829942
EVS: 0.47939003456940643
