Model: GRU
MSE: 6.122660066145676
MAE: 1.906089464823405
EVS: 0.28257018358225305
