Model: GRU
MSE: 4.877732770628301
MAE: 1.6273796116864236
EVS: 0.5322806624263634
