Model: GRU
MSE: 6.083899184869887
MAE: 1.5914540467438871
EVS: 0.42975430518199054
