Model: GRU
MSE: 8.131382231216488
MAE: 2.1453522576226125
EVS: 0.3217415658752687
