Model: GRU
MSE: 8.16802534542272
MAE: 1.9669378951743792
EVS: 0.2917690730572745
