Model: GRU
MSE: 6.122551000032014
MAE: 2.0037543332135233
EVS: 0.6871868329027208
