Model: GRU
MSE: 9.198520157951608
MAE: 2.385646325570565
EVS: 0.4621589872703252
