Model: GRU
MSE: 3.4876672536917153
MAE: 1.259143794024432
EVS: 0.6281157676906641
