Model: GRU
MSE: 8.032470618180055
MAE: 2.2771561057479293
EVS: 0.4757135655924437
