Model: GRU
MSE: 4.307332640236096
MAE: 1.6653081399423104
EVS: 0.5528354552722018
