Model: GRU
MSE: 5.452179121790171
MAE: 1.7959025700887044
EVS: 0.36653842111098034
