Model: GRU
MSE: 7.113484664997975
MAE: 1.6649674309624567
EVS: 0.33285106125999475
