Model: GRU
MSE: 6.669783927890396
MAE: 2.039649274614122
EVS: 0.5498314050556872
