Model: GRU
MSE: 7.622496153566005
MAE: 2.2006013834917986
EVS: 0.43024176589762675
