Model: GRU
MSE: 4.798209397275193
MAE: 1.63073190053304
EVS: 0.5653581670612615
