Model: GRU
MSE: 7.143571721626544
MAE: 1.7108901341756182
EVS: 0.34301930577474926
