Model: GRU
MSE: 4.397899448276904
MAE: 1.5257732603285048
EVS: 0.5528469376871019
