Model: GRU
MSE: 6.911483819327132
MAE: 2.036428645805076
EVS: 0.5652359987879749
