Model: GRU
MSE: 9.012815709887
MAE: 2.4386639771638094
EVS: 0.4768908859866847
