Model: GRU
MSE: 5.305376539696327
MAE: 1.7180420557657878
EVS: 0.5809115548656698
