Model: GRU
MSE: 7.681322947992921
MAE: 2.147997167375352
EVS: 0.4402041595055083
