Model: GRU
MSE: 4.606273508912417
MAE: 1.6137500339084199
EVS: 0.5192113321746264
