Model: GRU
MSE: 6.95909433248342
MAE: 1.7782603899637854
EVS: 0.38141604709805743
