Model: GRU
MSE: 5.3058272946165275
MAE: 1.7821046687938549
EVS: 0.5803673623157102
