Model: GRU
MSE: 10.140344744330218
MAE: 2.4484945756417726
EVS: 0.22008415822714789
