Model: GRU
MSE: 4.891624883676404
MAE: 1.6913844920970773
EVS: 0.5403230060824933
