Model: GRU
MSE: 4.484354728186401
MAE: 1.5386387683727123
EVS: 0.5664633077221326
