Model: GRU
MSE: 5.505334607677351
MAE: 1.7195392538000034
EVS: 0.5308593236688657
