Model: GRU
MSE: 8.143707460036465
MAE: 2.1364743709564205
EVS: 0.4157808515087529
