Model: GRU
MSE: 5.164089796351635
MAE: 1.6385287532099968
EVS: 0.5451849487310781
