Model: GRU
MSE: 5.216308886687025
MAE: 1.7537988380149556
EVS: 0.5676577751419052
