Model: GRU
MSE: 11.555553568462983
MAE: 2.8948836503205477
EVS: 0.3676263889152649
