Model: GRU
MSE: 9.007747180830467
MAE: 2.465623767287642
EVS: 0.5903583315967935
