Model: GRU
MSE: 6.614894686871055
MAE: 2.010525067647298
EVS: 0.576068833777359
