Model: GRU
MSE: 6.74837336033072
MAE: 2.013303792035138
EVS: 0.5856025584444617
