Model: GRU
MSE: 3.93497597998356
MAE: 1.3793783541078921
EVS: 0.5430615315002848
