Model: GRU
MSE: 14460.197834523218
MAE: 119.84814170554831
EVS: -8.140479773977374
