Model: GRU
MSE: 5.486903101584024
MAE: 1.7941463611744066
EVS: 0.4493520179796068
