Model: GRU
MSE: 7.347931109776321
MAE: 2.0174214045206704
EVS: 0.49369398338925263
