Model: GRU
MSE: 2.9171377715324187
MAE: 1.137183083428277
EVS: 0.6586914596082363
