Model: GRU
MSE: 7.24712651292657
MAE: 2.0136598657678673
EVS: 0.25877425140488364
