Model: GRU
MSE: 5.155837673036398
MAE: 1.6983073905662254
EVS: 0.39576395159435696
