Model: GRU
MSE: 6.552608765690794
MAE: 1.6474576349611634
EVS: 0.38067508077574963
