Model: GRU
MSE: 4.443290193412049
MAE: 1.5627724859449599
EVS: 0.5545557178472178
