Model: GRU
MSE: 8.40078885029642
MAE: 2.2069114755701134
EVS: 0.5183998344445642
