Model: GRU
MSE: 4.647162204224127
MAE: 1.6190696645666052
EVS: 0.47172305914949453
