Model: GRU
MSE: 6.597296085839412
MAE: 1.8792855121471261
EVS: 0.46149807186810077
