Model: GRU
MSE: 3.9223877300943664
MAE: 1.4330785539415147
EVS: 0.5403423506328355
