Model: GRU
MSE: 5.926556768687432
MAE: 1.7832177833274556
EVS: 0.47554024015787266
