Model: GRU
MSE: 4.703506030330328
MAE: 1.57921948256316
EVS: 0.49890298667210564
