Model: GRU
MSE: 7.040502956606149
MAE: 1.888509520777949
EVS: 0.4029840423430905
