Model: GRU
MSE: 9.317877548023816
MAE: 2.5234988883689597
EVS: 0.6385261369152664
