Model: GRU
MSE: 4.794405645681722
MAE: 1.535683967449047
EVS: 0.5482735754338841
