Model: GRU
MSE: 7.860408400764164
MAE: 2.2307723716453265
EVS: 0.5520131990909105
