Model: GRU
MSE: 7.434753644095506
MAE: 2.0870732554682974
EVS: 0.480964934348014
