Model: GRU
MSE: 3.9724313351045684
MAE: 1.3966984042414912
EVS: 0.5449904524461846
