Model: GRU
MSE: 8.574659443155067
MAE: 2.2812506711041483
EVS: 0.4295375668650536
