Model: GRU
MSE: 11.454748204002362
MAE: 2.855657330265751
EVS: 0.3716718180887816
