Model: GRU
MSE: 5.044432563988603
MAE: 1.6953054710670754
EVS: 0.612736028295404
