Model: GRU
MSE: 18.459373781031452
MAE: 3.715602503882514
EVS: 0.2807507248470982
