Model: GRU
MSE: 6.646132908849108
MAE: 1.8373160362243652
EVS: 0.46831990863095196
