Model: GRU
MSE: 11.053856443047287
MAE: 2.8540108645403826
EVS: 0.6070525997487749
