Model: GRU
MSE: 4.99013637508371
MAE: 1.6883118594134296
EVS: 0.6339706746117519
