Model: GRU
MSE: 9.45779015256199
MAE: 2.5440552322952836
EVS: 0.4470773184390109
