Model: GRU
MSE: 7.827685065297524
MAE: 2.291794388382523
EVS: 0.6096675834539929
