Model: GRU
MSE: 6.191203701449213
MAE: 1.995139298615632
EVS: 0.6268268591033381
