Model: GRU
MSE: 8.047821015145102
MAE: 2.129003983956796
EVS: 0.4369434479011175
