Model: GRU
MSE: 4.163175556883963
MAE: 1.510849705448857
EVS: 0.5971035705360118
