Model: GRU
MSE: 8.326226297788638
MAE: 2.250442893416793
EVS: 0.5142152811220795
