Model: GRU
MSE: 5.237595870792078
MAE: 1.6905963509171096
EVS: 0.5699593217199221
