Model: GRU
MSE: 6.130570030978585
MAE: 1.892869437182391
EVS: 0.4238619902260473
