Model: GRU
MSE: 10.373185413178135
MAE: 2.6929502663788973
EVS: 0.5675462719620752
