Model: GRU
MSE: 385.3085226279435
MAE: 19.442455927530926
EVS: 0.14421283890999814
