Model: GRU
MSE: 5.999525194400735
MAE: 1.7017736258330165
EVS: 0.4691258689111204
