Model: GRU
MSE: 11.297863792044112
MAE: 2.7703454582779496
EVS: 0.5237259480397323
