Model: GRU
MSE: 6.807199940714654
MAE: 2.0994694144637496
EVS: 0.5857022603338482
