Model: GRU
MSE: 6.650172425385183
MAE: 1.8556613568906428
EVS: 0.44413066209482277
