Model: GRU
MSE: 4.524882916295567
MAE: 1.6297332798993145
EVS: 0.6494193831546011
