Model: GRU
MSE: 13.203674684741918
MAE: 3.1185702924375183
EVS: 0.2727712053170871
