Model: GRU
MSE: 6.154254108516944
MAE: 1.732812793166549
EVS: 0.4547093445658146
