Model: GRU
MSE: 4.840208761303715
MAE: 1.560389342131438
EVS: 0.5436845367408751
