Model: GRU
MSE: 13.85313188286735
MAE: 3.216060232233118
EVS: 0.43917381266814015
