Model: GRU
MSE: 3.516702132221966
MAE: 1.3346028857760959
EVS: 0.594839437276221
