Model: GRU
MSE: 4.004112273742597
MAE: 1.5774248087847675
EVS: 0.5880337396969009
