Model: GRU
MSE: 6.031297519127764
MAE: 1.7245971185189704
EVS: 0.44518267218415086
