Model: GRU
MSE: 6.100391269182881
MAE: 1.9357323999758118
EVS: 0.5320745882876747
