Model: GRU
MSE: 7.651873331019698
MAE: 2.2550800288165056
EVS: 0.5797215323981608
