Model: GRU
MSE: 4.949492180258437
MAE: 1.6113616448861579
EVS: 0.5763256088598065
