Model: GRU
MSE: 8.160463082814355
MAE: 2.1529816521538625
EVS: 0.4514450992086261
