Model: GRU
MSE: 5.366078602347662
MAE: 1.640065864280418
EVS: 0.5183661722991436
