Model: GRU
MSE: 8.599198261735484
MAE: 2.399931942975079
EVS: 0.5838290947214165
