Model: GRU
MSE: 4.026216402584909
MAE: 1.4479141411957916
EVS: 0.5605478569701922
