Model: GRU
MSE: 4.557023885301078
MAE: 1.5540389308223017
EVS: 0.5855150126694834
