Model: GRU
MSE: 6.745273594557214
MAE: 2.134605972855179
EVS: 0.6146995886750397
