Model: GRU
MSE: 7.957515226005877
MAE: 2.028784381018744
EVS: 0.3053206914348543
