Model: GRU
MSE: 6.141963575060976
MAE: 1.617446316613091
EVS: 0.437305243968393
