Model: GRU
MSE: 8.400978773873845
MAE: 2.2280801667107473
EVS: 0.32396165094111196
