Model: GRU
MSE: 17.117510282384227
MAE: 3.7076360561229564
EVS: 0.28731449618445215
