Model: GRU
MSE: 6.244583643128608
MAE: 1.7812126654165756
EVS: 0.5025976786183026
