Model: GRU
MSE: 9.74923003925005
MAE: 2.4905039469401036
EVS: 0.32284653322626433
