Model: GRU
MSE: 7.267731134767843
MAE: 1.964078655949345
EVS: 0.4038131734069288
