Model: GRU
MSE: 14.950886586185971
MAE: 3.3523527074743202
EVS: 0.27073241783450663
