Model: GRU
MSE: 3.703975305427649
MAE: 1.3389970108314797
EVS: 0.576685268500102
