Model: GRU
MSE: 7.163371022463075
MAE: 1.9129983230873384
EVS: 0.3968067801061921
