Model: GRU
MSE: 5.090415529304816
MAE: 1.6703295177883573
EVS: 0.4039945345191912
