Model: GRU
MSE: 5.069872405410832
MAE: 1.607192286738643
EVS: 0.49162575530244634
