Model: GRU
MSE: 11.075530468030069
MAE: 2.6886882428769705
EVS: 0.2797908526051347
