Model: GRU
MSE: 7.356686853218536
MAE: 1.8230511700665506
EVS: 0.30852500639407077
