Model: GRU
MSE: 7.962399157737729
MAE: 2.1122377536914962
EVS: 0.48398176655461045
