Model: GRU
MSE: 8.378452302320174
MAE: 2.357529322306315
EVS: 0.5422848700630543
