Model: GRU
MSE: 105.568019809139
MAE: 9.846316402709043
EVS: -0.010385219510594013
