Model: GRU
MSE: 4.27245844499243
MAE: 1.3935342718053747
EVS: 0.5579974338863799
