Model: GRU
MSE: 6.511764675616361
MAE: 1.823379905135543
EVS: 0.41552123751023595
