Model: GRU
MSE: 4.8020240141374115
MAE: 1.62728864175302
EVS: 0.556647326687182
