Model: GRU
MSE: 4.672951638284269
MAE: 1.5786112679375544
EVS: 0.5417647629359165
