Model: GRU
MSE: 6.53491234152283
MAE: 1.8233515421549473
EVS: 0.4659197748928309
