Model: GRU
MSE: 8.108848920140955
MAE: 2.1032099370603206
EVS: 0.23535670861585978
