Model: GRU
MSE: 3.8679156322894213
MAE: 1.3539237622861509
EVS: 0.5475500135768929
