Model: GRU
MSE: 16.629262968605936
MAE: 3.467670617280183
EVS: 0.47463918158670837
