Model: GRU
MSE: 3.2058473762997775
MAE: 1.2379593495969419
EVS: 0.6290748874355914
