Model: GRU
MSE: 3.5390524500769094
MAE: 1.281147003173828
EVS: 0.6392230552720002
