Model: GRU
MSE: 9.133188386989625
MAE: 2.3963242460180205
EVS: 0.5109597694184578
