Model: GRU
MSE: 10.791447589419443
MAE: 2.7983497690271446
EVS: 0.5655199217281035
