Model: GRU
MSE: 10.07037223196402
MAE: 2.620591993685122
EVS: 0.39398990061006645
