Model: GRU
MSE: 10.87168625018485
MAE: 2.4998475887157294
EVS: 0.20237237042995349
