Model: GRU
MSE: 7.7373883201582885
MAE: 1.7064055160239888
EVS: 0.26823069707831837
