Model: GRU
MSE: 4.05648168461721
MAE: 1.4408319261338975
EVS: 0.549778247063041
