Model: GRU
MSE: 5.4541746105953735
MAE: 1.7120106838367604
EVS: 0.4633813181444748
