Model: GRU
MSE: 114.53329907369951
MAE: 10.285776480480477
EVS: -0.024222872926576766
