Model: GRU
MSE: 3.8706584478254795
MAE: 1.3791385933204934
EVS: 0.5782625552851861
