Model: GRU
MSE: 7.113358090043582
MAE: 2.0571864622610585
EVS: 0.33293088195167186
