Model: GRU
MSE: 7.734543470625061
MAE: 2.222014197596797
EVS: 0.5283234201925002
