Model: GRU
MSE: 15.445543342259414
MAE: 3.4822713004218206
EVS: 0.5403453826539848
