Model: GRU
MSE: 4.600251834783169
MAE: 1.565099698525888
EVS: 0.4634011868309563
