Model: GRU
MSE: 7.8301845252222515
MAE: 2.21443584230211
EVS: 0.5443479765545252
