Model: GRU
MSE: 4.597328124095974
MAE: 1.6047918531629775
EVS: 0.46526912910029816
