Model: GRU
MSE: 5.631076202493381
MAE: 1.7092025721514668
EVS: 0.534696391703837
