Model: GRU
MSE: 5.891194392270875
MAE: 1.9552603474369759
EVS: 0.4382619872693647
