Model: GRU
MSE: 6.12077322389521
MAE: 1.6537375273527923
EVS: 0.4282517723891165
