Model: GRU
MSE: 5.633663229929778
MAE: 1.8103244216353802
EVS: 0.5155526624939974
