Model: GRU
MSE: 7.491757001643202
MAE: 2.194112565782335
EVS: 0.5518172327639852
