Model: GRU
MSE: 4.703536717686363
MAE: 1.6086449446501552
EVS: 0.6426816380103608
