Model: GRU
MSE: 6.017400178671121
MAE: 1.8703346252441406
EVS: 0.5337791438080943
