Model: GRU
MSE: 11.644149711609105
MAE: 2.6847611003451877
EVS: 0.3536268040360069
