Model: GRU
MSE: 3.0952080485990674
MAE: 1.1649684906005857
EVS: 0.6480951990650627
