Model: GRU
MSE: 7.2713709780558915
MAE: 1.7082304248103388
EVS: 0.31771629914836963
