Model: GRU
MSE: 7.189464133672808
MAE: 2.029805713229709
EVS: 0.33219343311945093
