Model: GRU
MSE: 6.404146328372606
MAE: 1.7948301519666399
EVS: 0.4613135685593899
