Model: GRU
MSE: 3.588446487528085
MAE: 1.3883349807174117
EVS: 0.5953496805632139
