Model: GRU
MSE: 4.811660628025855
MAE: 1.5167159504360623
EVS: 0.4536169880386447
