Model: GRU
MSE: 10067.239274580106
MAE: 100.28677283393012
EVS: 0.0
