Model: GRU
MSE: 7.078095551176778
MAE: 2.1076276567247176
EVS: 0.5852422701279663
