Model: GRU
MSE: 6.5024960063837405
MAE: 1.971624656959816
EVS: 0.5147541860132336
