Model: GRU
MSE: 3.5631495823454062
MAE: 1.3110751575893826
EVS: 0.5832717405358976
