Model: GRU
MSE: 6.087714275569136
MAE: 1.682208502734149
EVS: 0.4369612494771511
