Model: GRU
MSE: 6.84175493498176
MAE: 1.942608762670446
EVS: 0.5216549943425637
