Model: GRU
MSE: 6.643681919526535
MAE: 1.963781091901991
EVS: 0.4606845854501357
