Model: GRU
MSE: 8.147509382247781
MAE: 2.3707112736172142
EVS: 0.5939245622613873
