Model: GRU
MSE: 6.906238460992578
MAE: 2.0361382519757303
EVS: 0.4205166210605267
