Model: GRU
MSE: 4.018782490430315
MAE: 1.380512449476454
EVS: 0.5312864995026452
