Model: GRU
MSE: 5.334804007219839
MAE: 1.6717052636323149
EVS: 0.43205988174568677
