Model: GRU
MSE: 4.761829093380432
MAE: 1.6002788896913882
EVS: 0.572666144045767
