Model: GRU
MSE: 6.0472691726290995
MAE: 1.8311225926434551
EVS: 0.5596218315072472
