Model: GRU
MSE: 6.198779540681648
MAE: 1.9303808212280271
EVS: 0.5409206014035093
