Model: GRU
MSE: 6.464659065814633
MAE: 1.8378197705304178
EVS: 0.40855159814987385
