Model: GRU
MSE: 7.049281551317545
MAE: 2.023864216274685
EVS: 0.392524605464704
