Model: GRU
MSE: 5.8994199143054935
MAE: 1.8103319803873694
EVS: 0.4725899004583095
