Model: GRU
MSE: 13.603544614659777
MAE: 3.1876944965786405
EVS: 0.5223971767764228
