Model: GRU
MSE: 10.914207977773138
MAE: 2.6407072985613786
EVS: 0.3650552206515755
