Model: GRU
MSE: 5.47046505812004
MAE: 1.549665203800908
EVS: 0.5102444266205747
