Model: GRU
MSE: 5.085240160422969
MAE: 1.6628080120793092
EVS: 0.5331224383175166
