Model: GRU
MSE: 8.406358486710241
MAE: 2.4544273305822295
EVS: 0.5966894553695001
