Model: GRU
MSE: 7.618513926904428
MAE: 1.9988608183684167
EVS: 0.3553184993022057
