Model: GRU
MSE: 9.757972982096268
MAE: 2.493046848862259
EVS: 0.30968538638655363
