Model: GRU
MSE: 8.937765048181163
MAE: 2.38633558485243
EVS: 0.38930602579991147
