Model: GRU
MSE: 6.49458623873623
MAE: 1.9186238536128288
EVS: 0.5719882974943028
