Model: GRU
MSE: 6.2387641668287115
MAE: 1.5225796699523926
EVS: 0.4905622071500503
