Model: GRU
MSE: 3.213005977738796
MAE: 1.3945009973314073
EVS: 0.6250277245174103
