Model: GRU
MSE: 3.8810354987577167
MAE: 1.2833518275508173
EVS: 0.553329120809695
