Model: GRU
MSE: 8.695573123147849
MAE: 2.0783583499767158
EVS: 0.26661535346345955
