Model: GRU
MSE: 7.327245884104882
MAE: 1.986516087143509
EVS: 0.3910365950327487
