Model: GRU
MSE: 6.722805445517274
MAE: 1.9511896062780307
EVS: 0.5528056208602881
