Model: GRU
MSE: 3.4377546063338844
MAE: 1.3089579123037833
EVS: 0.6074105103030276
