Model: GRU
MSE: 9.326787154809304
MAE: 2.4766308113380715
EVS: 0.5098834089319448
