Model: GRU
MSE: 4.858856915126411
MAE: 1.5368108042964228
EVS: 0.47400601721463764
