Model: GRU
MSE: 8.082236316042165
MAE: 2.1624783939785424
EVS: 0.3667412366709688
