Model: GRU
MSE: 3.75901795126099
MAE: 1.3280911092404966
EVS: 0.5602517378172077
