Model: GRU
MSE: 6.1024787788625305
MAE: 1.5478210625825102
EVS: 0.4227067349666491
