Model: GRU
MSE: 5.697806769541877
MAE: 1.7770358368202492
EVS: 0.3528255747757558
