Model: GRU
MSE: 2.932431776977755
MAE: 1.156249275913945
EVS: 0.656972584120082
