Model: GRU
MSE: 5.444200469407354
MAE: 1.561550352308485
EVS: 0.48502702693385225
