Model: GRU
MSE: 6.796870394260066
MAE: 1.7057677021733033
EVS: 0.35763679365422263
