Model: GRU
MSE: 6.6263862602439705
MAE: 1.7010665822912143
EVS: 0.37406130947756755
