Model: GRU
MSE: 117.4166457060619
MAE: 10.416412070945457
EVS: -0.04519762704759689
