Model: GRU
MSE: 7.379637407857318
MAE: 2.1626362094172724
EVS: 0.5600200526627911
