Model: GRU
MSE: 4.365491174392177
MAE: 1.5262314125343606
EVS: 0.4902576265241333
