Model: GRU
MSE: 12.127457007803581
MAE: 2.8916456787674516
EVS: 0.4091484664418622
