Model: GRU
MSE: 5.127936515740455
MAE: 1.6062521051477503
EVS: 0.48560217113423865
