Model: GRU
MSE: 9.829212301077455
MAE: 2.590327086272063
EVS: 0.6150224251517494
