Model: GRU
MSE: 5.47872563790141
MAE: 1.8330203338905617
EVS: 0.48075736274652636
