Model: GRU
MSE: 9.715036340645137
MAE: 2.3919428542808245
EVS: 0.34365882785060187
