Model: GRU
MSE: 6.453101597319303
MAE: 1.963314851125081
EVS: 0.5653512242463843
