Model: GRU
MSE: 6.720194715242347
MAE: 2.1565982147499363
EVS: 0.6218771776899664
