Model: GRU
MSE: 4.746623650062078
MAE: 1.617582215203179
EVS: 0.5177193584486788
