Model: GRU
MSE: 5.913145198300037
MAE: 1.8491330853214967
EVS: 0.516394916875176
