Model: GRU
MSE: 7.561403213197753
MAE: 2.1292640897962776
EVS: 0.43948353414302177
