Model: GRU
MSE: 7.483861090538699
MAE: 2.050393334141484
EVS: 0.4369871350716009
