Model: GRU
MSE: 12.215537110555688
MAE: 2.878372722201877
EVS: 0.3559469571046847
