Model: GRU
MSE: 3.1976268177666545
MAE: 1.1556934603938347
EVS: 0.6527849374567327
