Model: GRU
MSE: 4.279223306317009
MAE: 1.4989363352457683
EVS: 0.49945232499002223
