Model: GRU
MSE: 10.972012412698085
MAE: 2.8561679698802807
EVS: 0.6031254676728002
