Model: GRU
MSE: 5.9023590075439225
MAE: 1.731923156314426
EVS: 0.45846351689717013
