Model: GRU
MSE: 8.089575312891611
MAE: 2.3308426185890476
EVS: 0.581117760369273
