Model: GRU
MSE: 6.284816570817188
MAE: 1.5749165393688058
EVS: 0.41681049962894734
