Model: GRU
MSE: 6.1346318015021515
MAE: 1.462865493915699
EVS: 0.45660193112220526
