Model: GRU
MSE: 10.849011276459205
MAE: 2.80988073348999
EVS: 0.42422381113912355
