Model: GRU
MSE: 8.180086496840591
MAE: 2.3556107238486965
EVS: 0.4027719809298489
