Model: GRU
MSE: 6.350938679307242
MAE: 1.7195497442174839
EVS: 0.4044285419365017
