Model: GRU
MSE: 4.140210040663423
MAE: 1.3836125444482874
EVS: 0.5843742437285069
