Model: GRU
MSE: 8.793083834837
MAE: 2.390586747063531
EVS: 0.28668152840347216
