Model: GRU
MSE: 8.75170213027441
MAE: 2.366814472057201
EVS: 0.5264185761359803
