Model: GRU
MSE: 4.9463862520981365
MAE: 1.6340122399506745
EVS: 0.4282258097483027
