Model: GRU
MSE: 5.1398064161297174
MAE: 1.6215799826162833
EVS: 0.5130578248509665
