Model: GRU
MSE: 10.14883508268408
MAE: 2.513426180239077
EVS: 0.5756718486514243
