Model: GRU
MSE: 4.337687418009586
MAE: 1.5575737246760615
EVS: 0.5225177860506046
