Model: GRU
MSE: 425.5059341399746
MAE: 20.392165466591162
EVS: 0.013970705825620544
