Model: GRU
MSE: 6.07557065308515
MAE: 1.7020737859937878
EVS: 0.46756265268343333
