Model: GRU
MSE: 5.692985831036113
MAE: 1.7424902739348231
EVS: 0.541275637911205
