Model: GRU
MSE: 5.064259461968823
MAE: 1.6032094602231624
EVS: 0.5506915682957834
