Model: GRU
MSE: 3.919998949194493
MAE: 1.3843040642914948
EVS: 0.5406207703681816
