Model: GRU
MSE: 5.893507963766119
MAE: 1.8179281199419937
EVS: 0.5291786487233632
