Model: GRU
MSE: 7.149398441931789
MAE: 1.9779611340275514
EVS: 0.5046218465133472
