Model: GRU
MSE: 5.1514970023051845
MAE: 1.6150927720246488
EVS: 0.5126633834157261
