Model: GRU
MSE: 7.291445859976705
MAE: 1.942935784657796
EVS: 0.3676017334195534
