Model: GRU
MSE: 5.40096434338502
MAE: 1.6827456686231823
EVS: 0.5369390328663273
