Model: GRU
MSE: 5.662039197861717
MAE: 1.7514471301326044
EVS: 0.4178328828669473
