Model: GRU
MSE: 12.265399066954226
MAE: 2.8895666687576855
EVS: 0.2803388024525195
