Model: GRU
MSE: 5.995903422194444
MAE: 1.5399939572369608
EVS: 0.4344952069844683
