Model: GRU
MSE: 4.41371849308433
MAE: 1.4572435661598488
EVS: 0.5337222036175988
