Model: GRU
MSE: 8.223846711628875
MAE: 2.145167350769043
EVS: 0.27629031823534966
