Model: GRU
MSE: 7.781313435383758
MAE: 2.1400147190800416
EVS: 0.5772526608972985
