Model: GRU
MSE: 7.5499233433727015
MAE: 1.8622971287480103
EVS: 0.3285904278578462
