Model: GRU
MSE: 5.62073731272415
MAE: 1.7923644736961082
EVS: 0.45593076542660027
