Model: GRU
MSE: 4.576814177024222
MAE: 1.5060532004744918
EVS: 0.47561734281093526
