Model: GRU
MSE: 3.4213137527183335
MAE: 1.2420507183781377
EVS: 0.5993734410231155
