Model: GRU
MSE: 4.4296460547820296
MAE: 1.5206646036218714
EVS: 0.576653381441489
