Model: GRU
MSE: 5.7744648735150355
MAE: 1.858071927671079
EVS: 0.6292920397121837
