Model: GRU
MSE: 4.638357280998729
MAE: 1.5371619683724862
EVS: 0.46689281274173233
