Model: GRU
MSE: 5.38401896706822
MAE: 1.7667464856748225
EVS: 0.5252819219229801
