Model: GRU
MSE: 7.364531820323093
MAE: 2.135873688591851
EVS: 0.39452720030487876
