Model: GRU
MSE: 7.420893335022339
MAE: 2.1215066909790035
EVS: 0.5373242375789667
