Model: GRU
MSE: 7.387310095136028
MAE: 2.0580530873051393
EVS: 0.511681502230172
