Model: GRU
MSE: 16.94214136974467
MAE: 3.2685494599518954
EVS: 0.29462929619664413
