Model: GRU
MSE: 12.75825140834663
MAE: 2.8163848099885165
EVS: 0.3347863203169785
