Model: GRU
MSE: 6.608694819615755
MAE: 1.9189491625185364
EVS: 0.3545733937058093
