Model: GRU
MSE: 7.861137717849857
MAE: 2.2829925749037
EVS: 0.5665141176929127
