Model: GRU
MSE: 16.615432728424967
MAE: 3.4823632416901766
EVS: 0.08886928446828446
