Model: GRU
MSE: 6.061886783280854
MAE: 1.889507629253246
EVS: 0.5882581768802142
