Model: GRU
MSE: 4.409724728731253
MAE: 1.471715591571949
EVS: 0.4865936819448218
