Model: GRU
MSE: 3.3676160172136003
MAE: 1.3140011893378363
EVS: 0.6054600809609374
