Model: GRU
MSE: 10.294882899559404
MAE: 2.549606146635832
EVS: 0.42388411023624195
