Model: GRU
MSE: 3.6637655651600958
MAE: 1.3119234862150966
EVS: 0.6266282485356334
