Model: GRU
MSE: 9.21144902724225
MAE: 2.3601240228723595
EVS: 0.435063334605831
