Model: GRU
MSE: 7.092788699133893
MAE: 1.8050007643523036
EVS: 0.3500481787103821
