Model: GRU
MSE: 5.4647850321181926
MAE: 1.8889443256236889
EVS: 0.4066562069894585
