Model: GRU
MSE: 8.525213901588627
MAE: 2.2377959357367616
EVS: 0.3374993083888206
