Model: GRU
MSE: 8.762456645633357
MAE: 2.327014216670283
EVS: 0.4341971158150014
