Model: GRU
MSE: 8.033823807570316
MAE: 2.185967480694806
EVS: 0.27540907084009336
