Model: GRU
MSE: 652.2116288728357
MAE: 25.37278941825584
EVS: 0.011290993718746312
