Model: GRU
MSE: 6.0998649299835375
MAE: 1.77842957885177
EVS: 0.50151796691581
