Model: GRU
MSE: 5.0563534236493135
MAE: 1.6378717775698062
EVS: 0.5355980452334863
