Model: GRU
MSE: 10.675322863486759
MAE: 2.482989293557626
EVS: 0.393882535189793
