Model: GRU
MSE: 11.028648066103287
MAE: 2.6935044571205418
EVS: 0.3197732595534678
