Model: GRU
MSE: 7.020556080235076
MAE: 2.1176526458175093
EVS: 0.5184055905670378
