Model: GRU
MSE: 4.764490331435968
MAE: 1.5589261054992676
EVS: 0.5124312396284975
