Model: GRU
MSE: 11.088930734082739
MAE: 2.720512708028157
EVS: 0.34384230254321213
