Model: GRU
MSE: 10.418029548114259
MAE: 2.505977454008879
EVS: 0.2035524093463793
