Model: GRU
MSE: 5.151689071662986
MAE: 1.695778246279116
EVS: 0.4420818229559016
