Model: GRU
MSE: 11.340948209547227
MAE: 2.7507170041402182
EVS: 0.26920779643028003
