Model: GRU
MSE: 5.263639563095846
MAE: 1.5089502334594727
EVS: 0.5108577994597985
