Model: GRU
MSE: 5.089170789144469
MAE: 1.6983739888226543
EVS: 0.5673306366311626
