Model: GRU
MSE: 5.729883018186397
MAE: 1.7799045421459057
EVS: 0.5463248306781481
