Model: GRU
MSE: 8.980212546272107
MAE: 2.2675328254699703
EVS: 0.4362437660139864
