Model: GRU
MSE: 4.417017785227598
MAE: 1.5051411699365687
EVS: 0.540485881023485
