Model: GRU
MSE: 6.483351009498786
MAE: 1.814545525444878
EVS: 0.45787233562487206
