Model: GRU
MSE: 5.040461024392251
MAE: 1.6167055235968695
EVS: 0.5382505616574433
