Model: GRU
MSE: 6.168869069551091
MAE: 1.843077535982485
EVS: 0.5103248828298057
