Model: GRU
MSE: 6.110549496492324
MAE: 1.859755233482078
EVS: 0.42452991631775794
