Model: GRU
MSE: 6.423953286284156
MAE: 1.452686274493182
EVS: 0.4139832981650651
