Model: GRU
MSE: 8.512316080548803
MAE: 2.380848884582519
EVS: 0.565016736126239
