Model: GRU
MSE: 4.51689551679746
MAE: 1.3583300201981157
EVS: 0.5522437619421601
