Model: GRU
MSE: 4.792389585031741
MAE: 1.5975944730970595
EVS: 0.609690441595316
