Model: GRU
MSE: 3.661453833900901
MAE: 1.2713949415418837
EVS: 0.5953394628681656
