Model: GRU
MSE: 7.796347701010197
MAE: 2.216718726687961
EVS: 0.5448503875610295
