Model: GRU
MSE: 8.37692619735696
MAE: 2.2953860318219217
EVS: 0.5028124086867916
