Model: GRU
MSE: 11.030801898482016
MAE: 2.6902368686817306
EVS: 0.2879983344963526
