Model: GRU
MSE: 7.180336871151329
MAE: 1.8949735076339154
EVS: 0.33628353940773925
