Model: GRU
MSE: 7.483606066619071
MAE: 2.1124349876686375
EVS: 0.4171647979172124
