Model: GRU
MSE: 10.156849355732128
MAE: 2.5045363108317056
EVS: 0.2871557895772654
