Model: GRU
MSE: 123.82437614575328
MAE: 10.686216879774022
EVS: 0.017681687054068917
