Model: GRU
MSE: 10.748903426846843
MAE: 2.5753130206355337
EVS: 0.26398989333812506
