Model: GRU
MSE: 7.656732069584584
MAE: 2.164302755285192
EVS: 0.45758701892499887
