Model: GRU
MSE: 6.158731076095229
MAE: 1.8229777548048232
EVS: 0.49999062912663783
