Model: GRU
MSE: 9.7341120370018
MAE: 2.4111285916081178
EVS: 0.22906525024445112
