Model: GRU
MSE: 6.914696416690468
MAE: 1.9907487763298877
EVS: 0.48430262003218083
