Model: GRU
MSE: 6.610049905767651
MAE: 1.8410621572423862
EVS: 0.3823750424771525
