Model: GRU
MSE: 26074.382647167753
MAE: 161.44922779224538
EVS: 0.0
