Model: GRU
MSE: 3.750155747394644
MAE: 1.644043039392542
EVS: 0.5603989905524374
