Model: GRU
MSE: 724.0347292143482
MAE: 26.760528564453125
EVS: 0.07276544216737169
