Model: GRU
MSE: 5.67866291086962
MAE: 1.5497846779999909
EVS: 0.4789232876508711
