Model: GRU
MSE: 6.211487070810824
MAE: 1.8202184571160207
EVS: 0.5030102946879226
