Model: GRU
MSE: 11.225591331174334
MAE: 2.4697776723791045
EVS: 0.19833086976736847
