Model: GRU
MSE: 6.857705588573521
MAE: 1.7185669475131562
EVS: 0.3816397360443782
