Model: GRU
MSE: 11.10810512835326
MAE: 2.69685646339699
EVS: 0.37512366326138014
