Model: GRU
MSE: 4.395163316311516
MAE: 1.5576962011831779
EVS: 0.48697940704371
