Model: GRU
MSE: 5.666121079486486
MAE: 1.7543344850893374
EVS: 0.5351401346434844
