Model: GRU
MSE: 6.678820179974705
MAE: 1.8891445442482275
EVS: 0.4278743634117689
