Model: GRU
MSE: 3.8006180957081344
MAE: 1.3453351656595867
EVS: 0.584960787760866
