Model: GRU
MSE: 10.421025378085183
MAE: 2.7149164411756725
EVS: 0.561864923450089
