Model: GRU
MSE: 9.136520568803881
MAE: 2.4737612406412754
EVS: 0.5332021740981023
