Model: GRU
MSE: 9.192327452213844
MAE: 2.4368167983161073
EVS: 0.3871409699621955
