Model: GRU
MSE: 8.823539767952534
MAE: 2.1638420952690973
EVS: 0.16529578810888446
