Model: GRU
MSE: 6.492660068298634
MAE: 1.7329380070721658
EVS: 0.39697955410174346
