Model: GRU
MSE: 7.199614235030038
MAE: 1.8654568107039837
EVS: 0.32894034553004625
