Model: GRU
MSE: 6.267146522009144
MAE: 1.534436985298439
EVS: 0.4085243797674498
