Model: GRU
MSE: 6.604831261947924
MAE: 1.8926967514885793
EVS: 0.43236654479752556
