Model: GRU
MSE: 4.4768678605359025
MAE: 1.4946583288687247
EVS: 0.6120999719087955
