Model: GRU
MSE: 5.502437982905366
MAE: 1.7702219044720682
EVS: 0.49615107593684316
