Model: GRU
MSE: 7.024619946576885
MAE: 2.0725132800914623
EVS: 0.36685310888121425
