Model: GRU
MSE: 116.88094750629377
MAE: 10.398856074721724
EVS: -0.025235661936921172
