Model: GRU
MSE: 7.705330183716172
MAE: 2.035088150589554
EVS: 0.4480609172483777
