Model: GRU
MSE: 12.037068880496479
MAE: 3.019153524328161
EVS: 0.6417032912772532
