Model: GRU
MSE: 6.456146432282459
MAE: 1.9101703255264846
EVS: 0.5561772328302266
