Model: GRU
MSE: 5.955580525344161
MAE: 1.8322501359162504
EVS: 0.48575684912934924
