Model: GRU
MSE: 7.888566626068326
MAE: 2.16856649186876
EVS: 0.3549980607439436
