Model: GRU
MSE: 6.326312903980773
MAE: 1.84883451461792
EVS: 0.45167789558594174
