Model: GRU
MSE: 6.963782535451535
MAE: 2.048680146535237
EVS: 0.4610575636918798
