Model: GRU
MSE: 4.678171806586879
MAE: 1.536914931403266
EVS: 0.4515353333504101
