Model: GRU
MSE: 3.6269546704575912
MAE: 1.3062915802001953
EVS: 0.6371745160682517
