Model: GRU
MSE: 7.935368841489416
MAE: 2.2309455518369314
EVS: 0.49287145574825464
