Model: GRU
MSE: 7.986851116096153
MAE: 2.051008895591453
EVS: 0.28554362806621647
