Model: GRU
MSE: 5.898740406014196
MAE: 1.7758716124075429
EVS: 0.4098822497515411
