Model: GRU
MSE: 9.425311435279227
MAE: 2.470425676416468
EVS: 0.36328321098429284
