Model: GRU
MSE: 6.021919357126779
MAE: 1.757683347772669
EVS: 0.40548708383288257
