Model: GRU
MSE: 14.469406423786863
MAE: 3.2017152221114547
EVS: 0.4850776279531155
