Model: GRU
MSE: 7.295929008885573
MAE: 2.205438843479863
EVS: 0.6111264456438631
