Model: GRU
MSE: 7.887822807933321
MAE: 2.0026563361839007
EVS: 0.2862444683833745
