Model: GRU
MSE: 7.350071144121718
MAE: 1.9755782059260778
EVS: 0.3908396284117712
