Model: GRU
MSE: 9.414961588775146
MAE: 2.348387665218777
EVS: 0.09145289782123489
