Model: GRU
MSE: 9.266467062208397
MAE: 2.41776540544298
EVS: 0.3118086519027864
