Model: GRU
MSE: 2.5656849678770226
MAE: 1.0494851183008265
EVS: 0.6997245420968168
