Model: GRU
MSE: 15.600825754970542
MAE: 3.461027639883536
EVS: 0.31321568674083433
