Model: GRU
MSE: 9.633274820602868
MAE: 2.5078909567424224
EVS: 0.46853773274813704
