Model: GRU
MSE: 10.003941672163862
MAE: 2.5981752430951155
EVS: 0.4485113360406401
