Model: GRU
MSE: 6.485980794109529
MAE: 1.8695077896118162
EVS: 0.4430959812301223
