Model: GRU
MSE: 5.810795388823475
MAE: 1.5284437250207972
EVS: 0.46995146461225146
