Model: GRU
MSE: 7.258530730148971
MAE: 2.139849998332836
EVS: 0.4438416510106066
