Model: GRU
MSE: 9.793934162483973
MAE: 2.5398189579999007
EVS: 0.4838241892428732
