Model: GRU
MSE: 5.865291408314626
MAE: 1.840411239200168
EVS: 0.6120998758888317
