Model: GRU
MSE: 8.27249460615789
MAE: 2.231707625918918
EVS: 0.34963364663011465
