Model: GRU
MSE: 5.777418805437475
MAE: 1.7991214858161075
EVS: 0.5729900714425606
