Model: GRU
MSE: 6.174786176977789
MAE: 1.8568999325787576
EVS: 0.4875309638514187
