Model: GRU
MSE: 4.761784850756426
MAE: 1.514230869434498
EVS: 0.5094851546982024
