Model: GRU
MSE: 7.629083530027805
MAE: 1.9053367332175928
EVS: 0.4561910691522394
