Model: GRU
MSE: 10.432342364613794
MAE: 2.7718755933973522
EVS: 0.5921354190314374
