Model: GRU
MSE: 14.886394979285258
MAE: 3.358883504514341
EVS: 0.4560417233652899
