Model: GRU
MSE: 11.078402833621162
MAE: 2.6738091574774847
EVS: 0.5460742649680488
