Model: GRU
MSE: 8.174908113814698
MAE: 2.2363829436125577
EVS: 0.4441006368080883
