Model: GRU
MSE: 5.073769498334051
MAE: 1.5321287755612973
EVS: 0.46229085015918214
