Model: GRU
MSE: 7.070190435468988
MAE: 1.9420623072871452
EVS: 0.40288912650219877
