Model: GRU
MSE: 4.59427431184361
MAE: 1.5437990471168799
EVS: 0.5269285442288951
