Model: GRU
MSE: 8.21388298536797
MAE: 2.280953636875859
EVS: 0.5060922070755903
