Model: GRU
MSE: 3.216243504852981
MAE: 1.253869445235641
EVS: 0.6297472448945941
