Model: GRU
MSE: 4.872968223224183
MAE: 1.6036366356743708
EVS: 0.5752933409882905
