Model: GRU
MSE: 8.813188263687026
MAE: 2.026654084523519
EVS: 0.2443630342419274
