Model: GRU
MSE: 11.286890518328889
MAE: 2.8436630037095814
EVS: 0.5610821673574908
