Model: GRU
MSE: 11.291434166153977
MAE: 2.686542263737431
EVS: 0.1643756175136345
