Model: GRU
MSE: 5.72087234692495
MAE: 1.7966249430621108
EVS: 0.5275698180319985
