Model: GRU
MSE: 4.025565678568842
MAE: 1.457370263558847
EVS: 0.5280495691843755
