Model: GRU
MSE: 10.322872591034594
MAE: 2.648504292523419
EVS: 0.3842859256917318
