Model: GRU
MSE: 4.689399199523483
MAE: 1.5641422978153936
EVS: 0.6346402501862327
