Model: GRU
MSE: 11.474623122769216
MAE: 2.827828583893952
EVS: 0.3508168919963147
