Model: GRU
MSE: 10.478375993275339
MAE: 2.484731603551794
EVS: 0.3219253310265049
