Model: GRU
MSE: 8.624754997564835
MAE: 2.458171561912254
EVS: 0.5543698605324183
