Model: GRU
MSE: 5.012489168560352
MAE: 1.789796211101391
EVS: 0.565981371188591
