Model: GRU
MSE: 5.392862054899011
MAE: 1.7569440735710993
EVS: 0.47505440818082134
