Model: GRU
MSE: 9.252829986532795
MAE: 2.5569113978633173
EVS: 0.5937610502628985
