Model: GRU
MSE: 4.109900711226963
MAE: 1.4348949679621943
EVS: 0.5182603073708576
