Model: GRU
MSE: 5.787289981707924
MAE: 1.829900406025074
EVS: 0.4128223564778313
