Model: GRU
MSE: 14.703316667137116
MAE: 3.42837361936216
EVS: 0.3878774230535794
