Model: GRU
MSE: 7.8142790490830025
MAE: 2.1297206525449393
EVS: 0.46053894319238864
