Model: GRU
MSE: 3.209311520368323
MAE: 1.2368482660364222
EVS: 0.6606225788078048
