Model: GRU
MSE: 3.241433752866939
MAE: 1.1915292033442744
EVS: 0.6483171203927873
