Model: GRU
MSE: 5.957153077153095
MAE: 1.8193191952175565
EVS: 0.5408484697267222
