Model: GRU
MSE: 5.192445570195307
MAE: 1.7380097353899924
EVS: 0.5335026260669131
