Model: GRU
MSE: 3.5192027119786182
MAE: 1.3649501977143463
EVS: 0.5941261950685551
