Model: GRU
MSE: 5.518084441345847
MAE: 1.7465366434167933
EVS: 0.576779799416169
