Model: GRU
MSE: 7.89600051270548
MAE: 2.2011469205220533
EVS: 0.4611107840359616
