Model: GRU
MSE: 9.079573001870003
MAE: 2.4614511419225615
EVS: 0.4060165953348768
