Model: GRU
MSE: 13802.357769279195
MAE: 117.44712970874927
EVS: -2.220446049250313e-16
