Model: GRU
MSE: 6.3751372555612775
MAE: 1.8913889107880766
EVS: 0.44484287681211
