Model: GRU
MSE: 5.099225731263552
MAE: 1.6177824868096247
EVS: 0.5354652346116485
