Model: GRU
MSE: 3.9994922200294076
MAE: 1.6628598460444701
EVS: 0.6541004775070174
