Model: GRU
MSE: 13.931970821379881
MAE: 3.1042871475219727
EVS: 0.29228438060555073
