Model: GRU
MSE: 4.349820862284323
MAE: 1.5387182235717773
EVS: 0.5278030156889464
