Model: GRU
MSE: 3.753447732936854
MAE: 1.323251759564435
EVS: 0.5648470638599423
