Model: GRU
MSE: 4.426090285584855
MAE: 1.604579431039316
EVS: 0.5934576169031985
