Model: GRU
MSE: 7.654392894744003
MAE: 2.2282203921565302
EVS: 0.5014908712627653
