Model: GRU
MSE: 5.799894569971069
MAE: 1.6722248218677662
EVS: 0.4514039449335653
