Model: GRU
MSE: 4.079854264967876
MAE: 1.4362000359429254
EVS: 0.5818048893639978
