Model: GRU
MSE: 4.179806393068045
MAE: 1.3688396877712674
EVS: 0.5677304973113869
