Model: GRU
MSE: 6.458878219090938
MAE: 1.760777402807165
EVS: 0.38989137164395304
