Model: GRU
MSE: 5.864832975739976
MAE: 1.8894446337664565
EVS: 0.6311966362030079
