Model: GRU
MSE: 5.362800366163642
MAE: 1.6689543194240992
EVS: 0.5057187771962555
