Model: GRU
MSE: 5.205331132233545
MAE: 1.616235574086507
EVS: 0.45571290007382337
