Model: GRU
MSE: 10.027087430506079
MAE: 2.5497011078728566
EVS: 0.30580350415156454
