Model: GRU
MSE: 13.13917482093458
MAE: 3.0653208450034812
EVS: 0.42044347914467994
