Model: GRU
MSE: 4.712364895998882
MAE: 1.5904009960315846
EVS: 0.6078046550021344
