Model: GRU
MSE: 10.923540817599099
MAE: 2.687583252235695
EVS: 0.4763796038659964
