Model: GRU
MSE: 9.024492484550642
MAE: 2.3224916104917166
EVS: 0.2879189208361006
