Model: GRU
MSE: 5.053975561157308
MAE: 1.69652760470355
EVS: 0.6282105006686868
