Model: GRU
MSE: 6.3088577665294
MAE: 1.8737719853719075
EVS: 0.3348375642462801
