Model: GRU
MSE: 5.444200915851062
MAE: 1.7479982905917697
EVS: 0.47791964055830705
