Model: GRU
MSE: 4.875105002403846
MAE: 1.5369521423622414
EVS: 0.580569568304053
