Model: GRU
MSE: 6.374174386439587
MAE: 1.941182736997251
EVS: 0.5729349859449003
