Model: GRU
MSE: 128.33076817665219
MAE: 10.841291233345315
EVS: -0.021429899280086318
