Model: GRU
MSE: 6.1705728422185375
MAE: 1.8107486477604615
EVS: 0.5799763630342778
