Model: GRU
MSE: 3.6370407529390274
MAE: 1.2909282931575068
EVS: 0.6017495692081127
