Model: GRU
MSE: 11.593259262780665
MAE: 2.794479175850197
EVS: 0.39421114375806554
