Model: GRU
MSE: 5.344801180325686
MAE: 1.5917225237245913
EVS: 0.3754502486857524
