Model: GRU
MSE: 8.155941121866118
MAE: 2.1689322259691024
EVS: 0.45405715065435037
