Model: GRU
MSE: 3.7485118316599255
MAE: 1.3388443699589483
EVS: 0.5608666587813544
