Model: GRU
MSE: 9.11581712407024
MAE: 2.326411547484221
EVS: 0.41657481118036455
