Model: GRU
MSE: 4.712625167448062
MAE: 1.5522072756731953
EVS: 0.49122507447891917
