Model: GRU
MSE: 5.148511899793641
MAE: 1.6009187521757904
EVS: 0.46536176150122077
