Model: GRU
MSE: 12.057733716011901
MAE: 2.972446883166278
EVS: 0.4153022983842293
