Model: GRU
MSE: 12.21869831646917
MAE: 2.9373545470061124
EVS: 0.5022494308207519
