Model: GRU
MSE: 10.941620241420617
MAE: 2.6998435303016945
EVS: 0.4659631014377875
