Model: GRU
MSE: 9.244473192088712
MAE: 2.4231542304710105
EVS: 0.4899392781860247
