Model: GRU
MSE: 9.166008237295515
MAE: 2.392015386510778
EVS: 0.37657598448157237
