Model: GRU
MSE: 6.239596789317138
MAE: 1.7584727428577565
EVS: 0.500400037611957
