Model: GRU
MSE: 8.003422197926435
MAE: 2.3198151058620873
EVS: 0.5758868730366034
