Model: GRU
MSE: 3.8453502404912436
MAE: 1.3667222305580422
EVS: 0.5799006963296786
