Model: GRU
MSE: 3.083736680234122
MAE: 1.3536093676531757
EVS: 0.6412134015164797
