Model: GRU
MSE: 3.727476640666341
MAE: 1.5170513965465404
EVS: 0.6124253167155618
