Model: GRU
MSE: 5.745039345422457
MAE: 1.762691921657986
EVS: 0.509419508059765
