Model: GRU
MSE: 13.199851193945134
MAE: 3.094097455342611
EVS: 0.41786274311486205
