Model: GRU
MSE: 6.476904702807494
MAE: 1.9270932056285714
EVS: 0.45942985768343647
