Model: GRU
MSE: 4.39205572084498
MAE: 1.5129977862040198
EVS: 0.6061439488446583
