Model: GRU
MSE: 5.573039045156342
MAE: 1.457134140862359
EVS: 0.477794990384261
