Model: GRU
MSE: 12.913134898568488
MAE: 2.950752788119846
EVS: 0.5212776991865846
