Model: GRU
MSE: 4.6555484153740405
MAE: 1.4970682991875544
EVS: 0.5792783108257273
