Model: GRU
MSE: 13.352551763773555
MAE: 3.1540825102064343
EVS: 0.38753534656787625
