Model: GRU
MSE: 13.147180588669032
MAE: 3.1425928186487266
EVS: 0.5069287264155633
