Model: GRU
MSE: 6.601449377479765
MAE: 2.0233791669209795
EVS: 0.5872731322372181
