Model: GRU
MSE: 7.686667273720196
MAE: 2.0718055477848756
EVS: 0.34084466113709655
