Model: GRU
MSE: 6.909020989803508
MAE: 1.895898748327184
EVS: 0.43553692029430446
