Model: GRU
MSE: 9.137198784317981
MAE: 2.4589721891615124
EVS: 0.5123040856883393
