Model: GRU
MSE: 6.743324367384088
MAE: 1.8228913942972815
EVS: 0.3708603076402618
