Model: GRU
MSE: 7.365753539147621
MAE: 2.0121565546308244
EVS: 0.41061289956033153
