Model: GRU
MSE: 4.364063451112231
MAE: 1.4657017566539623
EVS: 0.5553889260821239
