Model: GRU
MSE: 9.156251907381105
MAE: 2.078575098956073
EVS: 0.2864535052406405
