Model: GRU
MSE: 8.056493126948789
MAE: 2.1980862970705384
EVS: 0.37433934531053836
