Model: GRU
MSE: 5.97444308325136
MAE: 1.7811283358821162
EVS: 0.4383744163428901
