Model: GRU
MSE: 5.702654458341283
MAE: 1.8034289677937823
EVS: 0.5276667827697745
