Model: GRU
MSE: 9.031052534632584
MAE: 2.427410337660047
EVS: 0.5373202419177687
