Model: GRU
MSE: 4.367906415928111
MAE: 1.5035622208206743
EVS: 0.5314805406931677
