Model: GRU
MSE: 9.624868021437365
MAE: 2.547292197192157
EVS: 0.5235336195356107
