Model: GRU
MSE: 16299.055822650067
MAE: 127.64214381465206
EVS: 0.2333723156533104
