Model: GRU
MSE: 4.650871700351756
MAE: 1.528499744556568
EVS: 0.5981944228520892
