Model: GRU
MSE: 4.443224963411494
MAE: 1.554674987439756
EVS: 0.5012965990245427
