Model: GRU
MSE: 13.713631147171627
MAE: 3.268712396974917
EVS: 0.3999763513476282
