Model: GRU
MSE: 5.081492664293018
MAE: 1.6093313958909774
EVS: 0.5352938387074568
