Model: GRU
MSE: 3.616739458884678
MAE: 1.4991977832935475
EVS: 0.6333334570586366
