Model: GRU
MSE: 5.654884654921051
MAE: 1.93936264956439
EVS: 0.5300726263865325
