Model: GRU
MSE: 5.161226895932975
MAE: 1.6351570200037073
EVS: 0.5134527383978877
