Model: GRU
MSE: 12.598072127276948
MAE: 2.9831397974932634
EVS: 0.2988441415711427
