Model: GRU
MSE: 9.168375768154013
MAE: 2.498599794175889
EVS: 0.3497622275603012
