Model: GRU
MSE: 4.358038450504409
MAE: 1.4897074522795501
EVS: 0.5359530778215822
