Model: GRU
MSE: 7.012759220167068
MAE: 2.026744718904848
EVS: 0.5002166944969797
