Model: GRU
MSE: 6.398408542029891
MAE: 2.0575121420401117
EVS: 0.4798541462248209
