Model: GRU
MSE: 5.544032169149862
MAE: 1.7308766223766185
EVS: 0.5717731723566373
