Model: GRU
MSE: 21.56099230604687
MAE: 4.098253744619864
EVS: 0.4143086778156111
