Model: GRU
MSE: 5.77421206875075
MAE: 1.6202496775874382
EVS: 0.4583850449098509
