Model: GRU
MSE: 6.745910004023312
MAE: 2.0836301026520903
EVS: 0.6054320449146653
