Model: GRU
MSE: 5.16615044360663
MAE: 1.8100157137270327
EVS: 0.6928171311534739
