Model: GRU
MSE: 3.9516428904645617
MAE: 1.4191287711814597
EVS: 0.6353984472940404
