Model: GRU
MSE: 10.114252920118023
MAE: 2.611250877380371
EVS: 0.5229047082968417
