Model: GRU
MSE: 8.807568084752
MAE: 2.4356769455803766
EVS: 0.5209585090542093
