Model: GRU
MSE: 6.990243473258555
MAE: 2.1369171495790833
EVS: 0.5549536679158569
