Model: GRU
MSE: 7.910563307579717
MAE: 2.1036382604528354
EVS: 0.4845729893008641
