Model: GRU
MSE: 5.207231097001837
MAE: 1.7388309902615016
EVS: 0.6581665921880322
