Model: GRU
MSE: 3.5067300646711477
MAE: 1.277159125716598
EVS: 0.588903432954226
