Model: GRU
MSE: 3.3950866920866045
MAE: 1.226167290299027
EVS: 0.6135134535452611
