Model: GRU
MSE: 7.908867646578426
MAE: 2.156884334705494
EVS: 0.5013150593997215
