Model: GRU
MSE: 10.760133435091458
MAE: 2.776642269558377
EVS: 0.579898463859493
