Model: GRU
MSE: 5.22864881438023
MAE: 1.723749690585666
EVS: 0.5728612135149957
