Model: GRU
MSE: 6.268659084672442
MAE: 1.7232389626679594
EVS: 0.4579956320657176
