Model: GRU
MSE: 3.349743676911135
MAE: 1.1912191532276293
EVS: 0.6435592561036723
