Model: GRU
MSE: 1180.9824378778471
MAE: 34.23513815138075
EVS: -0.04786465084961411
