Model: GRU
MSE: 10.090041776671299
MAE: 2.7474683125813804
EVS: 0.6464033575800074
