Model: GRU
MSE: 9.33891765508
MAE: 2.420177671644422
EVS: 0.23161418842306902
