Model: GRU
MSE: 8.38164553608935
MAE: 2.201967186397976
EVS: 0.4255025825344787
