Model: GRU
MSE: 5.323428925775918
MAE: 1.673705807438603
EVS: 0.5709428031308879
