Model: GRU
MSE: 5.221532336283021
MAE: 1.6793402036031086
EVS: 0.38794793459702537
