Model: GRU
MSE: 9.630919697644254
MAE: 2.408781793382432
EVS: 0.359357503287268
