Model: GRU
MSE: 4.7580974538770064
MAE: 1.6060931947496202
EVS: 0.5114463491839827
