Model: GRU
MSE: 9.691861619441791
MAE: 2.650268660651313
EVS: 0.6177376127440394
