Model: GRU
MSE: 12.850246019156293
MAE: 2.945382453777172
EVS: 0.22590146492023366
