Model: GRU
MSE: 5.341753633280758
MAE: 1.820342664365415
EVS: 0.6658086979910358
