Model: GRU
MSE: 3.9649074368964174
MAE: 1.3787854865745262
EVS: 0.5430032021479594
