Model: GRU
MSE: 7.819479671641805
MAE: 2.22683157744231
EVS: 0.487763114460128
