Model: GRU
MSE: 4.301869481680923
MAE: 1.5274261192039207
EVS: 0.5801779828080986
