Model: GRU
MSE: 6.148672655608994
MAE: 1.871860963326913
EVS: 0.45298950020017414
