Model: GRU
MSE: 12.945663544791799
MAE: 3.034823929822003
EVS: 0.5172786729862431
