Model: GRU
MSE: 951.4842275669195
MAE: 30.727288281476056
EVS: 0.1420377622428246
