Model: GRU
MSE: 7.627577930494764
MAE: 2.1656910931622537
EVS: 0.5353555501285903
