Model: GRU
MSE: 7.124307742224708
MAE: 1.9382140194928204
EVS: 0.2135073990058468
