Model: GRU
MSE: 6.9498925079339084
MAE: 1.9736194787202057
EVS: 0.18595971897042596
