Model: GRU
MSE: 6.5249365331870495
MAE: 1.6367242424576371
EVS: 0.4164434354670765
