Model: GRU
MSE: 7.573344511178657
MAE: 2.009813061466923
EVS: 0.4047294757215475
