Model: GRU
MSE: 3.2090830447132923
MAE: 1.1876365873548718
EVS: 0.6359141544182894
