Model: GRU
MSE: 7.062723536794018
MAE: 2.1028154514454025
EVS: 0.5901688042769735
