Model: GRU
MSE: 5.250473050433533
MAE: 1.6556440459357367
EVS: 0.4342223761342009
