Model: GRU
MSE: 4.416636386851207
MAE: 1.4721271373607494
EVS: 0.49314729245169064
