Model: GRU
MSE: 5.355854662766137
MAE: 1.5792277830618398
EVS: 0.5969039120791061
