Model: GRU
MSE: 15.131758969489354
MAE: 3.4179515838623047
EVS: 0.3439956279447208
