Model: GRU
MSE: 6.566409769291482
MAE: 1.7478519015842013
EVS: 0.3788093146285736
