Model: GRU
MSE: 5.671641578582542
MAE: 1.699236269350405
EVS: 0.48887654144018844
