Model: GRU
MSE: 3.788007749756077
MAE: 1.3862878304940682
EVS: 0.5831361136073347
