Model: GRU
MSE: 7.3269283844964415
MAE: 2.1362711411935305
EVS: 0.4758801319585825
