Model: GRU
MSE: 7.6885949593879115
MAE: 2.0618504241660784
EVS: 0.41124196370968125
