Model: GRU
MSE: 4.721371146517455
MAE: 1.5426951337743688
EVS: 0.5249296737187377
