Model: GRU
MSE: 5.241432282886636
MAE: 1.651634481218126
EVS: 0.4347709639129328
