Model: GRU
MSE: 8.987314339819358
MAE: 2.4372058797765654
EVS: 0.528474495126641
