Model: GRU
MSE: 5.9091082453722885
MAE: 1.6212571815208152
EVS: 0.45342533078319924
