Model: GRU
MSE: 6.525198249217022
MAE: 1.6681801251002717
EVS: 0.4483961502346856
