Model: GRU
MSE: 6.910069489834414
MAE: 1.715892685784234
EVS: 0.348658511583542
