Model: GRU
MSE: 7.993615071560269
MAE: 2.1746283258710584
EVS: 0.4962450757890101
