Model: GRU
MSE: 3.9653078722328954
MAE: 1.3556511490433305
EVS: 0.5422980953150629
