Model: GRU
MSE: 3.8677653526271434
MAE: 1.4775494116323966
EVS: 0.5512315812734591
