Model: GRU
MSE: 7.7323570990860695
MAE: 2.02251962379173
EVS: 0.38833844129999984
