Model: GRU
MSE: 5.600032258455308
MAE: 1.7581784813492385
EVS: 0.5618338389952264
