Model: GRU
MSE: 4.58957465418091
MAE: 1.5927801485414856
EVS: 0.5904790745662396
