Model: GRU
MSE: 10.228948296926934
MAE: 2.582508669959174
EVS: 0.15628144070510652
