Model: GRU
MSE: 7.283703387461499
MAE: 1.9191110575640637
EVS: 0.4100759518205741
