Model: GRU
MSE: 7.617977830988305
MAE: 2.2174447200916427
EVS: 0.5240225411652034
