Model: GRU
MSE: 11.005050546293422
MAE: 2.7826557159423824
EVS: 0.35017983754078974
