Model: GRU
MSE: 5.2821509150023
MAE: 1.6628163655598958
EVS: 0.4474339362738925
