Model: GRU
MSE: 8.410674840745632
MAE: 2.1945663558112245
EVS: 0.2833141545648372
