Model: GRU
MSE: 3.673146396250946
MAE: 1.350417137145996
EVS: 0.5851414319359521
