Model: GRU
MSE: 6.4540676074745305
MAE: 2.023018607386836
EVS: 0.631973346922327
