Model: GRU
MSE: 4.998304763322697
MAE: 1.6428495866281014
EVS: 0.5985586279976949
