Model: GRU
MSE: 7.705533518237111
MAE: 1.7977683632462111
EVS: 0.27425476759089584
