Model: GRU
MSE: 5.0609668021466705
MAE: 1.6167252681873463
EVS: 0.5358543357787793
