Model: GRU
MSE: 376.5319290604162
MAE: 19.181352297465008
EVS: -0.009163575199846674
