Model: GRU
MSE: 4.791660615219927
MAE: 1.5541640740853768
EVS: 0.5445433750059485
