Model: GRU
MSE: 9.97776734174719
MAE: 2.5147168901231556
EVS: 0.42548213727637074
