Model: GRU
MSE: 7.0650332941180585
MAE: 1.8209053959165298
EVS: 0.4083192614840333
