Model: GRU
MSE: 6.353150093484205
MAE: 1.822341442108154
EVS: 0.29492876431927173
