Model: GRU
MSE: 16.343583267503394
MAE: 3.5474653597231263
EVS: 0.24465458176959654
