Model: GRU
MSE: 8.0619960659712
MAE: 2.237244641339337
EVS: 0.5076633921176326
