Model: GRU
MSE: 13.351008099220019
MAE: 3.1177668041653104
EVS: 0.5540079714037638
