Model: GRU
MSE: 5.579557639020533
MAE: 1.7741739838211623
EVS: 0.6146206996527965
