Model: GRU
MSE: 7.2063346938258634
MAE: 2.00228088873404
EVS: 0.5057130120127015
