Model: GRU
MSE: 20675.488436952786
MAE: 143.75297489872685
EVS: 0.0
