Model: GRU
MSE: 4.984427078196463
MAE: 1.6397493327105488
EVS: 0.5673087478059321
