Model: GRU
MSE: 13.918760904238296
MAE: 3.1295289993286133
EVS: 0.3384721464490109
