Model: GRU
MSE: 4.372709520359801
MAE: 1.5178226364983454
EVS: 0.5067636873758583
