Model: GRU
MSE: 7.9310852626745545
MAE: 1.975565009646945
EVS: 0.32905494585931827
