Model: GRU
MSE: 4.959512526988782
MAE: 1.720872508154975
EVS: 0.43218630359414567
