Model: GRU
MSE: 4.9087356191620835
MAE: 1.627349235393383
EVS: 0.5393033876707414
