Model: GRU
MSE: 5.86675495367234
MAE: 1.6826563941107855
EVS: 0.44499645730592763
