Model: GRU
MSE: 4.614837216009905
MAE: 1.4613355000813801
EVS: 0.5065882337069939
