Model: GRU
MSE: 7.026239641110021
MAE: 2.0276501443650985
EVS: 0.4935044495593185
