Model: GRU
MSE: 7.048209807350276
MAE: 1.9595295764781806
EVS: 0.41155554529217087
