Model: GRU
MSE: 8.352885688372957
MAE: 2.3002877941838014
EVS: 0.4826138477808236
