Model: GRU
MSE: 5.050793757562764
MAE: 1.4986689355638292
EVS: 0.5054131807818629
