Model: GRU
MSE: 11.98803265826392
MAE: 2.7192376454671225
EVS: 0.30473457894400846
