Model: GRU
MSE: 11.544563212503984
MAE: 2.799387967145001
EVS: 0.3417524948828191
