Model: GRU
MSE: 4.3870530802761785
MAE: 1.4696209695604112
EVS: 0.5427480645947222
