Model: GRU
MSE: 6.4854792502987175
MAE: 1.880334624537715
EVS: 0.4442964421890492
