Model: GRU
MSE: 12.55964665381439
MAE: 3.057984634681984
EVS: 0.5664700962544675
