Model: GRU
MSE: 3.4029334661291966
MAE: 1.2697831083227087
EVS: 0.6121883342117527
