Model: GRU
MSE: 6.321803417568592
MAE: 1.7559845182630751
EVS: 0.4242588071652216
