Model: GRU
MSE: 10.335202799839585
MAE: 2.5423207989445435
EVS: 0.25150081049872475
