Model: GRU
MSE: 7.677128285302514
MAE: 1.7562982241312664
EVS: 0.3002606785547498
