Model: GRU
MSE: 11.309223894729257
MAE: 2.777119036074038
EVS: 0.5176877680622143
