Model: GRU
MSE: 5.261112993884328
MAE: 1.814337341873734
EVS: 0.4279242298902748
