Model: GRU
MSE: 6.396133557725981
MAE: 1.7708913131996435
EVS: 0.5471029802027605
