Model: GRU
MSE: 7.779391909372583
MAE: 2.090585090495922
EVS: 0.3410040060002303
