Model: GRU
MSE: 9.04368902758421
MAE: 2.4339942402309838
EVS: 0.6187273977612007
