Model: GRU
MSE: 7.503737485545697
MAE: 2.149824018831606
EVS: 0.5071268978149968
