Model: GRU
MSE: 7.841657220249375
MAE: 2.279579621774179
EVS: 0.5656009744025311
