Model: GRU
MSE: 7.19015287496394
MAE: 2.2078508800930443
EVS: 0.5787310768113239
