Model: GRU
MSE: 3.8118910642248696
MAE: 1.4610902468363445
EVS: 0.6732424200139027
