Model: GRU
MSE: 7.340929869280115
MAE: 2.102478398217095
EVS: 0.5379740233011876
