Model: GRU
MSE: 11.850578178113528
MAE: 2.8476996598420317
EVS: 0.24885114495151817
