Model: GRU
MSE: 5.350291643500896
MAE: 1.7241925133599176
EVS: 0.6003921523707332
