Model: GRU
MSE: 7.031446008392643
MAE: 1.9551104439629452
EVS: 0.22405024761022396
