Model: GRU
MSE: 6.773047820562062
MAE: 1.8443633999143327
EVS: 0.4275717520193215
