Model: GRU
MSE: 4.289721708439747
MAE: 1.4224377738104925
EVS: 0.5233482446240986
