Model: GRU
MSE: 12.22528674985172
MAE: 2.848049093175817
EVS: 0.19957871902924018
