Model: GRU
MSE: 8.006770123798761
MAE: 1.9213823035911277
EVS: 0.24844854002347172
