Model: GRU
MSE: 4.2734037523423964
MAE: 1.4232894049750433
EVS: 0.5668680564679778
