Model: GRU
MSE: 4.986246995442259
MAE: 1.5780363436098452
EVS: 0.4280741272669597
