Model: GRU
MSE: 5.665954000037009
MAE: 1.7076408598158095
EVS: 0.44716178731166134
