Model: GRU
MSE: 6.730694587228239
MAE: 1.6906624723363803
EVS: 0.36339630055754635
