Model: GRU
MSE: 5.926023432856035
MAE: 1.8147074028297705
EVS: 0.567752790569755
