Model: GRU
MSE: 5.081422827326605
MAE: 1.6976432093867548
EVS: 0.593461051606669
