Model: GRU
MSE: 4.886767017158583
MAE: 1.5691484698542841
EVS: 0.5802838682498688
