Model: GRU
MSE: 6.363055046254136
MAE: 1.9196408059861925
EVS: 0.30825897830099847
