Model: GRU
MSE: 4.975364422791944
MAE: 1.6972504545141147
EVS: 0.6470926175685587
