Model: GRU
MSE: 3.666966158233983
MAE: 1.3247791926066081
EVS: 0.5981601366953184
