Model: GRU
MSE: 4.894494228974702
MAE: 1.5246284096329301
EVS: 0.560513424712186
