Model: GRU
MSE: 9.566692633797697
MAE: 2.357371012369791
EVS: 0.2777151590348701
