Model: GRU
MSE: 11.53226703151227
MAE: 2.921224664758753
EVS: 0.5917496109999685
