Model: GRU
MSE: 4.8555045470563565
MAE: 1.617568298622414
EVS: 0.45012133451374103
