Model: GRU
MSE: 5.984383288161636
MAE: 1.5812954726042572
EVS: 0.4379818062154893
