Model: GRU
MSE: 4.988141095411594
MAE: 1.6958768809283222
EVS: 0.4485057855882213
