Model: GRU
MSE: 4.923419413826498
MAE: 1.5493794547186954
EVS: 0.5620052979599005
