Model: GRU
MSE: 5.245660680222735
MAE: 1.6642026901245117
EVS: 0.46747343617544157
