Model: GRU
MSE: 5.3318030060043515
MAE: 1.516996171739366
EVS: 0.49608289273399375
