Model: GRU
MSE: 12.034118865126686
MAE: 2.822216599075882
EVS: 0.1941729116994667
