Model: GRU
MSE: 4.095820934898416
MAE: 1.412760575612386
EVS: 0.5840234366779382
