Model: GRU
MSE: 4.476810331547818
MAE: 1.475563649778013
EVS: 0.5097076046387848
