Model: GRU
MSE: 4.119535754983661
MAE: 1.4674304326375325
EVS: 0.6249496514168407
