Model: GRU
MSE: 4.106866326791162
MAE: 1.4352919260660808
EVS: 0.5492709767078885
