Model: GRU
MSE: 5.631278151870203
MAE: 1.7319338233382613
EVS: 0.42038231757993205
