Model: GRU
MSE: 4.807843061022014
MAE: 1.5276281745345504
EVS: 0.4628033159803253
