Model: GRU
MSE: 6.541578958562223
MAE: 1.860395926016348
EVS: 0.4738822765524807
