Model: GRU
MSE: 3.2501301135653446
MAE: 1.238025223767316
EVS: 0.6222164362514182
