Model: GRU
MSE: 7.814556959694897
MAE: 1.928949885898166
EVS: 0.2963280770178084
