Model: GRU
MSE: 6.285415335404002
MAE: 1.9145746407685453
EVS: 0.4733903107111631
