Model: GRU
MSE: 4.0230988656805104
MAE: 1.4999051094055176
EVS: 0.6811824004824982
