Model: GRU
MSE: 6.838754334430833
MAE: 2.1269178037290217
EVS: 0.6519980567766477
