Model: GRU
MSE: 5.632941635674014
MAE: 1.7338041552790886
EVS: 0.4632967896289516
