Model: GRU
MSE: 6.85183662615995
MAE: 2.009764335773609
EVS: 0.5468093245104806
