Model: GRU
MSE: 8.906252044327182
MAE: 2.3576524345963086
EVS: 0.39234328924198936
