Model: GRU
MSE: 5.525903172052789
MAE: 1.7086065963462544
EVS: 0.5597810785706077
