Model: GRU
MSE: 8.240381873594783
MAE: 2.2117264535692
EVS: 0.5159104566044844
