Model: GRU
MSE: 3.359787455752338
MAE: 1.2088377034222637
EVS: 0.61669278597998
