Model: GRU
MSE: 4.611293684204081
MAE: 1.5900507856298376
EVS: 0.5269250746464712
