Model: GRU
MSE: 4.905335022365863
MAE: 1.624744697853371
EVS: 0.5220814406026469
