Model: GRU
MSE: 6.817760332031749
MAE: 1.946677384553132
EVS: 0.44653329414150766
