Model: GRU
MSE: 6.410960588176698
MAE: 1.5613949740374526
EVS: 0.3947065569184175
