Model: GRU
MSE: 7.939907057743689
MAE: 2.2175686977527755
EVS: 0.4448680547489967
