Model: GRU
MSE: 6.595306592999408
MAE: 1.9212174768801082
EVS: 0.4510225703459224
