Model: GRU
MSE: 6.573957112536463
MAE: 1.7626596348626273
EVS: 0.44389659751814303
