Model: GRU
MSE: 13.788164280725429
MAE: 3.218658753803798
EVS: 0.33940622754810257
