Model: GRU
MSE: 5.806284254972803
MAE: 1.7299964516251174
EVS: 0.5723984140606875
