Model: GRU
MSE: 9.326086444303998
MAE: 2.4290327672605154
EVS: 0.3762133091503914
