Model: GRU
MSE: 6.332211634257022
MAE: 1.8763341727080165
EVS: 0.3843992545100554
