Model: GRU
MSE: 5.091291879726871
MAE: 1.5844377235130027
EVS: 0.5750249805702764
