Model: GRU
MSE: 451.1706262667526
MAE: 20.986759927537705
EVS: -0.014747377856733968
