Model: GRU
MSE: 5.350245113367599
MAE: 1.6509337778444642
EVS: 0.4789283751861537
