Model: GRU
MSE: 13.870510763789449
MAE: 3.1107502690068
EVS: 0.47579539476063604
