Model: GRU
MSE: 7.425696860447698
MAE: 2.0052604322080256
EVS: 0.2861331996526607
