Model: GRU
MSE: 6.475819683994915
MAE: 1.859440980134187
EVS: 0.5458240159183136
