Model: GRU
MSE: 14.190087479769247
MAE: 3.361527513574671
EVS: 0.3825812845341131
