Model: GRU
MSE: 4.001739386390033
MAE: 1.457675298055013
EVS: 0.5965368822101436
