Model: GRU
MSE: 11.684529291601983
MAE: 2.886857209382234
EVS: 0.48607224498076085
