Model: GRU
MSE: 11.186394405109096
MAE: 2.685113783235903
EVS: 0.4582750774492955
