Model: GRU
MSE: 6.300223499694396
MAE: 1.8383614928634076
EVS: 0.5032964847730245
