Model: GRU
MSE: 6.312807568982406
MAE: 1.9795886852123117
EVS: 0.6187337923270432
