Model: GRU
MSE: 8.315602853321327
MAE: 2.343130871101662
EVS: 0.6142424348177137
