Model: GRU
MSE: 9.49430795882006
MAE: 2.4351893707557957
EVS: 0.3549341813470126
