Model: GRU
MSE: 6.22463920197136
MAE: 1.7970814528288666
EVS: 0.4186379472547055
