Model: GRU
MSE: 5.509536470934454
MAE: 1.856225843782778
EVS: 0.3875308596053313
