Model: GRU
MSE: 7.939307353325249
MAE: 1.9234928908171478
EVS: 0.24912510222159256
