Model: GRU
MSE: 5.808448228988843
MAE: 1.8567220899793835
EVS: 0.5763355513796662
