Model: GRU
MSE: 3.8880901685141556
MAE: 1.4428401699772588
EVS: 0.6199195117478374
