Model: GRU
MSE: 6.880991079989766
MAE: 2.0783788186532477
EVS: 0.6196154058658235
