Model: GRU
MSE: 9.437023140524936
MAE: 2.375778904667607
EVS: 0.17188816629185666
