Model: GRU
MSE: 7.739042542174763
MAE: 2.053865874255145
EVS: 0.4466076606627175
