Model: GRU
MSE: 3.666224278102896
MAE: 1.3767910180268463
EVS: 0.5749932999488705
