Model: GRU
MSE: 7.166554214612148
MAE: 1.9121758672926157
EVS: 0.3570031384010359
