Model: GRU
MSE: 8.294341667533898
MAE: 2.0924144812992638
EVS: 0.4108637143012953
