Model: GRU
MSE: 9.421780785288806
MAE: 2.5383867334436485
EVS: 0.5573661715256999
