Model: GRU
MSE: 7.8092051546444
MAE: 2.1092415915595155
EVS: 0.3702895040665659
