Model: GRU
MSE: 9.02849425839809
MAE: 2.1824188232421875
EVS: 0.1648923083867223
