Model: GRU
MSE: 5.057806898773648
MAE: 1.6357368186668113
EVS: 0.5479005906280665
