Model: GRU
MSE: 8.7775786431539
MAE: 2.4596255267107923
EVS: 0.6332728782361514
