Model: GRU
MSE: 4.8046063961323
MAE: 1.624079527678313
EVS: 0.6560520527250526
