Model: GRU
MSE: 8.304760347992683
MAE: 2.143966039021809
EVS: 0.3751577867206737
