Model: GRU
MSE: 9.196605237117215
MAE: 2.374310663768223
EVS: 0.34348761265353145
