Model: GRU
MSE: 3.8549750885913117
MAE: 1.373217194168656
EVS: 0.563781519649662
