Model: GRU
MSE: 4.217672902541608
MAE: 1.4695266617669
EVS: 0.5422621097545266
