Model: GRU
MSE: 4.442680101295739
MAE: 1.4939516562002677
EVS: 0.4837565028581051
