Model: GRU
MSE: 4.769500856233629
MAE: 1.5590086689701788
EVS: 0.5955974218577759
