Model: GRU
MSE: 4.9721130266025115
MAE: 1.646858321295844
EVS: 0.6250395065813248
