Model: GRU
MSE: 10.39434419871631
MAE: 2.753435841313115
EVS: 0.6191845000848748
