Model: GRU
MSE: 3.713836074813807
MAE: 1.3381661309136286
EVS: 0.5659424011564925
