Model: GRU
MSE: 5.314559254955964
MAE: 1.7242888521265098
EVS: 0.5714915410268399
