Model: GRU
MSE: 6.248749229239887
MAE: 1.9812581097638162
EVS: 0.5945403494881702
