Model: GRU
MSE: 3.9764721937837697
MAE: 1.3942116808008265
EVS: 0.5524374011612035
