Model: GRU
MSE: 6.0126000330699805
MAE: 1.5767271430404095
EVS: 0.4582096865417532
