Model: GRU
MSE: 13.592445185492444
MAE: 3.169979837205675
EVS: 0.5506911396353542
