Model: GRU
MSE: 3.4599174665496673
MAE: 1.2368152936299641
EVS: 0.5979195721770254
