Model: GRU
MSE: 30.502408141594405
MAE: 4.2681679593192206
EVS: -0.11927955077548225
