Model: GRU
MSE: 31.89390414884143
MAE: 3.8849255508846707
EVS: -0.17768371107597747
