Model: GRU
MSE: 37.160554679905545
MAE: 4.572359200980928
EVS: -0.37770186346294765
