Model: GRU
MSE: 14.26601017022681
MAE: 2.7813668251037598
EVS: 0.6104759323035063
