Model: GRU
MSE: 43.5036816097816
MAE: 4.685257646772596
EVS: -0.19198595214103942
