Model: GRU
MSE: 16.47937216884847
MAE: 3.127651991667571
EVS: 0.544919386654448
