Model: GRU
MSE: 25.498335176450627
MAE: 3.7124988547077886
EVS: 0.05756715475365426
