Model: GRU
MSE: 31.533666060316598
MAE: 3.8962350244875306
EVS: -0.15755296039486555
