Model: GRU
MSE: 19.561567265496244
MAE: 3.1971316072675915
EVS: 0.504993493999226
