Model: GRU
MSE: 23.29140978671098
MAE: 3.7815455242439553
EVS: 0.3968145093895459
