Model: GRU
MSE: 36.14119311113059
MAE: 4.456079895849581
EVS: -0.2605074723235703
