Model: GRU
MSE: 19.998421244841445
MAE: 3.193859995515258
EVS: 0.45529078869945305
