Model: GRU
MSE: 31.843826922388526
MAE: 3.851941137402146
EVS: -0.17126381471794971
