Model: GRU
MSE: 21.56175312408984
MAE: 3.6938696614018194
EVS: 0.4825498607245582
