Model: GRU
MSE: 20.397139181932065
MAE: 3.1550126958776405
EVS: 0.4225102065471391
