Model: GRU
MSE: 22.48891703653539
MAE: 3.265550406994643
EVS: 0.3642102301619934
