Model: GRU
MSE: 21.18030404511874
MAE: 3.4834403461880155
EVS: 0.42336989904468336
