Model: GRU
MSE: 18.790335635063865
MAE: 3.329922075624819
EVS: 0.46781087635922314
