Model: GRU
MSE: 24.397980446710942
MAE: 3.610281807404977
EVS: 0.3903290160649969
