Model: GRU
MSE: 18.628005317114727
MAE: 3.2784037556913166
EVS: 0.4795885858769615
