Model: GRU
MSE: 23.75195069125885
MAE: 3.4697709525073015
EVS: 0.34789312932077865
