Model: GRU
MSE: 13.850052657625097
MAE: 3.0550306108262806
EVS: 0.6006041766707277
