Model: GRU
MSE: 12.933664254167494
MAE: 2.884466653620755
EVS: 0.6388246495240075
