Model: GRU
MSE: 28.671519306619203
MAE: 3.928625133302477
EVS: 0.020125356681424567
