Model: GRU
MSE: 19.031304694084746
MAE: 2.976987282435099
EVS: 0.4728786314250232
