Model: GRU
MSE: 20.058335230558573
MAE: 3.39238491764775
EVS: 0.4542472813074182
