Model: GRU
MSE: 21.34717196535433
MAE: 3.2772624316038907
EVS: 0.396194031819613
