Model: GRU
MSE: 18.420193989378422
MAE: 3.0373222872062966
EVS: 0.4878455127888045
