Model: GRU
MSE: 26.983865524440986
MAE: 3.60926215019491
EVS: 0.26104312868369217
