Model: GRU
MSE: 29.050876415050887
MAE: 3.8659652030026472
EVS: -0.06458710315872929
