Model: GRU
MSE: 21.019224856687533
MAE: 3.2945242987738714
EVS: 0.4087023500809708
