Model: GRU
MSE: 17.364159317006497
MAE: 3.0638916933978044
EVS: 0.5096836624766876
