Model: GRU
MSE: 26.281176865607677
MAE: 3.6128571232159934
EVS: 0.27098100327388197
