Model: GRU
MSE: 20.128883273530803
MAE: 3.06574167587139
EVS: 0.4302507632900934
