Model: GRU
MSE: 68.88579496816249
MAE: 6.50333257957741
EVS: -1.5781709244664923
