Model: GRU
MSE: 23.994915217527414
MAE: 3.4295387974491827
EVS: 0.3253010282811273
