Model: GRU
MSE: 18.516602682852618
MAE: 2.95248231181392
EVS: 0.476847167711712
