Model: GRU
MSE: 20.43700214992276
MAE: 3.7517504162258573
EVS: 0.46288938206524954
