Model: GRU
MSE: 19.88064257332032
MAE: 3.0280898853584572
EVS: 0.4399029057226498
