Model: GRU
MSE: 22.809501314497247
MAE: 3.6360757262618453
EVS: 0.4190344180024339
