Model: GRU
MSE: 18.7848099110973
MAE: 3.700446022881402
EVS: 0.5050896326094678
