Model: GRU
MSE: 23.08055866622632
MAE: 3.3928999459301985
EVS: 0.4089355556754447
