Model: GRU
MSE: 21.301557606816427
MAE: 3.3321728529753507
EVS: 0.46977168197871855
