Model: GRU
MSE: 26.53976408644451
MAE: 3.361559240906327
EVS: 0.27993415396760135
