Model: GRU
MSE: 24.883839543256947
MAE: 3.482777976879367
EVS: 0.30017064796809034
