Model: GRU
MSE: 28.787514689760755
MAE: 3.8518916412636086
EVS: -0.0032803232520337566
