Model: GRU
MSE: 20.01688016654168
MAE: 3.3402894691184715
EVS: 0.4541438792293301
