Model: GRU
MSE: 15.146329130869812
MAE: 3.035760105760009
EVS: 0.6237764663041605
