Model: GRU
MSE: 27.15122228359446
MAE: 3.910313763000347
EVS: 0.0036194484690370565
