Model: GRU
MSE: 22.276409696884794
MAE: 3.5769058068593345
EVS: 0.3805813668487741
