Model: GRU
MSE: 21.476856646189365
MAE: 3.1825821929507785
EVS: 0.4019409597141672
