Model: GRU
MSE: 30.864849999274938
MAE: 4.221846668808548
EVS: 0.008572694364609279
