Model: GRU
MSE: 13.01086698705419
MAE: 2.857118778758579
EVS: 0.6540404104522903
