Model: GRU
MSE: 43.47976786385936
MAE: 4.907981854897958
EVS: -0.37027004783902395
