Model: GRU
MSE: 16.360532670322975
MAE: 3.091729278917666
EVS: 0.5382013605881277
