Model: GRU
MSE: 22.30790166587513
MAE: 3.3713685583185264
EVS: 0.37131420928287395
