Model: GRU
MSE: 22.28106704511978
MAE: 3.30785193266692
EVS: 0.40144248692190165
