Model: GRU
MSE: 20.582560377802196
MAE: 2.995455688900418
EVS: 0.42888527819202593
