Model: GRU
MSE: 20.52325830831563
MAE: 3.2115536045145103
EVS: 0.4476706600788416
