Model: GRU
MSE: 18.427589710581415
MAE: 3.324029975467258
EVS: 0.5222616706380593
