Model: GRU
MSE: 19.360442213834116
MAE: 3.1846569644080267
EVS: 0.4533639501817408
