Model: GRU
MSE: 21.67055636101694
MAE: 3.1555543034164995
EVS: 0.42247658713090475
