Model: GRU
MSE: 28.426753341760794
MAE: 4.040320855599862
EVS: 0.03978887563435851
