Model: GRU
MSE: 22.092130993028768
MAE: 3.521548783337628
EVS: 0.4048802440847019
