Model: GRU
MSE: 27.94231826221622
MAE: 3.9267930631284362
EVS: 0.026693454802218297
