Model: GRU
MSE: 14.35598769007192
MAE: 2.916514039591507
EVS: 0.5936673573392792
