Model: GRU
MSE: 25.61892268251761
MAE: 3.775174273384942
EVS: 0.09623070887587226
