Model: GRU
MSE: 18.18882390815475
MAE: 2.926418666486387
EVS: 0.4866657005663917
