Model: GRU
MSE: 21.613399715743054
MAE: 3.2942585547765098
EVS: 0.3949946521552147
