Model: GRU
MSE: 23.034221035037287
MAE: 3.7837264626114457
EVS: 0.5324249604249264
