Model: GRU
MSE: 30.365426713036566
MAE: 4.013616323471069
EVS: -0.13555243326236743
