Model: GRU
MSE: 130.7018156857127
MAE: 9.743157927636746
EVS: -0.013300065557652507
