Model: GRU
MSE: 32.39826738126035
MAE: 4.199506547715929
EVS: -0.07301756911331303
