Model: GRU
MSE: 36.44724096766257
MAE: 4.292976772343671
EVS: -0.33861755243258496
