Model: GRU
MSE: 17.305770399655735
MAE: 3.36094077428182
EVS: 0.5305655158314397
