Model: GRU
MSE: 23.95736968799097
MAE: 3.916171356483742
EVS: 0.41122084275068793
