Model: GRU
MSE: 17.9323997890901
MAE: 3.1578852159005626
EVS: 0.4923582584373982
