Model: GRU
MSE: 34.07025814390907
MAE: 4.322372246671606
EVS: -0.2725697088827195
