Model: GRU
MSE: 29.321913424475277
MAE: 4.0321652536039
EVS: -0.05814125829174488
