Model: GRU
MSE: 19.414143426256974
MAE: 3.1775105087845414
EVS: 0.46508747422942165
