Model: GRU
MSE: 21.594119046200003
MAE: 3.1169680798495256
EVS: 0.38840810437944295
