Model: GRU
MSE: 23.93027246155018
MAE: 3.3309961954752603
EVS: 0.3377706642899745
