Model: GRU
MSE: 21.887895588197587
MAE: 3.2778160903188915
EVS: 0.38282128320829745
