Model: GRU
MSE: 18.74284207429137
MAE: 3.094376160038842
EVS: 0.48763841165256394
