Model: GRU
MSE: 23.366202918782783
MAE: 3.6338612415172435
EVS: 0.3910903031725699
