Model: GRU
MSE: 34.25252984462049
MAE: 4.177951792875926
EVS: -0.17862606984891127
