Model: GRU
MSE: 12.441315915159153
MAE: 2.7650349316773593
EVS: 0.6832585075336999
