Model: GRU
MSE: 37.80575107958818
MAE: 4.440360855173181
EVS: -0.37820900805267277
