Model: GRU
MSE: 13.574378467485364
MAE: 2.9415996218169176
EVS: 0.6080241241135768
