Model: GRU
MSE: 36.52928663550665
MAE: 4.847760483070656
EVS: -0.2852035665799575
