Model: GRU
MSE: 37.25004254193748
MAE: 4.400673755577633
EVS: -0.4151709376625934
