Model: GRU
MSE: 759.9391223647721
MAE: 26.9441423062925
EVS: 0.03826392467090889
