Model: GRU
MSE: 35.30376593717514
MAE: 4.026687511691341
EVS: -0.3176351564077402
