Model: GRU
MSE: 20.543009651009783
MAE: 3.2062899006737604
EVS: 0.4473509595436457
