Model: GRU
MSE: 24.069249996455305
MAE: 3.9073039160834417
EVS: 0.4227727287941294
