Model: GRU
MSE: 33.38817565997144
MAE: 3.8581087213975414
EVS: -0.23213861750568499
