Model: GRU
MSE: 22.80648112832032
MAE: 3.5715179355056197
EVS: 0.4621568201538332
