Model: GRU
MSE: 32.012594756550236
MAE: 3.9955656263563366
EVS: -0.1629958487226555
