Model: GRU
MSE: 17.561816580579283
MAE: 3.3337959481610193
EVS: 0.5049260527854169
