Model: GRU
MSE: 47.15168803316713
MAE: 5.236341070245813
EVS: -0.3489470332970943
