Model: GRU
MSE: 145.16732249200103
MAE: 10.401898724061471
EVS: -0.04715358780786749
