Model: GRU
MSE: 38.05787500652928
MAE: 4.331330202243946
EVS: -0.27142990936664413
