Model: GRU
MSE: 23.00921607497644
MAE: 3.5185166045471474
EVS: 0.3892785676297509
