Model: GRU
MSE: 18.862512030515106
MAE: 3.440130675280536
EVS: 0.48561377082130475
