Model: GRU
MSE: 22.308361632109364
MAE: 3.3428001006444297
EVS: 0.36817243880018447
