Model: GRU
MSE: 19.745744034153606
MAE: 3.0748238651840776
EVS: 0.45495889684229585
