Model: GRU
MSE: 14.964210601030649
MAE: 2.906284612637979
EVS: 0.5720490688927737
