Model: GRU
MSE: 25.179160637505774
MAE: 3.656284945982474
EVS: 0.29541644090428854
