Model: GRU
MSE: 32.570475519907724
MAE: 4.550450307351571
EVS: 0.07610327510539738
