Model: GRU
MSE: 24.240377383546267
MAE: 3.323392989458861
EVS: 0.34564126498337444
