Model: GRU
MSE: 18.118417967813734
MAE: 3.2168581750657825
EVS: 0.5086294171109023
