Model: GRU
MSE: 21.253196897316474
MAE: 3.371958600150214
EVS: 0.4228366369045221
