Model: GRU
MSE: 31.689583076616852
MAE: 4.286007814937168
EVS: -0.17810027851500743
