Model: GRU
MSE: 32.582337341387436
MAE: 4.07018076048957
EVS: -0.1120601840087585
