Model: GRU
MSE: 13.900921049129035
MAE: 2.9397937522994146
EVS: 0.6175301600994558
