Model: GRU
MSE: 19.327461036338946
MAE: 3.2942392340412847
EVS: 0.4890737875459158
