Model: GRU
MSE: 39.03690422477075
MAE: 4.491193753701669
EVS: -0.39894710483937357
