Model: GRU
MSE: 15.608126688721121
MAE: 2.944561931822035
EVS: 0.6125672773272347
