Model: GRU
MSE: 21.67417846672383
MAE: 3.34151933811329
EVS: 0.4095535010510426
