Model: GRU
MSE: 19.89209314854142
MAE: 3.142148757422412
EVS: 0.4635783856359481
