Model: GRU
MSE: 19.942765847320576
MAE: 3.3415837067144887
EVS: 0.46224202794621216
