Model: GRU
MSE: 20.015371789483034
MAE: 3.2109681765238443
EVS: 0.43706242388028227
