Model: GRU
MSE: 34.64117230207991
MAE: 4.3048008812798395
EVS: -0.14440774732654016
