Model: GRU
MSE: 18.17168047058452
MAE: 3.4078301941906965
EVS: 0.4884725564963278
