Model: GRU
MSE: 24.364844869396872
MAE: 3.6106339074947216
EVS: 0.3283781947907073
