Model: GRU
MSE: 21.65660568399119
MAE: 3.203395225383617
EVS: 0.39022414236942704
