Model: GRU
MSE: 28.649937448659085
MAE: 3.8672150064397743
EVS: -0.04567448032863375
