Model: GRU
MSE: 769.398066177114
MAE: 27.037504973234952
EVS: -0.08691109879426762
