Model: GRU
MSE: 515.2525420207443
MAE: 21.97517345569752
EVS: 0.0838129451470393
