Model: GRU
MSE: 134.24159825742103
MAE: 9.877363838531354
EVS: -0.03898027956901129
