Model: GRU
MSE: 21.296602105699254
MAE: 3.0470029424738
EVS: 0.4027905638373387
