Model: GRU
MSE: 24.967433588079984
MAE: 3.316997280827275
EVS: 0.3837900293036941
