Model: GRU
MSE: 19.110291552195367
MAE: 3.2210510306888156
EVS: 0.4611392596649676
