Model: GRU
MSE: 18.778517154243783
MAE: 3.7403386610525624
EVS: 0.5764658238126724
