Model: GRU
MSE: 17.07409672025263
MAE: 2.9807357920540705
EVS: 0.5312042906153349
