Model: GRU
MSE: 2548.6995367811296
MAE: 50.11200940167463
EVS: -0.061832873020016166
