Model: GRU
MSE: 18.845661331797423
MAE: 3.0565411426402904
EVS: 0.4890032209752795
