Model: GRU
MSE: 14.228802204700221
MAE: 3.0954182324586093
EVS: 0.6177262604787641
