Model: GRU
MSE: 22.283167504024117
MAE: 3.60160818806401
EVS: 0.415067792670505
