Model: GRU
MSE: 17.745454028043863
MAE: 3.1260367852670177
EVS: 0.5035376712148879
