Model: GRU
MSE: 32.330091059333036
MAE: 3.8312548134062023
EVS: -0.2035756393158652
