Model: GRU
MSE: 1406.7581054592408
MAE: 37.00624042087131
EVS: -0.05645728730662558
