Model: GRU
MSE: 37.21385161881425
MAE: 4.553516919966097
EVS: -0.17116627868361456
