Model: GRU
MSE: 25.054167077498455
MAE: 3.777930748683435
EVS: 0.3148248881975134
