Model: GRU
MSE: 27.146784370256043
MAE: 3.456599557841266
EVS: 0.2311116783343249
