Model: GRU
MSE: 16.167958540780685
MAE: 3.278948933989913
EVS: 0.5437952752545818
