Model: GRU
MSE: 34.05323285252451
MAE: 4.161653218445955
EVS: -0.24216834465914006
