Model: GRU
MSE: 33.96616223475407
MAE: 4.064690784171775
EVS: -0.2056916044611239
