Model: GRU
MSE: 31.4116535816232
MAE: 3.8581820825735726
EVS: -0.15073440992611942
