Model: GRU
MSE: 30.972783526597713
MAE: 4.111219759340639
EVS: -0.03245944652694255
