Model: GRU
MSE: 27.89451457475887
MAE: 3.850100651935295
EVS: 0.012713736876097892
