Model: GRU
MSE: 18.609206597600124
MAE: 2.9159562587738037
EVS: 0.4773927454563991
