Model: GRU
MSE: 24.788298464194988
MAE: 3.5548856125937567
EVS: 0.0743559719433512
