Model: GRU
MSE: 34.45089631126914
MAE: 4.146856486245438
EVS: -0.27007287098712784
