Model: GRU
MSE: 13.256461614572698
MAE: 2.8421663354944298
EVS: 0.6170590413394305
