Model: GRU
MSE: 28.209565843297856
MAE: 3.7249914120744774
EVS: -0.02929843618926009
