Model: GRU
MSE: 16.06261298247359
MAE: 3.368129880340011
EVS: 0.6417046719089821
