Model: GRU
MSE: 39.42059590738633
MAE: 4.4506485241430775
EVS: -0.3205777628208042
