Model: GRU
MSE: 20.16547619533913
MAE: 3.3551691593947233
EVS: 0.42899574712134414
