Model: GRU
MSE: 31.184469926903915
MAE: 4.560196196591413
EVS: 0.13127842528806455
