Model: GRU
MSE: 35.593545059955076
MAE: 4.565288689401415
EVS: -0.3008236681746468
