Model: GRU
MSE: 31.686790549391098
MAE: 4.103062453093352
EVS: -0.09436654001800626
