Model: GRU
MSE: 16.82986567490552
MAE: 3.2865269978841147
EVS: 0.5906684861442835
