Model: GRU
MSE: 31.694142754857154
MAE: 4.060267286168204
EVS: -0.18028965855866086
