Model: GRU
MSE: 13.28067469394565
MAE: 2.884499744132713
EVS: 0.6555445701418126
