Model: GRU
MSE: 17.59975304370819
MAE: 3.420146200391981
EVS: 0.5302832538557983
