Model: GRU
MSE: 22.672388095444028
MAE: 3.5934497868573225
EVS: 0.4034780485235152
