Model: GRU
MSE: 100.74183091385049
MAE: 8.569715009795296
EVS: -0.0218206975405717
