Model: GRU
MSE: 24.654867467158276
MAE: 3.8731091817220054
EVS: 0.3455659738073038
