Model: GRU
MSE: 21.80332039420089
MAE: 3.6859447647024086
EVS: 0.48598722789097615
