Model: GRU
MSE: 26.28938858305432
MAE: 3.8775743731745966
EVS: 0.08352165735881012
