Model: GRU
MSE: 36.669344946543724
MAE: 4.122042620623553
EVS: -0.332422759046469
