Model: GRU
MSE: 20.712041479377064
MAE: 3.3068014868983515
EVS: 0.4859386929957218
