Model: GRU
MSE: 13.501835015660706
MAE: 3.0292285393785545
EVS: 0.6101936827200838
