Model: GRU
MSE: 13.663439410912156
MAE: 2.9074859299041607
EVS: 0.610550939672348
