Model: GRU
MSE: 21.37579074921085
MAE: 3.3121127640759505
EVS: 0.4207274268567295
