Model: GRU
MSE: 25.88042868423329
MAE: 3.6823244624667697
EVS: 0.3409163594534764
