Model: GRU
MSE: 26.13007089183513
MAE: 3.5980867931136378
EVS: 0.2654251382459131
