Model: GRU
MSE: 26.374089729687856
MAE: 3.9751292025601423
EVS: 0.10985279857214314
