Model: GRU
MSE: 21.956671196619578
MAE: 3.1759644084506564
EVS: 0.37805525146194074
