Model: GRU
MSE: 33.570465948981784
MAE: 4.09303509763309
EVS: -0.22865539390205236
