Model: GRU
MSE: 23.848117055628318
MAE: 3.3059606463820845
EVS: 0.3253758910196827
