Model: GRU
MSE: 24.14260660925038
MAE: 3.9072662183532008
EVS: 0.32082520952747884
