Model: GRU
MSE: 18.49187421680412
MAE: 3.1113856898413763
EVS: 0.47663785718360485
