Model: GRU
MSE: 15.68832108641294
MAE: 3.1630041820031627
EVS: 0.5923824100320869
