Model: GRU
MSE: 20.978250972294283
MAE: 3.2279731609203197
EVS: 0.40579359659988334
