Model: GRU
MSE: 36.934611058318296
MAE: 4.460868274724042
EVS: -0.2974774752396039
