Model: GRU
MSE: 25.72690367328469
MAE: 3.745764043596056
EVS: 0.07787884099257159
