Model: GRU
MSE: 22.031316703474776
MAE: 3.272318464738351
EVS: 0.40828593851671124
