Model: GRU
MSE: 18.384811323966098
MAE: 2.9812176492479114
EVS: 0.4910016821522786
