Model: GRU
MSE: 19.024563517569824
MAE: 3.205316287499887
EVS: 0.4614399588756354
