Model: GRU
MSE: 23.654770910462638
MAE: 3.5703067779541016
EVS: 0.3789742854611615
