Model: GRU
MSE: 18.509057794194373
MAE: 2.954523625197234
EVS: 0.476004565733406
