Model: GRU
MSE: 31.610681252933865
MAE: 3.9179005093044705
EVS: -0.15972351574310406
