Model: GRU
MSE: 20.46787634433288
MAE: 3.065517946525856
EVS: 0.4216605844461341
