Model: GRU
MSE: 18.932183733938647
MAE: 3.0769468899126404
EVS: 0.4684809899542539
