Model: GRU
MSE: 28.712412890521687
MAE: 4.035327594195094
EVS: -0.11269245615661716
