Model: GRU
MSE: 25.482093815063745
MAE: 3.8801123566097684
EVS: 0.3225928514100268
