Model: GRU
MSE: 24.345399671078052
MAE: 3.484089224426835
EVS: 0.365427412897928
