Model: GRU
MSE: 22.36425561693608
MAE: 3.390551401509179
EVS: 0.3676796726319288
