Model: GRU
MSE: 16.615501910066754
MAE: 2.925579552297239
EVS: 0.5342076824059523
