Model: GRU
MSE: 21.048398999333273
MAE: 3.316035872256314
EVS: 0.4040796303367783
