Model: GRU
MSE: 21.997159070415076
MAE: 3.6156575503172697
EVS: 0.4618782361925208
