Model: GRU
MSE: 22.025091545750726
MAE: 3.4053112312599465
EVS: 0.4290097608258715
