Model: GRU
MSE: 26.4539617176481
MAE: 3.672114292780558
EVS: 0.3499005792057852
