Model: GRU
MSE: 19.704750295291635
MAE: 3.0096992210105613
EVS: 0.45328414271017825
