Model: GRU
MSE: 28.545582809722518
MAE: 3.6425088776482477
EVS: -0.06741365217067541
