Model: GRU
MSE: 19.088538406671567
MAE: 3.0049834781222873
EVS: 0.4609692838906162
