Model: GRU
MSE: 16.042671476369225
MAE: 3.054799238840739
EVS: 0.5472028226563868
