Model: GRU
MSE: 37.535082079255055
MAE: 4.383655565756339
EVS: -0.2758752007404952
