Model: GRU
MSE: 18.82787089150572
MAE: 3.02884308497111
EVS: 0.4678278658199335
