Model: GRU
MSE: 34.86739196419315
MAE: 4.240862554974026
EVS: -0.3028020195035217
