Model: GRU
MSE: 14.757169640699688
MAE: 2.87219473167702
EVS: 0.6448601117553605
