Model: GRU
MSE: 19.888205127515153
MAE: 3.2490477208737976
EVS: 0.44127316026646
