Model: GRU
MSE: 17.77658953828888
MAE: 3.1403568585713706
EVS: 0.5106644533017437
