Model: GRU
MSE: 22.593935219480592
MAE: 3.1281442046165466
EVS: 0.36663595836523044
