Model: GRU
MSE: 20.63732750398121
MAE: 2.9994725827817565
EVS: 0.4156273244507168
