Model: GRU
MSE: 25.852503327704365
MAE: 3.4781098117431006
EVS: 0.31331925034928
