Model: GRU
MSE: 20.331440891546915
MAE: 3.1248377274583885
EVS: 0.43035495148152814
