Model: GRU
MSE: 21.947962814324228
MAE: 3.3379615677727594
EVS: 0.41371769447460194
