Model: GRU
MSE: 19.6841582362413
MAE: 3.4121344972539833
EVS: 0.5016597650894193
