Model: GRU
MSE: 11.78866880398249
MAE: 2.6176090946903936
EVS: 0.6595619414146696
