Model: GRU
MSE: 19.857684309036113
MAE: 3.0498616607100875
EVS: 0.4410808582734892
