Model: GRU
MSE: 5403.153363738017
MAE: 73.22039526480215
EVS: -0.18762985903129992
