Model: GRU
MSE: 36.43242812614383
MAE: 4.281887306107415
EVS: -0.3356654852679064
