Model: GRU
MSE: 22.030405413983775
MAE: 3.4713054834692567
EVS: 0.1793001046093584
