Model: GRU
MSE: 25.167930942502693
MAE: 3.9532498253716364
EVS: 0.14669750500242096
