Model: GRU
MSE: 28.239996229052576
MAE: 3.925784543708519
EVS: 0.24125147855852114
