Model: GRU
MSE: 33.54350281043543
MAE: 4.126458512412177
EVS: -0.22030164471435865
