Model: GRU
MSE: 12.22352982074145
MAE: 2.7314084900750055
EVS: 0.6584269369280746
