Model: GRU
MSE: 21.401731499679745
MAE: 3.4308295956364385
EVS: 0.45385034257870016
