Model: GRU
MSE: 22.114794590257656
MAE: 3.2307549560511553
EVS: 0.38235316768528305
