Model: GRU
MSE: 19.468378780328198
MAE: 2.979372677979646
EVS: 0.4494771148481176
