Model: GRU
MSE: 16.06560508302636
MAE: 2.8789712720447116
EVS: 0.587473525731449
