Model: GRU
MSE: 35.647613195752065
MAE: 4.207984933146724
EVS: -0.24801916268044888
