Model: GRU
MSE: 19.089612371949787
MAE: 3.1289850953552456
EVS: 0.4595951953215881
