Model: GRU
MSE: 18.88915927366922
MAE: 3.220212616302349
EVS: 0.4665363002571882
