Model: GRU
MSE: 24.688781012304602
MAE: 3.3662131627400718
EVS: 0.35821791581933304
