Model: GRU
MSE: 23.86181333006127
MAE: 3.357317633099026
EVS: 0.3522705878504767
