Model: GRU
MSE: 18.295188025817065
MAE: 2.8978045025357493
EVS: 0.48232680009016726
