Model: GRU
MSE: 18.988199917934985
MAE: 3.1566791799333362
EVS: 0.4707529427577919
