Model: GRU
MSE: 27.510168629010515
MAE: 4.006742234583254
EVS: 0.22471083933424674
