Model: GRU
MSE: 24.719047975992243
MAE: 3.6341374891775624
EVS: 0.09729340106698048
