Model: GRU
MSE: 16.49114833243984
MAE: 2.8453571288673967
EVS: 0.5488825616942434
