Model: GRU
MSE: 27.811413261609793
MAE: 3.7637962765163846
EVS: 0.24618950222018332
