Model: GRU
MSE: 21.886463687807524
MAE: 3.3448611983546503
EVS: 0.38728684819726766
