Model: GRU
MSE: 23.180374386316696
MAE: 3.3105203134042247
EVS: 0.37614480911738046
