Model: GRU
MSE: 17.76179725748273
MAE: 3.2489293107280024
EVS: 0.5134947224378457
