Model: GRU
MSE: 38.02829439144826
MAE: 4.877365341892949
EVS: -0.15975742489496758
