Model: GRU
MSE: 24.17439572297538
MAE: 4.126574754714966
EVS: 0.5355304931267901
