Model: GRU
MSE: 28.196288730140378
MAE: 4.004646036359999
EVS: 0.351471303979764
