Model: GRU
MSE: 19.917438236401765
MAE: 2.992947309105485
EVS: 0.4436524029532919
