Model: GRU
MSE: 18.337611376534237
MAE: 3.088951932059394
EVS: 0.4814181555406162
