Model: GRU
MSE: 20.77141171992185
MAE: 3.4954585675840026
EVS: 0.23622878809037162
