Model: GRU
MSE: 22.822990638634277
MAE: 3.2985706329345703
EVS: 0.36591494078092957
