Model: GRU
MSE: 19.42080962536878
MAE: 3.0167076278615883
EVS: 0.45228013021686775
