Model: GRU
MSE: 20.189287174945413
MAE: 3.451858463110747
EVS: 0.4718414376022636
