Model: GRU
MSE: 20.36386590634449
MAE: 3.406449070683232
EVS: 0.42532448999967953
