Model: GRU
MSE: 25.567967113801647
MAE: 3.4543307180757874
EVS: 0.2957038050050923
