Model: GRU
MSE: 27.285145971499713
MAE: 3.734118276172214
EVS: 0.047156841497740354
