Model: GRU
MSE: 22.293585619350214
MAE: 3.2609798731627286
EVS: 0.3803432662074441
