Model: GRU
MSE: 33.98695249245038
MAE: 4.046929977558277
EVS: -0.23232029491165118
