Model: GRU
MSE: 21.544546565552302
MAE: 3.416379376694008
EVS: 0.42873952978383545
