Model: GRU
MSE: 26.240028590414212
MAE: 3.6023414576495134
EVS: 0.02768117529887948
