Model: GRU
MSE: 21.557116165621682
MAE: 3.4015740862599126
EVS: 0.44372774892028477
