Model: GRU
MSE: 1137.4524774234978
MAE: 33.310108749954786
EVS: -0.043802114435729456
