Model: GRU
MSE: 45244.792313690916
MAE: 212.6252317075376
EVS: -2.220446049250313e-16
