Model: GRU
MSE: 17.368955152681412
MAE: 3.3736889207804643
EVS: 0.5322769629255205
