Model: GRU
MSE: 21.494617865105607
MAE: 3.211200444786637
EVS: 0.39614275690906453
