Model: GRU
MSE: 92.6297940123966
MAE: 6.509649585794519
EVS: -2.0574739117679823
