Model: GRU
MSE: 38.20208761210639
MAE: 4.744617621103923
EVS: -0.42584505650789706
