Model: GRU
MSE: 30.74637040176767
MAE: 3.824655846313194
EVS: -0.14554515061450468
