Model: GRU
MSE: 18.980376166813887
MAE: 3.0621544784969754
EVS: 0.4712035598650236
