Model: GRU
MSE: 20.41682844596776
MAE: 3.342710362540351
EVS: 0.4731684773159017
