Model: GRU
MSE: 47.778951740879315
MAE: 4.85480640552662
EVS: -0.4617866917230695
