Model: GRU
MSE: 16.069523796260484
MAE: 3.074323292131777
EVS: 0.544907786192131
