Model: GRU
MSE: 21.515800735027703
MAE: 3.232973081094247
EVS: 0.4222063855929282
