Model: GRU
MSE: 24.724987798214514
MAE: 3.9256411967454135
EVS: 0.36968827007692695
