Model: GRU
MSE: 31.682425224872564
MAE: 4.098855716841562
EVS: -0.12701233855857863
