Model: GRU
MSE: 542.3007305519425
MAE: 22.47829465512876
EVS: -0.04882977008595191
