Model: GRU
MSE: 24.514599598320107
MAE: 3.520299937989977
EVS: 0.40336775747968956
