Model: GRU
MSE: 21.669315330515605
MAE: 3.284008644245289
EVS: 0.389186070376622
