Model: GRU
MSE: 12.108556631235354
MAE: 2.7748420503404407
EVS: 0.6566759245637561
