Model: GRU
MSE: 20.97640346927499
MAE: 3.4931179329201028
EVS: 0.4989054928249119
