Model: GRU
MSE: 28.984270957883194
MAE: 3.891492967252378
EVS: -0.06128833035617287
