Model: GRU
MSE: 30.654480484130453
MAE: 4.1271558690954135
EVS: 0.007480302992228238
