Model: GRU
MSE: 18.71146011511751
MAE: 3.0648669843320495
EVS: 0.4705311698256395
