Model: GRU
MSE: 20.762654608070836
MAE: 3.1721810389448097
EVS: 0.45035846325065454
