Model: GRU
MSE: 15.834270942318392
MAE: 2.796655877320855
EVS: 0.5696949642959903
