Model: GRU
MSE: 26.53381274863327
MAE: 3.4433115190929837
EVS: 0.2507536601074939
