Model: GRU
MSE: 28.401351152862087
MAE: 3.83114786501284
EVS: 0.2796576111236333
