Model: GRU
MSE: 19.49418803121111
MAE: 3.1940994687654354
EVS: 0.4494152377374555
