Model: GRU
MSE: 23.14508365931005
MAE: 3.5737305923744485
EVS: 0.3622131704919662
