Model: GRU
MSE: 33.67245594988228
MAE: 4.084169590914691
EVS: -0.20497752842008432
