Model: GRU
MSE: 19.92625103897344
MAE: 3.109351290596856
EVS: 0.43684686664829153
