Model: GRU
MSE: 36.070355695395804
MAE: 4.6284662738994315
EVS: -0.06931358682570155
