Model: GRU
MSE: 20.341785377203138
MAE: 3.0503397009990834
EVS: 0.4420317227246664
