Model: GRU
MSE: 24.83265688151035
MAE: 3.6693906585375466
EVS: 0.3513467448369605
