Model: GRU
MSE: 17.90023988358216
MAE: 3.310823820255421
EVS: 0.6084314605261198
