Model: GRU
MSE: 33.410831449467274
MAE: 4.258701006571452
EVS: 0.0380254004079259
