Model: GRU
MSE: 21.568660104300946
MAE: 3.31332415121573
EVS: 0.4168801343751033
