Model: GRU
MSE: 313.337892930679
MAE: 16.916778882344563
EVS: -0.01653114763824326
