Model: GRU
MSE: 22.788753260833506
MAE: 3.582401090198093
EVS: 0.38311557605092195
