Model: GRU
MSE: 21.82868305324161
MAE: 3.3745874254791826
EVS: 0.39245557024823474
