Model: GRU
MSE: 17.300793814321143
MAE: 3.057149631005746
EVS: 0.5255469625368522
