Model: GRU
MSE: 30.873273637285568
MAE: 4.096785501197532
EVS: 0.27373345837068486
