Model: GRU
MSE: 23.681985490063585
MAE: 4.003170958271733
EVS: 0.4916501354554942
