Model: GRU
MSE: 20.37847539551405
MAE: 2.9791126074614347
EVS: 0.437978807978637
