Model: GRU
MSE: 33.880086355125115
MAE: 4.534694612026215
EVS: -0.16711967554018603
