Model: GRU
MSE: 36.45523400280792
MAE: 4.373037729944501
EVS: -0.39413510041134026
