Model: GRU
MSE: 34.499744008172584
MAE: 4.100481828053792
EVS: -0.2449176931664665
