Model: GRU
MSE: 3209.2118033573147
MAE: 56.10857659799081
EVS: -0.7290079454046978
