Model: GRU
MSE: 32.04688310669821
MAE: 4.184446008117111
EVS: -0.05428430671015505
