Model: GRU
MSE: 33.3039145571471
MAE: 4.059411410932188
EVS: -0.23199793308975458
