Model: GRU
MSE: 13.548439756170493
MAE: 2.9522501627604165
EVS: 0.6215277470123012
