Model: GRU
MSE: 20.17355477558113
MAE: 2.9372844166225858
EVS: 0.42858585792752757
