Model: GRU
MSE: 20.131999729628497
MAE: 3.231397630991759
EVS: 0.4387918927401523
