Model: GRU
MSE: 29.016322848196438
MAE: 4.006238663638079
EVS: 0.3351292213272372
