Model: GRU
MSE: 20.850797461358052
MAE: 3.21158336158152
EVS: 0.4167969983602209
