Model: GRU
MSE: 20.73818308396757
MAE: 3.102279883843881
EVS: 0.41413866012488754
