Model: GRU
MSE: 13.535626243688876
MAE: 3.008581598599752
EVS: 0.6141089501611561
