Model: GRU
MSE: 22.347042807939708
MAE: 3.4529255761040583
EVS: 0.42967777742862423
