Model: GRU
MSE: 21.513743933390078
MAE: 3.460852790761877
EVS: 0.4305141813354253
