Model: GRU
MSE: 19.006626237341514
MAE: 3.2795974766766585
EVS: 0.47807755172546973
