Model: GRU
MSE: 31.50798818976752
MAE: 4.036972717002586
EVS: -0.17411926260938038
