Model: GRU
MSE: 27.442291510041716
MAE: 3.8154486726831505
EVS: 0.03241930612262578
