Model: GRU
MSE: 19.872389424411352
MAE: 3.306033699600785
EVS: 0.43710565691759573
