Model: GRU
MSE: 13.496260117366987
MAE: 2.862625819665414
EVS: 0.619913221051103
