Model: GRU
MSE: 32.02964445074493
MAE: 3.9998452575118453
EVS: -0.03202568972357511
