Model: GRU
MSE: 20.39254312244536
MAE: 3.204299145274692
EVS: 0.43726983916922735
