Model: GRU
MSE: 26.882977925743777
MAE: 3.7084904456580126
EVS: 0.3316995669688667
