Model: GRU
MSE: 21.583279739248024
MAE: 3.4352162414126926
EVS: 0.43975772601972296
