Model: GRU
MSE: 21.38112547112594
MAE: 3.0736175378163657
EVS: 0.39482024164635154
