Model: GRU
MSE: 27.418816843743727
MAE: 4.114767798671016
EVS: 0.4129839029129503
