Model: GRU
MSE: 22.218954096302856
MAE: 3.2217334376441107
EVS: 0.3742190914443325
