Model: GRU
MSE: 28.837240892953645
MAE: 3.9799159632788763
EVS: -0.07921471068073793
