Model: GRU
MSE: 20.549437807255714
MAE: 3.1393480124296964
EVS: 0.43528295640440684
