Model: GRU
MSE: 21.85721944533247
MAE: 3.3951182199849024
EVS: 0.4217238994191487
