Model: GRU
MSE: 18.46885138864756
MAE: 3.25292264090644
EVS: 0.5143645939963257
