Model: GRU
MSE: 19.711379623030243
MAE: 3.1488066955848977
EVS: 0.44174082450193974
