Model: GRU
MSE: 28.46245912383346
MAE: 3.790163073274824
EVS: -0.01277640370449773
