Model: GRU
MSE: 19.91951045890923
MAE: 3.011717778665048
EVS: 0.4380235993895053
