Model: GRU
MSE: 28.730282736075246
MAE: 3.9432984634681985
EVS: 0.2493106903530501
