Model: GRU
MSE: 17.328544828057737
MAE: 3.420193636858905
EVS: 0.5464577553129929
