Model: GRU
MSE: 29.519465960852568
MAE: 3.667971721401921
EVS: -0.09387124089897081
