Model: GRU
MSE: 21.43777267635412
MAE: 3.1475216017829046
EVS: 0.40377401332237917
