Model: GRU
MSE: 21.357396168613302
MAE: 3.1664985065106994
EVS: 0.40036885800914856
