Model: GRU
MSE: 33.09224789691931
MAE: 4.214180866877238
EVS: -0.23251280549081677
