Model: GRU
MSE: 130.44864790598047
MAE: 9.71744587024053
EVS: -0.02030239671008971
