Model: GRU
MSE: 22.60109270912943
MAE: 3.3899433966036194
EVS: 0.4203425639016498
