Model: GRU
MSE: 19.422608867748664
MAE: 2.971054448021783
EVS: 0.45035251059753045
