Model: GRU
MSE: 26.379621833747226
MAE: 3.6474342743555703
EVS: 0.32159488557631366
