Model: GRU
MSE: 27.415210996510016
MAE: 4.021838479571873
EVS: 0.2663595335962834
