Model: GRU
MSE: 22.833604662025024
MAE: 3.2698045748251454
EVS: 0.3765743813248361
