Model: GRU
MSE: 34.271009318127305
MAE: 4.24284823735555
EVS: -0.16122221297522876
