Model: GRU
MSE: 18.079400883023467
MAE: 3.237057429772836
EVS: 0.48789498819762755
