Model: GRU
MSE: 17.441084876783687
MAE: 3.1210106125584356
EVS: 0.5135284100022431
