Model: GRU
MSE: 19.40660032427349
MAE: 3.304115639792548
EVS: 0.45117670168753965
