Model: GRU
MSE: 20.664426416163003
MAE: 3.441905317483125
EVS: 0.4259792227639049
