Model: GRU
MSE: 24.529409066812022
MAE: 3.5250165705327636
EVS: 0.08325814601704495
