Model: GRU
MSE: 104.12820659391039
MAE: 8.782327444465071
EVS: -0.010484694670154449
