Model: GRU
MSE: 34.03253646520565
MAE: 4.422482967376709
EVS: -0.02735960583830921
