Model: GRU
MSE: 35.23452106199027
MAE: 4.43877394552584
EVS: -0.30535578860104473
