Model: GRU
MSE: 20.90212800496205
MAE: 3.193815505063092
EVS: 0.4252200948478484
