Model: GRU
MSE: 22.471277467747086
MAE: 3.2849000295003257
EVS: 0.38366920028275353
