Model: GRU
MSE: 14.872570700364534
MAE: 2.9041671929536044
EVS: 0.6351010576775888
