Model: GRU
MSE: 32.26625790455354
MAE: 4.268270956145392
EVS: -0.061417713298667076
