Model: GRU
MSE: 21.20195042544661
MAE: 3.659539063771566
EVS: 0.5180800663846074
