Model: GRU
MSE: 22.266662030873636
MAE: 3.630156625200201
EVS: 0.39407882286093576
