Model: GRU
MSE: 33.167352064509295
MAE: 4.111166905473779
EVS: -0.21535098108480977
