Model: GRU
MSE: 16.5262215605029
MAE: 3.118074231677585
EVS: 0.5325921830088773
