Model: GRU
MSE: 20.38086010870167
MAE: 3.128358546230528
EVS: 0.4373026896694401
