Model: GRU
MSE: 39.502302381823775
MAE: 4.331860930831344
EVS: -0.3703939048490561
