Model: GRU
MSE: 21.424250295740233
MAE: 3.0299676435965077
EVS: 0.4127989877740207
