Model: GRU
MSE: 20.450418702432394
MAE: 3.1241221527258554
EVS: 0.4232919213015769
