Model: GRU
MSE: 23.14200244050015
MAE: 3.435753857647931
EVS: 0.3456154768998506
