Model: GRU
MSE: 20.12698901311118
MAE: 3.1607580891361944
EVS: 0.4302467725851927
