Model: GRU
MSE: 27.111277736675802
MAE: 3.702230482189744
EVS: 0.33367928759056686
