Model: GRU
MSE: 25.601944161531165
MAE: 3.5192766984303794
EVS: 0.35633251811206335
