Model: GRU
MSE: 1124.1456380012066
MAE: 32.87898777149342
EVS: -0.2213582926176434
