Model: GRU
MSE: 28.39882630699894
MAE: 3.9448862539397345
EVS: 0.21078639030316437
