Model: GRU
MSE: 22.921331301863347
MAE: 3.4348378711276584
EVS: 0.35074998201246455
