Model: GRU
MSE: 22.35052485037145
MAE: 3.716758304172092
EVS: 0.511639392191741
