Model: GRU
MSE: 21.060135215590893
MAE: 3.373674851876718
EVS: 0.41282077581246246
