Model: GRU
MSE: 29.09364447150055
MAE: 3.936070336235894
EVS: -0.056006823146505846
