Model: GRU
MSE: 15.739120529506682
MAE: 3.1650137724699796
EVS: 0.5803840096547395
