Model: GRU
MSE: 23.029133061518607
MAE: 3.4884045322736106
EVS: 0.3635252443500664
