Model: GRU
MSE: 29.633037664578314
MAE: 3.708478733345314
EVS: -0.07986018246713011
