Model: GRU
MSE: 16229.942632106739
MAE: 127.2558127509223
EVS: -0.01692761459883263
