Model: GRU
MSE: 33.79223190972397
MAE: 4.20101985224971
EVS: -0.20239426747893652
