Model: GRU
MSE: 30.44173024247122
MAE: 3.8059361245897083
EVS: -0.07903241561222951
