Model: GRU
MSE: 17.85529484297013
MAE: 3.342135270436605
EVS: 0.5400466298244343
