Model: GRU
MSE: 29.35772738170684
MAE: 3.9833739157076233
EVS: -0.047214453793033684
