Model: GRU
MSE: 26.765322874715874
MAE: 3.387000225208424
EVS: 0.3025157303286904
