Model: GRU
MSE: 39.60580591784769
MAE: 4.492924381185461
EVS: -0.37527893635065657
