Model: GRU
MSE: 17.90491562196196
MAE: 3.207592911190457
EVS: 0.5311601252536414
