Model: GRU
MSE: 18.48114609343168
MAE: 3.6216597733674227
EVS: 0.5431816529471045
