Model: GRU
MSE: 31.172149160565123
MAE: 4.458354517265603
EVS: 0.02420419501599247
