Model: GRU
MSE: 28.51843747721097
MAE: 3.9808832186239735
EVS: 0.02461441842224321
