Model: GRU
MSE: 25.673069731684702
MAE: 3.626075804233551
EVS: 0.33460478281275885
