Model: GRU
MSE: 21.424087471541515
MAE: 3.2343805851759733
EVS: 0.4194033832213595
