Model: GRU
MSE: 32.52416673901534
MAE: 4.367605124201093
EVS: -0.039566586925920744
