Model: GRU
MSE: 28.380890714221554
MAE: 3.6568107119312994
EVS: -0.059399493216447885
