Model: GRU
MSE: 18.232456327483632
MAE: 3.297918337362784
EVS: 0.4837582305647504
