Model: GRU
MSE: 20.13636637174883
MAE: 2.9557847800078214
EVS: 0.4406351190897826
