Model: GRU
MSE: 15.348544337887922
MAE: 3.1769208245807223
EVS: 0.5569216534613559
