Model: GRU
MSE: 20.342602869928122
MAE: 3.247881880512944
EVS: 0.4861576961465047
