Model: GRU
MSE: 10.773374542648098
MAE: 2.694752719667223
EVS: 0.6892212854706337
