Model: GRU
MSE: 22.14677712932721
MAE: 3.481073979978208
EVS: 0.3728139486582793
