Model: GRU
MSE: 35.18712246270634
MAE: 4.431890223707471
EVS: -0.29301336766408737
