Model: GRU
MSE: 22.568697304810772
MAE: 3.175623469882541
EVS: 0.38250473968561405
