Model: GRU
MSE: 25.39521656290795
MAE: 3.8726886135560497
EVS: 0.2947199509409041
