Model: GRU
MSE: 18.308581183615754
MAE: 3.2128987025331566
EVS: 0.4814580820214337
