Model: GRU
MSE: 23.684131942799166
MAE: 3.3794078120478876
EVS: 0.3291214630391992
