Model: GRU
MSE: 31.110888735211226
MAE: 4.3136080248015265
EVS: -0.14964567499712178
