Model: GRU
MSE: 821.3804649772156
MAE: 27.901669961434823
EVS: -0.21454522498204542
