Model: GRU
MSE: 14.352983119436884
MAE: 3.0331280452233775
EVS: 0.5859034893991888
