Model: GRU
MSE: 36.04564366380199
MAE: 4.302989972962274
EVS: -0.23921218853113424
