Model: GRU
MSE: 21.828406955708196
MAE: 3.4617248166490486
EVS: 0.4616506129307697
