Model: GRU
MSE: 17.901700006025848
MAE: 2.8261800518742315
EVS: 0.49404830132072064
