Model: GRU
MSE: 21.417424396228178
MAE: 3.1848833605095193
EVS: 0.39411558686485926
