Model: GRU
MSE: 21.662105821941285
MAE: 3.191576087916339
EVS: 0.39768850015040014
