Model: GRU
MSE: 14.761898202133514
MAE: 3.042047776557781
EVS: 0.6210984424141832
