Model: GRU
MSE: 24.244698509270947
MAE: 3.5801659425099692
EVS: 0.3413895806566881
