Model: GRU
MSE: 296.7721997995471
MAE: 16.147561691425466
EVS: -0.020544798734171366
