Model: GRU
MSE: 21.345462760095636
MAE: 3.283372658270377
EVS: 0.39591961835683054
