Model: GRU
MSE: 18.770279092031423
MAE: 2.9807605809635587
EVS: 0.4726038383500324
