Model: GRU
MSE: 21.522995624688924
MAE: 3.275452079596343
EVS: 0.42426799197875664
