Model: GRU
MSE: 19.63500894442746
MAE: 3.2422757943471274
EVS: 0.44867781284097363
