Model: GRU
MSE: 21.12565995298898
MAE: 3.2321415035812944
EVS: 0.40278790844588686
