Model: GRU
MSE: 32.52956892491584
MAE: 3.9362647798326282
EVS: -0.2011189318727804
