Model: GRU
MSE: 20.00586666000916
MAE: 3.316749941419672
EVS: 0.43358902601772664
