Model: GRU
MSE: 12.144041279884734
MAE: 2.834795625121505
EVS: 0.6606264629103668
