Model: GRU
MSE: 3865.4916248007903
MAE: 61.8885164614077
EVS: 0.0
