Model: GRU
MSE: 12.242616420527472
MAE: 2.8130019505818686
EVS: 0.6492686949561136
