Model: GRU
MSE: 22.800994802438634
MAE: 3.250965392148053
EVS: 0.3837556018644426
