Model: GRU
MSE: 20.836533594174806
MAE: 3.144570964354056
EVS: 0.4205746487317096
