Model: GRU
MSE: 36.40837462697751
MAE: 4.154774030049642
EVS: -0.31466982203935956
