Model: GRU
MSE: 19.843702137310864
MAE: 3.5010229040075234
EVS: 0.4561938436610976
