Model: GRU
MSE: 45.87530652864844
MAE: 5.030833769727637
EVS: -0.38129847953120777
