Model: GRU
MSE: 28.68517636366298
MAE: 3.919842834825869
EVS: -0.05929051766232285
