Model: GRU
MSE: 18.302919813662466
MAE: 3.042399216581274
EVS: 0.5075560787270572
