Model: GRU
MSE: 18.336055576590994
MAE: 3.129304700427585
EVS: 0.4893333956552087
