Model: GRU
MSE: 22.945060232208764
MAE: 3.645230690638224
EVS: 0.44214980460867404
