Model: GRU
MSE: 23.17203877647619
MAE: 3.9655875541545726
EVS: 0.42930261225137667
