Model: GRU
MSE: 30.261389069641456
MAE: 3.84087512228224
EVS: -0.09709934242598339
