Model: GRU
MSE: 11.554132890998371
MAE: 2.7057724440539324
EVS: 0.6708865890837958
