Model: GRU
MSE: 25.54985327482007
MAE: 3.8186463868176497
EVS: 0.35354393570281384
