Model: GRU
MSE: 7996.118304990778
MAE: 88.97057342529297
EVS: -1.276152637058034
