Model: GRU
MSE: 16.321490180651967
MAE: 2.896896560986837
EVS: 0.5377037249392672
