Model: GRU
MSE: 25.327488745845955
MAE: 3.5147302592242204
EVS: 0.06008418245991454
