Model: GRU
MSE: 17.204530072609508
MAE: 3.258995780238399
EVS: 0.529700481192115
