Model: GRU
MSE: 35.4550670756026
MAE: 4.261536169935156
EVS: -0.30612391567291564
