Model: GRU
MSE: 22.127552274767655
MAE: 3.3603445710959257
EVS: 0.3735987043466813
