Model: GRU
MSE: 31.73300955370847
MAE: 4.009246795265763
EVS: -0.1873761680630377
