Model: GRU
MSE: 27.55479902226662
MAE: 3.8770647093101784
EVS: 0.015535716446054004
