Model: GRU
MSE: 17.02228918925915
MAE: 3.2757122119267783
EVS: 0.5220463583216242
