Model: GRU
MSE: 20.231614212325354
MAE: 3.1966019206576877
EVS: 0.4421077665803955
