Model: GRU
MSE: 33.747164744607325
MAE: 4.2373838071469905
EVS: -0.11711313271841073
