Model: GRU
MSE: 20.902338968435433
MAE: 3.370022560159365
EVS: 0.4086471833507851
