Model: GRU
MSE: 19.123822402867503
MAE: 3.096818619304233
EVS: 0.4587910899326647
