Model: GRU
MSE: 32.155907389392645
MAE: 3.8463775140267833
EVS: -0.1615416792773603
