Model: GRU
MSE: 39.51263453486832
MAE: 4.805325190226237
EVS: -0.15188538022156295
