Model: GRU
MSE: 21.516153500946924
MAE: 3.3391379427026817
EVS: 0.40320304160960674
