Model: GRU
MSE: 34.05375015099578
MAE: 4.1432035173530934
EVS: -0.23536291974816836
