Model: GRU
MSE: 26.295893118880343
MAE: 4.32614932236848
EVS: 0.25819753799578005
