Model: GRU
MSE: 26.684687834906097
MAE: 3.626836511823866
EVS: 0.014755299309557657
