Model: GRU
MSE: 19.874697450763602
MAE: 3.4232095104676707
EVS: 0.48878337192922505
