Model: GRU
MSE: 32.066613601703885
MAE: 4.161842460985537
EVS: -0.15818837414233888
