Model: GRU
MSE: 21.988597644245896
MAE: 3.572439114252726
EVS: 0.3958309132431005
