Model: GRU
MSE: 137.66548486949497
MAE: 10.056531619142604
EVS: -0.03479863642732961
