Model: GRU
MSE: 24.133361464933348
MAE: 3.3738432857725353
EVS: 0.10088386947640926
