Model: GRU
MSE: 30436.282950107794
MAE: 174.35876747413917
EVS: -2.220446049250313e-16
