Model: GRU
MSE: 22.918711153675773
MAE: 3.5955185183772334
EVS: 0.44510031677416795
