Model: GRU
MSE: 18.038458699794248
MAE: 2.9318401057411125
EVS: 0.4993152655744004
