Model: GRU
MSE: 21.093162496120286
MAE: 3.275083886252509
EVS: 0.4511484794336096
