Model: GRU
MSE: 19.199414673462897
MAE: 2.9630158963026823
EVS: 0.45650042310812056
