Model: GRU
MSE: 24.473163609452943
MAE: 3.4476162504266807
EVS: 0.3077775236418022
