Model: GRU
MSE: 24.34485795546157
MAE: 3.647921359097516
EVS: 0.31487560657908853
