Model: GRU
MSE: 20.925262253901447
MAE: 3.1479959223005505
EVS: 0.407305485129995
