Model: GRU
MSE: 13.93989838219892
MAE: 2.8097455589859575
EVS: 0.6404844338275061
