Model: GRU
MSE: 19.205181901514884
MAE: 3.1937340365515814
EVS: 0.4677423621518887
