Model: GRU
MSE: 28.11107032032701
MAE: 4.295219315422906
EVS: 0.3914447475948598
