Model: GRU
MSE: 21.207311492853975
MAE: 3.2117048435741
EVS: 0.3995234110747282
