Model: GRU
MSE: 39.988341463990395
MAE: 4.596435772048102
EVS: -0.31436771924271767
