Model: GRU
MSE: 1865.6982231497366
MAE: 42.89232451827438
EVS: 0.02889622678729553
