Model: GRU
MSE: 31.036120124012456
MAE: 4.089520940074214
EVS: -0.02385614652560153
