Model: GRU
MSE: 20.867380710634798
MAE: 3.3274105036700212
EVS: 0.5140892491592053
