Model: GRU
MSE: 22.673512130296324
MAE: 3.3031530910068088
EVS: 0.36159825401267554
