Model: GRU
MSE: 22.161137754768426
MAE: 3.225753731197781
EVS: 0.3790411875547045
