Model: GRU
MSE: 19.515835697999776
MAE: 3.131822140128524
EVS: 0.4515820059957316
