Model: GRU
MSE: 20.57436722433087
MAE: 3.3154319392310247
EVS: 0.4504628943504637
