Model: GRU
MSE: 21.635022594017133
MAE: 3.297414117389255
EVS: 0.42170951964706105
