Model: GRU
MSE: 19.50313155192611
MAE: 3.0446752883769848
EVS: 0.4499098871271243
