Model: GRU
MSE: 22.466843427875954
MAE: 3.4967602800439903
EVS: 0.40634637417209296
