Model: GRU
MSE: 21.252668752760673
MAE: 3.24370414018631
EVS: 0.41929628299972677
