Model: GRU
MSE: 20.1310073772557
MAE: 3.220638222164578
EVS: 0.4310605074801095
