Model: GRU
MSE: 21.800314291096615
MAE: 3.611073948718883
EVS: 0.4957682765501381
