Model: GRU
MSE: 26.086233895167712
MAE: 3.7576844603927047
EVS: 0.300944753167496
