Model: GRU
MSE: 33.08660939118439
MAE: 4.260385266056767
EVS: -0.07521969053633581
