Model: GRU
MSE: 29.708879230823207
MAE: 3.942672959080449
EVS: -0.11188104559236844
