Model: GRU
MSE: 17.453295455728522
MAE: 3.1374392399081477
EVS: 0.5063248389952268
