Model: GRU
MSE: 36.28235901447895
MAE: 4.54785332414839
EVS: -0.329801458858622
