Model: GRU
MSE: 44.536752502806884
MAE: 5.253934860229492
EVS: -0.052271791900990516
