Model: GRU
MSE: 24.239127756766216
MAE: 3.7234036922454834
EVS: 0.42709461537581217
