Model: GRU
MSE: 22.441928403972362
MAE: 3.4601638388854488
EVS: 0.3643484656550746
