Model: GRU
MSE: 30.157163268332763
MAE: 3.813196058626528
EVS: -0.12727512577837352
