Model: GRU
MSE: 33.3715087631364
MAE: 4.061279566199691
EVS: -0.21263345215256746
