Model: GRU
MSE: 24.150330756751366
MAE: 3.4922388703734786
EVS: 0.3163572221089954
