Model: GRU
MSE: 19.540810119994333
MAE: 3.1473843587769403
EVS: 0.45296271442170244
