Model: GRU
MSE: 38.54662836212199
MAE: 4.535716887977388
EVS: -0.35435586651893325
