Model: GRU
MSE: 22.29880192580476
MAE: 3.409298852637962
EVS: 0.41781078969858787
