Model: GRU
MSE: 37.391053656425456
MAE: 4.595704069843999
EVS: -0.15045071720563485
