Model: GRU
MSE: 18.396081630910448
MAE: 3.2297847977390997
EVS: 0.49832088546792264
