Model: GRU
MSE: 65.19303504156491
MAE: 5.7186966825414585
EVS: -0.6037444556868676
