Model: GRU
MSE: 22.07272950268368
MAE: 3.3630438204164856
EVS: 0.39807724850724946
