Model: GRU
MSE: 36.46204420348646
MAE: 4.298784803461145
EVS: -0.02455855025184328
