Model: GRU
MSE: 17.489518084844008
MAE: 3.2463982546771013
EVS: 0.5048283946025109
