Model: GRU
MSE: 23.119991432364124
MAE: 3.4557999195875944
EVS: 0.37439998105754346
