Model: GRU
MSE: 273.93630905784903
MAE: 10.54182638503887
EVS: -5.065092276455539
