Model: GRU
MSE: 24.171085261293346
MAE: 4.153519913002297
EVS: 0.426146614838791
