Model: GRU
MSE: 28.452775491690378
MAE: 4.0700333383348255
EVS: -0.05315641622745115
