Model: GRU
MSE: 22.190245387632327
MAE: 3.354584164089627
EVS: 0.37809924557426067
