Model: GRU
MSE: 136.14973673886172
MAE: 9.918724823881078
EVS: -0.06983737288209158
