Model: GRU
MSE: 40.317291990484165
MAE: 4.716377417246501
EVS: -0.18941450467943644
