Model: GRU
MSE: 40.87345492705957
MAE: 4.60893299403014
EVS: -0.4383094166410071
