Model: GRU
MSE: 17.728971435260444
MAE: 3.193524616735953
EVS: 0.5054011384484345
