Model: GRU
MSE: 30.8654413468733
MAE: 3.9723673749853066
EVS: -0.08004274155956725
