Model: GRU
MSE: 23.61175411743395
MAE: 3.372200021037349
EVS: 0.33582105785493477
