Model: GRU
MSE: 36.0355396765786
MAE: 4.54046204355028
EVS: -0.2542389243811678
