Model: GRU
MSE: 19.234275135166598
MAE: 2.9722623736770064
EVS: 0.4614992849767142
