Model: GRU
MSE: 32.427990594648556
MAE: 4.200688476915713
EVS: 0.11764905428225214
