Model: GRU
MSE: 30.769651936299244
MAE: 4.060827617292051
EVS: -0.059444325031303036
