Model: GRU
MSE: 32.005175071430536
MAE: 4.1304107352539345
EVS: -0.17288716463302767
