Model: GRU
MSE: 31.384734717785975
MAE: 3.782998005549113
EVS: -0.14521527823660052
