Model: GRU
MSE: 24.78171875866706
MAE: 3.7645638518863254
EVS: 0.3900025702270119
