Model: GRU
MSE: 20.161990599014988
MAE: 3.3140626041977495
EVS: 0.42896039404106867
