Model: GRU
MSE: 21.07210449569087
MAE: 3.3014834103760897
EVS: 0.40943494029796634
