Model: GRU
MSE: 25.292472656188583
MAE: 3.6567207089176885
EVS: 0.4272412856761062
