Model: GRU
MSE: 30.536228884971862
MAE: 4.160748096527876
EVS: 0.03239686174665357
