Model: GRU
MSE: 13.84743428559719
MAE: 2.958528854228832
EVS: 0.6131311033485869
