Model: GRU
MSE: 44341.13882155037
MAE: 210.4895143862124
EVS: -2.220446049250313e-16
