Model: GRU
MSE: 21.762273909389403
MAE: 3.4161740320700185
EVS: 0.4133096949610213
