Model: GRU
MSE: 22.96019132759158
MAE: 3.4258324018231145
EVS: 0.3775063887621808
