Model: GRU
MSE: 8259.736382697687
MAE: 90.68699928566262
EVS: -0.008537147827107905
