Model: GRU
MSE: 25.771187738179293
MAE: 3.5939820960715965
EVS: 0.32601985503792674
