Model: GRU
MSE: 22.404154119520452
MAE: 3.584038652755596
EVS: 0.41666436245660343
