Model: GRU
MSE: 22.73589837868918
MAE: 3.277891662385729
EVS: 0.35773252512254905
