Model: GRU
MSE: 27.942106811295027
MAE: 3.759913788901435
EVS: -0.033367651710443536
