Model: GRU
MSE: 32.65902983246447
MAE: 4.354390550542761
EVS: -0.08711643360527743
