Model: GRU
MSE: 20.263224754210206
MAE: 3.2394278800046004
EVS: 0.42876895830761563
