Model: GRU
MSE: 35.68003761613936
MAE: 4.419034525200173
EVS: -0.326392874779041
