Model: GRU
MSE: 25.99854367876251
MAE: 3.8780386359603316
EVS: 0.4222484046007907
