Model: GRU
MSE: 29.388667176677213
MAE: 3.743594224806185
EVS: -0.07204810279227702
