Model: GRU
MSE: 11.803527146794792
MAE: 2.8618029797518694
EVS: 0.6739033960365926
