Model: GRU
MSE: 28.920485428418974
MAE: 3.7739152290202953
EVS: -0.05618188345233177
