Model: GRU
MSE: 21.08920784535228
MAE: 3.466073371745922
EVS: 0.4281461221348193
