Model: GRU
MSE: 13.235916209203761
MAE: 2.909664754514341
EVS: 0.6605270494165457
