Model: GRU
MSE: 19.22305148516071
MAE: 3.0157598654429116
EVS: 0.5077436464018281
