Model: GRU
MSE: 32.93687216170165
MAE: 4.192365505077221
EVS: -0.20910747514043515
