Model: GRU
MSE: 16147.56555562767
MAE: 126.93408683494285
EVS: 0.0
