Model: GRU
MSE: 23.669523268278073
MAE: 3.5314467041580766
EVS: 0.49041296335856355
