Model: GRU
MSE: 21.515747663944175
MAE: 3.3409753574265375
EVS: 0.39737681821412574
