Model: GRU
MSE: 15.295010019566368
MAE: 2.887115529289952
EVS: 0.567449846006297
