Model: GRU
MSE: 25.955572725897532
MAE: 3.7265414308618614
EVS: 0.057608433819699156
