Model: GRU
MSE: 138.15704423526924
MAE: 10.156324254141914
EVS: 0.00841378417320171
