Model: GRU
MSE: 22.218610894883913
MAE: 3.3987793304302074
EVS: 0.37066753050683254
