Model: GRU
MSE: 18.570455102374975
MAE: 3.194256482300935
EVS: 0.4854065372551801
