Model: GRU
MSE: 15.899728709434074
MAE: 2.9297083218892417
EVS: 0.5506612722413498
