Model: GRU
MSE: 35.43863889704348
MAE: 4.292528563075596
EVS: -0.3262435798358265
