Model: GRU
MSE: 29.895017199787727
MAE: 3.887246255521421
EVS: -0.1188478888315605
