Model: GRU
MSE: 25.46566498617289
MAE: 3.6558048725128174
EVS: 0.049073565463770175
