Model: GRU
MSE: 38.01321867239442
MAE: 4.472570975621541
EVS: -0.21497706847280407
