Model: GRU
MSE: 18.83328521678843
MAE: 2.9629638459947376
EVS: 0.46656549269556435
