Model: GRU
MSE: 22.114665249742366
MAE: 3.0950441007260925
EVS: 0.37874825922499433
