Model: GRU
MSE: 13.283390744238297
MAE: 2.7950267217777394
EVS: 0.6302299626453411
