Model: GRU
MSE: 72.55842155597861
MAE: 6.001594662666321
EVS: -0.8285527868872007
