Model: GRU
MSE: 16.401956464666487
MAE: 3.0614859616314924
EVS: 0.5389606259236573
