Model: GRU
MSE: 14.411409309088933
MAE: 3.0076976043206676
EVS: 0.6178979636019968
