Model: GRU
MSE: 19.63820112719847
MAE: 3.1567450452733925
EVS: 0.45285544407498124
