Model: GRU
MSE: 26.238450163008935
MAE: 3.6725344746201127
EVS: 0.3289980135125007
