Model: GRU
MSE: 19.305326832098007
MAE: 3.1868379999090126
EVS: 0.45676674333249645
