Model: GRU
MSE: 39.82875525505451
MAE: 4.458856715096368
EVS: -0.3687354061407959
