Model: GRU
MSE: 22.402619228022317
MAE: 3.633547553309688
EVS: 0.5021948773062135
