Model: GRU
MSE: 20.779190634717654
MAE: 3.1672424298745616
EVS: 0.41310479485849405
