Model: GRU
MSE: 23.688123832580576
MAE: 4.133881816157588
EVS: 0.5001866900361973
