Model: GRU
MSE: 13.468696035345618
MAE: 2.9756306409835815
EVS: 0.6127893128255832
