Model: GRU
MSE: 22.687328217730105
MAE: 3.3879847085034407
EVS: 0.4110623450978217
