Model: GRU
MSE: 20.421288523270984
MAE: 3.094427479637994
EVS: 0.42159900063254885
