Model: GRU
MSE: 19.05974217258625
MAE: 3.3373409553810403
EVS: 0.47276823240838994
