Model: GRU
MSE: 7873.662211850303
MAE: 88.4231019196687
EVS: -0.5584232837970677
