Model: GRU
MSE: 19.891109818318267
MAE: 3.123855705614443
EVS: 0.4777604241182314
