Model: GRU
MSE: 17.44541899832323
MAE: 2.9509940809673734
EVS: 0.5104669439710103
