Model: GRU
MSE: 35.891086391829326
MAE: 4.3304692815851284
EVS: -0.32111470737757775
