Model: GRU
MSE: 34.3984817142748
MAE: 4.371614300542408
EVS: -0.18542085850550616
