Model: GRU
MSE: 20.5372000571964
MAE: 3.0526705141420716
EVS: 0.458997463981377
