Model: GRU
MSE: 20.619262414466416
MAE: 3.2809437380896673
EVS: 0.45053465694595807
