Model: GRU
MSE: 21.761947961434018
MAE: 3.535440496824406
EVS: 0.38357962361766207
