Model: GRU
MSE: 33.72427455090766
MAE: 4.019380715158251
EVS: -0.24636843134511577
