Model: GRU
MSE: 34.135071435759784
MAE: 4.208539702274181
EVS: -0.19764908991674623
