Model: GRU
MSE: 33.939730809753115
MAE: 4.602358601711415
EVS: -0.17850264246732306
