Model: GRU
MSE: 30.351603473860468
MAE: 3.802998367283079
EVS: -0.13538078595723824
