Model: GRU
MSE: 17.54983801757997
MAE: 2.9342181947496204
EVS: 0.502951826514391
