Model: GRU
MSE: 16.802841636398654
MAE: 2.8888890125133373
EVS: 0.5278131316278114
