Model: GRU
MSE: 20.66107517742441
MAE: 3.373039881388346
EVS: 0.5394799135878758
