Model: GRU
MSE: 21.454678121876945
MAE: 3.3265614951098406
EVS: 0.39270488566195183
