Model: GRU
MSE: 18.735254360919754
MAE: 3.1199402301399797
EVS: 0.469532571642592
