Model: GRU
MSE: 29.562281298343013
MAE: 4.046097049006709
EVS: 0.18649801277798517
