Model: GRU
MSE: 29.303704865001084
MAE: 3.99680522636131
EVS: -0.0064903025925404645
