Model: GRU
MSE: 20.265882833942804
MAE: 3.082158812770137
EVS: 0.4304360545171607
