Model: GRU
MSE: 15.913753205069852
MAE: 3.000382979710897
EVS: 0.5494710725707257
