Model: GRU
MSE: 17.95948912953499
MAE: 3.164945876156842
EVS: 0.5017533416138723
