Model: GRU
MSE: 23.285344263817738
MAE: 3.328480694029066
EVS: 0.36757284467347273
