Model: GRU
MSE: 24.689454530198738
MAE: 3.5319755960393837
EVS: 0.3043829432763331
