Model: GRU
MSE: 17.981084665225936
MAE: 3.2501498416618064
EVS: 0.49847374421868096
