Model: GRU
MSE: 30.16530554955332
MAE: 3.9611377009639033
EVS: -0.03904781364886323
