Model: GRU
MSE: 21.862304641742234
MAE: 3.6221753049779823
EVS: 0.6317510286022339
