Model: GRU
MSE: 19.78684266096039
MAE: 3.3908692355509156
EVS: 0.45774895079996736
