Model: GRU
MSE: 34.83698173182583
MAE: 4.232637140485975
EVS: -0.21823448101565424
