Model: GRU
MSE: 25.901997519088926
MAE: 3.9753902841497353
EVS: 0.1275460760269026
