Model: GRU
MSE: 26.012180767155467
MAE: 3.734141305640892
EVS: 0.3597132266163102
