Model: GRU
MSE: 21.25534261062144
MAE: 3.1269308107870595
EVS: 0.42463685076753876
