Model: GRU
MSE: 28.394264662594214
MAE: 3.730833363753778
EVS: 0.2178455254845303
