Model: GRU
MSE: 20.094075976030176
MAE: 3.318648980723487
EVS: 0.45884818508136505
