Model: GRU
MSE: 19.2939672635581
MAE: 2.96484821372562
EVS: 0.46470065412077954
