Model: GRU
MSE: 16.848551661984967
MAE: 3.012074514671608
EVS: 0.5277445379328483
