Model: GRU
MSE: 21.51107061515254
MAE: 3.500841670566135
EVS: 0.4133274313261571
