Model: GRU
MSE: 20.419043383660423
MAE: 3.121948666042752
EVS: 0.4218814813785672
