Model: GRU
MSE: 22.377223681183878
MAE: 3.6285992198520236
EVS: 0.20448234930527287
