Model: GRU
MSE: 31.61622788067717
MAE: 3.9988216294182672
EVS: -0.17278179719701825
