Model: GRU
MSE: 19.56633576288883
MAE: 3.146088224870187
EVS: 0.46833085226028526
