Model: GRU
MSE: 21.962740551409265
MAE: 3.920521276968497
EVS: 0.44761937808239083
