Model: GRU
MSE: 22.243834292930522
MAE: 3.409471485349867
EVS: 0.412506111661438
