Model: GRU
MSE: 18.998191493690715
MAE: 3.272710826661852
EVS: 0.4873553054075822
