Model: GRU
MSE: 23.105955587566
MAE: 3.269865795418068
EVS: 0.36676693549759554
