Model: GRU
MSE: 31.333258710358017
MAE: 3.6928775442971125
EVS: 0.13400521573129365
