Model: GRU
MSE: 16.55783510068863
MAE: 3.0810425546434193
EVS: 0.5382214130323011
