Model: GRU
MSE: 28.356422558665802
MAE: 3.760263787375556
EVS: -0.017708568594482443
