Model: GRU
MSE: 16.837003587899368
MAE: 3.1004088278169983
EVS: 0.5267136551235229
