Model: GRU
MSE: 39.81025859165979
MAE: 4.798153541706227
EVS: -0.47103621312890875
