Model: GRU
MSE: 38.80901871979982
MAE: 4.9373098611831665
EVS: -0.27419457039831996
