Model: GRU
MSE: 37.374092193324756
MAE: 4.748707962256891
EVS: -0.3907694504890895
