Model: GRU
MSE: 13.763538954220337
MAE: 2.956177490728873
EVS: 0.6187185573201496
