Model: GRU
MSE: 19.419066345165547
MAE: 3.324508207815665
EVS: 0.4510225106788267
