Model: GRU
MSE: 103.53878555634712
MAE: 8.781200845326696
EVS: -0.024806818338124925
