Model: GRU
MSE: 35.64226740310567
MAE: 4.358197830341481
EVS: -0.15314967900369636
