Model: GRU
MSE: 31.340158549036225
MAE: 4.031373299934246
EVS: -0.14791581384157815
