Model: GRU
MSE: 28.882154423409272
MAE: 3.912029164808768
EVS: -0.03436379038589621
