Model: GRU
MSE: 29.435157726898026
MAE: 3.8870766074569136
EVS: -0.03734704789220422
