Model: GRU
MSE: 33.105309454623516
MAE: 4.076340878451312
EVS: -0.11697444541077151
