Model: GRU
MSE: 22.815007323788063
MAE: 3.64457251407482
EVS: 0.4302632529348901
