Model: GRU
MSE: 26.543933347490743
MAE: 3.850138490398725
EVS: 0.007888592340485778
