Model: GRU
MSE: 20.104410582692893
MAE: 3.173770089944204
EVS: 0.4311835302990342
