Model: GRU
MSE: 24.273747070467042
MAE: 4.238125447873716
EVS: 0.5015161910333502
