Model: GRU
MSE: 36.21009372561111
MAE: 4.450238614170639
EVS: -0.13657219458605074
