Model: GRU
MSE: 24.207543343424543
MAE: 3.6580838406527483
EVS: 0.3275870019287702
