Model: GRU
MSE: 21.438931636344122
MAE: 3.153981924057007
EVS: 0.3942131900160798
