Model: GRU
MSE: 36.6147194821172
MAE: 4.4384475813971624
EVS: -0.1508581182702493
