Model: GRU
MSE: 28.056834901660235
MAE: 3.686578626985903
EVS: -0.04569376316146312
