Model: GRU
MSE: 26.279183241242578
MAE: 3.9818739350195282
EVS: 0.32058105137091397
