Model: GRU
MSE: 20.578581741929973
MAE: 3.3580792093718492
EVS: 0.4172802651526364
