Model: GRU
MSE: 30.849850537622782
MAE: 3.8393989624800504
EVS: -0.12142681110620668
