Model: GRU
MSE: 19.279585264745236
MAE: 3.369811569099073
EVS: 0.45926545502287297
