Model: GRU
MSE: 41.5703626026138
MAE: 4.520533045132955
EVS: -0.09958996224571592
