Model: GRU
MSE: 13.930557981790448
MAE: 2.769432721314607
EVS: 0.6114207038497304
