Model: GRU
MSE: 21.071900144379555
MAE: 3.1664501472755715
EVS: 0.4106867368464876
