Model: GRU
MSE: 30.13573397192957
MAE: 3.9586352418970177
EVS: -0.11741659600476928
