Model: GRU
MSE: 23.653504387347237
MAE: 3.5381692427176015
EVS: 0.12356672409573566
