Model: GRU
MSE: 21.736866165152765
MAE: 3.231772193202266
EVS: 0.3847360213134414
