Model: GRU
MSE: 23.53512729668052
MAE: 3.63913028438886
EVS: 0.35394755670055433
