Model: GRU
MSE: 24.73031748138472
MAE: 3.482737408743964
EVS: 0.3986413540009729
