Model: GRU
MSE: 21.844221200238785
MAE: 3.252825878284596
EVS: 0.3852480289119742
