Model: GRU
MSE: 19.51100834704299
MAE: 3.040134624198631
EVS: 0.46346849130196943
