Model: GRU
MSE: 25691.177431763703
MAE: 160.17451194480614
EVS: -2.220446049250313e-16
