Model: GRU
MSE: 34.836020470161245
MAE: 4.495928534755
EVS: -0.08013909992149837
