Model: GRU
MSE: 27.083956880600674
MAE: 3.5924617030002453
EVS: -0.00990033444810523
