Model: GRU
MSE: 28.87507543075333
MAE: 3.842941407804136
EVS: -0.050640577270839815
