Model: GRU
MSE: 36.82585800793912
MAE: 4.496266802151998
EVS: -0.3532428044312659
