Model: GRU
MSE: 12.50509492836708
MAE: 2.8241745586748475
EVS: 0.6535704518832328
