Model: GRU
MSE: 22.22418254086287
MAE: 3.2931527031792536
EVS: 0.37149893787727983
