Model: GRU
MSE: 14.448796430026473
MAE: 3.017697839825242
EVS: 0.6066135596053673
