Model: GRU
MSE: 22.892475655709678
MAE: 3.6545704205830893
EVS: 0.4224733237272812
