Model: GRU
MSE: 19.09373822628494
MAE: 3.2656547758314343
EVS: 0.46605528194077395
