Model: GRU
MSE: 19.68788425975487
MAE: 3.0303669152436434
EVS: 0.4466007135749188
