Model: GRU
MSE: 24.06363780415761
MAE: 3.674955599837833
EVS: 0.3895396083786612
