Model: GRU
MSE: 21.904482615193228
MAE: 3.516306665208605
EVS: 0.39365472422213543
