Model: GRU
MSE: 20.777108132901052
MAE: 3.038137082700376
EVS: 0.4118726447095875
