Model: GRU
MSE: 16.52127130908306
MAE: 3.1740658746825323
EVS: 0.5321421266709244
