Model: GRU
MSE: 69.18806214443737
MAE: 6.040589456205015
EVS: -0.9558366611200042
