Model: GRU
MSE: 32.92528642343765
MAE: 4.342047399944729
EVS: -0.03672454994819474
