Model: GRU
MSE: 35.33410548706462
MAE: 4.3688184365078255
EVS: -0.31255961743914584
