Model: GRU
MSE: 32.70811648039711
MAE: 4.114243763464469
EVS: -0.1623348512437981
