Model: GRU
MSE: 23.481195564690005
MAE: 4.18043127766362
EVS: 0.4659163013742116
