Model: GRU
MSE: 20.46040461197476
MAE: 3.471859335899353
EVS: 0.43527532051626183
