Model: GRU
MSE: 35.00550592271484
MAE: 4.182338617466114
EVS: -0.2949216866198745
