Model: GRU
MSE: 145.9713109023954
MAE: 10.536791077366582
EVS: 0.010078711448486821
