Model: GRU
MSE: 21.174248537773497
MAE: 3.240583057756777
EVS: 0.4116623414203643
