Model: GRU
MSE: 21.833724441196335
MAE: 3.139697798976192
EVS: 0.3841617579496114
