Model: GRU
MSE: 17.12888381853932
MAE: 3.253928890934697
EVS: 0.550058604978285
