Model: GRU
MSE: 25.32450282393045
MAE: 3.967204305860731
EVS: 0.3519297572890029
