Model: GRU
MSE: 24.69609349539881
MAE: 3.71395151703446
EVS: 0.33664894186990046
