Model: GRU
MSE: 20.83473295318094
MAE: 2.997951931423611
EVS: 0.41016871009069544
