Model: GRU
MSE: 697.0626376092928
MAE: 25.75100510208695
EVS: 0.03837563993957149
