Model: GRU
MSE: 16.151831943574106
MAE: 3.145021668186894
EVS: 0.5616409556104653
