Model: GRU
MSE: 22.990480932423694
MAE: 3.2881371710035534
EVS: 0.34883634654739804
