Model: GRU
MSE: 22.139991141509526
MAE: 3.4732378588782415
EVS: 0.3833669723084604
