Model: GRU
MSE: 31.586849666361793
MAE: 3.977022135699237
EVS: -0.12891316101563222
