Model: GRU
MSE: 13.321867584144776
MAE: 2.8434149424235025
EVS: 0.6153012416823802
