Model: GRU
MSE: 38.531523864763344
MAE: 4.550341093981707
EVS: -0.2402236163165734
