Model: GRU
MSE: 22.37054556585417
MAE: 3.3254348326612404
EVS: 0.3834679885459107
