Model: GRU
MSE: 35.13513132679545
MAE: 4.093996983987314
EVS: -0.29911162889459897
