Model: GRU
MSE: 141.62791265046005
MAE: 10.296914007928637
EVS: -0.00845022369435311
