Model: GRU
MSE: 12.63769797700565
MAE: 2.868340332750921
EVS: 0.6354658615009068
