Model: GRU
MSE: 25.332862427308253
MAE: 3.6670627505690963
EVS: 0.10269366946690428
