Model: GRU
MSE: 14.712912617792973
MAE: 2.9614771207173667
EVS: 0.644914965016351
