Model: GRU
MSE: 21.955430656252982
MAE: 3.205663221853751
EVS: 0.38987320502501543
