Model: GRU
MSE: 20.252376016126306
MAE: 3.3135824854727143
EVS: 0.42852782321146843
