Model: GRU
MSE: 19.593567570178283
MAE: 3.2301480725959495
EVS: 0.44685449607218786
