Model: GRU
MSE: 21.67248090640056
MAE: 3.2755311771675393
EVS: 0.38637896996331667
