Model: GRU
MSE: 20.35805889948099
MAE: 3.2353896211694786
EVS: 0.43850303139041713
