Model: GRU
MSE: 15.468616483341082
MAE: 3.0371719554618553
EVS: 0.561837597888294
