Model: GRU
MSE: 26.03356049367815
MAE: 3.7214472911976
EVS: 0.3213184920249247
