Model: GRU
MSE: 19.874572633227658
MAE: 3.2272700910215026
EVS: 0.4387647186969076
