Model: GRU
MSE: 21.694858930126188
MAE: 3.5016882154676647
EVS: 0.4027025949787245
