Model: GRU
MSE: 22.367179910899967
MAE: 3.481481463820846
EVS: 0.3665521761996283
