Model: GRU
MSE: 24.540631632159357
MAE: 3.451304276784261
EVS: 0.31382559550838107
