Model: GRU
MSE: 20.451121904320527
MAE: 3.1078101175802724
EVS: 0.43021144575669457
