Model: GRU
MSE: 18.956199040392608
MAE: 3.0093187237227403
EVS: 0.46797312395126334
