Model: GRU
MSE: 31.3926500802181
MAE: 3.9475780416418007
EVS: -0.1746346033904831
