Model: GRU
MSE: 21.04817409139434
MAE: 3.447959816014325
EVS: 0.41125344388017837
