Model: GRU
MSE: 4354.90842066718
MAE: 65.78897801151982
EVS: 1.1102230246251565e-16
