Model: GRU
MSE: 26.33589746158862
MAE: 3.7291296146534108
EVS: 0.07395109468287286
