Model: GRU
MSE: 17.63975210878184
MAE: 2.9810858832465277
EVS: 0.5141894085873996
