Model: GRU
MSE: 54.3873046324907
MAE: 5.795189274681939
EVS: -1.0355279219062452
