Model: GRU
MSE: 26.259902935360337
MAE: 3.808948040008545
EVS: 0.34976076714373827
