Model: GRU
MSE: 31.81331383072893
MAE: 3.9767808031152794
EVS: -0.14547219164092695
