Model: GRU
MSE: 31.398691872315936
MAE: 3.9178761023062245
EVS: -0.14479058314890025
