Model: GRU
MSE: 21.01930611098932
MAE: 3.1043131792986833
EVS: 0.41141568751179225
