Model: GRU
MSE: 19.77006900583764
MAE: 3.2421960499551563
EVS: 0.44415851135629547
