Model: GRU
MSE: 18.88525955478264
MAE: 2.969194844917015
EVS: 0.49213452380719247
