Model: GRU
MSE: 16.75963752818062
MAE: 2.8176000029952437
EVS: 0.5298144724118392
