Model: GRU
MSE: 38.773114693134254
MAE: 4.84675391515096
EVS: -0.15651027395575934
