Model: GRU
MSE: 16.76780754586759
MAE: 3.5610026352935367
EVS: 0.6088373308218968
