Model: GRU
MSE: 23.709386552361458
MAE: 3.3718297636067427
EVS: 0.32982954218318705
