Model: GRU
MSE: 27.277140061151528
MAE: 3.8337047629886203
EVS: -0.0055410721830486676
