Model: GRU
MSE: 33.157188297965895
MAE: 4.327888903794466
EVS: -0.06412029760539606
