Model: GRU
MSE: 27078.679000003358
MAE: 164.44870277687355
EVS: -2.220446049250313e-16
