Model: GRU
MSE: 11.569069448419068
MAE: 2.6558816256346525
EVS: 0.668476665076265
