Model: GRU
MSE: 30.759254813627127
MAE: 3.86153190224259
EVS: -0.11140960217222862
