Model: GRU
MSE: 19.29481170973373
MAE: 3.3412440529576055
EVS: 0.4566390877834505
