Model: GRU
MSE: 25.62282497325632
MAE: 3.707531522821497
EVS: 0.27502336952560236
