Model: GRU
MSE: 24.1457476005673
MAE: 3.404146722069493
EVS: 0.31730228591489895
