Model: GRU
MSE: 19.758146277062924
MAE: 3.283183221463804
EVS: 0.44265905503950753
