Model: GRU
MSE: 18.768700854115075
MAE: 3.068434374199973
EVS: 0.5055458332214006
