Model: GRU
MSE: 8572.134040292785
MAE: 92.44826790138528
EVS: 0.04741945292091765
