Model: GRU
MSE: 13.373009468409348
MAE: 3.054008404413859
EVS: 0.6172822239574224
