Model: GRU
MSE: 21.98533203837889
MAE: 3.242433291894418
EVS: 0.37750791154795094
