Model: GRU
MSE: 36.043638785644895
MAE: 4.222995899341725
EVS: -0.24015872254206716
