Model: GRU
MSE: 22.1202225080652
MAE: 3.6647904184129505
EVS: 0.44463920858868644
