Model: GRU
MSE: 27.656314144084153
MAE: 3.605144785510169
EVS: 0.2968879689940207
