Model: GRU
MSE: 18.56086254845812
MAE: 3.0262291166517468
EVS: 0.47512771373128715
