Model: GRU
MSE: 32.37774646037692
MAE: 4.032902152449997
EVS: -0.1605138461437643
