Model: GRU
MSE: 21.0746930654795
MAE: 3.358292403044524
EVS: 0.40927742825023683
