Model: GRU
MSE: 21.500908014759244
MAE: 3.2636307345496283
EVS: 0.4075089514153547
