Model: GRU
MSE: 17.554861098412417
MAE: 3.231357768729881
EVS: 0.534758796098231
