Model: GRU
MSE: 22.280714823828042
MAE: 3.4136451449659138
EVS: 0.45347301261437145
