Model: GRU
MSE: 141.2821500055555
MAE: 10.344967173205482
EVS: 0.029440734568916826
