Model: GRU
MSE: 33.10096346534166
MAE: 4.333292172462852
EVS: -0.23885191458824417
