Model: GRU
MSE: 18.379579687935674
MAE: 3.2672696820011846
EVS: 0.48123972051935326
