Model: GRU
MSE: 13.531243128550734
MAE: 2.7566767180407488
EVS: 0.6482260175580942
