Model: GRU
MSE: 36.5786210279182
MAE: 4.421341604656643
EVS: -0.32519771549707976
