Model: GRU
MSE: 144.05609932627564
MAE: 10.365784130714557
EVS: -0.05746651683946191
