Model: GRU
MSE: 40.05013587906004
MAE: 4.730793122892027
EVS: -0.2405393204434234
