Model: GRU
MSE: 19.20225042949107
MAE: 3.082853802928218
EVS: 0.48907693379723394
