Model: GRU
MSE: 529.8045846904265
MAE: 22.425860299004448
EVS: -0.006234625712739694
