Model: GRU
MSE: 659.0250504508118
MAE: 25.006826965897172
EVS: 0.04587407153990142
