Model: GRU
MSE: 17.76965005628114
MAE: 3.1810795995924206
EVS: 0.4991118314974252
