Model: GRU
MSE: 27.99147580912549
MAE: 3.731686415495696
EVS: -0.04672532688956932
