Model: GRU
MSE: 145.89097722392688
MAE: 10.430256795000147
EVS: -0.0509179818934653
