Model: GRU
MSE: 21.522573857449643
MAE: 3.6760516387444957
EVS: 0.46647931503661744
