Model: GRU
MSE: 27.629630326146962
MAE: 3.6575988751870616
EVS: -0.025717894828620302
