Model: GRU
MSE: 13.493074293982021
MAE: 2.8555011837570756
EVS: 0.6105137298811946
