Model: GRU
MSE: 25.685051107204345
MAE: 3.5519845838899964
EVS: 0.3042090784743732
