Model: GRU
MSE: 19.802741272383177
MAE: 3.4800001603585704
EVS: 0.4875456667220287
