Model: GRU
MSE: 23.226920226458287
MAE: 3.863908290863037
EVS: 0.4603744209440557
