Model: GRU
MSE: 22.536679083612004
MAE: 3.48837830402233
EVS: 0.36659761220610865
