Model: GRU
MSE: 19.3934241792803
MAE: 2.8864923229923956
EVS: 0.4689740630935644
