Model: GRU
MSE: 22.57286142325961
MAE: 3.57440177599589
EVS: 0.374945863751024
