Model: GRU
MSE: 21.401841647867965
MAE: 3.383294591749156
EVS: 0.4289941866388288
