Model: GRU
MSE: 35.5568259672216
MAE: 4.2232169795919345
EVS: -0.14878876265823782
