Model: GRU
MSE: 20.91397776001965
MAE: 3.394819312625461
EVS: 0.41181160920119064
