Model: GRU
MSE: 30.856571020168353
MAE: 4.128711762251677
EVS: 0.17587352358663633
