Model: GRU
MSE: 11.567955059493457
MAE: 2.667464012900988
EVS: 0.6709593486670251
