Model: GRU
MSE: 37.03115487271183
MAE: 4.24170019891527
EVS: -0.2642870991679378
