Model: GRU
MSE: 27.72469174754711
MAE: 3.9468227404135243
EVS: 0.0480617907697134
