Model: GRU
MSE: 14.11436924200402
MAE: 2.96561089709953
EVS: 0.5924895542222864
