Model: GRU
MSE: 21.701447767505314
MAE: 3.345868631645485
EVS: 0.4504978910302012
