Model: GRU
MSE: 17.78634045232926
MAE: 3.008612314860026
EVS: 0.4989665086374727
