Model: GRU
MSE: 20.232556040887513
MAE: 3.310443447695838
EVS: 0.4307937526950417
