Model: GRU
MSE: 410.02013144321296
MAE: 19.541678534613716
EVS: -0.05330100926272241
