Model: GRU
MSE: 19.89419506339439
MAE: 3.0304773030457675
EVS: 0.4612215584080398
