Model: GRU
MSE: 17.353773772710156
MAE: 3.0744066216327526
EVS: 0.5268550754553856
