Model: GRU
MSE: 19.261502753537858
MAE: 3.163647483896326
EVS: 0.4572708065345683
