Model: GRU
MSE: 18.513997013614382
MAE: 3.120539387067159
EVS: 0.47608597481944326
