Model: GRU
MSE: 17.92521848366016
MAE: 3.279207569581491
EVS: 0.5389888149098778
