Model: GRU
MSE: 33.36416067678116
MAE: 4.290965557098389
EVS: -0.25772816009797594
