Model: GRU
MSE: 21.514639682559004
MAE: 3.0980261343496815
EVS: 0.4133781162565341
