Model: GRU
MSE: 15.053632294671457
MAE: 2.945752516940788
EVS: 0.6459769962500087
