Model: GRU
MSE: 32.8854786201016
MAE: 4.189860432236283
EVS: -0.22908546862748747
