Model: GRU
MSE: 39.07501412419973
MAE: 4.634751637776692
EVS: -0.14580027094680426
