Model: GRU
MSE: 19.37598913058226
MAE: 3.2024132587291576
EVS: 0.4669949218683884
