Model: GRU
MSE: 17.102036769945325
MAE: 3.239073094394472
EVS: 0.540857658640336
