Model: GRU
MSE: 21.404200196215385
MAE: 3.3428803461569325
EVS: 0.41448905018223814
