Model: GRU
MSE: 22.002037381589574
MAE: 3.123174040405839
EVS: 0.3802728426910271
