Model: GRU
MSE: 18.61845750809389
MAE: 3.5544479334795915
EVS: 0.5347160131189514
