Model: GRU
MSE: 20.540041646326294
MAE: 3.6697486948083946
EVS: 0.4629538751740009
