Model: GRU
MSE: 25.722723186366185
MAE: 3.397018520920365
EVS: 0.2855470394283717
