Model: GRU
MSE: 24.252353541803444
MAE: 3.281634364966993
EVS: 0.3152996404414502
