Model: GRU
MSE: 27.386769184732593
MAE: 3.95412994755639
EVS: 0.3280556394223867
