Model: GRU
MSE: 42.58151891736192
MAE: 4.872726528732865
EVS: -0.5156622850867156
