Model: GRU
MSE: 19.84531617697644
MAE: 2.962440676159329
EVS: 0.4379606605675429
