Model: GRU
MSE: 18.9473200075984
MAE: 3.092687103483412
EVS: 0.4647829866853881
