Model: GRU
MSE: 22.028774195128968
MAE: 3.0991880187281855
EVS: 0.38149614213767813
