Model: GRU
MSE: 27.33430930403283
MAE: 3.6995536662914135
EVS: 0.32483482493139193
