Model: GRU
MSE: 16.81880920241924
MAE: 3.0987938156834356
EVS: 0.5487128093898176
