Model: GRU
MSE: 296.14962147434187
MAE: 16.13560605932165
EVS: -0.013842489878613584
