Model: GRU
MSE: 20.173404126871716
MAE: 3.472206230516787
EVS: 0.4768417769849098
