Model: GRU
MSE: 30.31206463119069
MAE: 3.894509792327881
EVS: -0.0912215522025499
