Model: GRU
MSE: 21.82243411842496
MAE: 3.3332310296871044
EVS: 0.40328548810187204
