Model: GRU
MSE: 21.808824243587146
MAE: 3.3086321177305997
EVS: 0.42827976698421133
