Model: GRU
MSE: 36.04842743850999
MAE: 4.341847545570797
EVS: -0.2873764494268949
