Model: GRU
MSE: 35.034391174501735
MAE: 4.548892921871609
EVS: -0.08161170385725702
