Model: GRU
MSE: 19.113970734646735
MAE: 3.038558058164738
EVS: 0.45921739193281497
