Model: GRU
MSE: 25.708440210456565
MAE: 3.683369747229985
EVS: 0.007030013732002516
