Model: GRU
MSE: 35.5861668736488
MAE: 4.441877214996903
EVS: -0.19827966317938306
