Model: GRU
MSE: 21.671716466766934
MAE: 3.2649138062088574
EVS: 0.39768902737849354
