Model: GRU
MSE: 33.55534520897647
MAE: 4.292584419250488
EVS: 0.12844452966262465
