Model: GRU
MSE: 18.861762507323753
MAE: 3.1195231631950096
EVS: 0.4813337052789438
