Model: GRU
MSE: 1341.6680687018084
MAE: 36.18912117569535
EVS: 0.07515629249487221
