Model: GRU
MSE: 26.345063305251077
MAE: 3.3745795488357544
EVS: 0.3065703374437684
