Model: GRU
MSE: 21.575720721244007
MAE: 3.3990663334175393
EVS: 0.38908026162065223
