Model: GRU
MSE: 14.628725734647551
MAE: 2.9526563397160284
EVS: 0.586898153678886
