Model: GRU
MSE: 25.11333245162819
MAE: 3.5334429299389876
EVS: 0.3327799457070325
