Model: GRU
MSE: 22.513861902012245
MAE: 3.367190010017819
EVS: 0.38354056021872207
