Model: GRU
MSE: 35.74189606187927
MAE: 4.144336402416229
EVS: -0.006823135274253378
