Model: GRU
MSE: 38.328731940867954
MAE: 4.14975463019477
EVS: 0.02234692120144799
