Model: GRU
MSE: 14.446781630247832
MAE: 3.0647966773421675
EVS: 0.6532554919112272
