Model: GRU
MSE: 36.344251933217116
MAE: 4.508256325015315
EVS: -0.16998948604467046
