Model: GRU
MSE: 25.267170703388892
MAE: 3.5451186144793474
EVS: 0.3514716672534077
