Model: GRU
MSE: 16.836418684155984
MAE: 3.24895320115266
EVS: 0.5312140454694048
