Model: GRU
MSE: 17.25144176684326
MAE: 3.1737865253731057
EVS: 0.5153392763392304
