Model: GRU
MSE: 15.846003376098432
MAE: 3.105979327802305
EVS: 0.545535937533084
