Model: GRU
MSE: 31.506370291560557
MAE: 4.216580002396195
EVS: -0.042337542189915256
