Model: GRU
MSE: 24.511845473077845
MAE: 3.8694175437644676
EVS: 0.3853629806950303
