Model: GRU
MSE: 20.81610609536547
MAE: 3.5574685291007713
EVS: 0.4619543308588573
