Model: GRU
MSE: 38.857279148717815
MAE: 4.5703919563028546
EVS: -0.31110264061475923
