Model: GRU
MSE: 28.17378345707998
MAE: 3.7164840698242188
EVS: -0.011214211075056157
