Model: GRU
MSE: 42.57191905130045
MAE: 4.819095969200134
EVS: -0.5932856068066927
