Model: GRU
MSE: 22.242655056770513
MAE: 3.2913875535682395
EVS: 0.38624933012879126
