Model: GRU
MSE: 27.81734519315068
MAE: 3.6260483618135804
EVS: 0.3010430144687867
