Model: GRU
MSE: 135.11133092488876
MAE: 9.970644783090663
EVS: -0.031206653452058974
