Model: GRU
MSE: 19.490140466905284
MAE: 3.1528462922131575
EVS: 0.4680065361646716
