Model: GRU
MSE: 23.18709619934203
MAE: 3.2784399809660734
EVS: 0.40242845698977436
