Model: GRU
MSE: 12.69394414452945
MAE: 2.8720127012994556
EVS: 0.6345759487053562
