Model: GRU
MSE: 18.275606417149397
MAE: 3.4282741281721325
EVS: 0.49004017111015186
