Model: GRU
MSE: 17.486072519185992
MAE: 3.0548922529927007
EVS: 0.5206761240487987
