Model: GRU
MSE: 23.874718776010823
MAE: 3.6086375845803156
EVS: 0.36300791219922135
