Model: GRU
MSE: 19.73345469494675
MAE: 3.4871339577215688
EVS: 0.4511419484929293
