Model: GRU
MSE: 16.583163583384355
MAE: 3.0175870452766067
EVS: 0.5331242710029684
