Model: GRU
MSE: 36.4116799541382
MAE: 4.739487511771066
EVS: -0.23194355916893317
