Model: GRU
MSE: 15.072892647625748
MAE: 3.0361482478954174
EVS: 0.5679786261027336
