Model: GRU
MSE: 20.981397445572227
MAE: 3.0901179666872376
EVS: 0.4269895265344634
