Model: GRU
MSE: 42.50302360915163
MAE: 4.626631944267838
EVS: -0.13130845253171786
