Model: GRU
MSE: 26.606169871316236
MAE: 3.7543975247277155
EVS: 0.3579790648045903
