Model: GRU
MSE: 21.558491021620974
MAE: 3.591833467836733
EVS: 0.4072471753702376
