Model: GRU
MSE: 17.923397695330955
MAE: 2.932367280677513
EVS: 0.5005578492245423
