Model: GRU
MSE: 22.129741086432634
MAE: 3.333022761124152
EVS: 0.39637991130165273
