Model: GRU
MSE: 45.918773888513535
MAE: 4.828086438002409
EVS: -0.4825001537704259
