Model: GRU
MSE: 369.1671835162779
MAE: 18.323457647252965
EVS: 0.053396690490915
