Model: GRU
MSE: 21.340046390777413
MAE: 3.6437518331739636
EVS: 0.4256248367723815
