Model: GRU
MSE: 24.663087703606507
MAE: 3.483198386651498
EVS: 0.3061402143919336
