Model: GRU
MSE: 18.212979543675214
MAE: 3.091542473545781
EVS: 0.5068309803629569
