Model: GRU
MSE: 18.40622785984986
MAE: 2.9740665930288808
EVS: 0.4949307935187629
