Model: GRU
MSE: 22.680249124222275
MAE: 3.424859404563904
EVS: 0.36837607959333596
