Model: GRU
MSE: 16.5511843126209
MAE: 3.4422394964430065
EVS: 0.5431872604454142
