Model: GRU
MSE: 39.15367724833901
MAE: 4.889337760430795
EVS: -0.07361807527516606
