Model: GRU
MSE: 19.63584537552158
MAE: 3.1657934188842773
EVS: 0.449826702847102
