Model: GRU
MSE: 19.636960409540624
MAE: 3.2826390001508923
EVS: 0.4496361240368745
