Model: GRU
MSE: 22.57540613317623
MAE: 3.248066297283879
EVS: 0.3632627961904975
