Model: GRU
MSE: 42.30034491925391
MAE: 4.657014385417655
EVS: -0.4916318116963141
