Model: GRU
MSE: 21.019575758192214
MAE: 3.3187695741653442
EVS: 0.4117831850708441
