Model: GRU
MSE: 22.21462380082497
MAE: 3.4385515539734453
EVS: 0.4022583768305541
