Model: GRU
MSE: 32.66350506369854
MAE: 4.1643248664008246
EVS: -0.062438865604017346
