Model: GRU
MSE: 20.55535799230403
MAE: 3.1666111791575395
EVS: 0.4300663374524212
