Model: GRU
MSE: 21.711978138566483
MAE: 3.0987091770878545
EVS: 0.40331876736497907
