Model: GRU
MSE: 15.999056057077711
MAE: 2.927650867236985
EVS: 0.546883698641905
