Model: GRU
MSE: 25.45407957437771
MAE: 3.4999381171332464
EVS: 0.33209829925519185
