Model: GRU
MSE: 22.503715060287554
MAE: 3.5030269622802734
EVS: 0.46985331826621934
