Model: GRU
MSE: 718.1158355246583
MAE: 26.025965090151185
EVS: -0.15471199792115686
