Model: GRU
MSE: 25.741876515053416
MAE: 3.803078872186166
EVS: 0.060455653946913435
