Model: GRU
MSE: 25.474094436103965
MAE: 3.5280924726415566
EVS: 0.34255444073371766
