Model: GRU
MSE: 20.58180811659094
MAE: 3.6354076067606607
EVS: 0.516354329867186
