Model: GRU
MSE: 21.652968718720913
MAE: 3.3436855210198297
EVS: 0.4104489198610869
