Model: GRU
MSE: 17.284607313882315
MAE: 3.117080476548937
EVS: 0.5290081795402299
