Model: GRU
MSE: 17.64534800940973
MAE: 3.138096120622423
EVS: 0.5121291049626587
