Model: GRU
MSE: 14.849769139005637
MAE: 3.0212759971618652
EVS: 0.6439041943752403
