Model: GRU
MSE: 21.387242932267924
MAE: 3.1672648147300437
EVS: 0.41023834958054783
