Model: GRU
MSE: 23.369820850055746
MAE: 3.4630582156004728
EVS: 0.3527157450753289
