Model: GRU
MSE: 23.813586380400718
MAE: 3.3885523875554404
EVS: 0.3294371311721823
