Model: GRU
MSE: 1940.970474045901
MAE: 43.69023485536928
EVS: 0.08977392183976696
