Model: GRU
MSE: 12.244884654688194
MAE: 2.798746923605601
EVS: 0.6486551200614838
