Model: GRU
MSE: 19.899419817423716
MAE: 3.0389705587316445
EVS: 0.4364550757433734
