Model: GRU
MSE: 23.314223175675608
MAE: 3.531041321931062
EVS: 0.37522126596972594
