Model: GRU
MSE: 19.831546136391726
MAE: 3.0071840595316
EVS: 0.4509220362819495
