Model: GRU
MSE: 19.40734425842569
MAE: 2.8997911700495966
EVS: 0.460851900458802
