Model: GRU
MSE: 17042.5058418845
MAE: 130.40766680682148
EVS: -0.029547638970836454
