Model: GRU
MSE: 22.675957601218425
MAE: 3.6618284274030617
EVS: 0.4081447561163236
