Model: GRU
MSE: 19.79695234715884
MAE: 3.1218266878966934
EVS: 0.43951089090153694
