Model: GRU
MSE: 22.028069484049293
MAE: 3.696394823215626
EVS: 0.40639018815918926
