Model: GRU
MSE: 22.973982111155397
MAE: 3.318159783328021
EVS: 0.36056952397267694
