Model: GRU
MSE: 31.300811557943504
MAE: 3.916185988320245
EVS: -0.1401195640696249
