Model: GRU
MSE: 20.424147184195295
MAE: 3.05631505118476
EVS: 0.4287841209653759
