Model: GRU
MSE: 15538.409760743336
MAE: 124.51147178367331
EVS: 0.0
