Model: GRU
MSE: 23.042323351680462
MAE: 3.3617051354161016
EVS: 0.37268614008369394
