Model: GRU
MSE: 23.04117929302026
MAE: 3.2746282815933228
EVS: 0.3505921155266839
