Model: GRU
MSE: 30.37021426912241
MAE: 4.170107024687308
EVS: -0.08218595458838163
