Model: GRU
MSE: 20.659172275338488
MAE: 3.316133602901741
EVS: 0.42446532445178564
