Model: GRU
MSE: 38.58367242548364
MAE: 4.446465549724443
EVS: -0.41030023948242444
