Model: GRU
MSE: 210.97834030565784
MAE: 13.220590829849243
EVS: -0.02524316617968214
