Model: GRU
MSE: 18.955217265338025
MAE: 2.9385294169187546
EVS: 0.485734639098089
