Model: GRU
MSE: 22.144317534507454
MAE: 3.72556084173697
EVS: 0.5446811338099189
