Model: GRU
MSE: 19.967218271472277
MAE: 3.33058175334224
EVS: 0.46635909513664286
