Model: GRU
MSE: 21.613631589724847
MAE: 3.0710143778059216
EVS: 0.39923899887626746
