Model: GRU
MSE: 21.22983806627176
MAE: 3.440023245634856
EVS: 0.44359199046787556
