Model: GRU
MSE: 20.054666308913003
MAE: 3.020692330819589
EVS: 0.4319934246551611
