Model: GRU
MSE: 31.89839384495433
MAE: 4.078213841826828
EVS: -0.13691108467683732
