Model: GRU
MSE: 19.48309842639241
MAE: 2.9999255074395075
EVS: 0.44864358061608645
