Model: GRU
MSE: 1459.593868533912
MAE: 37.60711698178892
EVS: -0.2831323671540107
