Model: GRU
MSE: 31.984974713405084
MAE: 4.045653824453001
EVS: -0.19570637667747293
