Model: GRU
MSE: 18.214087791556352
MAE: 3.129745986726549
EVS: 0.48691735231561284
