Model: GRU
MSE: 23.441852880027877
MAE: 3.2763724856906467
EVS: 0.3428669020202093
