Model: GRU
MSE: 24.507778528162756
MAE: 3.4730646786866366
EVS: 0.0893192236474839
