Model: GRU
MSE: 22.381717595419786
MAE: 3.6768026263625533
EVS: 0.36630456086982954
