Model: GRU
MSE: 22.063969869230245
MAE: 3.4410901069641113
EVS: 0.37505367662692135
