Model: GRU
MSE: 18.901436030225813
MAE: 3.168747239642673
EVS: 0.4676247433218319
