Model: GRU
MSE: 26.09043778758773
MAE: 3.828818471343429
EVS: 0.29833935927179556
