Model: GRU
MSE: 23.27147428130194
MAE: 3.53441082989728
EVS: 0.36789827453029245
