Model: GRU
MSE: 28.00530416143437
MAE: 3.9848748136449745
EVS: 0.32297637994188866
