Model: GRU
MSE: 16.984002347531373
MAE: 3.186132801903619
EVS: 0.5252009462610413
