Model: GRU
MSE: 17.52745672765639
MAE: 3.3025802506340876
EVS: 0.5621449898841717
