Model: GRU
MSE: 27.046875895177273
MAE: 3.6392878779658564
EVS: -0.011207939884637197
