Model: GRU
MSE: 17.00033127224403
MAE: 3.431496818860372
EVS: 0.5202742973051525
