Model: GRU
MSE: 21.68742430054227
MAE: 3.4056410204481193
EVS: 0.3989227556995357
