Model: GRU
MSE: 18.477622140433258
MAE: 3.2925285001595817
EVS: 0.4927517472528945
