Model: GRU
MSE: 34.75439526418756
MAE: 4.605424514838627
EVS: -0.12429740596490735
