Model: GRU
MSE: 20.885916038190427
MAE: 3.331153428113019
EVS: 0.42941861981723484
