Model: GRU
MSE: 32.205089679805
MAE: 4.056211396499917
EVS: -0.20277357648216388
