Model: GRU
MSE: 28.55539285941288
MAE: 3.9117777700777405
EVS: 0.2973737616932668
