Model: GRU
MSE: 24.27961188946863
MAE: 3.5386934015485974
EVS: 0.36641314672800007
