Model: GRU
MSE: 14.258445496808745
MAE: 3.0654676258563995
EVS: 0.588199838852709
