Model: GRU
MSE: 41.498050382128525
MAE: 4.796813293739602
EVS: -0.32250986615658306
