Model: GRU
MSE: 18.5729674511317
MAE: 3.3113331618132413
EVS: 0.4851696959204467
