Model: GRU
MSE: 33.29672889407568
MAE: 3.9444452789094715
EVS: -0.21763219165104264
