Model: GRU
MSE: 19.475685034431734
MAE: 3.0914381080203586
EVS: 0.4493850684889352
