Model: GRU
MSE: 577.2409647396017
MAE: 23.259101125929092
EVS: -0.02696712365685605
