Model: GRU
MSE: 32.351513636465306
MAE: 4.053226991936013
EVS: -0.19169836327589862
