Model: GRU
MSE: 19.969322926510657
MAE: 3.18412035924417
EVS: 0.43460884856603177
