Model: GRU
MSE: 22.64710260163251
MAE: 3.3837591807047525
EVS: 0.3810122900212466
