Model: GRU
MSE: 371.08622590324376
MAE: 18.49723964267307
EVS: -0.08307106720277324
