Model: GRU
MSE: 41.76599047305102
MAE: 5.052229227843108
EVS: -0.09254064458990263
