Model: GRU
MSE: 33.47433553112452
MAE: 4.196824338701036
EVS: -0.13254222992759312
