Model: GRU
MSE: 29.34614070083938
MAE: 3.9746931393941245
EVS: -0.010480604221362544
