Model: GRU
MSE: 27.697194916193364
MAE: 3.6533394036469637
EVS: -0.020609654796412302
