Model: GRU
MSE: 16.78497100955868
MAE: 3.4565959065048784
EVS: 0.5636591900801633
