Model: GRU
MSE: 20.68264006697372
MAE: 3.1851852293367737
EVS: 0.42796427868946463
