Model: GRU
MSE: 35.49544922147921
MAE: 4.346206042501661
EVS: -0.18305873155032204
