Model: GRU
MSE: 13.398136084668945
MAE: 2.863075953942758
EVS: 0.6431693546804955
