Model: GRU
MSE: 17.923204873565798
MAE: 3.276583101462435
EVS: 0.49301008462702267
