Model: GRU
MSE: 18.03237308556217
MAE: 3.0278070320685706
EVS: 0.4896970803547137
