Model: GRU
MSE: 19.288969949561434
MAE: 3.405232473655983
EVS: 0.5394884178732697
