Model: GRU
MSE: 21.63743588009038
MAE: 3.4541946627475597
EVS: 0.39049479927806285
