Model: GRU
MSE: 18.28529898978512
MAE: 3.159951664231442
EVS: 0.48214248779656677
