Model: GRU
MSE: 28.919482905143624
MAE: 3.661344603255943
EVS: -0.08171177928371831
