Model: GRU
MSE: 137.91591437188015
MAE: 10.048800598692011
EVS: -0.04629517935241223
