Model: GRU
MSE: 33.49710378787051
MAE: 4.253529151280721
EVS: -0.11913479128158455
