Model: GRU
MSE: 145.8362242860494
MAE: 7.148010483494511
EVS: -2.568945094377451
