Model: GRU
MSE: 37.849809834790605
MAE: 4.50010484457016
EVS: -0.29913990864682627
