Model: GRU
MSE: 31.820952839803947
MAE: 4.139927073761269
EVS: 0.10340263110339987
