Model: GRU
MSE: 25.166053325547292
MAE: 3.3890563072981656
EVS: 0.3025572362903809
