Model: GRU
MSE: 19.817190564359382
MAE: 3.158411184946696
EVS: 0.4761632212532897
