Model: GRU
MSE: 24.91352362046628
MAE: 3.7417024467830307
EVS: 0.3730646316962123
