Model: GRU
MSE: 22.218949207128905
MAE: 3.473964973732277
EVS: 0.40230628372126553
