Model: GRU
MSE: 22.538904393040248
MAE: 3.2870962686008878
EVS: 0.3616865268831737
