Model: GRU
MSE: 1356.1763523045354
MAE: 36.44997949953432
EVS: -0.032058107018063886
