Model: GRU
MSE: 28.11690044020063
MAE: 4.0591970682144165
EVS: -0.006255081717457367
