Model: GRU
MSE: 27.335581404434286
MAE: 3.415197588779308
EVS: -0.022953135733587038
