Model: GRU
MSE: 20.911063063438533
MAE: 3.194310594488073
EVS: 0.41129813852481034
