Model: GRU
MSE: 22.171764458120993
MAE: 3.24380354086558
EVS: 0.3723179394061268
