Model: GRU
MSE: 37.43721396298206
MAE: 4.361570420088591
EVS: -0.28201636678614705
