Model: GRU
MSE: 16.705412160068494
MAE: 3.0459285047319202
EVS: 0.5269659044953174
