Model: GRU
MSE: 24.507572053509442
MAE: 3.968360996356717
EVS: 0.4423583673673277
