Model: GRU
MSE: 38.51848779267453
MAE: 4.484086578642881
EVS: -0.41736500754088146
