Model: GRU
MSE: 19.275580795435484
MAE: 3.3174112372928195
EVS: 0.45419510387997164
