Model: GRU
MSE: 22.388151332621074
MAE: 3.289076100896906
EVS: 0.3664533977478097
