Model: GRU
MSE: 20.5538095515752
MAE: 2.998184352009385
EVS: 0.42337266747265767
