Model: GRU
MSE: 13.134397781393774
MAE: 2.9996244454825365
EVS: 0.6276471461111055
