Model: GRU
MSE: 17.99764856971061
MAE: 3.0728214581807456
EVS: 0.49094811863854915
