Model: GRU
MSE: 25.29526222069039
MAE: 3.5620335384651467
EVS: 0.08547734047657396
