Model: GRU
MSE: 31.43009646466069
MAE: 3.919024635244299
EVS: -0.13438823217350215
