Model: GRU
MSE: 2198.967113769215
MAE: 46.499719831678604
EVS: -0.04078996161878812
