Model: GRU
MSE: 31.886649589424906
MAE: 4.040406339698368
EVS: 0.19206971019116326
