Model: GRU
MSE: 399.1189548201789
MAE: 19.03825569152832
EVS: -0.03854103229712469
