Model: GRU
MSE: 16.472234543750876
MAE: 3.2875267841197826
EVS: 0.5711827562731306
