Model: GRU
MSE: 23.82912519233119
MAE: 3.451619271878843
EVS: 0.3566671428470075
