Model: GRU
MSE: 25.07811430785977
MAE: 3.4445412512178772
EVS: 0.2908716598801889
