Model: GRU
MSE: 28.51408261003459
MAE: 3.984545698872319
EVS: 0.01791174884966029
