Model: GRU
MSE: 35.226007401945445
MAE: 4.3651034677470175
EVS: -0.29538940164982375
