Model: GRU
MSE: 32.081264355316
MAE: 3.746160798602634
EVS: 0.1210104125599969
