Model: GRU
MSE: 18.227624620603848
MAE: 3.2377544155827276
EVS: 0.4991999276298448
