Model: GRU
MSE: 13.773644500484917
MAE: 2.923976907023677
EVS: 0.645721835023678
