Model: GRU
MSE: 20.14909686876729
MAE: 3.2924699871628373
EVS: 0.43661353829068095
