Model: GRU
MSE: 34.92595309297466
MAE: 4.83204334753531
EVS: -0.03771200956053211
