Model: GRU
MSE: 22.08158974543271
MAE: 3.3002866859789246
EVS: 0.4109398399659332
