Model: GRU
MSE: 22.692988379175624
MAE: 3.2261043036425554
EVS: 0.3685302292729703
