Model: GRU
MSE: 281.80962699019346
MAE: 15.759425004323324
EVS: 0.05248835361021964
