Model: GRU
MSE: 38.92852481999159
MAE: 4.995273394244058
EVS: -0.4811565138750127
