Model: GRU
MSE: 17.929288281044986
MAE: 3.393585787879096
EVS: 0.6049323801887958
