Model: GRU
MSE: 21.651388812059494
MAE: 3.2315543404331915
EVS: 0.3920789384833845
