Model: GRU
MSE: 12.856199379462229
MAE: 2.6793182072816073
EVS: 0.6600933609519921
