Model: GRU
MSE: 30.692983353635412
MAE: 4.085659777676618
EVS: -0.14464400171922875
