Model: GRU
MSE: 14.575027261621038
MAE: 3.092567918477235
EVS: 0.5789678799932134
