Model: GRU
MSE: 21.183448814140775
MAE: 3.1849165051071733
EVS: 0.40998996053686876
