Model: GRU
MSE: 21.224697290652493
MAE: 3.194116398140236
EVS: 0.40258086638029933
