Model: GRU
MSE: 12.111554232374637
MAE: 2.7427535498583757
EVS: 0.6507522587110544
