Model: GRU
MSE: 23.255774180648476
MAE: 3.3821044586322926
EVS: 0.4063994011157811
