Model: GRU
MSE: 19.921569219344086
MAE: 3.1311228893421315
EVS: 0.4752701714960551
