Model: GRU
MSE: 29.469307557814474
MAE: 3.6798450152079263
EVS: -0.10286901732039344
