Model: GRU
MSE: 25.63759000560301
MAE: 3.808564066886902
EVS: 0.14829644042318224
