Model: GRU
MSE: 24.38359422603214
MAE: 3.3334123381861933
EVS: 0.092245697904349
