Model: GRU
MSE: 35.70046744236997
MAE: 4.303246718865854
EVS: -0.2461930403452106
