Model: GRU
MSE: 20.382973293868922
MAE: 2.9723112229947692
EVS: 0.4252299903209005
