Model: GRU
MSE: 28.7028158201012
MAE: 3.93329268473166
EVS: -0.034240939456997355
