Model: GRU
MSE: 19.291065745297
MAE: 3.240913656022814
EVS: 0.4560173722472999
