Model: GRU
MSE: 33.00243520268538
MAE: 3.9126259132667824
EVS: -0.19875558171984675
