Model: GRU
MSE: 32.67133720870547
MAE: 3.881708825076068
EVS: -0.1914505844186376
