Model: GRU
MSE: 5998.985419808764
MAE: 77.19207961470993
EVS: -0.1434746995617182
