Model: GRU
MSE: 28.04165176296096
MAE: 3.8022264418778597
EVS: -0.0450306767094264
