Model: GRU
MSE: 21.770802278620256
MAE: 3.261239578878438
EVS: 0.3860773098033563
