Model: GRU
MSE: 1198.0142267580798
MAE: 34.171441042864764
EVS: 0.14095938999770874
