Model: GRU
MSE: 20.610026405123637
MAE: 3.2920051592367665
EVS: 0.4291417071848308
