Model: GRU
MSE: 22.59711324525559
MAE: 3.2394086431573936
EVS: 0.42181553519458814
