Model: GRU
MSE: 21.45354727596463
MAE: 3.572467018056799
EVS: 0.4328367138101402
