Model: GRU
MSE: 39.091591820311706
MAE: 4.349999833990027
EVS: -0.3145310312703655
