Model: GRU
MSE: 14.322899729828341
MAE: 3.1200406987358025
EVS: 0.6006119077708053
