Model: GRU
MSE: 22.087432157179272
MAE: 3.4827473958333335
EVS: 0.40307693745378437
