Model: GRU
MSE: 25.23721444699929
MAE: 3.4245446545106395
EVS: 0.28513095396332666
