Model: GRU
MSE: 16.880154807115403
MAE: 3.048852381882844
EVS: 0.5218834118720648
