Model: GRU
MSE: 17.468494522380052
MAE: 3.1635387385333025
EVS: 0.541304182627081
