Model: GRU
MSE: 41.73961494856495
MAE: 5.116178124039261
EVS: 0.05242151669786754
