Model: GRU
MSE: 20.212824701959594
MAE: 3.212442261201364
EVS: 0.4276087039696713
