Model: GRU
MSE: 18.33816669622368
MAE: 3.5261306762695312
EVS: 0.5850982135389863
