Model: GRU
MSE: 32.53362898746488
MAE: 4.083164045104274
EVS: -0.16942034441735432
