Model: GRU
MSE: 18.352604902777095
MAE: 3.5154929337678134
EVS: 0.6112983742419578
