Model: GRU
MSE: 41.71767108131875
MAE: 4.96198613776101
EVS: -0.5596414780595758
