Model: GRU
MSE: 25.820928938562695
MAE: 3.871498911469071
EVS: 0.3052290238665012
