Model: GRU
MSE: 130.04971528895916
MAE: 9.734645640408552
EVS: 0.00047489982755077875
