Model: GRU
MSE: 31.928478652469696
MAE: 4.045033927317019
EVS: -0.19309778649221565
