Model: GRU
MSE: 31.075020229677623
MAE: 4.036642030433372
EVS: -0.10195752135695169
