Model: GRU
MSE: 27.91856223148382
MAE: 3.837605385868638
EVS: 0.028862217461039563
