Model: GRU
MSE: 16.94632388480063
MAE: 3.0007259051005044
EVS: 0.5359553652248819
