Model: GRU
MSE: 31.527941102006846
MAE: 3.9365072335515703
EVS: -0.11241206802794257
