Model: GRU
MSE: 18.529852272919573
MAE: 3.2008707523345947
EVS: 0.47598109201238936
