Model: GRU
MSE: 16.630996004743434
MAE: 3.0017995216228344
EVS: 0.5476959002281425
