Model: GRU
MSE: 31.285133208008745
MAE: 3.9821089591298784
EVS: -0.11516595811450947
