Model: GRU
MSE: 22.25354410842497
MAE: 3.242828051249186
EVS: 0.40381552845782576
