Model: GRU
MSE: 23.90479437145397
MAE: 3.774316178427802
EVS: 0.3299120287562649
