Model: GRU
MSE: 20.997780115062053
MAE: 3.3563280436727734
EVS: 0.4158477160846633
