Model: GRU
MSE: 24.14417613635951
MAE: 3.582387155956692
EVS: 0.41111820160866497
