Model: GRU
MSE: 21.116377505603445
MAE: 3.083163219469565
EVS: 0.4048976193834578
