Model: GRU
MSE: 12.964858264943224
MAE: 2.814940911752206
EVS: 0.6255321857627497
