Model: GRU
MSE: 20.024643756073964
MAE: 3.16999500769156
EVS: 0.44669915186585707
