Model: GRU
MSE: 18.07755536908908
MAE: 3.0016297146126076
EVS: 0.49352346889000764
