Model: GRU
MSE: 26.771198462560083
MAE: 3.746355105329443
EVS: 0.04411095199363413
