Model: GRU
MSE: 18.016916726268295
MAE: 3.027787544109203
EVS: 0.4924410380591746
