Model: GRU
MSE: 24.22552208359398
MAE: 3.649744492989999
EVS: 0.35724032400690553
