Model: GRU
MSE: 14.111071752648286
MAE: 2.994765361150106
EVS: 0.6433745365071375
