Model: GRU
MSE: 21.258191162835644
MAE: 3.1283479266696506
EVS: 0.39924703105241655
