Model: GRU
MSE: 18.173470382776827
MAE: 3.110974602677204
EVS: 0.49776299604877905
