Model: GRU
MSE: 22.747573690008494
MAE: 3.6359023253122964
EVS: 0.40253622680431167
