Model: GRU
MSE: 504.145157534766
MAE: 21.658489050688566
EVS: 0.007028987376371032
