Model: GRU
MSE: 21.041027233355912
MAE: 3.1762838772049657
EVS: 0.40488868871788364
