Model: GRU
MSE: 55.96919664810346
MAE: 5.964402238527934
EVS: -0.9949602309219778
