Model: GRU
MSE: 27.433547708500917
MAE: 3.757286258869701
EVS: -0.024996321263738963
