Model: GRU
MSE: 23.547283991224376
MAE: 3.2147082929257995
EVS: 0.3569397967494301
