Model: GRU
MSE: 25.46528597693525
MAE: 3.6469904062924563
EVS: 0.2789052929700775
