Model: GRU
MSE: 26.074397544685773
MAE: 3.8135821995911776
EVS: 0.06798151062612268
