Model: GRU
MSE: 132.77387926111564
MAE: 9.80167737658377
EVS: -0.03959546559935645
