Model: GRU
MSE: 20.991453700454773
MAE: 3.292007949617174
EVS: 0.4184600280005498
