Model: GRU
MSE: 17.24975035456972
MAE: 3.1458702882130942
EVS: 0.5352095784975437
