Model: GRU
MSE: 22.306558354327553
MAE: 3.2125202936154826
EVS: 0.37406839656613333
