Model: GRU
MSE: 31.374045557891773
MAE: 4.348294743785152
EVS: -0.030763645547806417
