Model: GRU
MSE: 20.23944882377792
MAE: 3.3597075939178467
EVS: 0.49740475088433944
