Model: GRU
MSE: 18.26709367747232
MAE: 3.2760908515365035
EVS: 0.5280691771549471
