Model: GRU
MSE: 20.715373978933545
MAE: 3.3371488164972374
EVS: 0.4304837029114249
