Model: GRU
MSE: 47.87545837118761
MAE: 5.092325969978615
EVS: -0.4774303350355156
