Model: GRU
MSE: 31.59320764311096
MAE: 4.027336562121356
EVS: -0.16521340568057385
