Model: GRU
MSE: 17.514553912370516
MAE: 3.0182943984314248
EVS: 0.5060984938850646
