Model: GRU
MSE: 20.724710487795125
MAE: 3.1842604566503456
EVS: 0.4130969077580975
