Model: GRU
MSE: 21.96286533545396
MAE: 3.212620046403673
EVS: 0.4025286827789848
