Model: GRU
MSE: 25.146705205107512
MAE: 3.6094740717499345
EVS: 0.09190870631969039
