Model: GRU
MSE: 18.390800936963274
MAE: 3.269812089425546
EVS: 0.4869774052856076
