Model: GRU
MSE: 21.32765524067565
MAE: 3.2974399990505643
EVS: 0.43127093473553646
