Model: GRU
MSE: 17.72958008796075
MAE: 3.1007848492375127
EVS: 0.5155079212452155
