Model: GRU
MSE: 22.79913409950407
MAE: 3.961830567430567
EVS: 0.4439814939882304
