Model: GRU
MSE: 1631.5173589814997
MAE: 39.97296283863209
EVS: -0.26052105162689965
