Model: GRU
MSE: 16.949731337831732
MAE: 2.8422807587517633
EVS: 0.5278049863535947
