Model: GRU
MSE: 21.504353148014232
MAE: 3.2401079601711698
EVS: 0.41268812865861004
