Model: GRU
MSE: 18.802555926458314
MAE: 2.9165308475494385
EVS: 0.46838172776570497
