Model: GRU
MSE: 912.0652597261032
MAE: 29.59582371181912
EVS: -0.024058006657045716
