Model: GRU
MSE: 131.93775230403887
MAE: 9.84568053594342
EVS: 0.008577927910865424
