Model: GRU
MSE: 36.44664284081141
MAE: 4.356116609913962
EVS: -0.4109184649082729
