Model: GRU
MSE: 32.94226893818348
MAE: 4.332969612545437
EVS: 0.24095321978396622
