Model: GRU
MSE: 38.03872692950933
MAE: 4.8959807908093484
EVS: -0.17110638039391501
