Model: GRU
MSE: 20.787026499274884
MAE: 3.213069341800831
EVS: 0.41118619780018384
