Model: GRU
MSE: 15.9154006546994
MAE: 3.1379932739116527
EVS: 0.5493707296986299
