Model: GRU
MSE: 18.061544314296643
MAE: 3.0174704646622694
EVS: 0.49213159928331485
