Model: GRU
MSE: 29.397760419277038
MAE: 4.11571819252438
EVS: -0.02317797614166328
