Model: GRU
MSE: 36.459423549872106
MAE: 4.456587221887377
EVS: -0.15518054587381047
