Model: GRU
MSE: 552.6276980133313
MAE: 22.780281773319953
EVS: 0.04579462274877255
