Model: GRU
MSE: 26.57913471071283
MAE: 3.8801504288400923
EVS: 0.03905011153063087
