Model: GRU
MSE: 36.2166281385841
MAE: 4.201571667635882
EVS: -0.25232219843953674
