Model: GRU
MSE: 19.83470251839203
MAE: 3.1747966872321234
EVS: 0.45078248096729656
