Model: GRU
MSE: 34.87548307828201
MAE: 4.58437544328195
EVS: -0.050201772745771756
