Model: GRU
MSE: 22.430422897231043
MAE: 3.5164056530705206
EVS: 0.3804871382180909
