Model: GRU
MSE: 18.55358933703085
MAE: 3.316140779742488
EVS: 0.4754800902600008
