Model: GRU
MSE: 25.30476517376314
MAE: 3.5451351978160717
EVS: 0.28800357085438233
