Model: GRU
MSE: 5.525343691904852
MAE: 1.8789883189731174
EVS: 0.3877924335273216
