Model: GRU
MSE: 20.38655149544948
MAE: 3.111636417883414
EVS: -0.30733820815927904
