Model: GRU
MSE: 5.787409529630605
MAE: 1.878364951522262
EVS: 0.32820145800680833
