Model: GRU
MSE: 18.37534080404044
MAE: 2.876300670482494
EVS: -0.19334360005906048
