Model: GRU
MSE: 5.709346896581001
MAE: 1.9160870446099176
EVS: 0.40709226415661015
