Model: GRU
MSE: 7.160453800989671
MAE: 2.1181379600807473
EVS: 0.2678510254788943
