Model: GRU
MSE: 15.379386335394546
MAE: 2.7898332101327403
EVS: 0.05368945243920542
