Model: GRU
MSE: 7.582821692652066
MAE: 2.241753613507306
EVS: 0.2850888719226834
