Model: GRU
MSE: 6.5878536144060424
MAE: 2.1878302185623735
EVS: 0.4008889824723363
