Model: GRU
MSE: 17.715374327824673
MAE: 2.8545978334214954
EVS: -0.1423039874865757
