Model: GRU
MSE: 6.936871414991435
MAE: 2.1527015191537364
EVS: 0.3679474651104966
