Model: GRU
MSE: 15.386037600728455
MAE: 2.786410331726074
EVS: -0.008648586067401043
