Model: GRU
MSE: 19.139649632344724
MAE: 3.6248213096901223
EVS: 0.09046044728186675
