Model: GRU
MSE: 6.605006255315899
MAE: 1.989022484532109
EVS: 0.29766378610974553
