Model: GRU
MSE: 17.256230896482844
MAE: 2.922606808798654
EVS: -0.061527272752864626
