Model: GRU
MSE: 10.975838244729092
MAE: 2.821413199106852
EVS: 0.20364608458128242
