Model: GRU
MSE: 13.06676398843118
MAE: 2.8073451859610423
EVS: 0.26607160605631075
