Model: GRU
MSE: 17.96650887406324
MAE: 2.899173348038285
EVS: -0.17289970696184143
