Model: GRU
MSE: 8.63371938947478
MAE: 2.40665050789162
EVS: 0.27144662564991484
