Model: GRU
MSE: 5.850454037650538
MAE: 1.8831939344052915
EVS: 0.3131602912449255
