Model: GRU
MSE: 10.181072451226976
MAE: 2.497506848088017
EVS: 0.34401089590303624
