Model: GRU
MSE: 6.659723462365247
MAE: 2.1103754573398166
EVS: 0.21994694528152958
