Model: GRU
MSE: 5.41108291717943
MAE: 1.8441198313677754
EVS: 0.3951390417861913
