Model: GRU
MSE: 17.717020487912798
MAE: 2.674949398747197
EVS: -0.15119937906030012
