Model: GRU
MSE: 19.09264753047057
MAE: 2.8085793565820762
EVS: -0.21664600567984138
