Model: GRU
MSE: 14.678523135819027
MAE: 2.6709202307241933
EVS: 0.04099606350045537
