Model: GRU
MSE: 7.8039674964905945
MAE: 2.2619834829259804
EVS: 0.29218602558272777
