Model: GRU
MSE: 7.937845166909735
MAE: 2.329337543911404
EVS: 0.18542002328315754
