Model: GRU
MSE: 5.331963745477272
MAE: 1.8469421598646376
EVS: 0.3717203075034934
