Model: GRU
MSE: 5.685337158047838
MAE: 1.9938939765647605
EVS: 0.4111025387258903
