Model: GRU
MSE: 21.29081282288264
MAE: 3.2717850826404713
EVS: -0.035315701929276466
