Model: GRU
MSE: 8.986977956920445
MAE: 2.5171408123440213
EVS: 0.36440297096744856
