Model: GRU
MSE: 7.762598813437896
MAE: 2.3389042395132558
EVS: 0.20448854544811168
