Model: GRU
MSE: 4.853205308313532
MAE: 1.684837535575584
EVS: 0.4281266757502684
