Model: GRU
MSE: 17.625979605236832
MAE: 2.693772969422517
EVS: -0.08625095904974112
