Model: GRU
MSE: 6.1905809286371785
MAE: 1.9743868156715676
EVS: 0.28322072823312716
