Model: GRU
MSE: 8.893951413750308
MAE: 2.427384129276982
EVS: 0.2937434382090044
