Model: GRU
MSE: 9.850859917757656
MAE: 2.432489854318124
EVS: 0.2593939639681755
