Model: GRU
MSE: 6.604270033317847
MAE: 1.9908963132787634
EVS: 0.3648493268971821
