Model: GRU
MSE: 5.889270731205788
MAE: 1.9658886238380715
EVS: 0.34319290288487747
