Model: GRU
MSE: 6.587538886988652
MAE: 2.0894002561216003
EVS: 0.2928539350879049
