Model: GRU
MSE: 5.872609920878892
MAE: 1.9079875946044922
EVS: 0.3360232125266108
