Model: GRU
MSE: 5.73873260558395
MAE: 1.8631972560176142
EVS: 0.3284703990993012
