Model: GRU
MSE: 6.13745336994412
MAE: 2.0071447513721608
EVS: 0.2763013880302825
