Model: GRU
MSE: 9.500076159005841
MAE: 2.556372218661838
EVS: 0.34576081022161576
