Model: GRU
MSE: 7.800891141318398
MAE: 2.3798580876103155
EVS: 0.2826815722409387
