Model: GRU
MSE: 15.124797894517103
MAE: 2.605666725723832
EVS: 0.008656405109325194
