Model: GRU
MSE: 16.838865765069755
MAE: 2.7166579211199724
EVS: -0.08908704549909419
