Model: GRU
MSE: 5.246090344556798
MAE: 1.8396771219041612
EVS: 0.4365570882618881
