Model: GRU
MSE: 4.622040885940637
MAE: 1.660943455166287
EVS: 0.45500692814604815
