Model: GRU
MSE: 7.568587376989685
MAE: 2.290412267049154
EVS: 0.2173041850507641
