Model: GRU
MSE: 5.8016555252108315
MAE: 2.007261452851472
EVS: 0.3660514001271665
