Model: GRU
MSE: 6.418135584580038
MAE: 2.122886375144676
EVS: 0.3668169696716912
