Model: GRU
MSE: 13.99571735129609
MAE: 2.5371105052806713
EVS: 0.08544933794282894
