Model: GRU
MSE: 8.162386916496366
MAE: 2.352484455815068
EVS: 0.15806731387630513
