Model: GRU
MSE: 16.849419986909062
MAE: 2.7387782202826605
EVS: -0.06936779576235486
