Model: GRU
MSE: 6.513959488945518
MAE: 2.0154156155056424
EVS: 0.379103346550723
