Model: GRU
MSE: 5.944337061606617
MAE: 1.9691538634123626
EVS: 0.3224510543274942
