Model: GRU
MSE: 19.021636150192332
MAE: 3.265991175616229
EVS: -0.03929004898811739
