Model: GRU
MSE: 6.594380743750965
MAE: 2.167438754328975
EVS: 0.30799132654384387
