Model: GRU
MSE: 11.852814031020696
MAE: 2.4517303749367043
EVS: 0.2320340785412951
