Model: GRU
MSE: 4.78414081554355
MAE: 1.7193964852227106
EVS: 0.44201959316455386
