Model: GRU
MSE: 5.826152756228919
MAE: 1.956771002875434
EVS: 0.3988955664727044
