Model: GRU
MSE: 6.071016888344275
MAE: 1.9617556465996637
EVS: 0.38004182341284665
