Model: GRU
MSE: 6.982261689316483
MAE: 2.169881467466001
EVS: 0.3133832687211867
