Model: GRU
MSE: 9.399619792072505
MAE: 2.4873121402881764
EVS: 0.2768366542108729
