Model: GRU
MSE: 21.14913027646898
MAE: 3.142385058932834
EVS: -0.287551981436466
