Model: GRU
MSE: 2204.5022964293075
MAE: 46.81543025264033
EVS: 0.15969725749751396
