Model: GRU
MSE: 10.599251828181036
MAE: 2.7557987283777305
EVS: 0.406818296283476
