Model: GRU
MSE: 13.611317696169055
MAE: 2.8189579999005354
EVS: 0.2845522643083622
