Model: GRU
MSE: 7.039220691901761
MAE: 2.1321873135036893
EVS: 0.36868122732804476
