Model: GRU
MSE: 7.609116424804292
MAE: 2.211923281351725
EVS: 0.41787060444658
