Model: GRU
MSE: 6.757106140348493
MAE: 2.054401538990162
EVS: 0.33891443448084924
