Model: GRU
MSE: 17.754554266969915
MAE: 2.9480161843476473
EVS: -0.09547959036608855
