Model: GRU
MSE: 7.263789862715957
MAE: 2.2419169390643083
EVS: 0.19026207129786699
