Model: GRU
MSE: 5.4372754462264545
MAE: 1.8385628947505244
EVS: 0.36084325102335446
