Model: GRU
MSE: 5.567274657746498
MAE: 1.8988844200416848
EVS: 0.35777051206863864
