Model: GRU
MSE: 5.6986271599016955
MAE: 1.9315771526760526
EVS: 0.37860537643188175
