Model: GRU
MSE: 5.406404468510623
MAE: 1.7936873259367767
EVS: 0.39405340915847786
