Model: GRU
MSE: 5.668395873079337
MAE: 1.917655520968967
EVS: 0.38320475192190495
