Model: GRU
MSE: 16.034280300986953
MAE: 2.6020519115306713
EVS: -0.03151763137452224
