Model: GRU
MSE: 16.58720473414389
MAE: 2.8439547334398543
EVS: -0.040125916966302855
