Model: GRU
MSE: 8.751785743478715
MAE: 2.4731261995103626
EVS: 0.3701575131135868
