Model: GRU
MSE: 12.722111248755565
MAE: 2.404624515109592
EVS: 0.16932670717696852
