Model: GRU
MSE: 5.783100736635147
MAE: 1.8765063109221283
EVS: 0.320301644214361
