Model: GRU
MSE: 12.893953168132654
MAE: 2.464783686178702
EVS: 0.19525078218499892
