Model: GRU
MSE: 15.031755551204435
MAE: 2.6620416464628995
EVS: 0.01845171762682063
