Model: GRU
MSE: 6.885668645408394
MAE: 2.1779105221783674
EVS: 0.3699171068603988
