Model: GRU
MSE: 5.319119365273157
MAE: 1.8757440425731517
EVS: 0.3750588983703873
