Model: GRU
MSE: 16.14100869349508
MAE: 2.6968323566295482
EVS: -0.03089543229821823
