Model: GRU
MSE: 5.680750353874525
MAE: 1.902192963494195
EVS: 0.3328405468456648
