Model: GRU
MSE: 19.55658581231455
MAE: 3.1002572730735496
EVS: -0.13648709884321542
