Model: GRU
MSE: 6.115444950818089
MAE: 1.9172320895724826
EVS: 0.3694957860439062
