Model: GRU
MSE: 6.07543995529578
MAE: 1.9279469384087458
EVS: 0.3652117775342639
