Model: GRU
MSE: 5.765413370890638
MAE: 1.826401745831525
EVS: 0.37608084175704737
