Model: GRU
MSE: 5.508953019927739
MAE: 1.888707443519875
EVS: 0.35049509175976445
