Model: GRU
MSE: 4.7181894860619575
MAE: 1.637245778684263
EVS: 0.44988784464292586
