Model: GRU
MSE: 6.804325927686208
MAE: 2.1353219703391746
EVS: 0.36347181569827347
