Model: GRU
MSE: 9.048966300882595
MAE: 2.5609987400196217
EVS: 0.36729399664894213
