Model: GRU
MSE: 17.891889763535172
MAE: 2.91901316024639
EVS: -0.16826548399958874
