Model: GRU
MSE: 6.978964744790893
MAE: 2.2702121381406433
EVS: 0.21463895900568353
