Model: GRU
MSE: 5.741505737614143
MAE: 1.8907844755384657
EVS: 0.37502500495133173
