Model: GRU
MSE: 15.574159020754532
MAE: 2.5218052864074707
EVS: -0.05389644589671483
