Model: GRU
MSE: 7.337464382882494
MAE: 2.111652727480288
EVS: 0.16531902944503207
