Model: GRU
MSE: 5.313461799354762
MAE: 1.907499525282118
EVS: 0.3841090299421491
