Model: GRU
MSE: 6.3681801392188015
MAE: 1.9916946269847728
EVS: 0.2919317938263948
