Model: GRU
MSE: 14.637262052329318
MAE: 2.7341123157077365
EVS: 0.05200333745184882
