Model: GRU
MSE: 4.634280663741332
MAE: 1.676091264795374
EVS: 0.4617919744286685
