Model: GRU
MSE: 20.957106570656517
MAE: 3.3555528606687273
EVS: -0.18555512230861626
