Model: GRU
MSE: 6.185870962179386
MAE: 2.058045775802047
EVS: 0.29899254892466676
