Model: GRU
MSE: 5.5354743259426025
MAE: 1.837103384512442
EVS: 0.4253108453396901
