Model: GRU
MSE: 1712.6084389669425
MAE: 41.24823146396213
EVS: -0.31977538101762626
