Model: GRU
MSE: 5.298052288382552
MAE: 1.8555550575256348
EVS: 0.3763424552499809
