Model: GRU
MSE: 14.861937554333197
MAE: 2.655492694289596
EVS: 0.04196392812418892
