Model: GRU
MSE: 8.100954112805319
MAE: 2.2527251066984952
EVS: 0.3697590308275025
