Model: GRU
MSE: 15.328724264549304
MAE: 2.618825983118128
EVS: -0.004864136977899669
