Model: GRU
MSE: 9.034947362498961
MAE: 2.509818094748038
EVS: 0.17833314711152215
