Model: GRU
MSE: 15.38831959408233
MAE: 2.8607452887075917
EVS: 0.05472446781326612
