Model: GRU
MSE: 11.436543109173591
MAE: 2.720775674890589
EVS: 0.21791694353290347
