Model: GRU
MSE: 6.43762092139645
MAE: 2.009230543065954
EVS: 0.2413224374279418
