Model: GRU
MSE: 6.0238820900618455
MAE: 1.968022593745479
EVS: 0.328542240586176
