Model: GRU
MSE: 15.795766168416103
MAE: 3.3610171212090387
EVS: 0.216852830697028
