Model: GRU
MSE: 6.837661305565638
MAE: 2.1614409199467413
EVS: 0.3172819217838764
