Model: GRU
MSE: 8.163441991192013
MAE: 2.34626363824915
EVS: 0.1936075093081494
