Model: GRU
MSE: 8.389174397569587
MAE: 2.2595398867571794
EVS: 0.24336671822494038
