Model: GRU
MSE: 18.150139852384232
MAE: 3.0213885130705656
EVS: -0.06888930927721804
