Model: GRU
MSE: 5.884864556525018
MAE: 1.9448589395593714
EVS: 0.348033507455752
