Model: GRU
MSE: 5.875516757496211
MAE: 1.9434962272644043
EVS: 0.36177953793040385
