Model: GRU
MSE: 16.440306470677434
MAE: 3.344916131761339
EVS: 0.1685882019474978
