Model: GRU
MSE: 7.917884023737954
MAE: 2.3383262069137007
EVS: 0.3580496773629127
