Model: GRU
MSE: 6.032640553065129
MAE: 1.9812988705105252
EVS: 0.3202815911986815
