Model: GRU
MSE: 17.925559682924728
MAE: 2.7710055245293512
EVS: -0.17478695267069977
