Model: GRU
MSE: 13.74606595227501
MAE: 3.0110797175654658
EVS: 0.27862280709705556
