Model: GRU
MSE: 8.560255479915684
MAE: 2.4052322528980397
EVS: 0.21203727206311263
