Model: GRU
MSE: 17.20471901979548
MAE: 2.6514736811319985
EVS: -0.11803683892939043
