Model: GRU
MSE: 9.84448683779394
MAE: 2.5249462834110967
EVS: 0.2623083881891032
