Model: GRU
MSE: 6.827278746850693
MAE: 2.1279256608751087
EVS: 0.3648181512864227
