Model: GRU
MSE: 6.419363227602372
MAE: 2.0359387221159757
EVS: 0.2861240507461864
