Model: GRU
MSE: 6.605022906931413
MAE: 2.0765004334626376
EVS: 0.4174594210860433
