Model: GRU
MSE: 8.18565090935152
MAE: 2.3005937646936485
EVS: 0.3624407724911698
