Model: GRU
MSE: 6.488107544427697
MAE: 2.0256773277565285
EVS: 0.25395624935780603
