Model: GRU
MSE: 6.532622370428734
MAE: 2.216630317546703
EVS: 0.322864067084891
