Model: GRU
MSE: 6.474972037871339
MAE: 2.099728266398112
EVS: 0.3265418077500214
