Model: GRU
MSE: 7.1684236691185275
MAE: 2.239173253377279
EVS: 0.31892987101988
