Model: GRU
MSE: 14.329481512942623
MAE: 2.7001475606645857
EVS: 0.12417038984213646
