Model: GRU
MSE: 15.774407195895382
MAE: 2.591754189244023
EVS: -0.014546017628439323
