Model: GRU
MSE: 5.943013548481219
MAE: 1.934511043407299
EVS: 0.395716317375268
