Model: GRU
MSE: 16.673409232962452
MAE: 2.686220645904541
EVS: -0.048586558770378874
