Model: GRU
MSE: 7.585847316899868
MAE: 2.233877005400481
EVS: 0.2777032399286675
