Model: GRU
MSE: 17.588465356042484
MAE: 2.724145536069517
EVS: -0.1528685110205128
