Model: GRU
MSE: 7.20909361316508
MAE: 2.17251929530391
EVS: 0.19854651620519348
