Model: GRU
MSE: 23.805120402300393
MAE: 3.568503669330052
EVS: -0.18326378538571153
