Model: GRU
MSE: 9.813193160478578
MAE: 2.6557900110880532
EVS: 0.2785919998471559
