Model: GRU
MSE: 22.76584228137193
MAE: 3.1763657672064647
EVS: -0.36681815187820344
