Model: GRU
MSE: 6.026917541265667
MAE: 2.0205403080693
EVS: 0.33552124542911077
