Model: GRU
MSE: 7.034379134389078
MAE: 2.08697039992721
EVS: 0.3836296803741064
