Model: GRU
MSE: 7.233427126496077
MAE: 2.0632945519906505
EVS: 0.29416491601838013
