Model: GRU
MSE: 9.531449816883187
MAE: 2.58898005662141
EVS: 0.2885567465818588
