Model: GRU
MSE: 9.717269203863166
MAE: 2.629231064407914
EVS: 0.3828283823842952
