Model: GRU
MSE: 6.345181105194906
MAE: 2.0750548751265914
EVS: 0.36161902245448696
