Model: GRU
MSE: 15.149302262856244
MAE: 2.82819746600257
EVS: 0.066544646214443
