Model: GRU
MSE: 5.475679713251473
MAE: 1.841043719538936
EVS: 0.3629807948411662
