Model: GRU
MSE: 7.279815385726948
MAE: 2.187098467791522
EVS: 0.2558256426701727
