Model: GRU
MSE: 7.053474968008601
MAE: 2.152213520473904
EVS: 0.2800151709421891
