Model: GRU
MSE: 13.522223340602674
MAE: 2.7373456601743347
EVS: 0.2659704845976203
