Model: GRU
MSE: 18.40232736649564
MAE: 2.8195655434219926
EVS: -0.18442472962629486
