Model: GRU
MSE: 8.385966939010055
MAE: 2.2476368656864874
EVS: 0.2590163981377914
