Model: GRU
MSE: 6.538458582708093
MAE: 2.129175892582646
EVS: 0.22923250236132187
