Model: GRU
MSE: 5.761229494254115
MAE: 1.9365223778618708
EVS: 0.4138939024350854
