Model: GRU
MSE: 9.139137746234693
MAE: 2.4892062081231012
EVS: 0.3115272453699507
