Model: GRU
MSE: 18.182033599055245
MAE: 2.8081441278810853
EVS: -0.17435991273672613
