Model: GRU
MSE: 14.234849772595023
MAE: 2.5021816889444985
EVS: 0.07475358573042701
