Model: GRU
MSE: 16.022295254890363
MAE: 2.956890070879901
EVS: 0.0481599417784192
