Model: GRU
MSE: 5.206117253827373
MAE: 1.7430382657934118
EVS: 0.38709525046088766
