Model: GRU
MSE: 7.039909164508942
MAE: 2.2065102965743453
EVS: 0.2987586803757696
