Model: GRU
MSE: 5.4621771978481775
MAE: 1.8874774862218786
EVS: 0.3646038013103884
