Model: GRU
MSE: 18.29607948020371
MAE: 2.9819379735876015
EVS: -0.19560274335601635
