Model: GRU
MSE: 5.916010544765009
MAE: 1.9685954694394712
EVS: 0.3038952661344495
