Model: GRU
MSE: 12.071722886225905
MAE: 2.8053665867558233
EVS: 0.34307806350434966
