Model: GRU
MSE: 6.814080938231233
MAE: 1.9505949726811163
EVS: 0.3825553325998321
