Model: GRU
MSE: 7.043651058379241
MAE: 2.1572215822007923
EVS: 0.2813695418682637
