Model: GRU
MSE: 5.471917833517417
MAE: 1.852161690040871
EVS: 0.3628975838435161
