Model: GRU
MSE: 6.888989982829049
MAE: 2.1092404612788447
EVS: 0.2132711826255116
