Model: GRU
MSE: 5.650039068020474
MAE: 1.8372681935628254
EVS: 0.38844117473071005
