Model: GRU
MSE: 5.285682222963833
MAE: 1.8589177308259186
EVS: 0.3768462358281124
