Model: GRU
MSE: 8.77167921552808
MAE: 2.4250430707578308
EVS: 0.29439457527150414
