Model: GRU
MSE: 8.28942079165029
MAE: 2.356615561026114
EVS: 0.34944170187252754
