Model: GRU
MSE: 5.443144166663
MAE: 1.9113024605645075
EVS: 0.3602654409312349
