Model: GRU
MSE: 7.579605824672533
MAE: 2.225828029491283
EVS: 0.33647206516313943
