Model: GRU
MSE: 7.576611841652435
MAE: 2.3057743001867226
EVS: 0.21784889075863445
