Model: GRU
MSE: 6.459045317288351
MAE: 2.005063869335033
EVS: 0.3807955221661623
