Model: GRU
MSE: 19.53401152263635
MAE: 2.982834568730107
EVS: -0.0974556377399316
