Model: GRU
MSE: 10.19478395899363
MAE: 2.6036172442966037
EVS: 0.0760205612159589
