Model: GRU
MSE: 6.399189697794235
MAE: 2.0195926736902305
EVS: 0.2958227882166994
