Model: GRU
MSE: 15.939414150188938
MAE: 2.676887388582583
EVS: -0.04410079233077213
