Model: GRU
MSE: 14.336859558907303
MAE: 3.209239465219003
EVS: 0.3053275826362677
