Model: GRU
MSE: 6.571271957112845
MAE: 2.0870910220675998
EVS: 0.3329643376864817
