Model: GRU
MSE: 12.016713457359266
MAE: 2.8515825271606445
EVS: 0.3154951811009358
