Model: GRU
MSE: 5.455670122254391
MAE: 1.8435484568277996
EVS: 0.36394715478557216
