Model: GRU
MSE: 5.403836676082392
MAE: 1.848515722486708
EVS: 0.3632172687215215
