Model: GRU
MSE: 18.136352627137573
MAE: 2.8580141685627125
EVS: -0.10367584397929708
