Model: GRU
MSE: 6.902951806877523
MAE: 2.1308952614113137
EVS: 0.27972654311434775
