Model: GRU
MSE: 6.295727094809519
MAE: 2.003782484266493
EVS: 0.2899541102535578
