Model: GRU
MSE: 5.801405091065244
MAE: 1.896515757949264
EVS: 0.3208116871472153
