Model: GRU
MSE: 5.255434917248487
MAE: 1.8211202091640897
EVS: 0.39908396843371285
