Model: GRU
MSE: 4.964031641330629
MAE: 1.7638362425344962
EVS: 0.42626627850257115
