Model: GRU
MSE: 5.727788078341224
MAE: 1.9528493174800166
EVS: 0.34849396141572486
