Model: GRU
MSE: 6.242251368228001
MAE: 1.9899366873281974
EVS: 0.3306384203363345
