Model: GRU
MSE: 17.946101592174273
MAE: 2.7163754569159613
EVS: -0.16791771877584494
