Model: GRU
MSE: 6.516417066343515
MAE: 2.0555216471354165
EVS: 0.3145234104571236
