Model: GRU
MSE: 7.27444134072421
MAE: 2.195383813646105
EVS: 0.20153871499674614
