Model: GRU
MSE: 10.54535761307347
MAE: 2.5082745728669344
EVS: 0.13879833565369537
