Model: GRU
MSE: 5.505286769125935
MAE: 1.8050323768898293
EVS: 0.3559324965815881
