Model: GRU
MSE: 18.461277638735215
MAE: 2.732333713107639
EVS: -0.16555164221953955
