Model: GRU
MSE: 8.590999937019896
MAE: 2.3834468347054942
EVS: 0.35182319546256613
