Model: GRU
MSE: 6.787072120483975
MAE: 2.1540273737024376
EVS: 0.4052360621271731
