Model: GRU
MSE: 6.077084965163429
MAE: 2.0025855700174966
EVS: 0.3448818953321332
