Model: GRU
MSE: 6.163008689137213
MAE: 1.9573275248209636
EVS: 0.3029380031616412
