Model: GRU
MSE: 5.915985705469177
MAE: 1.9179779688517253
EVS: 0.3241001460620646
