Model: GRU
MSE: 22.46950479582635
MAE: 3.4955483542548285
EVS: -0.10063108145145594
