Model: GRU
MSE: 6.510331856186364
MAE: 2.0639535586039224
EVS: 0.25744126355342867
