Model: GRU
MSE: 6.460549189905038
MAE: 2.068955244841399
EVS: 0.2488393958252525
