Model: GRU
MSE: 5.171098893796625
MAE: 1.7701997756958008
EVS: 0.3902640262338156
