Model: GRU
MSE: 16.547557300730844
MAE: 2.8177754040117615
EVS: -0.08461776284316924
