Model: GRU
MSE: 7.424776462055753
MAE: 2.281283413922345
EVS: 0.29080258964695826
