Model: GRU
MSE: 5.848753711070593
MAE: 1.9490833988896124
EVS: 0.35412074041400454
