Model: GRU
MSE: 5.874182412784413
MAE: 1.9860593654491283
EVS: 0.3122385284212653
