Model: GRU
MSE: 5.743511661697421
MAE: 1.8705001760412145
EVS: 0.3507962231002607
