Model: GRU
MSE: 7.007235720253043
MAE: 2.1656114790174694
EVS: 0.35709169811158303
