Model: GRU
MSE: 17.065389375321974
MAE: 3.154728748180248
EVS: 0.05383841848303572
