Model: GRU
MSE: 5.505945501156862
MAE: 1.9058526710227683
EVS: 0.37432246978884864
