Model: GRU
MSE: 177.09683725903747
MAE: 12.97310436213458
EVS: -0.03718002933021247
