Model: GRU
MSE: 22.27575447202839
MAE: 3.065197979962384
EVS: -0.2492866759241006
