Model: GRU
MSE: 7.21822669450997
MAE: 2.1317978258486145
EVS: 0.19291437734589623
