Model: GRU
MSE: 6.5286764037913665
MAE: 2.1183559982864946
EVS: 0.352407435914338
