Model: GRU
MSE: 21.45923281979174
MAE: 3.1222697540565774
EVS: -0.33502133848726046
