Model: GRU
MSE: 16.316941251385398
MAE: 2.8801210721333823
EVS: -0.046764448831621896
