Model: GRU
MSE: 14.834424611077406
MAE: 3.2599738792136863
EVS: 0.3098893149952878
