Model: GRU
MSE: 7.187335789798117
MAE: 2.1692912490279586
EVS: 0.298864371951287
