Model: GRU
MSE: 5.915979200340997
MAE: 1.9519224166870117
EVS: 0.30301357189493927
