Model: GRU
MSE: 6.092916191680799
MAE: 1.9870238833957248
EVS: 0.2821799794693488
