Model: GRU
MSE: 5.76679748823309
MAE: 1.9289599347997595
EVS: 0.32093536292018254
