Model: GRU
MSE: 5.628042489730399
MAE: 1.8071109277230721
EVS: 0.37868215864971233
