Model: GRU
MSE: 5.392007684305133
MAE: 1.8540516606083624
EVS: 0.38186658633387716
