Model: GRU
MSE: 6.20369907342205
MAE: 2.0187612462926796
EVS: 0.3059099427232883
