Model: GRU
MSE: 7.384119876197169
MAE: 2.2595482578984014
EVS: 0.2614999474048353
