Model: GRU
MSE: 326.62896947479305
MAE: 17.645826622291846
EVS: 0.0
