Model: GRU
MSE: 6.747764146287711
MAE: 2.132480126840097
EVS: 0.31826103646449433
