Model: GRU
MSE: 15.885492843318085
MAE: 2.5881585015190973
EVS: -0.02255689609374545
