Model: GRU
MSE: 18.151346227407615
MAE: 2.9897780595002352
EVS: -0.126835018410012
