Model: GRU
MSE: 15.335710398093902
MAE: 2.9622266557481556
EVS: 0.12918294132200936
