Model: GRU
MSE: 5.8152540660230105
MAE: 1.9243023130628798
EVS: 0.31818103154135635
