Model: GRU
MSE: 15.15338491495035
MAE: 2.765871383525707
EVS: 0.008817504002764931
