Model: GRU
MSE: 6.20452731990739
MAE: 2.0023926982173212
EVS: 0.2695915213352238
