Model: GRU
MSE: 6.484922434162871
MAE: 2.059522522820367
EVS: 0.3224451474957767
