Model: GRU
MSE: 17.825862495221987
MAE: 2.9590972794426813
EVS: -0.08783089427101953
