Model: GRU
MSE: 19.132607702773385
MAE: 2.822951546737126
EVS: -0.2791432438529575
