Model: GRU
MSE: 15.94029964803854
MAE: 2.7256415640866316
EVS: -0.030526544877999662
