Model: GRU
MSE: 7.84481179931663
MAE: 2.3340648721765587
EVS: 0.39131166626522773
