Model: GRU
MSE: 6.067913139962911
MAE: 1.9540535962140118
EVS: 0.3057228225631714
