Model: GRU
MSE: 8.27805759031347
MAE: 2.3756785922580295
EVS: 0.23248226549658535
