Model: GRU
MSE: 6.797276981099053
MAE: 2.100918769836426
EVS: 0.3171125105691246
