Model: GRU
MSE: 7.614143381276705
MAE: 2.226003717493128
EVS: 0.35767389154399243
