Model: GRU
MSE: 23.1371785541238
MAE: 3.7461657353809903
EVS: -0.15072788724723196
