Model: GRU
MSE: 6.025010986342043
MAE: 1.9867095594052915
EVS: 0.3450765543095493
