Model: GRU
MSE: 6.685494087992789
MAE: 2.0284192827012806
EVS: 0.3923306710291705
