Model: GRU
MSE: 31614.343991079153
MAE: 177.76132936830874
EVS: 0.0
