Model: GRU
MSE: 7.782276863544178
MAE: 2.3628514607747397
EVS: 0.339299137136879
