Model: GRU
MSE: 5.512666175294263
MAE: 1.8496863930313676
EVS: 0.4085294722677886
