Model: GRU
MSE: 5.61258052753207
MAE: 1.9030620433666088
EVS: 0.3592163724895363
