Model: GRU
MSE: 8.155468315379848
MAE: 2.3281332651774087
EVS: 0.22437288619146412
