Model: GRU
MSE: 6.224291317678594
MAE: 2.055855150575991
EVS: 0.3907434481452613
