Model: GRU
MSE: 6.729740123926301
MAE: 2.053681797451443
EVS: 0.2632507848102432
