Model: GRU
MSE: 7.088271603487699
MAE: 2.187279471644649
EVS: 0.18133654975052438
