Model: GRU
MSE: 7.649968150357356
MAE: 2.2321067562809698
EVS: 0.18684953428131568
