Model: GRU
MSE: 15.883300698710832
MAE: 2.737223581031517
EVS: -0.031302678627531
