Model: GRU
MSE: 9.004804400280456
MAE: 2.487412170127586
EVS: 0.26318990620150173
