Model: GRU
MSE: 5.268321833307474
MAE: 1.8132407223736797
EVS: 0.3822511220739131
