Model: GRU
MSE: 7.864975255618649
MAE: 2.242730423256203
EVS: 0.33269761303434553
