Model: GRU
MSE: 6.620260292379263
MAE: 2.0779859048348888
EVS: 0.2532667781926825
