Model: GRU
MSE: 5.574279318563135
MAE: 1.8720731028804072
EVS: 0.45637313568016
