Model: GRU
MSE: 6.980236194154855
MAE: 2.1293081177605524
EVS: 0.24418932415327266
