Model: GRU
MSE: 19.442643495483836
MAE: 3.853962262471517
EVS: 0.2609417503425461
