Model: GRU
MSE: 5.650435568871082
MAE: 1.9010962380303278
EVS: 0.339173788369176
