Model: GRU
MSE: 5.345526011107587
MAE: 1.8364846971299913
EVS: 0.40647040945361257
