Model: GRU
MSE: 7.106698716561065
MAE: 2.1673568796228477
EVS: 0.3016768575157268
