Model: GRU
MSE: 6.251576658261439
MAE: 1.9611182742648654
EVS: 0.26334451023746897
