Model: GRU
MSE: 15.935920891907154
MAE: 2.6763287915123835
EVS: -0.0025205143535096397
