Model: GRU
MSE: 13.746624985043969
MAE: 3.110339977123119
EVS: 0.2458478684719675
