Model: GRU
MSE: 6.0461492687268805
MAE: 2.037277663195575
EVS: 0.31600134312959804
