Model: GRU
MSE: 6.488889961769288
MAE: 1.9939420488145616
EVS: 0.3963515577317396
