Model: GRU
MSE: 13.632674595433864
MAE: 2.6407934294806585
EVS: 0.12083237353253162
