Model: GRU
MSE: 6.685906827505682
MAE: 2.116948127746582
EVS: 0.21567155850256226
