Model: GRU
MSE: 7.708707283861797
MAE: 2.3274001015557184
EVS: 0.28841035943992643
