Model: GRU
MSE: 17.467087513408135
MAE: 2.8253994498934065
EVS: -0.1536489823421765
