Model: GRU
MSE: 6.885043045535861
MAE: 2.148225431089048
EVS: 0.24886017941293892
