Model: GRU
MSE: 19.78493843819717
MAE: 3.0473519872736046
EVS: -0.19771036366918748
