Model: GRU
MSE: 4004.574894874087
MAE: 63.21467222990813
EVS: -4.440892098500626e-16
