Model: GRU
MSE: 21.37372824473147
MAE: 3.210724389111554
EVS: -0.24588162527412383
