Model: GRU
MSE: 6.122987671221044
MAE: 2.0206320374100297
EVS: 0.30369680045080083
