Model: GRU
MSE: 10.389184607481823
MAE: 2.6950547960069446
EVS: 0.2940075090056633
