Model: GRU
MSE: 5.816837326868263
MAE: 1.9385437965393066
EVS: 0.35317369612889693
