Model: GRU
MSE: 16.073599244221988
MAE: 2.6524559126959906
EVS: -0.05151541768017642
