Model: GRU
MSE: 14.445304956970176
MAE: 2.548533651563856
EVS: 0.054140371015836464
