Model: GRU
MSE: 6.692422376002266
MAE: 2.0266953574286566
EVS: 0.3915159374257001
