Model: GRU
MSE: 11.287570743517621
MAE: 2.3937533696492515
EVS: 0.2645773615111352
