Model: GRU
MSE: 7.661792173578961
MAE: 2.231058367976436
EVS: 0.2766445843085853
