Model: GRU
MSE: 9.16221303488914
MAE: 2.4710567968863026
EVS: 0.28641751465358367
