Model: GRU
MSE: 13.04610595151344
MAE: 2.9798778604578087
EVS: 0.3439799940109942
