Model: GRU
MSE: 28.07747127368139
MAE: 3.9933955051280834
EVS: -0.43013414007413897
