Model: GRU
MSE: 5.137569876951602
MAE: 1.8043320267288774
EVS: 0.3977777471533336
