Model: GRU
MSE: 5.7784548104076565
MAE: 1.9871460773326732
EVS: 0.3283633734098834
