Model: GRU
MSE: 6.8087559059968035
MAE: 2.081630071004232
EVS: 0.31588198153245284
