Model: GRU
MSE: 19.2069260228419
MAE: 3.0896875240184642
EVS: -0.11958454507370897
