Model: GRU
MSE: 5.147632313753598
MAE: 1.8646892971462674
EVS: 0.4459780419708145
