Model: GRU
MSE: 9.441716016159093
MAE: 2.5339909659491644
EVS: 0.34303624361800766
