Model: GRU
MSE: 9.36612027042503
MAE: 2.20711142928512
EVS: 0.2007908580219816
