Model: GRU
MSE: 7.424773031083733
MAE: 2.1948522638391563
EVS: 0.2138750342410689
