Model: GRU
MSE: 4.998178376611846
MAE: 1.7466806129172996
EVS: 0.42301845803231775
