Model: GRU
MSE: 6.610392253261866
MAE: 2.1548389505456993
EVS: 0.2707201601811544
