Model: GRU
MSE: 6.178909626111649
MAE: 1.9908805423312717
EVS: 0.30990066432373864
