Model: GRU
MSE: 5.497524542586689
MAE: 1.7895100911458333
EVS: 0.3720644312961022
