Model: GRU
MSE: 6.78909420591629
MAE: 2.167939645272714
EVS: 0.42020137117630363
