Model: GRU
MSE: 15.938841808346936
MAE: 2.8901345288311995
EVS: -0.04486355149489296
