Model: GRU
MSE: 17.17739614613799
MAE: 2.7682724352236145
EVS: -0.10973954984272649
