Model: GRU
MSE: 5.391045165692789
MAE: 1.8268412837275751
EVS: 0.37079888502805003
