Model: GRU
MSE: 10.709969654416184
MAE: 2.5810089464540833
EVS: 0.2845629616842088
