Model: GRU
MSE: 5.7983044288361
MAE: 1.9528444078233507
EVS: 0.3585435957322135
