Model: GRU
MSE: 6.5748075427663935
MAE: 2.0204155886614763
EVS: 0.24633181608854793
