Model: GRU
MSE: 6.324981087591571
MAE: 2.056932943838614
EVS: 0.33838990618174514
