Model: GRU
MSE: 16.586991281530818
MAE: 3.0702404269465693
EVS: 0.09855753116187049
