Model: GRU
MSE: 7.362040262718572
MAE: 2.214605684633608
EVS: 0.37395935038243555
