Model: GRU
MSE: 15.491783146800596
MAE: 2.7617203571178295
EVS: 0.0027403061286239705
