Model: GRU
MSE: 8.3321490369767
MAE: 2.318282198022913
EVS: 0.2114401886115368
