Model: GRU
MSE: 6.82727667127708
MAE: 2.131731722089979
EVS: 0.2728350912880122
