Model: GRU
MSE: 15.969297817907789
MAE: 2.7682999151724355
EVS: -0.03462969582134057
