Model: GRU
MSE: 8.850633964735842
MAE: 2.3898934611567744
EVS: 0.24666818178434213
