Model: GRU
MSE: 17.260794077152973
MAE: 2.7014158920005515
EVS: -0.12779380342337698
