Model: GRU
MSE: 6.73207602580995
MAE: 1.9501423482541684
EVS: 0.27049357546392205
