Model: GRU
MSE: 4.829715089710454
MAE: 1.7226948914704499
EVS: 0.43075224706694015
