Model: GRU
MSE: 20.623199734703963
MAE: 3.3612562815348306
EVS: -0.10679540943199806
