Model: GRU
MSE: 8.345854817490599
MAE: 2.424753330371998
EVS: 0.22758295224682368
