Model: GRU
MSE: 26.171289267989803
MAE: 3.292207572195265
EVS: -0.6808984741277546
