Model: GRU
MSE: 6.500039972467777
MAE: 2.0917350627757885
EVS: 0.3203121042761172
