Model: GRU
MSE: 18.77703461113552
MAE: 2.916354214703595
EVS: -0.23029621457509086
