Model: GRU
MSE: 5.606943701050854
MAE: 1.8984885745578342
EVS: 0.3445584974755648
