Model: GRU
MSE: 10.983971430554211
MAE: 2.6983026221946433
EVS: 0.32263869919654375
