Model: GRU
MSE: 7.005038691957754
MAE: 2.1419060671771013
EVS: 0.3338654234459686
