Model: GRU
MSE: 6.365047684963193
MAE: 2.0619517079106084
EVS: 0.34693833379405226
