Model: GRU
MSE: 5.1483988774283445
MAE: 1.783410496181912
EVS: 0.39647549454865905
