Model: GRU
MSE: 9.291111899581463
MAE: 2.593617898446542
EVS: 0.23572473735612942
