Model: GRU
MSE: 6.899396389332086
MAE: 2.058189303786666
EVS: 0.23042582219931507
