Model: GRU
MSE: 6.141009319610357
MAE: 2.0017092669451677
EVS: 0.27599349253389427
