Model: GRU
MSE: 17.158331908511315
MAE: 2.772244824303521
EVS: -0.10086671685937798
