Model: GRU
MSE: 6.095992415475613
MAE: 2.0442010738231517
EVS: 0.2866210189793672
