Model: GRU
MSE: 7.465189933203536
MAE: 2.2556595978913485
EVS: 0.3149951021329548
