Model: GRU
MSE: 6.53073932035615
MAE: 2.0599534423262984
EVS: 0.3638193659143516
