Model: GRU
MSE: 20.26435274942507
MAE: 2.880950027041965
EVS: -0.3268198614319284
