Model: GRU
MSE: 5.16701478119406
MAE: 1.811892686066804
EVS: 0.4108849929576195
