Model: GRU
MSE: 5.501723935582151
MAE: 1.8982471536706995
EVS: 0.3618410082564879
