Model: GRU
MSE: 6.779897345248408
MAE: 2.1560390260484485
EVS: 0.3795868223064688
