Model: GRU
MSE: 5.925021282256408
MAE: 1.8943300600405093
EVS: 0.31079762088260043
