Model: GRU
MSE: 7.205297691575854
MAE: 2.1613230881867587
EVS: 0.17631072524596425
