Model: GRU
MSE: 19.810034056932377
MAE: 2.9836747028209545
EVS: -0.24825541812653684
