Model: GRU
MSE: 7.226180789918645
MAE: 2.1622101819073714
EVS: 0.3325726853733344
