Model: GRU
MSE: 15.714154142367752
MAE: 2.8122099770439997
EVS: -0.009144590644169837
