Model: GRU
MSE: 6.260643246637165
MAE: 2.0269681082831488
EVS: 0.2975575803548707
