Model: GRU
MSE: 13.437112867492976
MAE: 2.6374600728352866
EVS: 0.16463864765657243
