Model: GRU
MSE: 4.700469605081379
MAE: 1.6395665804545085
EVS: 0.4460329835544077
