Model: GRU
MSE: 6.197894098187311
MAE: 2.0625052098874694
EVS: 0.32015421266696376
