Model: GRU
MSE: 18.622013162724013
MAE: 2.8730344772338867
EVS: -0.17497399205976438
