Model: GRU
MSE: 5.980878263866779
MAE: 1.9938282083581995
EVS: 0.35469702542039927
