Model: GRU
MSE: 7.963396541894797
MAE: 2.2621666943585432
EVS: 0.2668447414889784
