Model: GRU
MSE: 15.149361450062079
MAE: 2.700945324367947
EVS: 0.008568175721545557
