Model: GRU
MSE: 7.433643905635782
MAE: 2.220747629801432
EVS: 0.3465704765612565
