Model: GRU
MSE: 17.697607418332804
MAE: 2.8787388448362
EVS: -0.1001380089199917
