Model: GRU
MSE: 6.496703583052294
MAE: 1.9618072509765625
EVS: 0.2848993862132294
