Model: GRU
MSE: 9.68122283957099
MAE: 2.6343290540907116
EVS: 0.27104769992139666
