Model: GRU
MSE: 5.853202249026422
MAE: 1.9332905522099249
EVS: 0.31461862728949896
