Model: GRU
MSE: 14.845883438359367
MAE: 2.8547301998844854
EVS: 0.03448030183478379
