Model: GRU
MSE: 8.649175681207385
MAE: 2.4799444057323314
EVS: 0.34969134463282614
