Model: GRU
MSE: 7.676947853245178
MAE: 2.3158111219052917
EVS: 0.25357192066121903
