Model: GRU
MSE: 5.326371558957362
MAE: 1.795909422415274
EVS: 0.3721513790609753
