Model: GRU
MSE: 4.949654784444983
MAE: 1.8082168720386647
EVS: 0.41797509862721094
