Model: GRU
MSE: 6.026808253752885
MAE: 1.9999323597660772
EVS: 0.3257065556823072
