Model: GRU
MSE: 18.95972548594714
MAE: 3.109094337180809
EVS: -0.09118833178681718
