Model: GRU
MSE: 5.26679858216317
MAE: 1.7817566836321796
EVS: 0.3805427941757409
