Model: GRU
MSE: 6.661561281899628
MAE: 2.098254027190032
EVS: 0.24675185032099345
