Model: GRU
MSE: 5.2183932053717905
MAE: 1.7447602307354961
EVS: 0.3862207205628272
