Model: GRU
MSE: 6.112931861996306
MAE: 2.029711264151114
EVS: 0.34130706122131715
