Model: GRU
MSE: 15.829357620599694
MAE: 2.95874313071922
EVS: 0.10869319127471622
