Model: GRU
MSE: 5.938752823393946
MAE: 1.9412519843490035
EVS: 0.31351728844133886
