Model: GRU
MSE: 17.763251166999108
MAE: 2.8570368554857044
EVS: -0.15245898822687964
