Model: GRU
MSE: 18.859945911216705
MAE: 2.8290694731253163
EVS: -0.22278946863226756
