Model: GRU
MSE: 8.006217517267942
MAE: 2.3968820218686706
EVS: 0.24517077037010115
