Model: GRU
MSE: 7.309894844436342
MAE: 2.1795727411905923
EVS: 0.28516333128934745
