Model: GRU
MSE: 16.486455866998632
MAE: 2.686280533119484
EVS: -0.07449064113312232
