Model: GRU
MSE: 7.192041496202533
MAE: 2.1805716973763927
EVS: 0.2592841138847498
