Model: GRU
MSE: 10.260460894688212
MAE: 2.613652653164334
EVS: 0.24009981395500335
