Model: GRU
MSE: 5.556287941414708
MAE: 1.9191379370512787
EVS: 0.4106042281034815
