Model: GRU
MSE: 5.501979427011368
MAE: 1.8689150633635345
EVS: 0.3523124979214056
