Model: GRU
MSE: 10.44629336162692
MAE: 2.612417468318233
EVS: 0.4444799080991144
