Model: GRU
MSE: 5.4268158476513015
MAE: 1.8384331067403157
EVS: 0.4171009762056328
