Model: GRU
MSE: 6.744589641382845
MAE: 2.057715168705693
EVS: 0.29233822546651456
