Model: GRU
MSE: 8.987718343925364
MAE: 2.41886403825548
EVS: 2.220446049250313e-16
