Model: GRU
MSE: 7.014236608068199
MAE: 2.1069005683616355
EVS: 0.2958477446096758
