Model: GRU
MSE: 11.123541762052405
MAE: 2.447199680187084
EVS: 0.2816024602389099
