Model: GRU
MSE: 4.986497309894394
MAE: 1.7912756248756692
EVS: 0.41308068778577534
