Model: GRU
MSE: 15.523532845666793
MAE: 2.6762172204476817
EVS: -0.016241295794910515
