Model: GRU
MSE: 15.306460913029444
MAE: 2.84093405519213
EVS: 0.08742553423011323
