Model: GRU
MSE: 16.101847379700278
MAE: 2.8741756545172796
EVS: 0.011862952966176121
