Model: GRU
MSE: 18.1268826749213
MAE: 2.776495337486267
EVS: -0.21199947794476448
