Model: GRU
MSE: 5.066005493327051
MAE: 1.761133865073875
EVS: 0.405600964919579
