Model: GRU
MSE: 14.530941946103734
MAE: 2.7006295875266746
EVS: 0.10508470564456995
