Model: GRU
MSE: 18.707890839845764
MAE: 2.925731305722837
EVS: -0.1702705761874761
