Model: GRU
MSE: 8.899480304246362
MAE: 2.3734686816180193
EVS: 0.35034487715949203
