Model: GRU
MSE: 6.652880379448754
MAE: 1.9971256079497162
EVS: 0.26221632113919346
