Model: GRU
MSE: 19.84587589668948
MAE: 3.172313372294108
EVS: -0.22302823565198326
