Model: GRU
MSE: 5.994008674355461
MAE: 1.9138147212840892
EVS: 0.2976631542932856
