Model: GRU
MSE: 17.06846023938384
MAE: 2.817454214449282
EVS: -0.05724848635312507
