Model: GRU
MSE: 7.259873168544699
MAE: 2.1210521768640587
EVS: 0.30178625898916545
