Model: GRU
MSE: 9.722732848021122
MAE: 2.5473309269657842
EVS: 0.38139812247142535
