Model: GRU
MSE: 6.286458082161247
MAE: 2.0317513147989907
EVS: 0.2727369551723581
