Model: GRU
MSE: 8.745937806802699
MAE: 2.462225843358923
EVS: 0.29651559973183095
