Model: GRU
MSE: 5.769063473524175
MAE: 1.879135838261357
EVS: 0.3201797324887693
