Model: GRU
MSE: 19.017284342331518
MAE: 2.7890310993901006
EVS: -0.24668657929398163
