Model: GRU
MSE: 6.007818750760533
MAE: 1.9038946716873735
EVS: 0.30067473376767506
