Model: GRU
MSE: 7.777820470349642
MAE: 2.3450634567825883
EVS: 0.2912587609082429
