Model: GRU
MSE: 14.02024782540119
MAE: 2.553775910977964
EVS: 0.10475914649402518
