Model: GRU
MSE: 5.995037367928287
MAE: 1.9261694660893194
EVS: 0.29309436941103095
