Model: GRU
MSE: 9.895161660656717
MAE: 2.588272801151982
EVS: 0.37058063528834495
