Model: GRU
MSE: 9.153391197210752
MAE: 2.5002850426567926
EVS: 0.26112419187491
