Model: GRU
MSE: 7.812549399718624
MAE: 2.3406650401927807
EVS: 0.35051880460734197
