Model: GRU
MSE: 17.065597879459986
MAE: 2.7906777417218245
EVS: -0.10544128609725556
