Model: GRU
MSE: 6.670894692738532
MAE: 2.095221590112757
EVS: 0.2794836173499361
