Model: GRU
MSE: 8.224947139881804
MAE: 2.394693621882686
EVS: 0.31136063731040653
