Model: GRU
MSE: 5.778029001884566
MAE: 1.7604921129014757
EVS: 0.36166067968840443
