Model: GRU
MSE: 6.7671120071837425
MAE: 2.1333898614954063
EVS: 0.2937862703648848
