Model: GRU
MSE: 10.388300295039059
MAE: 2.739266007034867
EVS: 0.3805401436287479
