Model: GRU
MSE: 5.808731598112091
MAE: 1.9429568184746637
EVS: 0.31540026974466884
