Model: GRU
MSE: 6.397274154539487
MAE: 2.0455468319080494
EVS: 0.2506736943789696
