Model: GRU
MSE: 14.537933503277372
MAE: 3.194933873635751
EVS: 0.2172959238762604
