Model: GRU
MSE: 19.387720199218872
MAE: 2.8729802237616644
EVS: -0.23645430971970582
