Model: GRU
MSE: 7.532882670527391
MAE: 2.2118989626566568
EVS: 0.2384863972475767
