Model: GRU
MSE: 5.197864213111273
MAE: 1.7089102709734882
EVS: 0.3979336027199356
