Model: GRU
MSE: 14.259462549040084
MAE: 2.6132573904814542
EVS: 0.0992564580953107
