Model: GRU
MSE: 6.436804156238799
MAE: 2.0434018241034613
EVS: 0.3460085632035803
