Model: GRU
MSE: 17.607680178686483
MAE: 2.911375134079545
EVS: -0.13466088982135527
