Model: GRU
MSE: 10.57274946911878
MAE: 2.7208647198147244
EVS: 0.3058632658880305
