Model: GRU
MSE: 8.390008199257997
MAE: 2.3558681629322193
EVS: 0.3311861013076245
