Model: GRU
MSE: 6.563870681015772
MAE: 2.026865146778248
EVS: 0.3253345871958526
