Model: GRU
MSE: 14.313344281548721
MAE: 2.6719856085600675
EVS: 0.11529725162657412
