Model: GRU
MSE: 9.42081164161977
MAE: 2.4941512920238353
EVS: 0.26620770743154387
