Model: GRU
MSE: 16.61593029822938
MAE: 2.7715651988983154
EVS: -0.08567400618574972
