Model: GRU
MSE: 5.927001327507646
MAE: 1.9801162437156394
EVS: 0.3171125102149205
