Model: GRU
MSE: 8.651534873331373
MAE: 2.411126384028682
EVS: 0.24226694151341777
