Model: GRU
MSE: 24.30842043422874
MAE: 3.817697878237124
EVS: -0.11002585495631134
