Model: GRU
MSE: 17.66567266157368
MAE: 2.7682931511490434
EVS: -0.15802220382935617
