Model: GRU
MSE: 6.4322303181529845
MAE: 2.0042933181480125
EVS: 0.323763518894186
