Model: GRU
MSE: 9.93750775311515
MAE: 2.675530786867495
EVS: 0.4039540555995126
