Model: GRU
MSE: 7.146808676657033
MAE: 2.124567879570855
EVS: 0.1634707615064105
