Model: GRU
MSE: 1499.8854483712737
MAE: 38.49614009150752
EVS: -0.17562043568104846
