Model: GRU
MSE: 15.939585731061587
MAE: 2.7718106375800238
EVS: -0.03304556422270988
