Model: GRU
MSE: 8.224192647103925
MAE: 2.340603828430176
EVS: 0.03382778250253182
