Model: GRU
MSE: 14.25005305655204
MAE: 2.6830556834185564
EVS: 0.11291350636975117
