Model: GRU
MSE: 14.882731631426307
MAE: 2.619848983628409
EVS: -0.0060487853125255064
