Model: GRU
MSE: 5.7400715612897395
MAE: 1.9618600562766746
EVS: 0.32936335584484056
