Model: GRU
MSE: 17.560035777102847
MAE: 2.635310102392126
EVS: -0.12997377394040344
