Model: GRU
MSE: 8.04975491065256
MAE: 2.3542422895078308
EVS: 0.4060395244641011
