Model: GRU
MSE: 15.360267875409624
MAE: 2.7298845361780235
EVS: -0.00025156270863124774
