Model: GRU
MSE: 6.6216822171495044
MAE: 2.0667075757627136
EVS: 0.2244994862041395
