Model: GRU
MSE: 15.465692152366778
MAE: 2.685336201279252
EVS: 0.04997672307804435
