Model: GRU
MSE: 9.769840842313021
MAE: 2.5973745628639504
EVS: 0.3369476825587734
