Model: GRU
MSE: 6.784993106576554
MAE: 2.0865192766542786
EVS: 0.22608851953963915
