Model: GRU
MSE: 5.713336065903563
MAE: 1.8539462442751284
EVS: 0.3644976933765378
