Model: GRU
MSE: 5.410479008925938
MAE: 1.9197893849125616
EVS: 0.366305318087789
