Model: GRU
MSE: 7.030579519185637
MAE: 2.1889704598320856
EVS: 0.3767853253577066
