Model: GRU
MSE: 7.876422674841671
MAE: 2.2985671008074724
EVS: 0.27960245361324443
