Model: GRU
MSE: 6.328591435372834
MAE: 2.0389305044103554
EVS: 0.3538067047893573
