Model: GRU
MSE: 6.874138725903556
MAE: 2.0511207933779114
EVS: 0.3299904362934948
