Model: GRU
MSE: 6.07756174646312
MAE: 2.0782958136664496
EVS: 0.35710548745596116
