Model: GRU
MSE: 6.361296758652383
MAE: 1.9828696780734592
EVS: 0.3365495379895762
