Model: GRU
MSE: 6.248628875331161
MAE: 2.054477267795139
EVS: 0.32743209919981453
