Model: GRU
MSE: 9.361798125034746
MAE: 2.5957893795437283
EVS: 0.3596584458880193
