Model: GRU
MSE: 5.533952263971615
MAE: 1.8639194700453017
EVS: 0.3482077544441118
