Model: GRU
MSE: 10.930111874196209
MAE: 2.7440915284333407
EVS: 0.11408627418875628
