Model: GRU
MSE: 6.5520790356688146
MAE: 2.1326526006062827
EVS: 0.3360648964703159
