Model: GRU
MSE: 15.20417779398247
MAE: 2.769533528221978
EVS: 0.0436033084617069
