Model: GRU
MSE: 6.46908580847166
MAE: 2.0689857270982532
EVS: 0.32949067883509997
