Model: GRU
MSE: 15.203392141199773
MAE: 2.7767420874701605
EVS: 0.050851634493259246
