Model: GRU
MSE: 21.165359974457083
MAE: 3.261356901239466
EVS: -0.18404098125421497
