Model: GRU
MSE: 188.2419898476229
MAE: 13.174531645245022
EVS: 0.03802774183920721
