Model: GRU
MSE: 20.421492789159956
MAE: 3.0196270412868924
EVS: -0.25022968346378405
