Model: GRU
MSE: 16.558342595605374
MAE: 2.9234487039071544
EVS: -0.02154516140213647
