Model: GRU
MSE: 7.636093359137736
MAE: 2.3047402699788413
EVS: 0.313176902829566
