Model: GRU
MSE: 5.6659284900910345
MAE: 1.9375583860609267
EVS: 0.34510315246819934
