Model: GRU
MSE: 6.347472242542102
MAE: 2.0208814409044056
EVS: 0.3464288768914575
