Model: GRU
MSE: 6.545418993457073
MAE: 2.040043000821714
EVS: 0.33624334757928964
