Model: GRU
MSE: 182.53646411064068
MAE: 12.925763169924418
EVS: -0.013592591452391556
