Model: GRU
MSE: 8.665242190017292
MAE: 2.357809066772461
EVS: 0.3346783816042489
