Model: GRU
MSE: 12.642835680165902
MAE: 2.9167767277470342
EVS: 0.3422044360030918
