Model: GRU
MSE: 7.898333562082134
MAE: 2.2734014016610606
EVS: 0.2905139288599593
