Model: GRU
MSE: 8.182897604598448
MAE: 2.3118122948540583
EVS: 0.3051627384545861
