Model: GRU
MSE: 6.045426785320564
MAE: 2.0236653221978083
EVS: 0.3084074738895095
