Model: GRU
MSE: 5.863108299231767
MAE: 1.9296573003133137
EVS: 0.3799908773703352
