Model: GRU
MSE: 17.210830369451152
MAE: 2.9644015983298972
EVS: -0.08771388711782002
