Model: GRU
MSE: 6.265578444663972
MAE: 1.9677370919121637
EVS: 0.31173339099008657
