Model: GRU
MSE: 7.053504919163675
MAE: 2.2195164539195873
EVS: 0.27524759386807507
