Model: GRU
MSE: 5.807970324886305
MAE: 1.9728825180618852
EVS: 0.34230865230202356
