Model: GRU
MSE: 16.069201112742913
MAE: 2.6846381999828197
EVS: -0.04030480827358818
