Model: GRU
MSE: 6.301268216967603
MAE: 2.008935539810746
EVS: 0.44536891871053563
