Model: GRU
MSE: 18.88159330898672
MAE: 3.0100705358717175
EVS: -0.14398093663733125
