Model: GRU
MSE: 6.902142948937783
MAE: 2.085198473047327
EVS: 0.23650739787052755
