Model: GRU
MSE: 8.325330368958324
MAE: 2.375499972590694
EVS: 0.36454307868805447
