Model: GRU
MSE: 17.96282881527337
MAE: 3.1448378562927246
EVS: -0.004500859196848728
