Model: GRU
MSE: 6.043881923037959
MAE: 2.0022975780345775
EVS: 0.30075089150651135
