Model: GRU
MSE: 18.164944461632736
MAE: 3.010378192972254
EVS: -0.14186756176317772
