Model: GRU
MSE: 7.583508785696216
MAE: 2.1949037622522423
EVS: 0.378768768812656
