Model: GRU
MSE: 6.516616801437286
MAE: 1.979154798719618
EVS: 0.30258644299153126
