Model: GRU
MSE: 6.197255869899251
MAE: 2.0056197201764143
EVS: 0.2976419014297186
