Model: GRU
MSE: 7.61574792119235
MAE: 2.2939154660260237
EVS: 0.3715454628474554
