Model: GRU
MSE: 17.4760951406104
MAE: 2.762175118481671
EVS: -0.14360140142389644
