Model: GRU
MSE: 6.3244274083719185
MAE: 2.1223433989065663
EVS: 0.33820113908416793
