Model: GRU
MSE: 22.93429890007913
MAE: 3.329858073481807
EVS: -0.37577086971001883
