Model: GRU
MSE: 22.467361390226028
MAE: 3.596722814771864
EVS: -0.21606195115675986
