Model: GRU
MSE: 6.120778995850742
MAE: 1.965486208597819
EVS: 0.30230331863166504
