Model: GRU
MSE: 12.27294101753587
MAE: 2.8250800238715277
EVS: 0.3481588468196488
