Model: GRU
MSE: 7.96059453580067
MAE: 2.2935239650585033
EVS: 0.2124962077519753
