Model: GRU
MSE: 6.088594384313519
MAE: 1.9902334566469546
EVS: 0.2907034167585014
