Model: GRU
MSE: 5.442376037684348
MAE: 1.8457725489581074
EVS: 0.37964016837639325
