Model: GRU
MSE: 5.328368941231053
MAE: 1.8171972698635526
EVS: 0.38873471276561955
