Model: GRU
MSE: 7.462033041231128
MAE: 2.329024314880371
EVS: 0.25526687194364595
