Model: GRU
MSE: 18.020965442845508
MAE: 2.719628263402868
EVS: -0.17530238531443598
