Model: GRU
MSE: 13.593516442577782
MAE: 2.525249622486256
EVS: 0.1094614938997932
