Model: GRU
MSE: 19.08904971520281
MAE: 3.0630996138961226
EVS: -0.1674839005919757
