Model: GRU
MSE: 5.848053384322906
MAE: 1.9493984822873716
EVS: 0.3938356847295983
