Model: GRU
MSE: 7.420252065786338
MAE: 2.225862291124132
EVS: 0.24029529392437143
