Model: GRU
MSE: 20.002463952382943
MAE: 3.0464084766529225
EVS: -0.1373726660857817
