Model: GRU
MSE: 16.07518977853609
MAE: 2.7930115947016962
EVS: -0.052726067248469066
