Model: GRU
MSE: 6.498923402418497
MAE: 2.005922140898528
EVS: 0.3102492230210665
