Model: GRU
MSE: 13.330731472197032
MAE: 2.64168643951416
EVS: 0.1914566696568596
