Model: GRU
MSE: 20.105640214973963
MAE: 3.2847619586520724
EVS: -0.162315195951503
