Model: GRU
MSE: 8.111294633642434
MAE: 2.299487255237721
EVS: 0.2762983446435242
