Model: GRU
MSE: 5.941581148260176
MAE: 1.9445005346227575
EVS: 0.33443523007645826
