Model: GRU
MSE: 6.681729158125563
MAE: 2.0919324733592846
EVS: 0.26079872267358617
