Model: GRU
MSE: 6.699257202570186
MAE: 2.1175514856974282
EVS: 0.21030720582731133
