Model: GRU
MSE: 5.58455805104997
MAE: 1.8674888964052554
EVS: 0.3484067059663669
