Model: GRU
MSE: 6.386084668558902
MAE: 2.011994573805067
EVS: 0.2802433084185214
