Model: GRU
MSE: 7.244997918956767
MAE: 2.1444210829558195
EVS: 0.33071400332505707
