Model: GRU
MSE: 11.697214118971816
MAE: 2.7432034103958696
EVS: 0.21632022639398307
