Model: GRU
MSE: 5.655114036871762
MAE: 1.8938270851417824
EVS: 0.4112311641696551
