Model: GRU
MSE: 6.77197116270677
MAE: 2.11645147535536
EVS: 0.2611469554968707
