Model: GRU
MSE: 12.834552269743149
MAE: 2.456292364332411
EVS: 0.17459990966659988
