Model: GRU
MSE: 5.579508999627116
MAE: 1.9051377684981734
EVS: 0.3487187657623
