Model: GRU
MSE: 6.658045748589596
MAE: 2.0685492798134133
EVS: 0.23241064455227267
