Model: GRU
MSE: 4.653085725873846
MAE: 1.691861629486084
EVS: 0.46426507548573515
