Model: GRU
MSE: 8.434715130570178
MAE: 2.4027958622685186
EVS: 0.3481322756142261
