Model: GRU
MSE: 6.040171827117268
MAE: 1.9092783751311126
EVS: 0.3326117898299028
