Model: GRU
MSE: 6.277402074890334
MAE: 1.9955486721462674
EVS: 0.3255946844037303
