Model: GRU
MSE: 8.892042523107698
MAE: 2.511208145706742
EVS: 0.2661852231196884
