Model: GRU
MSE: 6.368063467130822
MAE: 2.033901815061216
EVS: 0.33908608520312056
