Model: GRU
MSE: 17.8357693727003
MAE: 2.9656078197337963
EVS: -0.10713505098855092
