Model: GRU
MSE: 5.684953650183228
MAE: 1.902194411666305
EVS: 0.34994538604364545
