Model: GRU
MSE: 14.317934083270059
MAE: 2.6164186000823975
EVS: 0.03266725719334418
