Model: GRU
MSE: 5.358962728089022
MAE: 1.8734330777768735
EVS: 0.4057159645980368
