Model: GRU
MSE: 23.81770482516832
MAE: 3.4645765092637806
EVS: -0.3692413643543109
