Model: GRU
MSE: 6.52876953172957
MAE: 2.032872623867459
EVS: 0.44439021773357856
