Model: GRU
MSE: 10.323181603930674
MAE: 2.6313095445986145
EVS: 0.16283222818561227
