Model: GRU
MSE: 9.17292462222856
MAE: 2.3855359465987593
EVS: 0.09937545648564317
