Model: GRU
MSE: 18.526426211266124
MAE: 2.972252704479076
EVS: -0.17197868080896228
