Model: GRU
MSE: 8.681537051188915
MAE: 2.44952122370402
EVS: 0.3155534766015542
