Model: GRU
MSE: 6.1537871113842995
MAE: 1.9955270731890644
EVS: 0.3106818496252953
