Model: GRU
MSE: 17.993343639855116
MAE: 2.7053157311898692
EVS: -0.17826169284552162
