Model: GRU
MSE: 17.438543030766546
MAE: 2.721472139711733
EVS: -0.1432248824286726
