Model: GRU
MSE: 5.29749903615158
MAE: 1.810328448260272
EVS: 0.42158183846027875
