Model: GRU
MSE: 9.204654998083411
MAE: 2.5491181126347295
EVS: 0.3508229352615454
