Model: GRU
MSE: 428.5956282198225
MAE: 20.353356820565683
EVS: 0.060134497799412934
