Model: GRU
MSE: 7.036944367344067
MAE: 2.1812636057535806
EVS: 0.28131928124519534
