Model: GRU
MSE: 12.266988507953842
MAE: 2.865192095438639
EVS: 0.3542918227375894
