Model: GRU
MSE: 6.556304834794833
MAE: 2.128103503474483
EVS: 0.3271092866020253
