Model: GRU
MSE: 26219.36451258913
MAE: 161.79033915201822
EVS: -4.100248816740691
