Model: GRU
MSE: 179.41369181209896
MAE: 13.067956416695207
EVS: -0.019114984247428968
