Model: GRU
MSE: 5.410751791119268
MAE: 1.8823646086233634
EVS: 0.38831408380593024
