Model: GRU
MSE: 6.822339535216627
MAE: 2.141368442111545
EVS: 0.2506644734906448
