Model: GRU
MSE: 17.184525852193474
MAE: 2.906903867368345
EVS: -0.12632410086825963
