Model: GRU
MSE: 6.303289229793807
MAE: 2.014821970904315
EVS: 0.33454183199321497
