Model: GRU
MSE: 15.28163087784625
MAE: 2.6608103204656532
EVS: 0.0023821241593544595
