Model: GRU
MSE: 17.340198049885473
MAE: 2.6743939364397966
EVS: -0.13408175600833827
