Model: GRU
MSE: 15.825739029964586
MAE: 2.6485285229153104
EVS: -0.03636764622932187
