Model: GRU
MSE: 6.344768329094458
MAE: 2.0903789732191296
EVS: 0.3249298905351069
