Model: GRU
MSE: 6.884321362807996
MAE: 2.1387803466231734
EVS: 0.38065755518068
