Model: GRU
MSE: 7.571339732408954
MAE: 2.288346608479818
EVS: 0.27213224964372695
