Model: GRU
MSE: 7.561527451989671
MAE: 2.166283784089265
EVS: 0.18833879010424004
