Model: GRU
MSE: 6.461084951348952
MAE: 2.063708941141764
EVS: 0.2806672926835173
