Model: GRU
MSE: 6.2031433808932785
MAE: 2.022041921262388
EVS: 0.3212892315952267
