Model: GRU
MSE: 5.316062445783751
MAE: 1.8258070415920682
EVS: 0.3852957137865255
