Model: GRU
MSE: 5.1568994136114945
MAE: 1.7370394600762262
EVS: 0.3994508677139237
