Model: GRU
MSE: 18.01853775681375
MAE: 3.2686769874007613
EVS: 0.0034499235733743694
