Model: GRU
MSE: 6.829279237350655
MAE: 2.107675305119267
EVS: 0.3729252518323908
