Model: GRU
MSE: 7.670911169948003
MAE: 2.2840181633278176
EVS: 0.3203605493103182
