Model: GRU
MSE: 4.949329746216251
MAE: 1.788749094362612
EVS: 0.4639032765335842
