Model: GRU
MSE: 7.672980927719647
MAE: 2.297246950644034
EVS: 0.25900754986401453
