Model: GRU
MSE: 12.027422382460701
MAE: 2.93791080404211
EVS: 0.04355055307228728
