Model: GRU
MSE: 6.142710596726324
MAE: 2.0594778767338506
EVS: 0.40085932222507137
