Model: GRU
MSE: 15.021788023606128
MAE: 2.571717138643618
EVS: 0.019151681451208602
