Model: GRU
MSE: 16.91968321215956
MAE: 2.7934434325606734
EVS: -0.06636158668048653
