Model: GRU
MSE: 6.864021854421917
MAE: 2.0907645755343967
EVS: 0.34307630505822284
