Model: GRU
MSE: 6.641106394583976
MAE: 2.0513325797186956
EVS: 0.2297482817093025
