Model: GRU
MSE: 8.467589505779735
MAE: 2.4739484080561884
EVS: 0.34551015590944356
