Model: GRU
MSE: 4.840482089419142
MAE: 1.7267467004281503
EVS: 0.4302096914456196
