Model: GRU
MSE: 7.967332487067829
MAE: 2.3609283941763417
EVS: 0.2941083756476488
