Model: GRU
MSE: 5.775054834744407
MAE: 1.859765441329391
EVS: 0.3250318585507167
