Model: GRU
MSE: 8.229256226343928
MAE: 2.399742709265815
EVS: 0.30285458842035184
