Model: GRU
MSE: 5.952529768436863
MAE: 1.9834566469545718
EVS: 0.3196743193907051
