Model: GRU
MSE: 6.0197592159649025
MAE: 1.9663366035178855
EVS: 0.33418240416555123
