Model: GRU
MSE: 6.7584849617177145
MAE: 2.179343912336561
EVS: 0.3490110855805928
