Model: GRU
MSE: 18.18794726979994
MAE: 2.6527803032486528
EVS: -0.1734726794532202
