Model: GRU
MSE: 16.036918117772217
MAE: 2.9961916075812445
EVS: 0.12600208831726967
