Model: GRU
MSE: 5.865339071649605
MAE: 1.98950520268193
EVS: 0.3561065552970549
