Model: GRU
MSE: 16.979237561623254
MAE: 2.717414485083686
EVS: -0.10362645858579067
