Model: GRU
MSE: 21.712425948386233
MAE: 3.202363279130724
EVS: -0.3167425822366483
