Model: GRU
MSE: 9.96905002922284
MAE: 2.66824828253852
EVS: 0.21319616718840573
