Model: GRU
MSE: 5.980173136076162
MAE: 1.924772686428494
EVS: 0.2995257001097499
