Model: GRU
MSE: 5.827252228344958
MAE: 1.9224060906304254
EVS: 0.3338700329565921
