Model: GRU
MSE: 6.7904804763948725
MAE: 2.051076959680628
EVS: 0.27888736579395135
