Model: GRU
MSE: 4.919749246358497
MAE: 1.7630100073637787
EVS: 0.42386863584335976
