Model: GRU
MSE: 5.5973545370698385
MAE: 1.85479411372432
EVS: 0.3663758821945645
