Model: GRU
MSE: 6.021695571356961
MAE: 1.9989163434063946
EVS: 0.29065047769020214
