Model: GRU
MSE: 10.208512803102671
MAE: 2.5278823287398726
EVS: 0.15544394761003855
