Model: GRU
MSE: 14.862465499958152
MAE: 2.5556071246111833
EVS: 0.03433194055220834
