Model: GRU
MSE: 17.526498524263978
MAE: 2.859029663933648
EVS: -0.1167993945488317
