Model: GRU
MSE: 489.43288795495
MAE: 21.93911838531494
EVS: 0.04388354876534872
