Model: GRU
MSE: 8.856344291994226
MAE: 2.412486818101671
EVS: 0.22859328541850166
