Model: GRU
MSE: 6.4668355291690505
MAE: 2.037220036541974
EVS: 0.2377022458817808
