Model: GRU
MSE: 11.168366439245936
MAE: 2.782159452085142
EVS: 0.2580900542473781
