Model: GRU
MSE: 12.996344469828054
MAE: 3.016613253840694
EVS: 0.2913350541862181
