Model: GRU
MSE: 7.522374595317732
MAE: 2.1782216319331416
EVS: 0.3221958198600954
