Model: GRU
MSE: 5.976043323220741
MAE: 1.9738127743756329
EVS: 0.376962534301179
