Model: GRU
MSE: 5.75298307246181
MAE: 1.963357890093768
EVS: 0.3865712819631687
