Model: GRU
MSE: 18.72782017159885
MAE: 2.981685585445828
EVS: -0.19511340029916746
