Model: GRU
MSE: 6.053152406242555
MAE: 2.021365024425365
EVS: 0.3065587179595489
