Model: GRU
MSE: 5.960031520378767
MAE: 1.9370714116979528
EVS: 0.35521110457198934
