Model: GRU
MSE: 8.05474185697922
MAE: 2.4093681971232095
EVS: 0.30083669573442107
