Model: GRU
MSE: 5.650883532274545
MAE: 1.8470480883563007
EVS: 0.3931729202181684
