Model: GRU
MSE: 7.109508525193801
MAE: 2.172109674524378
EVS: 0.3391291848319655
