Model: GRU
MSE: 8.086117064034017
MAE: 2.3873907725016275
EVS: 0.31747727840041173
