Model: GRU
MSE: 8.150348195090844
MAE: 2.3623237256650573
EVS: 0.3430982315293799
