Model: GRU
MSE: 5.09849974297299
MAE: 1.7672419901247378
EVS: 0.40903008486041903
