Model: GRU
MSE: 17.841864703613393
MAE: 2.977232915383798
EVS: -0.1304980334332897
