Model: GRU
MSE: 6.239785078650804
MAE: 2.0549922166047274
EVS: 0.2697073458711702
