Model: GRU
MSE: 7.8069779721584345
MAE: 2.3467322808724864
EVS: 0.3589732407357138
