Model: GRU
MSE: 17.610753996659728
MAE: 2.9630742602878146
EVS: -0.1295277259678298
