Model: GRU
MSE: 14.324225233689715
MAE: 2.5678438433894404
EVS: 0.08112998688143014
