Model: GRU
MSE: 7.656320494639927
MAE: 2.292213863796658
EVS: 0.3252748868957597
