Model: GRU
MSE: 7.914227598873031
MAE: 2.3008483250935874
EVS: 0.3195631985653701
