Model: GRU
MSE: 8.386831921330835
MAE: 2.3816873409129955
EVS: 0.29252616260979003
