Model: GRU
MSE: 5.29819430825248
MAE: 1.8686793998435691
EVS: 0.38384889745465467
