Model: GRU
MSE: 7.05366663078845
MAE: 2.217439333597819
EVS: 0.23889270742145785
