Model: GRU
MSE: 20.007822989167067
MAE: 3.152783058307789
EVS: -0.17674329097364572
