Model: GRU
MSE: 17.46882395209371
MAE: 2.904585502765797
EVS: -0.10624802711723147
