Model: GRU
MSE: 6.23633349545566
MAE: 2.021097183227539
EVS: 0.32983796799376186
