Model: GRU
MSE: 11.781047843419097
MAE: 2.8750998885543257
EVS: 0.35204404308756465
