Model: GRU
MSE: 11.37106672426944
MAE: 2.757322629292806
EVS: 0.3223177289794642
