Model: GRU
MSE: 4.744617745377489
MAE: 1.707250436147054
EVS: 0.44142616452120054
