Model: GRU
MSE: 18.670317989618248
MAE: 2.8622096947261264
EVS: -0.2093347301558206
