Model: GRU
MSE: 7.675025123217824
MAE: 2.254545953538683
EVS: 0.38889482603486525
