Model: GRU
MSE: 5.628562782604983
MAE: 1.8792856887534812
EVS: 0.34649973161617564
