Model: GRU
MSE: 15.285494805186797
MAE: 2.635980164563214
EVS: 0.01057854684134707
