Model: GRU
MSE: 18.052352912031935
MAE: 2.7856707219724304
EVS: -0.17594693546527007
