Model: GRU
MSE: 7.237544017387402
MAE: 2.263649763884368
EVS: 0.3199689426787705
