Model: GRU
MSE: 23.69696991016267
MAE: 3.219132388079608
EVS: -0.4601999501350704
