Model: GRU
MSE: 12.693188691187364
MAE: 2.4774913081416376
EVS: 0.17250071348691587
