Model: GRU
MSE: 10.736378204742222
MAE: 2.6974125614872686
EVS: 0.26434836417236174
