Model: GRU
MSE: 6.226021077977983
MAE: 2.052848462705259
EVS: 0.34213482656952776
