Model: GRU
MSE: 16.302653609206505
MAE: 2.7286211296364113
EVS: -0.06428808250048079
