Model: GRU
MSE: 7.301273658609951
MAE: 2.1383322609795465
EVS: 0.2846257487952816
