Model: GRU
MSE: 7.069360334955196
MAE: 2.1819730158205384
EVS: 0.22642109043923053
