Model: GRU
MSE: 10.263213604200145
MAE: 2.723329685352467
EVS: 0.2901292003410657
