Model: GRU
MSE: 6.631981310669086
MAE: 2.093575018423575
EVS: 0.30991714998841735
