Model: GRU
MSE: 17.51573508471949
MAE: 2.8016369960926197
EVS: -0.07142773269305991
