Model: GRU
MSE: 19.71941843094552
MAE: 3.3233865102132163
EVS: 0.0038706469138162225
