Model: GRU
MSE: 15.79852603990256
MAE: 2.7803202558446816
EVS: -0.0062945771693780905
