Model: GRU
MSE: 8.402518374301035
MAE: 2.3797584109836154
EVS: 0.18621730912914214
