Model: GRU
MSE: 5.54546065288893
MAE: 1.8843037287394206
EVS: 0.3852046535910818
