Model: GRU
MSE: 5.299284448205644
MAE: 1.7994137163515445
EVS: 0.47499036954940066
