Model: GRU
MSE: 5.321775393287318
MAE: 1.8561432979725025
EVS: 0.40667773791638506
