Model: GRU
MSE: 14.902822699829047
MAE: 2.7558543063976146
EVS: 0.02301863968860063
