Model: GRU
MSE: 15.483404755827982
MAE: 2.604115044629132
EVS: -0.008404198036005894
