Model: GRU
MSE: 8.807107415920216
MAE: 2.2979456583658853
EVS: 0.2767141802713482
