Model: GRU
MSE: 6.311967308315751
MAE: 2.0286265125981084
EVS: 0.3546807794726916
