Model: GRU
MSE: 8.073790668903206
MAE: 2.2689040855125144
EVS: 0.29439160159619715
