Model: GRU
MSE: 11.627687335220596
MAE: 2.8145502231739186
EVS: 0.3298976957786861
