Model: GRU
MSE: 20.238737674258395
MAE: 3.0496007601420083
EVS: -0.20057570544605174
