Model: GRU
MSE: 17.189610715588238
MAE: 3.075988433979176
EVS: -0.0029231616380580583
