Model: GRU
MSE: 5.683792185370294
MAE: 1.9431310936256692
EVS: 0.3589160232617701
