Model: GRU
MSE: 8.97254745494626
MAE: 2.3568310561003507
EVS: 0.2988793107048654
