Model: GRU
MSE: 5.6621167362439975
MAE: 1.9191410276624892
EVS: 0.36060638442966564
