Model: GRU
MSE: 6.1030600963825705
MAE: 2.031549842269332
EVS: 0.28091864188587445
