Model: GRU
MSE: 7.463798347688679
MAE: 2.19637393951416
EVS: 0.34926259795553316
