Model: GRU
MSE: 11.539798344156123
MAE: 2.7349572711520724
EVS: 0.30560268673300495
