Model: GRU
MSE: 5.483895173259278
MAE: 1.902546070240162
EVS: 0.359669414720971
