Model: GRU
MSE: 8.241168818712172
MAE: 2.26628084535952
EVS: 0.3943828267632673
