Model: GRU
MSE: 6.157636263830917
MAE: 1.9890449665210865
EVS: 0.35335230550188856
