Model: GRU
MSE: 14.872072109989563
MAE: 2.804855223055239
EVS: 0.04554297295578269
