Model: GRU
MSE: 5.206409285653577
MAE: 1.8061764151961714
EVS: 0.4087909693309796
