Model: GRU
MSE: 5.647224497958598
MAE: 1.836613619769061
EVS: 0.33432383069380966
