Model: GRU
MSE: 15.89241510062194
MAE: 2.7627725424589933
EVS: -0.025632574316274637
