Model: GRU
MSE: 9.495862541750183
MAE: 2.5559260050455728
EVS: 0.2086145907999668
