Model: GRU
MSE: 7.950240966003177
MAE: 2.3358023961385093
EVS: 0.18445486245695164
