Model: GRU
MSE: 8.183443822712096
MAE: 2.3157256091082536
EVS: 0.3319047429141354
