Model: GRU
MSE: 6.459830626094799
MAE: 2.0739902037161366
EVS: 0.26987153957151755
