Model: GRU
MSE: 8.025054341442226
MAE: 2.287450013337312
EVS: 0.31984774434216123
