Model: GRU
MSE: 7.686428259030436
MAE: 2.302617179022895
EVS: 0.33520967025503134
