Model: GRU
MSE: 6.944348995505336
MAE: 2.1154220369127064
EVS: 0.3223199876131152
