Model: GRU
MSE: 5.458214854571183
MAE: 1.855884728608308
EVS: 0.38360871362593574
