Model: GRU
MSE: 16.85172415843174
MAE: 2.881123154251664
EVS: -0.08918047894210868
