Model: GRU
MSE: 6.029187100051011
MAE: 1.9496102862887912
EVS: 0.3292013439101533
