Model: GRU
MSE: 5.509844551149803
MAE: 1.868501345316569
EVS: 0.39188935504762146
