Model: GRU
MSE: 7.584156871049042
MAE: 2.1875763999091253
EVS: 0.2196361907149873
