Model: GRU
MSE: 5.78013164700008
MAE: 1.981644701074671
EVS: 0.37178519301220003
