Model: GRU
MSE: 7.1028676058207285
MAE: 2.1333693398369684
EVS: 0.34808184278322485
