Model: GRU
MSE: 8.301463527978571
MAE: 2.3714666719789856
EVS: 0.25517009410423164
