Model: GRU
MSE: 18.35858518796327
MAE: 2.908279048071967
EVS: -0.15183884584535212
