Model: GRU
MSE: 6.732784162709255
MAE: 2.103751394483778
EVS: 0.3577610987826595
