Model: GRU
MSE: 5.255441970158245
MAE: 1.7528423379968714
EVS: 0.3935543473487516
