Model: GRU
MSE: 19.86302822912833
MAE: 3.160274947131122
EVS: -0.12112664525435024
