Model: GRU
MSE: 6.709785476482231
MAE: 2.154784591109664
EVS: 0.22894444596846375
