Model: GRU
MSE: 6.80023710594334
MAE: 2.1026103408248336
EVS: 0.3298597345762011
