Model: GRU
MSE: 6.510971902740628
MAE: 1.9686147901746962
EVS: 0.25215395015762876
