Model: GRU
MSE: 5.457842357490302
MAE: 1.91112306382921
EVS: 0.39827650157687766
