Model: GRU
MSE: 6.0699629769029615
MAE: 1.9718248932449907
EVS: 0.33789204844337883
