Model: GRU
MSE: 7.417140088673477
MAE: 2.072676905879268
EVS: 0.304827385353834
