Model: GRU
MSE: 14.905923148893063
MAE: 2.553275461550112
EVS: 0.06349603996960118
