Model: GRU
MSE: 12.818145505580105
MAE: 2.9470060843008534
EVS: 0.20726819556273002
