Model: GRU
MSE: 6.070712714702495
MAE: 2.0269687440660267
EVS: 0.31191122038586505
