Model: GRU
MSE: 5.116691270547327
MAE: 1.73968505859375
EVS: 0.39944996490115914
