Model: GRU
MSE: 8.033664881198572
MAE: 2.2699504251833313
EVS: 0.06071500561431131
