Model: GRU
MSE: 14.678254938430655
MAE: 3.198978883248788
EVS: 0.27458790626052987
