Model: GRU
MSE: 7.925906511917572
MAE: 2.345025663022642
EVS: 0.3462065211840405
