Model: GRU
MSE: 5.590551849439921
MAE: 1.8993645773993597
EVS: 0.4093955224440099
