Model: GRU
MSE: 5.625808826176151
MAE: 1.893076984970658
EVS: 0.35061713905388725
