Model: GRU
MSE: 9.444649486145467
MAE: 2.49393097559611
EVS: 0.21307901260167061
