Model: GRU
MSE: 7.158569177042375
MAE: 2.1649762612802013
EVS: 0.16209904976820932
