Model: GRU
MSE: 6.161285857235776
MAE: 2.004734427840621
EVS: 0.27905844008583247
