Model: GRU
MSE: 15.859945518028796
MAE: 2.6701126805058233
EVS: -0.01599412817649304
