Model: GRU
MSE: 19.38104595587905
MAE: 2.851201198719166
EVS: -0.24923889134647426
