Model: GRU
MSE: 7.954664575895314
MAE: 2.315492418077257
EVS: 0.26807058360248814
