Model: GRU
MSE: 10.960031551866214
MAE: 2.713863867300528
EVS: 0.31104125237358426
