Model: GRU
MSE: 5.343488221209487
MAE: 1.8526657245777272
EVS: 0.39183341968868945
