Model: GRU
MSE: 6.525928905675283
MAE: 2.0394739928068937
EVS: 0.29822463803955057
