Model: GRU
MSE: 5.351302312170488
MAE: 1.8687509077566642
EVS: 0.3801630921787319
