Model: GRU
MSE: 5.903200827859108
MAE: 1.9618107831036602
EVS: 0.33277579227586074
