Model: GRU
MSE: 6.367480998487372
MAE: 1.9110932703371402
EVS: 0.2912865584000819
