Model: GRU
MSE: 6.342022576413203
MAE: 2.0366512581154153
EVS: 0.381026305673837
