Model: GRU
MSE: 8.245250565068021
MAE: 2.278702453330711
EVS: 0.306550172432388
