Model: GRU
MSE: 5.345787279040552
MAE: 1.8700470041345667
EVS: 0.3789124286808915
