Model: GRU
MSE: 6.299640552244926
MAE: 1.8814269171820746
EVS: 0.3220943540011293
