Model: GRU
MSE: 17.20936436226021
MAE: 2.684692965613471
EVS: -0.1232650913432074
