Model: GRU
MSE: 19.840965119720817
MAE: 3.191557601646141
EVS: -0.26147050322897036
