Model: GRU
MSE: 8.064876242144573
MAE: 2.317896666350188
EVS: 0.27260959618964553
