Model: GRU
MSE: 21.72961205524174
MAE: 3.0295135025624877
EVS: -0.4239013746079179
