Model: GRU
MSE: 6.803784774096568
MAE: 2.0794431545116283
EVS: 0.2316662382939232
