Model: GRU
MSE: 17.370084684928468
MAE: 2.8821609638355397
EVS: -0.07786050187941296
