Model: GRU
MSE: 15.940056726366644
MAE: 2.705704583062066
EVS: -0.04474286657146842
