Model: GRU
MSE: 10.145746705878015
MAE: 2.6297854317559137
EVS: 0.22629790417820428
