Model: GRU
MSE: 5.344464932338876
MAE: 1.8593553966946073
EVS: 0.36977219479241774
