Model: GRU
MSE: 20.42897131961242
MAE: 3.0870523276152433
EVS: -0.23714671467115256
