Model: GRU
MSE: 7.111417447161666
MAE: 2.2286558151245117
EVS: 0.2410907769975238
