Model: GRU
MSE: 20.208493153152865
MAE: 3.41175870542173
EVS: -0.09344787585051528
