Model: GRU
MSE: 7.839184050924612
MAE: 2.2961673736572266
EVS: 0.376196211867322
