Model: GRU
MSE: 18.16906051842614
MAE: 2.9553656578063965
EVS: -0.19111171529596405
