Model: GRU
MSE: 10.61555755750504
MAE: 2.628716539453577
EVS: 0.3123356686018369
