Model: GRU
MSE: 15.271831744529225
MAE: 2.7504251268174915
EVS: 0.0681297919096342
