Model: GRU
MSE: 9.447385104378116
MAE: 2.537323315938314
EVS: 0.12356653819812169
