Model: GRU
MSE: 7.116936659858133
MAE: 2.1918576028611927
EVS: 0.34432979703623157
