Model: GRU
MSE: 7.932932534496843
MAE: 2.2758282908686884
EVS: 0.30761429267940466
