Model: GRU
MSE: 8.368776624249255
MAE: 2.3436273998684354
EVS: 0.14249761012926943
