Model: GRU
MSE: 17.65803888699375
MAE: 2.893298784891764
EVS: -0.061683000346096195
