Model: GRU
MSE: 6.624634328730987
MAE: 2.062418478506583
EVS: 0.292412928620183
