Model: GRU
MSE: 14.719689994204465
MAE: 2.643596084029586
EVS: 0.048331448210529815
