Model: GRU
MSE: 19.732983969104914
MAE: 2.981294596636737
EVS: -0.20637778234836013
