Model: GRU
MSE: 5.257942974708629
MAE: 1.8490547780637387
EVS: 0.3823190888870698
