Model: GRU
MSE: 8.650785502284565
MAE: 2.421396184850622
EVS: 0.37032285233200146
