Model: GRU
MSE: 8.796573472298538
MAE: 2.3768014554624206
EVS: 0.18005933828711385
