Model: GRU
MSE: 7.988056113627904
MAE: 2.3435439180444786
EVS: 0.29549962749861647
