Model: GRU
MSE: 6.516023840740201
MAE: 2.007509019639757
EVS: 0.3259645150135456
