Model: GRU
MSE: 11.239631676490278
MAE: 2.78965731020327
EVS: 0.298931465925954
