Model: GRU
MSE: 9.59751309825306
MAE: 2.553805386578595
EVS: 0.27320410126999484
