Model: GRU
MSE: 6.763516482021864
MAE: 2.0409516581782587
EVS: 0.40813181999121473
