Model: GRU
MSE: 9.409070996855107
MAE: 2.539373998288755
EVS: 0.3329181506436252
