Model: GRU
MSE: 5.5392208874076525
MAE: 1.932291278132686
EVS: 0.3592179280465717
