Model: GRU
MSE: 8.695150006541452
MAE: 2.4303956208405673
EVS: 0.314709012578276
