Model: GRU
MSE: 6.537059927964947
MAE: 2.0702102802417897
EVS: 0.2853153140947895
