Model: GRU
MSE: 17.65699167941552
MAE: 2.7298769421047635
EVS: -0.12161031418694135
