Model: GRU
MSE: 12.722736826162535
MAE: 2.897295704594365
EVS: 0.3230465063384076
