Model: GRU
MSE: 7.4301945655446335
MAE: 2.144903889408818
EVS: 0.27947717132832994
