Model: GRU
MSE: 22.374699977762855
MAE: 3.568855744821054
EVS: -0.11288729001797004
