Model: GRU
MSE: 5.51329305690679
MAE: 1.8532389181631583
EVS: 0.3505714498982293
