Model: GRU
MSE: 18.09448027450723
MAE: 3.1429328565244323
EVS: -0.10530604336949478
