Model: GRU
MSE: 13.416466772937891
MAE: 2.53244118337278
EVS: 0.13141117039525996
