Model: GRU
MSE: 7.110681398779787
MAE: 2.2142054239908853
EVS: 0.2592993514522264
