Model: GRU
MSE: 7.207752141423783
MAE: 2.205408732096354
EVS: 0.3062714860656425
