Model: GRU
MSE: 5.382729819989772
MAE: 1.8660516032466181
EVS: 0.38470187364010233
