Model: GRU
MSE: 6.428802587512748
MAE: 2.055021815829807
EVS: 0.2809790896296803
