Model: GRU
MSE: 7.7393392413489845
MAE: 2.313943721629955
EVS: 0.33633624395860195
