Model: GRU
MSE: 5.59513415564689
MAE: 1.8708240014535409
EVS: 0.4336646153886906
