Model: GRU
MSE: 6.990604269084644
MAE: 2.067334846214012
EVS: 0.21544847997195482
