Model: GRU
MSE: 7.081413204701876
MAE: 2.104771931966146
EVS: 0.30588557063176125
