Model: GRU
MSE: 180.9612201756732
MAE: 13.121315368899593
EVS: -0.03681478610284761
