Model: GRU
MSE: 12.174905647438814
MAE: 2.8465292188856335
EVS: 0.126477296429775
