Model: GRU
MSE: 5.634423796325791
MAE: 1.8692042032877605
EVS: 0.3768675144398459
