Model: GRU
MSE: 4.92666802469628
MAE: 1.674533066926179
EVS: 0.4191739147953648
