Model: GRU
MSE: 8.046734718327636
MAE: 2.284947289360894
EVS: 0.3259386687235135
