Model: GRU
MSE: 6.259806726761983
MAE: 1.9997659965797707
EVS: 0.2778751832615829
