Model: GRU
MSE: 12.698226057309553
MAE: 2.4882083109446933
EVS: 0.15073099297758974
