Model: GRU
MSE: 6.70690638347292
MAE: 2.1139197879367404
EVS: 0.3491905492305496
