Model: GRU
MSE: 21779.343650237923
MAE: 147.5265734637225
EVS: 0.0
