Model: GRU
MSE: 5.848628348947251
MAE: 1.953767635204174
EVS: 0.37383865769653857
