Model: GRU
MSE: 7.896812217040927
MAE: 2.2578818003336587
EVS: 0.2965569907285196
