Model: GRU
MSE: 6.136534143575066
MAE: 2.0602822833591037
EVS: 0.2841368733154539
