Model: GRU
MSE: 5.439566482812552
MAE: 1.880210276003237
EVS: 0.3808419494891747
