Model: GRU
MSE: 6.278219191158415
MAE: 2.051197263929579
EVS: 0.30940809536152813
