Model: GRU
MSE: 7.598372810209823
MAE: 2.3107677389074257
EVS: 0.25139465531047656
