Model: GRU
MSE: 5.676071545011273
MAE: 1.886365943484836
EVS: 0.33221519856264947
