Model: GRU
MSE: 6356.020082983154
MAE: 79.62892885561342
EVS: 0.0
