Model: GRU
MSE: 10.741039269495593
MAE: 2.6244484936749495
EVS: 0.35587576056512227
