Model: GRU
MSE: 8.002284531672693
MAE: 2.313755671183268
EVS: 0.30437674307711415
