Model: GRU
MSE: 7.293872420774345
MAE: 2.1823899304425276
EVS: 0.22618909389407982
