Model: GRU
MSE: 10.093239146347683
MAE: 2.6142987851743347
EVS: 0.13900699928105809
