Model: GRU
MSE: 15.039144301236101
MAE: 2.636776500278049
EVS: 0.015391751112121432
