Model: GRU
MSE: 6.459067704257264
MAE: 2.062262323167589
EVS: 0.4145802691757513
