Model: GRU
MSE: 19.198035217737985
MAE: 2.7713869324436895
EVS: -0.2585527580281559
