Model: GRU
MSE: 16.561646399626532
MAE: 2.775402545928955
EVS: -0.05827749443078689
