Model: GRU
MSE: 13.332419913426612
MAE: 2.9690160751342773
EVS: 0.1303150171039058
