Model: GRU
MSE: 5.601439677268226
MAE: 1.886782787464283
EVS: 0.3540144311591624
