Model: GRU
MSE: 22.787210345393163
MAE: 3.3095418965374983
EVS: -0.18683441613287233
