Model: GRU
MSE: 5.2371617540340125
MAE: 1.8577616656268086
EVS: 0.3877020475464459
