Model: GRU
MSE: 6.503706206757602
MAE: 2.13082903402823
EVS: 0.4562065056255773
