Model: GRU
MSE: 6.962242230964201
MAE: 2.0982565350002713
EVS: 0.33648607140331765
