Model: GRU
MSE: 6.371637876409498
MAE: 2.050689697265625
EVS: 0.26589303846769874
