Model: GRU
MSE: 17.681744789351008
MAE: 2.7982056494112366
EVS: -0.13576046800079622
