Model: GRU
MSE: 16.53705145927325
MAE: 2.7325728557727955
EVS: -0.0731746557482984
