Model: GRU
MSE: 18.089776609097978
MAE: 2.6334545524032027
EVS: -0.1818811455084448
