Model: GRU
MSE: 10.754795566533916
MAE: 2.739317187556514
EVS: 0.3006654802435539
