Model: GRU
MSE: 6.595929476527056
MAE: 2.0761818002771446
EVS: 0.2490319908299048
