Model: GRU
MSE: 5.579581634062008
MAE: 1.8861658308241103
EVS: 0.3501384505816807
