Model: GRU
MSE: 17.247648101751086
MAE: 2.974023377453839
EVS: 0.009291204933526864
