Model: GRU
MSE: 18.255901403760955
MAE: 2.729967505843551
EVS: -0.19674936377702412
