Model: GRU
MSE: 6.377893080734322
MAE: 2.1421655725549766
EVS: 0.30006555082350916
