Model: GRU
MSE: 6.269942554749966
MAE: 1.9568435174447518
EVS: 0.2614983656653631
