Model: GRU
MSE: 5.900324446997291
MAE: 2.003004709879557
EVS: 0.4353157760552766
