Model: GRU
MSE: 5.5308084579512276
MAE: 1.8838208869651512
EVS: 0.3538077039658818
