Model: GRU
MSE: 15.731583695263376
MAE: 2.728758723647506
EVS: -0.019516784978541146
