Model: GRU
MSE: 10.15604436070953
MAE: 2.6657371167783386
EVS: 0.304372395765768
