Model: GRU
MSE: 7.674269331053302
MAE: 2.235340400978371
EVS: 0.3670012048084994
