Model: GRU
MSE: 5.587445463232815
MAE: 1.832852257622613
EVS: 0.3456416061259374
