Model: GRU
MSE: 17.79069128913358
MAE: 2.960880164746885
EVS: -0.053871459986160275
