Model: GRU
MSE: 32075.14188013295
MAE: 179.0716665762442
EVS: -4.440892098500626e-16
