Model: GRU
MSE: 6.088225713194536
MAE: 1.9866616990831163
EVS: 0.33301532284682267
