Model: GRU
MSE: 6.416575663221785
MAE: 2.0680040783352323
EVS: 0.32182756166325843
