Model: GRU
MSE: 10.913444813273271
MAE: 2.7536674252262823
EVS: 0.34093596949081584
