Model: GRU
MSE: 16.06114072549304
MAE: 2.6422584321763782
EVS: -0.029612547320633897
