Model: GRU
MSE: 5.997025880952269
MAE: 1.93186057055438
EVS: 0.29292281094593353
