Model: GRU
MSE: 6.193142652159184
MAE: 2.0009198365388094
EVS: 0.2879231594513887
