Model: GRU
MSE: 6.304716940987688
MAE: 2.0538036205150463
EVS: 0.3616600309080955
