Model: GRU
MSE: 21.45235312744838
MAE: 3.2219293029220015
EVS: -0.19188258891688648
