Model: GRU
MSE: 5.610071067398436
MAE: 1.88328453346535
EVS: 0.38731954403075597
