Model: GRU
MSE: 8.404463774354081
MAE: 2.361756748623318
EVS: 0.19111344554363752
