Model: GRU
MSE: 9.2384061559146
MAE: 2.5102341263382524
EVS: 0.29669720428270197
