Model: GRU
MSE: 5.583923938478822
MAE: 1.8580473440664786
EVS: 0.34153200412122087
