Model: GRU
MSE: 20.255914500530572
MAE: 3.145005190813983
EVS: -0.2075755688771943
