Model: GRU
MSE: 16.759732525235282
MAE: 2.6203504138522677
EVS: -0.09847115847949928
