Model: GRU
MSE: 5.891549859495542
MAE: 1.974450499923141
EVS: 0.34387145981531864
