Model: GRU
MSE: 15.932589978728982
MAE: 2.6656822275232384
EVS: -0.030730079535938648
