Model: GRU
MSE: 6.689758828517437
MAE: 2.1413722568088107
EVS: 0.23807943564099487
