Model: GRU
MSE: 6.78466533978112
MAE: 2.096744113498264
EVS: 0.3659322509956845
