Model: GRU
MSE: 11.263908212232241
MAE: 2.7744969615229853
EVS: 0.3546131429866093
