Model: GRU
MSE: 18.23757052748975
MAE: 3.1198024573149503
EVS: 0.06224790637071387
