Model: GRU
MSE: 7.651280830774913
MAE: 2.3288794270268194
EVS: 0.24580085926114326
