Model: GRU
MSE: 16.814021747978753
MAE: 2.667926788330078
EVS: -0.08211565014628674
