Model: GRU
MSE: 5.600751284037836
MAE: 1.922130655359339
EVS: 0.37289221918098103
