Model: GRU
MSE: 8.401693126720973
MAE: 2.5065364837646484
EVS: 0.3684332743660518
