Model: GRU
MSE: 19.68327428455646
MAE: 3.071239374302052
EVS: -0.20189244216808744
