Model: GRU
MSE: 22.303719651901734
MAE: 3.4334842187386974
EVS: -0.2788601527872583
