Model: GRU
MSE: 18.60529683452105
MAE: 2.771759721967909
EVS: -0.21735868851574125
