Model: GRU
MSE: 5.414803855904893
MAE: 1.793033794120506
EVS: 0.36159080682227107
