Model: GRU
MSE: 5.6125825256500335
MAE: 1.8846388039765534
EVS: 0.3383998752081284
