Model: GRU
MSE: 6.388100482214752
MAE: 2.0784643667715565
EVS: 0.26080182190450407
