Model: GRU
MSE: 14.755521757010793
MAE: 2.594415682333487
EVS: 0.053760354578546
