Model: GRU
MSE: 6.267584633894971
MAE: 2.0831757298222295
EVS: 0.336375128306152
