Model: GRU
MSE: 5.301018036241902
MAE: 1.8310093879699707
EVS: 0.39016494520950795
