Model: GRU
MSE: 5.025210004820986
MAE: 1.7492622092918113
EVS: 0.40747782945922517
