Model: GRU
MSE: 14.93414243399316
MAE: 2.5535619347183793
EVS: 0.028870126101174787
