Model: GRU
MSE: 7.701169819786257
MAE: 2.2616747396963612
EVS: 0.29609878679659385
