Model: GRU
MSE: 14.801302258331985
MAE: 2.654674671314381
EVS: 0.07693232034361397
