Model: GRU
MSE: 8.027465662629185
MAE: 2.3336197005377874
EVS: 0.2132705309882731
