Model: GRU
MSE: 5.455847931840422
MAE: 1.8186508814493816
EVS: 0.42771421565710965
