Model: GRU
MSE: 6.40766543157261
MAE: 2.0383601365266024
EVS: 0.401002706533242
