Model: GRU
MSE: 17.207172438750437
MAE: 3.0715998190420644
EVS: 0.06516429431330661
