Model: GRU
MSE: 16.98535034173239
MAE: 2.9603005515204535
EVS: 0.16490525999386008
