Model: GRU
MSE: 15.620002983411352
MAE: 2.762839352643048
EVS: 0.054623519418693034
