Model: GRU
MSE: 5.776188929454967
MAE: 1.9391786080819589
EVS: 0.3701424555247249
