Model: GRU
MSE: 6.069786541425014
MAE: 1.9956291693228263
EVS: 0.2940857807830207
