Model: GRU
MSE: 7.107078781110397
MAE: 2.198696984185113
EVS: 0.1954587658386625
