Model: GRU
MSE: 6.602660551681841
MAE: 2.0899541819537126
EVS: 0.23005803606464315
