Model: GRU
MSE: 6.741048978091755
MAE: 2.113700654771593
EVS: 0.25198620753716416
