Model: GRU
MSE: 12.80067987605587
MAE: 2.494567076365153
EVS: 0.19449413432887608
