Model: GRU
MSE: 6.24802731262965
MAE: 1.9979214491667572
EVS: 0.2738728430573305
