Model: GRU
MSE: 6.9932273162944005
MAE: 2.220465342203776
EVS: 0.18962795154727774
