Model: GRU
MSE: 6.972468987292611
MAE: 2.0939873589409723
EVS: 0.241001090691779
