Model: GRU
MSE: 10.045690536662867
MAE: 2.628114417747215
EVS: 0.29036892258801694
