Model: GRU
MSE: 5.583305387668361
MAE: 1.9068061510721843
EVS: 0.4039417527303105
