Model: GRU
MSE: 5.968656848003438
MAE: 1.9138604270087347
EVS: 0.31587631034381647
