Model: GRU
MSE: 19.941558188690074
MAE: 3.0812628004286022
EVS: -0.19915102057853806
