Model: GRU
MSE: 5.422970288048486
MAE: 1.8290178864090532
EVS: 0.41901511043960205
