Model: GRU
MSE: 20.868432526783618
MAE: 3.2246952763310186
EVS: -0.27855424627622427
