Model: GRU
MSE: 6.026609456111988
MAE: 1.941589426111292
EVS: 0.29530532932164355
