Model: GRU
MSE: 14.943854206914297
MAE: 2.6626243414702238
EVS: 0.05114291316306385
