Model: GRU
MSE: 5.427715913387357
MAE: 1.8038470480177138
EVS: 0.36099743666789685
