Model: GRU
MSE: 5.240504446111824
MAE: 1.841295807449906
EVS: 0.3820241506476374
