Model: GRU
MSE: 5.7882832591431335
MAE: 1.9398911794026692
EVS: 0.33019719170690776
