Model: GRU
MSE: 9.265874206875734
MAE: 2.574419056927716
EVS: 0.281545852862629
