Model: GRU
MSE: 9.909899612493005
MAE: 2.6472724455374257
EVS: 0.4232566910966714
