Model: GRU
MSE: 5.330000246910694
MAE: 1.7995479725025318
EVS: 0.3878557654591157
