Model: GRU
MSE: 6.572806192673245
MAE: 2.0479516983032227
EVS: 0.22553186962433702
