Model: GRU
MSE: 7.7132612872096775
MAE: 2.2535694616812245
EVS: 0.3868833414410183
