Model: GRU
MSE: 8.788631909053441
MAE: 2.5616974654021085
EVS: 0.2695172736746687
