Model: GRU
MSE: 8.496192428800727
MAE: 2.358114383838795
EVS: 0.21701711954912883
