Model: GRU
MSE: 6.3451820246125985
MAE: 2.047874521326136
EVS: 0.3491278549198923
