Model: GRU
MSE: 12.770888440385399
MAE: 2.995108710394965
EVS: 0.3336592736539179
