Model: GRU
MSE: 18.56568965150066
MAE: 3.1842489065947355
EVS: -0.06673287487085577
