Model: GRU
MSE: 10.498590387449406
MAE: 2.6779230965508356
EVS: 0.3985891429625088
