Model: GRU
MSE: 9.477644748688327
MAE: 2.47005738152398
EVS: 0.11287750071381186
