Model: GRU
MSE: 17.874223069233942
MAE: 2.6743361155192056
EVS: -0.1702839361771331
