Model: GRU
MSE: 6.163821531938117
MAE: 2.0060143294157804
EVS: 0.2827861998880099
