Model: GRU
MSE: 14.199096747459171
MAE: 2.5677643881903753
EVS: 0.08797738248813225
