Model: GRU
MSE: 19.497218331018725
MAE: 2.9002297719319663
EVS: -0.26192190349123234
