Model: GRU
MSE: 11.029174431182987
MAE: 2.776833181028013
EVS: 0.3357004771537778
