Model: GRU
MSE: 6.355736269062921
MAE: 2.057476008379901
EVS: 0.2637341724101028
