Model: GRU
MSE: 17.876475804909617
MAE: 3.0302472467775696
EVS: -0.1349099590904348
