Model: GRU
MSE: 18.089241670515893
MAE: 2.7215740239178694
EVS: -0.18574356012544735
