Model: GRU
MSE: 14.215656658753426
MAE: 2.8692184554206
EVS: 0.2466007165319397
