Model: GRU
MSE: 6.761948406102824
MAE: 2.058473410429778
EVS: 0.3149108906199042
