Model: GRU
MSE: 9.405143164541657
MAE: 2.593827247619629
EVS: 0.28604876213159547
