Model: GRU
MSE: 17.832111088799003
MAE: 2.7886871055320457
EVS: -0.09059867391497622
