Model: GRU
MSE: 19.010943113782087
MAE: 2.9012763411910445
EVS: -0.24357637363995588
