Model: GRU
MSE: 6.975183467098422
MAE: 2.145831991125036
EVS: 0.3155011792343232
