Model: GRU
MSE: 5.353788256491035
MAE: 1.8447075419955783
EVS: 0.3726346423338067
