Model: GRU
MSE: 18.476617824312278
MAE: 2.8802275127834744
EVS: -0.21035754393484107
