Model: GRU
MSE: 5.841469194917139
MAE: 1.933773853160717
EVS: 0.3152611260556255
