Model: GRU
MSE: 5.234407816032798
MAE: 1.8510393036736383
EVS: 0.41748963547657947
