Model: GRU
MSE: 6.304028359074302
MAE: 2.071968502468533
EVS: 0.38897415754549325
