Model: GRU
MSE: 10.003666553081597
MAE: 2.647661950853136
EVS: 0.3595483607361608
