Model: GRU
MSE: 19.039271303180286
MAE: 3.0173457286976
EVS: -0.13111128189432208
