Model: GRU
MSE: 17.95726805282195
MAE: 3.0377991994222007
EVS: -0.15275693073396712
