Model: GRU
MSE: 5.506115914192083
MAE: 1.8852776598047327
EVS: 0.40566413050466665
