Model: GRU
MSE: 5.439061588097064
MAE: 1.9143023314299408
EVS: 0.3590415121438668
