Model: GRU
MSE: 7.2085988340237925
MAE: 2.2502568739431874
EVS: 0.2960908642322688
