Model: GRU
MSE: 25.15143034098842
MAE: 3.833512235570837
EVS: -0.261163149308133
