Model: GRU
MSE: 8.315942238777467
MAE: 2.378913243611654
EVS: 0.3374883480059503
