Model: GRU
MSE: 10.15408938816233
MAE: 2.557771435490361
EVS: 0.16782368470053788
