Model: GRU
MSE: 7.169490915448578
MAE: 2.1859525397971824
EVS: 0.26184385494653084
