Model: GRU
MSE: 14.869954412642747
MAE: 2.8068052574440285
EVS: 0.12089640641898769
