Model: GRU
MSE: 25.180668207360323
MAE: 3.755869953720658
EVS: -0.3770846636740768
