Model: GRU
MSE: 21.37672895307619
MAE: 3.141669273376465
EVS: -0.2444467839250084
