Model: GRU
MSE: 5.807231589649611
MAE: 1.9640763600667317
EVS: 0.37871540876185483
