Model: GRU
MSE: 13.073925918693694
MAE: 3.02706276928937
EVS: 0.20496318833719185
