Model: GRU
MSE: 6.097188358449355
MAE: 2.0604795349968805
EVS: 0.28104202325127103
