Model: GRU
MSE: 18.124085356102967
MAE: 3.084181938852583
EVS: -0.05685290703296819
