Model: GRU
MSE: 7.770278779217767
MAE: 2.2501858605278864
EVS: 0.2498826811770699
