Model: GRU
MSE: 7.033722975010647
MAE: 2.138265609741211
EVS: 0.30819305107734285
