Model: GRU
MSE: 5.4886993496522205
MAE: 1.8906895672833477
EVS: 0.36889357004837064
