Model: GRU
MSE: 8.664437860805364
MAE: 2.453297826978895
EVS: 0.38450637720774417
