Model: GRU
MSE: 6.2797114576390465
MAE: 1.9109300507439508
EVS: 0.2702875015663009
