Model: GRU
MSE: 5.1739291587696075
MAE: 1.7994153411300093
EVS: 0.41789649746324886
