Model: GRU
MSE: 14.846375540950586
MAE: 2.6475790518301503
EVS: 0.058951505158313044
