Model: GRU
MSE: 6.691855961439984
MAE: 2.1109430525037975
EVS: 0.3565585042837155
