Model: GRU
MSE: 6.2067285513571315
MAE: 2.0334971569202565
EVS: 0.33627096296393166
