Model: GRU
MSE: 24.426429813179805
MAE: 3.7685682603291104
EVS: -0.2758116113571518
