Model: GRU
MSE: 6.081174566474088
MAE: 1.9744712864911114
EVS: 0.3321967959244998
