Model: GRU
MSE: 7.208269232691775
MAE: 2.2427500972041376
EVS: 0.38857454161963056
