Model: GRU
MSE: 15.777980362434256
MAE: 2.7466871473524304
EVS: -0.029460182437078597
