Model: GRU
MSE: 6.7288011880111505
MAE: 2.1433965541698314
EVS: 0.3427095270629834
