Model: GRU
MSE: 5.917780721502553
MAE: 1.9255232281155057
EVS: 0.3265960664291404
