Model: GRU
MSE: 18.873773406421076
MAE: 2.810506096592656
EVS: -0.22041905540163786
