Model: GRU
MSE: 6.805564730406432
MAE: 2.0366636558815285
EVS: 0.3739026263822578
