Model: GRU
MSE: 5.8898085815746395
MAE: 1.9840494438453957
EVS: 0.3060083387794472
