Model: GRU
MSE: 14.38176098710459
MAE: 2.805328298498083
EVS: 0.08713101414382762
