Model: GRU
MSE: 17.30269537953024
MAE: 2.8002928451255515
EVS: -0.11390764673885112
