Model: GRU
MSE: 6.181668858436852
MAE: 1.980227823610659
EVS: 0.2720141341666421
