Model: GRU
MSE: 14.818484589383322
MAE: 2.4716600009373257
EVS: 0.006901101910396279
