Model: GRU
MSE: 6.078507678667207
MAE: 1.9313235106291595
EVS: 0.3386397643531528
