Model: GRU
MSE: 7.497233045338226
MAE: 2.186485078599718
EVS: 0.3294637611780792
