Model: GRU
MSE: 5.656232050367247
MAE: 1.8950439735695168
EVS: 0.38554997953028647
