Model: GRU
MSE: 8.131287957011375
MAE: 2.315759023030599
EVS: 0.2549115295739205
