Model: GRU
MSE: 6.721216087614973
MAE: 2.1744363572862415
EVS: 0.3457124618414934
