Model: GRU
MSE: 6.294630814879451
MAE: 2.046414022092466
EVS: 0.2715061684408475
