Model: GRU
MSE: 6.836956094543522
MAE: 2.082701647723163
EVS: 0.3272609366670858
