Model: GRU
MSE: 6.08938544167052
MAE: 2.082588937547472
EVS: 0.293148479018311
