Model: GRU
MSE: 5.748850214650937
MAE: 1.8926724327935114
EVS: 0.42948604100599064
