Model: GRU
MSE: 5.458240187620976
MAE: 1.885377707304778
EVS: 0.359490051617666
