Model: GRU
MSE: 6.279484899107458
MAE: 1.9579254256354437
EVS: 0.3013964642830308
