Model: GRU
MSE: 172.08538300316008
MAE: 12.777231634766967
EVS: -0.040992985466617116
