Model: GRU
MSE: 6.045680491712961
MAE: 1.9926974331891094
EVS: 0.32703021154243594
