Model: GRU
MSE: 6.736268102324276
MAE: 2.089960981298376
EVS: 0.318522767260787
