Model: GRU
MSE: 7.294304609185928
MAE: 2.144166451913339
EVS: 0.3435157443736059
