Model: GRU
MSE: 10.67621203842649
MAE: 2.7306350778650352
EVS: 0.19662046133150102
