Model: GRU
MSE: 180.12081311682164
MAE: 12.8327647668344
EVS: -0.012271670347325347
