Model: GRU
MSE: 14.198632836495701
MAE: 2.4551536525998796
EVS: 0.03750487080907927
