Model: GRU
MSE: 7.494469300557023
MAE: 2.292194066224275
EVS: 0.34434750061641006
