Model: GRU
MSE: 5.472526846686815
MAE: 1.8974100395485207
EVS: 0.3778618522466435
