Model: GRU
MSE: 8.20960594123062
MAE: 2.41080813937717
EVS: 0.24069903299348172
