Model: GRU
MSE: 10.282308074204021
MAE: 2.6130053908736617
EVS: 0.30948007600452254
