Model: GRU
MSE: 17.698812991094343
MAE: 2.875383182808205
EVS: -0.12945930397073568
