Model: GRU
MSE: 4.850746001480022
MAE: 1.7219892784401223
EVS: 0.42876782980212547
