Model: GRU
MSE: 8.318941204392608
MAE: 2.429100849010326
EVS: 0.3396506106604166
