Model: GRU
MSE: 9.40838442322702
MAE: 2.4606727670740196
EVS: 0.3476763183300289
