Model: GRU
MSE: 6.3505745480305436
MAE: 2.1059068220633046
EVS: 0.3668936752866585
