Model: GRU
MSE: 5.57608445206336
MAE: 1.8978140442459672
EVS: 0.3802408241705364
