Model: GRU
MSE: 12.775347708359194
MAE: 2.917606318438495
EVS: 0.29594042777752205
