Model: GRU
MSE: 7.9621972131376255
MAE: 2.4288365046183267
EVS: 0.1645492302876881
