Model: GRU
MSE: 9.803899910768552
MAE: 2.6336263374046043
EVS: 0.3186031206188277
