Model: GRU
MSE: 18.436055033957135
MAE: 2.8787306679619684
EVS: -0.15364130145597055
