Model: GRU
MSE: 14.023339955800052
MAE: 2.596532592067012
EVS: 0.12488242867776056
