Model: GRU
MSE: 6.913088477373532
MAE: 2.129754560965079
EVS: 0.2775682930147175
