Model: GRU
MSE: 17.983276521539626
MAE: 2.96119381763317
EVS: -0.16429471787064576
