Model: GRU
MSE: 8.775052004050982
MAE: 2.509070325780798
EVS: 0.3766029160293102
