Model: GRU
MSE: 22.64339599690374
MAE: 3.417801097587303
EVS: -0.4844349833263861
