Model: GRU
MSE: 10.759749749241294
MAE: 2.7823960692794234
EVS: 0.2734329590290384
