Model: GRU
MSE: 10.917500273935696
MAE: 2.664464350099917
EVS: 0.2943103464740491
