Model: GRU
MSE: 5.542621000614249
MAE: 1.8328992349130135
EVS: 0.36582401011887333
