Model: GRU
MSE: 7.436880919397784
MAE: 2.228992532800745
EVS: 0.1445374079460624
