Model: GRU
MSE: 9.332434355753286
MAE: 2.2808876037597656
EVS: 0.3316601754541616
