Model: GRU
MSE: 6.837685758790064
MAE: 2.143656024226436
EVS: 0.2483787491935734
