Model: GRU
MSE: 6.3297803312027305
MAE: 2.007629359209979
EVS: 0.2535740297921629
