Model: GRU
MSE: 6.227395663153233
MAE: 2.0056417959707753
EVS: 0.26855804218444246
