Model: GRU
MSE: 5.622668394383457
MAE: 1.9180112414889865
EVS: 0.337247098366277
