Model: GRU
MSE: 6.507663134608703
MAE: 2.0848922023066767
EVS: 0.2710922915999806
