Model: GRU
MSE: 10.807231038803264
MAE: 2.7544113088537148
EVS: -0.06473986512300423
