Model: GRU
MSE: 10.32245704518509
MAE: 2.67736636267768
EVS: 0.30730737960757715
