Model: GRU
MSE: 6.981787218215989
MAE: 2.148967636956109
EVS: 0.34541867528666115
