Model: GRU
MSE: 6.278240533331419
MAE: 1.986502629739267
EVS: 0.261022235252108
