Model: GRU
MSE: 7.534656903751055
MAE: 2.2505778913144714
EVS: 0.2546097949737026
