Model: GRU
MSE: 7.351885110804755
MAE: 2.280311690436469
EVS: 0.3796730177250629
