Model: GRU
MSE: 8.271452443344733
MAE: 2.446436458163791
EVS: 0.31502787109263686
