Model: GRU
MSE: 6.660915638528388
MAE: 2.05580817328559
EVS: 0.34173855836651346
