Model: GRU
MSE: 8.084716101168818
MAE: 2.3211338608353227
EVS: 0.22959147925861467
