Model: GRU
MSE: 15.119888600941927
MAE: 2.7239260850129305
EVS: 0.04641093360050175
