Model: GRU
MSE: 6.4637236475881075
MAE: 2.0302025653697826
EVS: 0.27256937341832976
