Model: GRU
MSE: 17.720676730638885
MAE: 2.741629724149351
EVS: -0.15346122773894044
