Model: GRU
MSE: 7.205323095571386
MAE: 2.2397157880995007
EVS: 0.27708142502618627
