Model: GRU
MSE: 12.834700106817325
MAE: 2.5785151940804942
EVS: 0.16939395729585527
