Model: GRU
MSE: 16.158433041301677
MAE: 2.6666668785942926
EVS: -0.05926197972806979
