Model: GRU
MSE: 12.02677509949222
MAE: 2.599026256137424
EVS: 0.2484514787567581
