Model: GRU
MSE: 7.268342452264665
MAE: 2.2591178682115345
EVS: 0.221883690517942
