Model: GRU
MSE: 5.783188214820223
MAE: 1.8816661481504087
EVS: 0.31817836369075825
