Model: GRU
MSE: 7.539588736991795
MAE: 2.2681479630646884
EVS: 0.3931568299146393
