Model: GRU
MSE: 8.316311863724405
MAE: 2.3130507645783602
EVS: 0.35416401754476246
