Model: GRU
MSE: 19.609528688907943
MAE: 3.263324578603109
EVS: 0.03043344666265979
