Model: GRU
MSE: 5.620183655671503
MAE: 1.8823639551798503
EVS: 0.33953885299592745
