Model: GRU
MSE: 5.748496270228787
MAE: 1.8811493979560003
EVS: 0.3475197651534476
