Model: GRU
MSE: 16.144621409266485
MAE: 2.7390535142686634
EVS: 0.04173291632402343
