Model: GRU
MSE: 16.26914994935817
MAE: 2.7510640532882125
EVS: -0.06655872702574195
