Model: GRU
MSE: 27.21772886834229
MAE: 4.208231731697365
EVS: -0.06661458731604619
