Model: GRU
MSE: 15.366770705786461
MAE: 2.6618265046013727
EVS: -0.004422572619293685
