Model: GRU
MSE: 11.860169266290507
MAE: 2.870482232835558
EVS: 0.30513868408556866
