Model: GRU
MSE: 6.947519850737283
MAE: 2.0951163680465132
EVS: 0.18522574938414593
