Model: GRU
MSE: 14.593910570890573
MAE: 2.6576544267159923
EVS: 0.06267539682581846
