Model: GRU
MSE: 7.749741497119505
MAE: 2.263824869085241
EVS: 0.2705187015342586
