Model: GRU
MSE: 6.733946006154164
MAE: 2.054596265157064
EVS: 0.2948118337346597
