Model: GRU
MSE: 6.315650412962692
MAE: 1.9763780170016818
EVS: 0.2787700502122886
