Model: GRU
MSE: 6.960632293390854
MAE: 2.112221682513202
EVS: 0.2324824247782784
