Model: GRU
MSE: 16.820762202036256
MAE: 2.5955565947073476
EVS: -0.08704925244663553
