Model: GRU
MSE: 4.673241429625199
MAE: 1.618494704917625
EVS: 0.4619031626414314
