Model: GRU
MSE: 16.388067614626827
MAE: 2.7046984743188927
EVS: -0.036164174206026134
