Model: GRU
MSE: 15.945938905218739
MAE: 2.5902353216100624
EVS: -0.04472293291852392
