Model: GRU
MSE: 6.444558290140742
MAE: 2.0377737327858254
EVS: 0.25988116894555313
