Model: GRU
MSE: 7.160728935282653
MAE: 2.2461477209020546
EVS: 0.2973832018472554
