Model: GRU
MSE: 6.156680584728712
MAE: 1.9409488748621058
EVS: 0.4011341617780465
