Model: GRU
MSE: 8.03524676949938
MAE: 2.304381087974266
EVS: 0.3265547325807511
