Model: GRU
MSE: 8.312516234686754
MAE: 2.2776564668726036
EVS: 0.19322787005041542
