Model: GRU
MSE: 17.07690945373352
MAE: 2.7853382958306208
EVS: -0.11864445048863548
