Model: GRU
MSE: 5.896313764534103
MAE: 1.9489919521190502
EVS: 0.3196662282774877
