Model: GRU
MSE: 6.385509589195021
MAE: 2.1249329249064126
EVS: 0.353323928263668
