Model: GRU
MSE: 16.89434794769433
MAE: 2.8112327787611218
EVS: -0.10755211172147039
