Model: GRU
MSE: 5.1066597942305
MAE: 1.8180896264535409
EVS: 0.4008207396602552
