Model: GRU
MSE: 6.705031254138265
MAE: 2.1123540666368275
EVS: 0.30487699557276393
