Model: GRU
MSE: 13.634265429816743
MAE: 2.978237858525029
EVS: 0.29323349191514725
