Model: GRU
MSE: 5.947834984734847
MAE: 1.98677631660744
EVS: 0.33623017533922905
