Model: GRU
MSE: 5.286325705088235
MAE: 1.911838619797318
EVS: 0.3814373866705345
