Model: GRU
MSE: 6.749634937912164
MAE: 2.210324728930438
EVS: 0.2784142040655093
