Model: GRU
MSE: 7.949402646299252
MAE: 2.301237600821036
EVS: 0.28094673308380624
