Model: GRU
MSE: 10.20497573658142
MAE: 2.669211882132071
EVS: 0.30144072843118874
