Model: GRU
MSE: 16.949243455258117
MAE: 2.595128394939281
EVS: -0.11090422552604706
