Model: GRU
MSE: 6.192039160863715
MAE: 2.0350955680564597
EVS: 0.3692337913237914
