Model: GRU
MSE: 21.543732690790858
MAE: 3.2690183498241283
EVS: -0.22744705193186698
