Model: GRU
MSE: 176.96551970018555
MAE: 12.981553011470371
EVS: 0.004163699513814123
