Model: GRU
MSE: 6.700029431770586
MAE: 2.1032082592999495
EVS: 0.25338718244753644
