Model: GRU
MSE: 7.582364728746345
MAE: 2.2677830236929433
EVS: 0.39629361074570024
