Model: GRU
MSE: 6.974464902345904
MAE: 2.215516514248318
EVS: 0.31195935889218585
