Model: GRU
MSE: 14.56488416304617
MAE: 2.4642839078549987
EVS: 0.049780300224609886
