Model: GRU
MSE: 16.84912173843539
MAE: 2.8684166272481284
EVS: -0.09090522454154648
