Model: GRU
MSE: 8.712964504636897
MAE: 2.4188033739725747
EVS: 0.2924103223691664
