Model: GRU
MSE: 6.448280950936384
MAE: 2.0761694025110313
EVS: 0.3753989410875913
