Model: GRU
MSE: 16.65176067548506
MAE: 3.068385442097982
EVS: -0.02181447776739187
