Model: GRU
MSE: 15.027143762183423
MAE: 2.5210931919239186
EVS: 0.026570343214851855
