Model: GRU
MSE: 6.210654163744779
MAE: 1.9748987268518519
EVS: 0.2965976685331242
