Model: GRU
MSE: 16.954775464912128
MAE: 2.8365674725285284
EVS: -0.04741272482992942
