Model: GRU
MSE: 6.605912150579704
MAE: 2.077696517661766
EVS: 0.2997836595261023
