Model: GRU
MSE: 6.798111259052247
MAE: 2.1142926392731844
EVS: 0.3418868232719081
