Model: GRU
MSE: 5.916235080873708
MAE: 1.9343153282448098
EVS: 0.30254781187210755
