Model: GRU
MSE: 16.781247136789084
MAE: 2.854215286396168
EVS: -0.08777734997697029
