Model: GRU
MSE: 7.433249898055657
MAE: 2.2343819229691118
EVS: 0.26091247498382664
