Model: GRU
MSE: 9.587584821396039
MAE: 2.6425310064245155
EVS: 0.3374695043534488
