Model: GRU
MSE: 17.415093331761184
MAE: 2.7195783544469765
EVS: -0.14169079416766195
