Model: GRU
MSE: 20.030308634506927
MAE: 2.8876565120838307
EVS: -0.30079642401496876
