Model: GRU
MSE: 6.193319195839615
MAE: 2.03148944289596
EVS: 0.3657330200346358
