Model: GRU
MSE: 6.221880719706253
MAE: 2.0469607953672058
EVS: 0.3802421875466949
