Model: GRU
MSE: 5.98339661726992
MAE: 2.060221053935863
EVS: 0.3059934249727809
