Model: GRU
MSE: 5.079142247869918
MAE: 1.7310481071472168
EVS: 0.4430943461493084
