Model: GRU
MSE: 7.696274839932306
MAE: 2.316301946286802
EVS: 0.2605020284674944
