Model: GRU
MSE: 18.318093202230926
MAE: 2.9825333489312067
EVS: -0.09344552969840136
