Model: GRU
MSE: 15.800537223308622
MAE: 2.5858444107903376
EVS: -0.026664558016756823
