Model: GRU
MSE: 6.269868199456949
MAE: 2.044308167916757
EVS: 0.30353850723032005
