Model: GRU
MSE: 6.303122416883668
MAE: 1.9844761424594455
EVS: 0.2574061566694852
