Model: GRU
MSE: 5.797128970970309
MAE: 1.9338142430340801
EVS: 0.38376080241492616
