Model: GRU
MSE: 190.27910462331715
MAE: 13.237862057156033
EVS: 0.014138110080054167
