Model: GRU
MSE: 8.933134686748854
MAE: 2.4169235229492188
EVS: 0.3825836237973155
