Model: GRU
MSE: 5.4314461857513585
MAE: 1.8733515916047272
EVS: 0.42482543108788484
