Model: GRU
MSE: 7.034594942434994
MAE: 2.1440665280377424
EVS: 0.3194164966426225
