Model: GRU
MSE: 14.076817272523531
MAE: 2.6076789697011313
EVS: 0.07717152213973488
