Model: GRU
MSE: 7.003242263032176
MAE: 2.1554265552096896
EVS: 0.28948199848045986
