Model: GRU
MSE: 6.851434197055351
MAE: 2.1303122838338218
EVS: 0.39718969133863835
