Model: GRU
MSE: 21.52842213036399
MAE: 3.3999218764128507
EVS: -0.1671875599615047
