Model: GRU
MSE: 16.335698701028917
MAE: 2.633458031548394
EVS: -0.06845001043819954
