Model: GRU
MSE: 8.579786739566803
MAE: 2.404982637476038
EVS: 0.26089539462309197
