Model: sequential_12
MSE: 2.6611598249039616
MAE: 1.6313061714172363
EVS: 1.0
