Model: sequential_12
MSE: 17.721993257609483
MAE: 2.944437583287557
EVS: 0.6641364599404385
