Model: GRU
MSE: 16.719186133844815
MAE: 2.9620041140803584
EVS: 0.26628512485452727
