Model: GRU
MSE: 13.966816233937257
MAE: 3.1065475089209422
EVS: 0.564244608418337
