Model: GRU
MSE: 11.104861563790715
MAE: 2.474595246491609
EVS: 0.5604174297251919
