Model: GRU
MSE: 12.995046427549672
MAE: 2.768398390875922
EVS: 0.42297364477667676
