Model: GRU
MSE: 15.812496117038101
MAE: 3.153604860658999
EVS: 0.4189998394905494
