Model: GRU
MSE: 12.027293623855561
MAE: 2.598239545468931
EVS: 0.5384943956558775
