Model: GRU
MSE: 1196.4511849034077
MAE: 34.166174994574654
EVS: -0.2933209224913673
