Model: GRU
MSE: 9.546669717776906
MAE: 2.4524294358712657
EVS: 0.582069679559616
