Model: GRU
MSE: 11.56531072242875
MAE: 2.5236457365530507
EVS: 0.4870524749604258
