Model: GRU
MSE: 26.495768362303973
MAE: 4.53042999903361
EVS: 0.39533836106379816
