Model: GRU
MSE: 15.94273666987381
MAE: 3.2427682744132147
EVS: 0.4316633236536582
