Model: GRU
MSE: 14.200247993998842
MAE: 3.084421881922969
EVS: 0.4353617370970697
