Model: GRU
MSE: 15.884476705777407
MAE: 3.344636016421848
EVS: 0.48047715136856106
