Model: GRU
MSE: 11.559405966604004
MAE: 2.5687534897415727
EVS: 0.48958604735600064
