Model: GRU
MSE: 20.714811284919737
MAE: 3.6164405566674693
EVS: 0.3541877214577689
