Model: GRU
MSE: 12.332173540439316
MAE: 2.885021827839039
EVS: 0.522792298873492
