Model: GRU
MSE: 10.897148773461444
MAE: 2.7022281929298684
EVS: 0.5650924199784106
