Model: GRU
MSE: 11.97905475139236
MAE: 2.4251190468117043
EVS: 0.5277552620380314
