Model: GRU
MSE: 16.62352380691852
MAE: 3.4038777263076216
EVS: 0.47046298447534096
