Model: GRU
MSE: 12.784528568861619
MAE: 2.6516349227340132
EVS: 0.45146577156198187
