Model: GRU
MSE: 16.364735654669516
MAE: 3.1093810311070196
EVS: 0.3631315601575956
