Model: GRU
MSE: 14.554987338111406
MAE: 3.0519377655453153
EVS: 0.4391171245868708
