Model: GRU
MSE: 12.886054048769362
MAE: 2.4646239987126104
EVS: 0.4613029570868974
