Model: GRU
MSE: 11.71338824754501
MAE: 2.698190759729456
EVS: 0.48794857476953046
