Model: GRU
MSE: 14.159944103041173
MAE: 2.6259958655745894
EVS: 0.4250496808226294
