Model: GRU
MSE: 10.438880377116364
MAE: 2.7734161482916937
EVS: 0.5909498979858747
