Model: GRU
MSE: 15.211245166011404
MAE: 3.0470722163165056
EVS: 0.3631101287174143
