Model: GRU
MSE: 18.957259821996097
MAE: 3.5331719804693154
EVS: 0.4080761206322516
