Model: GRU
MSE: 13.558651897857798
MAE: 2.6827789500907615
EVS: 0.4290811822327454
