Model: GRU
MSE: 11.931422923753846
MAE: 2.4083160294426813
EVS: 0.5347361687331065
