Model: GRU
MSE: 13.483484801604188
MAE: 2.534629362600821
EVS: 0.4621044540159007
