Model: GRU
MSE: 16.831127191726925
MAE: 3.078191704220242
EVS: 0.3852592015431868
