Model: GRU
MSE: 11.065257310121996
MAE: 2.5411563175065175
EVS: 0.5871050985536351
