Model: GRU
MSE: 11.993865283203432
MAE: 2.925453702608744
EVS: 0.5295961793096273
