Model: GRU
MSE: 12.804843200282747
MAE: 2.7989087634616427
EVS: 0.46033401943015617
