Model: GRU
MSE: 13.539096692411322
MAE: 2.719653085426048
EVS: 0.4306617985848189
