Model: GRU
MSE: 11.337621626325282
MAE: 2.4293405568158186
EVS: 0.5361105008277565
