Model: GRU
MSE: 11.734073619412614
MAE: 2.576301751313386
EVS: 0.47895539907117335
