Model: GRU
MSE: 12.920052526084225
MAE: 2.636571901815909
EVS: 0.430402580519438
