Model: GRU
MSE: 13.248536251330213
MAE: 2.4124121224438704
EVS: 0.4396543061331991
