Model: GRU
MSE: 12.59741998531631
MAE: 2.530633643821434
EVS: 0.501620135817662
