Model: GRU
MSE: 12.88685703890178
MAE: 2.4378828825774015
EVS: 0.5135598715805346
