Model: GRU
MSE: 13.897913984400889
MAE: 2.778656350241767
EVS: 0.4503199920068174
