Model: GRU
MSE: 11.498287632414042
MAE: 2.6824384795294867
EVS: 0.49455965556057446
