Model: GRU
MSE: 13.712023480615144
MAE: 2.803961268177739
EVS: 0.470483584540034
