Model: GRU
MSE: 10.913983493660739
MAE: 2.619587439077872
EVS: 0.5290987289992308
