Model: GRU
MSE: 16.714404741617685
MAE: 3.2746293279859753
EVS: 0.3582235159387126
