Model: GRU
MSE: 14.117506210914241
MAE: 2.9294423438884594
EVS: 0.4663997301300411
