Model: GRU
MSE: 9.498361396623851
MAE: 2.4634712007310657
EVS: 0.5782020138573882
