Model: GRU
MSE: 15.87506794403431
MAE: 3.4219517178005643
EVS: 0.5020890107637592
