Model: GRU
MSE: 11.541276220416265
MAE: 2.860270111649125
EVS: 0.568117854863374
