Model: GRU
MSE: 14.761691401723366
MAE: 2.977922704484728
EVS: 0.4495299957080776
