Model: GRU
MSE: 17.004326115062238
MAE: 2.7972824485213668
EVS: 0.35147919781078674
