Model: GRU
MSE: 11.530212899701517
MAE: 2.5280642686066805
EVS: 0.48797664612349667
