Model: GRU
MSE: 12.735376968183342
MAE: 2.4636913670433893
EVS: 0.44052988359749723
