Model: GRU
MSE: 16.508274954344795
MAE: 3.1036821471320257
EVS: 0.4520038016614655
