Model: GRU
MSE: 10.402884219025896
MAE: 2.3876173231336804
EVS: 0.5595055103070004
