Model: GRU
MSE: 12.436119183679743
MAE: 2.5233785841200085
EVS: 0.5257448262331922
