Model: GRU
MSE: 15.952165509591877
MAE: 3.3937492193999113
EVS: 0.4904043060156058
