Model: GRU
MSE: 12.563276923131038
MAE: 2.637902922100491
EVS: 0.5054855056909751
