Model: GRU
MSE: 10.284059731042785
MAE: 2.3980056886319763
EVS: 0.5444407985277131
