Model: GRU
MSE: 12.11201825209349
MAE: 2.7546787880085133
EVS: 0.4834675609547847
