Model: GRU
MSE: 15.225795237563482
MAE: 3.2389449543423123
EVS: 0.49148051347584687
