Model: GRU
MSE: 13.351624747121024
MAE: 2.856087666970712
EVS: 0.4408620448635798
