Model: GRU
MSE: 15.010747882111495
MAE: 2.9853829631098994
EVS: 0.4248916256318688
