Model: GRU
MSE: 13.42925357261023
MAE: 2.7834660123895714
EVS: 0.40798371706852843
