Model: GRU
MSE: 15.077976992548546
MAE: 2.7524302094071
EVS: 0.4203121471351836
