Model: GRU
MSE: 12.84000215363646
MAE: 2.829771297949332
EVS: 0.4991894054720347
