Model: GRU
MSE: 12.955582811206888
MAE: 2.4752653263233326
EVS: 0.4862177897511314
