Model: GRU
MSE: 14.720075928293513
MAE: 3.132135850411874
EVS: 0.47629351624451244
