Model: GRU
MSE: 10.775654359492997
MAE: 2.7391146730493614
EVS: 0.5694681498759149
