Model: GRU
MSE: 9.562791640548202
MAE: 2.266241515124286
EVS: 0.578335617151194
