Model: GRU
MSE: 6331.105270599386
MAE: 79.4239598026982
EVS: -0.018711770043858378
