Model: GRU
MSE: 17.646136247230523
MAE: 2.9732274126123497
EVS: 0.265986729989489
