Model: GRU
MSE: 11.743421399612055
MAE: 2.6428022031430847
EVS: 0.47878015977706234
