Model: GRU
MSE: 9.344851282850884
MAE: 2.5610051684909396
EVS: 0.6011610587974489
