Model: GRU
MSE: 10.808781309865257
MAE: 2.528624384491532
EVS: 0.5347621836597154
