Model: GRU
MSE: 11.70842866729425
MAE: 2.6473885907067194
EVS: 0.5041110987414014
