Model: GRU
MSE: 12.516165222672969
MAE: 2.3408711751302085
EVS: 0.5311571801107973
