Model: GRU
MSE: 13.007170280632105
MAE: 2.639515823788113
EVS: 0.42388574875707885
