Model: GRU
MSE: 11.365881578466746
MAE: 2.2646312801926225
EVS: 0.4976848810751957
