Model: GRU
MSE: 13.67515458378695
MAE: 2.8442677391899958
EVS: 0.4061549759239299
