Model: GRU
MSE: 13.04325541251671
MAE: 2.7075751622517905
EVS: 0.48150711347360875
