Model: GRU
MSE: 12.62328583598362
MAE: 2.7128018979673034
EVS: 0.44735572691151615
