Model: GRU
MSE: 13.309022964674021
MAE: 2.8981855003922075
EVS: 0.5003162321320063
