Model: GRU
MSE: 17.589418444970285
MAE: 3.3971603413422904
EVS: 0.2864795020317614
