Model: GRU
MSE: 14.282561061057399
MAE: 2.9639366644400136
EVS: 0.45821722729607683
