Model: GRU
MSE: 11.736619627463178
MAE: 2.3763334397916442
EVS: 0.4858771102464633
