Model: GRU
MSE: 9.47573937313649
MAE: 2.2548411157396107
EVS: 0.59466170255624
