Model: GRU
MSE: 11.167130609853105
MAE: 2.3174553005783647
EVS: 0.5097748673785178
