Model: GRU
MSE: 12.416312200347598
MAE: 2.630689603311044
EVS: 0.47980107306156417
