Model: GRU
MSE: 14.275486035551369
MAE: 2.8546969449078596
EVS: 0.44001761246554905
