Model: GRU
MSE: 13.213710074147473
MAE: 2.4482076079757125
EVS: 0.4581863707107998
