Model: GRU
MSE: 15.43633061579685
MAE: 2.851211750948871
EVS: 0.39683819766189177
