Model: GRU
MSE: 13.772092870322181
MAE: 2.9186985978373774
EVS: 0.44568826183046795
