Model: GRU
MSE: 10.991145202469582
MAE: 2.432135016829879
EVS: 0.5130883521370058
