Model: GRU
MSE: 13.382644178531715
MAE: 2.724888148131194
EVS: 0.409902422849979
