Model: GRU
MSE: 9.71658850741838
MAE: 2.367936787781892
EVS: 0.5742154688203167
