Model: GRU
MSE: 13.117491614398691
MAE: 2.4195075653217457
EVS: 0.44807289770216885
