Model: GRU
MSE: 11.705363075304478
MAE: 2.38155640496148
EVS: 0.49352989625835
