Model: GRU
MSE: 13.487311717415684
MAE: 2.7719169192843967
EVS: 0.443283232837974
