Model: GRU
MSE: 12.243553784746165
MAE: 2.917244487338596
EVS: 0.4919516403888007
