Model: GRU
MSE: 13.981285620306835
MAE: 2.619179849271421
EVS: 0.4816466988902274
