Model: GRU
MSE: 13.036091954891786
MAE: 2.738229186446578
EVS: 0.43746876371456167
