Model: GRU
MSE: 11.89556916218377
MAE: 2.62488082603172
EVS: 0.5254573932116933
