Model: GRU
MSE: 12.109262559162213
MAE: 2.8718891320405184
EVS: 0.5149430517452225
