Model: GRU
MSE: 12.15040488653518
MAE: 2.697773191663954
EVS: 0.4882437746214877
