Model: GRU
MSE: 13.027233403519299
MAE: 2.879949207659121
EVS: 0.48229351686332045
