Model: GRU
MSE: 13.211638574848573
MAE: 2.575267058831674
EVS: 0.47157571810445276
