Model: GRU
MSE: 14.037875000799954
MAE: 2.483479958993417
EVS: 0.4209059783681619
