Model: GRU
MSE: 10.170435046603188
MAE: 2.722482063152172
EVS: 0.5874248130827258
