Model: GRU
MSE: 11.458531630340211
MAE: 2.402585170887135
EVS: 0.5293063434932568
