Model: GRU
MSE: 10.98499966323686
MAE: 2.4717484933358653
EVS: 0.5230413261168441
