Model: GRU
MSE: 13.955052040424839
MAE: 2.9503352023937084
EVS: 0.45705045250025866
