Model: GRU
MSE: 13.915607883108022
MAE: 3.1722439836572716
EVS: 0.43075342173551745
