Model: GRU
MSE: 13.414940659289819
MAE: 2.826967963465938
EVS: 0.4194823654500761
