Model: GRU
MSE: 9.611779369727527
MAE: 2.4282736954865634
EVS: 0.5740852089931032
