Model: GRU
MSE: 11.46682198659718
MAE: 2.7126904240360967
EVS: 0.5262420592150301
