Model: GRU
MSE: 23.101603089504344
MAE: 3.9225756503917553
EVS: 0.29167745228797637
