Model: GRU
MSE: 12.91031194925317
MAE: 2.510154476872197
EVS: 0.5256070827348553
