Model: GRU
MSE: 11.2064028677171
MAE: 2.67081962691413
EVS: 0.5136971854336858
