Model: GRU
MSE: 15.890013384373978
MAE: 3.275414369724415
EVS: 0.40006238160586105
