Model: GRU
MSE: 12.913443490848605
MAE: 2.833649441047951
EVS: 0.4464421310127027
