Model: GRU
MSE: 12.52611540331727
MAE: 2.8566559508994773
EVS: 0.5259115827998034
