Model: GRU
MSE: 9.18841976907885
MAE: 2.3726983423586243
EVS: 0.5948953961161394
