Model: GRU
MSE: 17.525452621541692
MAE: 3.538690372749611
EVS: 0.41273090590793016
