Model: GRU
MSE: 12.94700704064868
MAE: 2.6224854787190757
EVS: 0.4972226170671532
