Model: GRU
MSE: 14.01363623660919
MAE: 2.4772718217637806
EVS: 0.4220152936647975
