Model: GRU
MSE: 15.48838456650402
MAE: 3.2279703617095947
EVS: 0.44028828425859334
