Model: GRU
MSE: 9.73425296513384
MAE: 2.311018387476603
EVS: 0.5677332391628344
