Model: GRU
MSE: 13.785044089230976
MAE: 3.1430806760434753
EVS: 0.5224593096492236
