Model: GRU
MSE: 12.283959646605547
MAE: 2.5100538465711804
EVS: 0.4570899248169439
