Model: GRU
MSE: 13.152414578312468
MAE: 2.7018716511902987
EVS: 0.41593175222711487
