Model: GRU
MSE: 17.4567142690462
MAE: 3.213483167546136
EVS: 0.37697357963312117
