Model: GRU
MSE: 11.582304869704794
MAE: 2.3761263070283114
EVS: 0.49635696752629355
