Model: GRU
MSE: 14.576907398874582
MAE: 2.7591351049917714
EVS: 0.3605962627745646
