Model: GRU
MSE: 13.367217407123063
MAE: 2.9118960521839283
EVS: 0.46821581836278103
