Model: GRU
MSE: 15.513293808563025
MAE: 3.2245287895202637
EVS: 0.4629241462116206
