Model: GRU
MSE: 10.741971577517482
MAE: 2.5269898573557534
EVS: 0.5473790137872523
