Model: GRU
MSE: 15.137934212220232
MAE: 2.9503240761933505
EVS: 0.5679797571084475
