Model: GRU
MSE: 10.524101090505097
MAE: 2.4674330993934914
EVS: 0.5329722346854255
