Model: GRU
MSE: 10.241919740056161
MAE: 2.569117192868833
EVS: 0.5553018191153948
