Model: GRU
MSE: 12.874553770781894
MAE: 2.5576278810147888
EVS: 0.4364467229264838
