Model: GRU
MSE: 9.973728905917849
MAE: 2.58637739110876
EVS: 0.5697755037227974
