Model: GRU
MSE: 9.277020509010653
MAE: 2.4072138291818126
EVS: 0.5881640549674663
