Model: GRU
MSE: 14.421567082552782
MAE: 2.843386508800365
EVS: 0.4527991598048916
