Model: GRU
MSE: 16.233167740074073
MAE: 3.0398317089787237
EVS: 0.35791404761747936
