Model: GRU
MSE: 15.304659086231137
MAE: 2.7842502329084606
EVS: 0.33560631584973666
