Model: GRU
MSE: 11.150653576206853
MAE: 2.636193363754838
EVS: 0.5533680233798797
