Model: GRU
MSE: 11.476179231486825
MAE: 2.619545583371763
EVS: 0.49553619033575913
