Model: GRU
MSE: 12.265296713767205
MAE: 2.3703585112536394
EVS: 0.5095098021307602
