Model: GRU
MSE: 12.500421373519844
MAE: 2.864323792634187
EVS: 0.5085937930834176
