Model: GRU
MSE: 12.562152545639172
MAE: 2.3865755928887262
EVS: 0.563284015266712
