Model: GRU
MSE: 13.454831398374358
MAE: 2.6496684198026306
EVS: 0.40861801170397594
