Model: GRU
MSE: 14.779332243041885
MAE: 3.1754600560223616
EVS: 0.4711875923830794
