Model: GRU
MSE: 32.80041079181878
MAE: 4.842611913327818
EVS: 0.13423827717500036
