Model: GRU
MSE: 11.123604257452344
MAE: 2.4236002763112388
EVS: 0.5104805394588096
