Model: GRU
MSE: 11.280563980607987
MAE: 2.384451813167996
EVS: 0.508900662622501
