Model: GRU
MSE: 12.639411078281977
MAE: 2.753675937652588
EVS: 0.4420418005522514
