Model: GRU
MSE: 11.05389482027383
MAE: 2.3502258636333324
EVS: 0.5093218085133941
