Model: GRU
MSE: 11.756292115863264
MAE: 2.689083187668412
EVS: 0.5520532574919997
