Model: GRU
MSE: 12.293609887480535
MAE: 2.508051377755624
EVS: 0.5277908848431088
