Model: GRU
MSE: 12.672655570663167
MAE: 2.564013640085856
EVS: 0.496885244990372
