Model: GRU
MSE: 12.118215220362547
MAE: 2.298927554377803
EVS: 0.516655459862073
