Model: GRU
MSE: 11.396242065312242
MAE: 2.424252916265417
EVS: 0.5496367522581884
