Model: GRU
MSE: 19.15341958283252
MAE: 3.5306221732386835
EVS: 0.25836591775051887
