Model: GRU
MSE: 11.688922340921685
MAE: 2.549642068368417
EVS: 0.4810901199084877
