Model: GRU
MSE: 11.626495263315746
MAE: 2.6148908579791033
EVS: 0.4840807943656835
