Model: GRU
MSE: 9.490027112800547
MAE: 2.4616140436243126
EVS: 0.5833328871155254
