Model: GRU
MSE: 13.526551750137818
MAE: 2.836878776550293
EVS: 0.4701804014503017
