Model: GRU
MSE: 11.610830932387817
MAE: 2.5188368779641612
EVS: 0.4993436349245379
