Model: GRU
MSE: 10.037012005903913
MAE: 2.383083449469672
EVS: 0.5558975931549769
