Model: GRU
MSE: 11.395556871100208
MAE: 3.0164458751678467
EVS: 0.6015217756443292
