Model: GRU
MSE: 11.94600699300612
MAE: 2.489162321443911
EVS: 0.5282977030053094
