Model: GRU
MSE: 12.256245852429325
MAE: 3.0315947885866517
EVS: 0.5868277489538769
