Model: GRU
MSE: 9.54704332530946
MAE: 2.327462832132975
EVS: 0.5761738827008567
