Model: GRU
MSE: 12.266947505984591
MAE: 2.8667151309825756
EVS: 0.5353652223965125
