Model: GRU
MSE: 13.558679986792775
MAE: 2.597041642224347
EVS: 0.49132995780819166
