Model: GRU
MSE: 9.663069967906056
MAE: 2.4643956466957375
EVS: 0.5715205667379892
