Model: GRU
MSE: 18.89907434074652
MAE: 3.2224197387695312
EVS: 0.16384061544695527
