Model: GRU
MSE: 19.190991098671677
MAE: 3.5898027331740767
EVS: 0.37997635198735846
