Model: GRU
MSE: 13.769928357421552
MAE: 2.7547516778663352
EVS: 0.4084694033371261
