Model: GRU
MSE: 15.40832771603511
MAE: 3.175492772349605
EVS: 0.38535656331093826
