Model: GRU
MSE: 15.232579369616339
MAE: 3.1899758091679327
EVS: 0.4481694104001517
