Model: GRU
MSE: 14.516605909201335
MAE: 2.8936524391174316
EVS: 0.48060596443360915
