Model: GRU
MSE: 19.46803617915384
MAE: 3.3164118749124034
EVS: 0.24692606498639058
