Model: GRU
MSE: 11.780696058105862
MAE: 2.7949700973652027
EVS: 0.517168038821882
