Model: GRU
MSE: 11.005739557984827
MAE: 2.3394019868638782
EVS: 0.5471649732711437
