Model: GRU
MSE: 18.550938607761342
MAE: 3.487041473388672
EVS: 0.3349266105501165
