Model: GRU
MSE: 11.895349960758123
MAE: 2.7887605163786144
EVS: 0.5273670829785675
