Model: GRU
MSE: 11.337068728716943
MAE: 2.4147712036415383
EVS: 0.5009239570529478
