Model: GRU
MSE: 12.6161991262053
MAE: 2.5917730508027255
EVS: 0.4398685331482639
