Model: GRU
MSE: 11.453077012092274
MAE: 2.3273238429316767
EVS: 0.5627946414541276
