Model: GRU
MSE: 12.24549576061981
MAE: 2.5528581937154136
EVS: 0.4800715158099417
