Model: GRU
MSE: 12.432572725806867
MAE: 2.7985647607732704
EVS: 0.4802795139171274
