Model: GRU
MSE: 10.499509573642714
MAE: 2.382582832265783
EVS: 0.5732069867784324
