Model: GRU
MSE: 13.800852072143009
MAE: 2.9356583489312067
EVS: 0.41807206348769244
