Model: GRU
MSE: 12.672663904697586
MAE: 2.5616899419713905
EVS: 0.47317796472557283
