Model: GRU
MSE: 13.502201053590284
MAE: 2.8449320793151855
EVS: 0.4489561140969053
