Model: GRU
MSE: 11.912436428864979
MAE: 2.517180177900526
EVS: 0.4711436992104284
