Model: GRU
MSE: 16.214405516388545
MAE: 3.011433733834161
EVS: 0.32999592316313986
