Model: GRU
MSE: 12.76857545506832
MAE: 2.391683649133753
EVS: 0.4349704230612471
