Model: GRU
MSE: 15.291989248398565
MAE: 3.066537954189159
EVS: 0.4056096590382675
