Model: GRU
MSE: 13.734613554475388
MAE: 2.9842351454275624
EVS: 0.43357368875732927
