Model: GRU
MSE: 10.369281131576146
MAE: 2.435646860687821
EVS: 0.5459540002375596
