Model: GRU
MSE: 13.403241705908075
MAE: 2.830475842511212
EVS: 0.4906995493009605
