Model: GRU
MSE: 11.384459328547036
MAE: 2.6058291417581065
EVS: 0.5074317458996718
