Model: GRU
MSE: 14.258679023710023
MAE: 2.6236688560909696
EVS: 0.4230651444195931
