Model: GRU
MSE: 13.12211929449495
MAE: 2.39134152730306
EVS: 0.44790996156543794
