Model: GRU
MSE: 18.513894850801815
MAE: 3.604109251940692
EVS: 0.4201232203350914
