Model: GRU
MSE: 14.252168118212932
MAE: 2.897484364332976
EVS: 0.436550880651964
