Model: GRU
MSE: 12.177777988564833
MAE: 2.68296362735607
EVS: 0.4598475640915748
