Model: GRU
MSE: 13.025820218417444
MAE: 2.5440439648098416
EVS: 0.4242480934630968
