Model: GRU
MSE: 10.867445774161029
MAE: 2.336158942293238
EVS: 0.5183587782688546
