Model: GRU
MSE: 14.20425366354318
MAE: 3.0197774039374456
EVS: 0.44719191402261704
