Model: GRU
MSE: 13.25444080669339
MAE: 2.807678054880213
EVS: 0.42171449494734625
