Model: GRU
MSE: 11.417027564213935
MAE: 2.420470679247821
EVS: 0.500175319399428
