Model: GRU
MSE: 11.319783648574239
MAE: 2.6695489000391075
EVS: 0.5196427940720547
