Model: GRU
MSE: 10.709070737645426
MAE: 2.440133059466327
EVS: 0.5245300289061238
