Model: GRU
MSE: 16.89254947178018
MAE: 3.2435311564692744
EVS: 0.38173937711046524
