Model: GRU
MSE: 17.865131519901368
MAE: 3.242992957433065
EVS: 0.3122493756519117
