Model: GRU
MSE: 20.141087836637872
MAE: 3.572633819920676
EVS: 0.39392147553705836
