Model: GRU
MSE: 11.104777135258136
MAE: 2.4336082493817366
EVS: 0.5258066254477921
