Model: GRU
MSE: 13.912944403337
MAE: 2.9904121822781033
EVS: 0.4141842535560275
