Model: GRU
MSE: 11.359218845375434
MAE: 2.4433068611003734
EVS: 0.5589076337601012
