Model: GRU
MSE: 17.050985932262147
MAE: 2.907661385006375
EVS: 0.4017158137065896
