Model: GRU
MSE: 11.494983796992772
MAE: 2.6733089552985296
EVS: 0.49102879400801624
