Model: GRU
MSE: 11.350861996061456
MAE: 2.4261411914119013
EVS: 0.501009184879486
