Model: GRU
MSE: 13.858231961575383
MAE: 2.907196627722846
EVS: 0.40144893308887086
