Model: GRU
MSE: 12.726755676893664
MAE: 2.80110972015946
EVS: 0.48170038841058227
