Model: GRU
MSE: 14.692282292358929
MAE: 3.0633597373962402
EVS: 0.37607022117119127
