Model: GRU
MSE: 9.568047050459368
MAE: 2.20719321568807
EVS: 0.5889319256232401
