Model: GRU
MSE: 13.819894874103657
MAE: 2.547994022016172
EVS: 0.45294894879478653
