Model: GRU
MSE: 8.53479899578619
MAE: 2.3161681669729726
EVS: 0.6212341431334509
