Model: GRU
MSE: 10.358944062006579
MAE: 2.326149419501976
EVS: 0.541054080989275
