Model: GRU
MSE: 10.178449332437973
MAE: 2.6032428211636014
EVS: 0.56739681463345
