Model: GRU
MSE: 10.46593499150566
MAE: 2.505367667586715
EVS: 0.5812523128988858
