Model: GRU
MSE: 9.275706986184568
MAE: 2.388269512741654
EVS: 0.5885045120330051
