Model: GRU
MSE: 13.995912353323016
MAE: 2.5004239435549134
EVS: 0.4523168872912974
