Model: GRU
MSE: 13.050662180309642
MAE: 2.6372546973051847
EVS: 0.5004289180321702
