Model: GRU
MSE: 11.358761182649763
MAE: 2.8023229704962835
EVS: 0.5277920839446959
