Model: GRU
MSE: 12.690429585666843
MAE: 2.386561570344148
EVS: 0.5194952965443012
