Model: GRU
MSE: 12.828942412073085
MAE: 2.8990158681516296
EVS: 0.5207395878379193
