Model: GRU
MSE: 14.862714422435898
MAE: 3.1182582819903337
EVS: 0.44355934978472156
