Model: GRU
MSE: 10.797481273311131
MAE: 2.46190638895388
EVS: 0.5205721654564666
