Model: GRU
MSE: 11.786625765074893
MAE: 2.542549875047472
EVS: 0.4765952576149226
