Model: GRU
MSE: 10.365048755117297
MAE: 2.4270023239983454
EVS: 0.5411431653770782
