Model: GRU
MSE: 12.787881021747925
MAE: 2.5579716894361706
EVS: 0.497653889860307
