Model: GRU
MSE: 11.592951312049898
MAE: 2.3675056563483343
EVS: 0.5089592331614511
