Model: GRU
MSE: 10.458382859841372
MAE: 2.38950957192315
EVS: 0.5725143540149622
