Model: GRU
MSE: 10.288588316576764
MAE: 2.4232337563126176
EVS: 0.5432476458588649
