Model: GRU
MSE: 13.714888484986247
MAE: 2.476303471459283
EVS: 0.4597023297479079
