Model: GRU
MSE: 14.7806931331202
MAE: 2.6796224382188587
EVS: 0.40885578169987313
