Model: GRU
MSE: 11.602571268733982
MAE: 2.768730887660274
EVS: 0.5263468689731489
