Model: GRU
MSE: 15.599259208374711
MAE: 3.2472141053941517
EVS: 0.4396158780541226
