Model: GRU
MSE: 12.47178838559431
MAE: 2.4851055851689092
EVS: 0.5065542836127885
