Model: GRU
MSE: 13.123274286615082
MAE: 2.4672766438236944
EVS: 0.5117352930614361
