Model: GRU
MSE: 10.850690404907153
MAE: 2.338178069503219
EVS: 0.5458095857349061
