Model: GRU
MSE: 11.635566100576526
MAE: 2.511149839118675
EVS: 0.48359212134349683
