Model: GRU
MSE: 16.442964742355706
MAE: 3.2498800313031233
EVS: 0.42078218747537843
