Model: GRU
MSE: 13.384798582749564
MAE: 2.775315381862499
EVS: 0.4063086252375918
