Model: GRU
MSE: 19.609802309236702
MAE: 3.184435840006228
EVS: 0.16093210714709827
