Model: GRU
MSE: 13.145298330095034
MAE: 2.585440812287507
EVS: 0.5027930890101875
