Model: GRU
MSE: 11.909223238292261
MAE: 2.770400850861161
EVS: 0.4883504169829652
