Model: GRU
MSE: 12.738942195901515
MAE: 2.5194496755246765
EVS: 0.46855449036030494
