Model: GRU
MSE: 11.505345965276176
MAE: 2.553255522692645
EVS: 0.54095920622998
