Model: GRU
MSE: 13.571329034047766
MAE: 2.462886377617165
EVS: 0.47544979030126
