Model: GRU
MSE: 11.391146109649029
MAE: 2.5505946653860585
EVS: 0.4941682451056939
