Model: GRU
MSE: 10.795104195884093
MAE: 2.5340109048066317
EVS: 0.5217331292822421
