Model: GRU
MSE: 13.371608640217877
MAE: 2.6036953219661005
EVS: 0.423756697799785
