Model: GRU
MSE: 13.36910752767918
MAE: 2.955752549348054
EVS: 0.4871850404711128
