Model: GRU
MSE: 14.710482535706731
MAE: 3.0832743733017534
EVS: 0.44297106626246274
