Model: GRU
MSE: 12.84112254275511
MAE: 3.078109352676957
EVS: 0.5523161234227563
