Model: GRU
MSE: 14.487228782109783
MAE: 2.9491908285352917
EVS: 0.3978979473120531
