Model: GRU
MSE: 14.468880779395292
MAE: 2.5462299982706704
EVS: 0.39619375551559877
