Model: GRU
MSE: 15.333466774413317
MAE: 2.75135812052974
EVS: 0.3953683444185575
