Model: GRU
MSE: 12.993926994976047
MAE: 2.756494645719175
EVS: 0.4811372145827285
