Model: GRU
MSE: 16.313880655118638
MAE: 2.9296552163583263
EVS: 0.27556901109899745
