Model: GRU
MSE: 13.611779276749871
MAE: 2.6914776961008706
EVS: 0.39709789931496264
