Model: GRU
MSE: 15.236229704476543
MAE: 2.970973526989972
EVS: 0.32671190205835077
