Model: GRU
MSE: 11.76185433814311
MAE: 2.762773805194431
EVS: 0.5125944867751924
