Model: GRU
MSE: 14.32329712860472
MAE: 2.593760278489855
EVS: 0.44287336806162114
