Model: GRU
MSE: 14.779318974905946
MAE: 2.7327998302601
EVS: 0.3475981398419219
