Model: GRU
MSE: 13.563412952096872
MAE: 3.002023379007975
EVS: 0.48003551549604306
