Model: GRU
MSE: 12.201526598392716
MAE: 2.6017681581002696
EVS: 0.5125210754782326
