Model: GRU
MSE: 14.596660392884663
MAE: 2.9146920839945474
EVS: 0.5533708403221465
