Model: GRU
MSE: 14.60778481977757
MAE: 2.6959624687830606
EVS: 0.41969735356746773
