Model: GRU
MSE: 11.980424073550322
MAE: 2.5303224281028465
EVS: 0.4805844694774972
