Model: GRU
MSE: 10.552923511949311
MAE: 2.347925804279469
EVS: 0.5739462343491959
