Model: GRU
MSE: 12.073697320214917
MAE: 2.4607763820224338
EVS: 0.517374567050789
