Model: GRU
MSE: 12.123870335493372
MAE: 2.5527664643746837
EVS: 0.514713809393534
