Model: GRU
MSE: 11.918622314740697
MAE: 2.4315776030222573
EVS: 0.49297601539627245
