Model: GRU
MSE: 12.418532468567571
MAE: 2.5973577587692827
EVS: 0.4503790261451076
