Model: GRU
MSE: 13.408562040684611
MAE: 2.983462827546256
EVS: 0.5511206179106016
