Model: GRU
MSE: 10.612495570197577
MAE: 2.3236447970072427
EVS: 0.5316837679311663
