Model: GRU
MSE: 11.12280676273247
MAE: 2.6016654438442655
EVS: 0.5169932546446214
