Model: GRU
MSE: 13.702463961000975
MAE: 2.7918841220714428
EVS: 0.4018039200059168
