Model: GRU
MSE: 12.51977691751674
MAE: 2.6170059133459023
EVS: 0.4991732285358853
