Model: GRU
MSE: 12.815569598121648
MAE: 2.5695602982132524
EVS: 0.4872452474047969
