Model: GRU
MSE: 12.81265186002562
MAE: 2.451440351980704
EVS: 0.4375071310192632
