Model: GRU
MSE: 14.26992372813065
MAE: 3.053979237874349
EVS: 0.44405866885332446
