Model: GRU
MSE: 13.861671264220377
MAE: 2.890807593310321
EVS: 0.40234123305499647
