Model: GRU
MSE: 12.037190450298088
MAE: 2.4495236608717175
EVS: 0.49854565470554235
