Model: GRU
MSE: 12.971748590599232
MAE: 2.5078483245990895
EVS: 0.4469594492448653
