Model: GRU
MSE: 10.006114839131358
MAE: 2.52680273409243
EVS: 0.5633587859455989
