Model: GRU
MSE: 12.71023765273019
MAE: 2.458811495039198
EVS: 0.4917925336155934
