Model: GRU
MSE: 8.914351363431066
MAE: 2.388637154190629
EVS: 0.604249299248213
