Model: GRU
MSE: 12.288984199469306
MAE: 2.9329409687607377
EVS: 0.5241649552340399
