Model: GRU
MSE: 11.013920128190025
MAE: 2.431901666853163
EVS: 0.5113386803588265
