Model: GRU
MSE: 9.192748609985992
MAE: 2.4671624501546225
EVS: 0.5942888411181811
