Model: GRU
MSE: 15.29594087625087
MAE: 2.863810150711625
EVS: 0.32336312056850436
