Model: GRU
MSE: 11.807675173568757
MAE: 2.5813698592009366
EVS: 0.4826818832029983
