Model: GRU
MSE: 11.87444209615608
MAE: 2.7654031382666693
EVS: 0.5044402923662383
