Model: GRU
MSE: 11.828673351891128
MAE: 2.8554259406195746
EVS: 0.5612783088767027
