Model: GRU
MSE: 12.567260732134265
MAE: 2.337612999810113
EVS: 0.4822014048729266
