Model: GRU
MSE: 12.515763273529206
MAE: 2.461911678314209
EVS: 0.5040851732589684
