Model: GRU
MSE: 14.755350868076263
MAE: 2.8336613796375416
EVS: 0.4359117729630817
