Model: GRU
MSE: 13.388232861067747
MAE: 2.6822223839936434
EVS: 0.47435729504712454
