Model: GRU
MSE: 13.959303655566853
MAE: 2.625072408605505
EVS: 0.4826993398627968
