Model: GRU
MSE: 9.86947389748681
MAE: 2.3628844066902444
EVS: 0.5660957300843643
