Model: GRU
MSE: 18.484687769973352
MAE: 3.1434928399545177
EVS: 0.39416927993307926
