Model: GRU
MSE: 10.940067529911419
MAE: 2.5856271143312806
EVS: 0.5213482795890789
