Model: GRU
MSE: 15.404865238025623
MAE: 3.1970893012152777
EVS: 0.4322277451568832
