Model: GRU
MSE: 17.777288182309317
MAE: 3.418156058699996
EVS: 0.4082385596045407
