Model: GRU
MSE: 12.069184083686796
MAE: 2.6175127824147544
EVS: 0.5514121424620347
