Model: GRU
MSE: 16.141825737169388
MAE: 3.55908672897904
EVS: 0.5326650882980772
