Model: GRU
MSE: 12.0725941339374
MAE: 2.4887798450611256
EVS: 0.472139877059332
