Model: GRU
MSE: 11.667942541474481
MAE: 2.60679418069345
EVS: 0.5372416713663667
