Model: GRU
MSE: 11.282058930368201
MAE: 2.6912825019271285
EVS: 0.5640264701327637
