Model: GRU
MSE: 15.556023936321296
MAE: 2.7565873993767633
EVS: 0.3778843525414419
