Model: GRU
MSE: 10.512730461371238
MAE: 2.4747066144590026
EVS: 0.5349115532435023
