Model: GRU
MSE: 11.385974873884733
MAE: 2.4552068886933505
EVS: 0.5034699776978073
