Model: GRU
MSE: 15.391639327217652
MAE: 3.1309061227021395
EVS: 0.4509342186112667
