Model: GRU
MSE: 12.359736031598274
MAE: 2.5181066813292325
EVS: 0.4583102538761734
