Model: GRU
MSE: 11.509179374149547
MAE: 2.8770375075163663
EVS: 0.5238612998309236
