Model: GRU
MSE: 9.765234292366241
MAE: 2.4069613880581326
EVS: 0.5700629549886157
