Model: GRU
MSE: 12.283822567862735
MAE: 2.7971232820440224
EVS: 0.48071731608574975
