Model: GRU
MSE: 15.645698645296973
MAE: 3.159138529388993
EVS: 0.3885541175982741
