Model: GRU
MSE: 10.27944468494306
MAE: 2.4119634363386364
EVS: 0.5735786156925662
