Model: GRU
MSE: 15.526100290337675
MAE: 3.234798484378391
EVS: 0.3922877605558156
