Model: GRU
MSE: 17.367590472321226
MAE: 3.0492899903544672
EVS: 0.22881444982495502
