Model: GRU
MSE: 10.421265329270184
MAE: 2.5960110381797508
EVS: 0.5704029352708446
