Model: GRU
MSE: 10.456454230130602
MAE: 2.4427693684895835
EVS: 0.552369155511082
