Model: GRU
MSE: 9.372386631594662
MAE: 2.332320072032787
EVS: 0.58725906146504
