Model: GRU
MSE: 13.535924202937231
MAE: 2.6428692075941296
EVS: 0.4031472410472615
