Model: GRU
MSE: 15.41474575502889
MAE: 3.348431834468135
EVS: 0.4619731895001198
