Model: GRU
MSE: 10.51825194400273
MAE: 2.368477220888491
EVS: 0.5556200564926559
