Model: GRU
MSE: 11.91629246381884
MAE: 2.540420002407498
EVS: 0.48148741296172803
