Model: GRU
MSE: 12.161821226681646
MAE: 2.425770229763455
EVS: 0.5131337178086279
