Model: GRU
MSE: 11.14672627769016
MAE: 2.5055009612330683
EVS: 0.5091401555802293
