Model: GRU
MSE: 11.133645488562049
MAE: 2.5649982028537326
EVS: 0.5071535360548376
