Model: GRU
MSE: 11.95430325696603
MAE: 2.6040909202010543
EVS: 0.5246711422466892
