Model: GRU
MSE: 20.406616772015646
MAE: 3.3369809609872325
EVS: 0.2797865544197876
