Model: GRU
MSE: 13.019408593192582
MAE: 3.0361395235414856
EVS: 0.4969474065319428
