Model: GRU
MSE: 14.691928175066899
MAE: 2.925186104244656
EVS: 0.3930750509006201
