Model: GRU
MSE: 13.353003668796534
MAE: 2.8287653304912426
EVS: 0.4289172444829955
