Model: GRU
MSE: 12.532961580313717
MAE: 2.448877564182988
EVS: 0.4466077037147961
