Model: GRU
MSE: 12.398966658025486
MAE: 2.4452156314143427
EVS: 0.5205515269593444
