Model: GRU
MSE: 10.2952436167394
MAE: 2.5737904442681208
EVS: 0.5651812671971805
