Model: GRU
MSE: 11.746928271299844
MAE: 2.9484188468367964
EVS: 0.5266245146445359
