Model: GRU
MSE: 11.876351485496748
MAE: 2.812580673782914
EVS: 0.512459201465453
