Model: GRU
MSE: 12.476997298721573
MAE: 2.8210041964495622
EVS: 0.4663358624643542
