Model: GRU
MSE: 14.861972201364814
MAE: 2.9086699574081987
EVS: 0.4064345903367096
