Model: GRU
MSE: 13.824866617094544
MAE: 3.0341709631460683
EVS: 0.47373110237521876
