Model: GRU
MSE: 9.951155222010247
MAE: 2.204610965870045
EVS: 0.5727867667587109
