Model: GRU
MSE: 16.50722011765226
MAE: 2.7048268494782626
EVS: 0.28376356920452184
