Model: GRU
MSE: 11.434204808987513
MAE: 2.5716972527680575
EVS: 0.5420059943181246
