Model: GRU
MSE: 10.399660818058074
MAE: 2.6001622323636657
EVS: 0.5685981139203935
