Model: GRU
MSE: 11.862030517759683
MAE: 2.467185620908384
EVS: 0.5486209008563205
