Model: GRU
MSE: 10.798338375442292
MAE: 2.609930409325494
EVS: 0.529519270077029
