Model: GRU
MSE: 10.885103716716996
MAE: 2.528882379885073
EVS: 0.5258671599696865
