Model: GRU
MSE: 10.97131510881661
MAE: 2.651733089376379
EVS: 0.5289043802030804
