Model: GRU
MSE: 13.453603806243077
MAE: 2.9706750180986194
EVS: 0.48500580230984625
