Model: GRU
MSE: 10.578344506746244
MAE: 2.5046184681080006
EVS: 0.532738326505702
