Model: GRU
MSE: 17.112320903251742
MAE: 3.29356175881845
EVS: 0.3590448418745934
