Model: GRU
MSE: 12.812119920249314
MAE: 2.492061314759431
EVS: 0.4598559781229421
