Model: GRU
MSE: 12.724382969886754
MAE: 3.015014065636529
EVS: 0.5477630593744252
