Model: GRU
MSE: 14.488643894442559
MAE: 2.6896733707851834
EVS: 0.44724715120861136
