Model: GRU
MSE: 12.002151694814184
MAE: 2.4244242597509316
EVS: 0.5206572907042974
