Model: GRU
MSE: 13.13665314777954
MAE: 2.5891892821700484
EVS: 0.5212050582415674
