Model: GRU
MSE: 11.488824142907891
MAE: 2.4197608894772
EVS: 0.4953651310674967
