Model: GRU
MSE: 12.946406391953893
MAE: 2.676506651772393
EVS: 0.4899125518537255
