Model: GRU
MSE: 13.575249795755983
MAE: 2.5785649794119374
EVS: 0.4597725422596064
