Model: GRU
MSE: 9.92419108813336
MAE: 2.305442792397958
EVS: 0.5598683010983001
