Model: GRU
MSE: 11.308375066799558
MAE: 2.677520504704228
EVS: 0.5041374405204184
