Model: GRU
MSE: 11.10153241619312
MAE: 2.575088518637198
EVS: 0.5554382232155782
