Model: GRU
MSE: 12.267792926770495
MAE: 2.9021851045114024
EVS: 0.505890679677754
