Model: GRU
MSE: 18.236455735783828
MAE: 3.0098051495022244
EVS: 0.3121334752947167
