Model: GRU
MSE: 14.264479301781446
MAE: 2.7581684677689164
EVS: 0.37555841639816456
