Model: GRU
MSE: 9.540776581266986
MAE: 2.562891615761651
EVS: 0.5984214457523
