Model: GRU
MSE: 17.858217965092493
MAE: 3.1930422915352716
EVS: 0.2914801313267582
