Model: GRU
MSE: 9.26614866295612
MAE: 2.347170291123567
EVS: 0.5978903007329605
