Model: GRU
MSE: 10.581283401917593
MAE: 2.3502787307456687
EVS: 0.5577857175786426
