Model: GRU
MSE: 13.505356301455087
MAE: 2.5883869330088296
EVS: 0.47448730366312497
