Model: GRU
MSE: 12.078458139888493
MAE: 2.3699107346711337
EVS: 0.4647999000831542
