Model: GRU
MSE: 9.421513671256646
MAE: 2.36051642453229
EVS: 0.5866905630119039
