Model: GRU
MSE: 17.678647518166567
MAE: 3.044740579746388
EVS: 0.47740703965037423
