Model: GRU
MSE: 9.98992171721965
MAE: 2.6106948764235884
EVS: 0.5990010421915379
