Model: GRU
MSE: 13.485371546896133
MAE: 2.9057987089510315
EVS: 0.43930467881869506
