Model: GRU
MSE: 16.158543854782266
MAE: 3.501208852838587
EVS: 0.5309597330251257
