Model: GRU
MSE: 11.830019735612758
MAE: 2.760485304726495
EVS: 0.500118799574527
