Model: GRU
MSE: 13.53892591219343
MAE: 2.783910115559896
EVS: 0.39998700493886596
