Model: GRU
MSE: 12.190078663959707
MAE: 2.299315717485216
EVS: 0.49700101495670335
