Model: GRU
MSE: 9.443641959020432
MAE: 2.312682761086358
EVS: 0.5816478456990581
