Model: GRU
MSE: 11.937473878887355
MAE: 2.4997330241733127
EVS: 0.4981999476910186
