Model: GRU
MSE: 12.062291668690158
MAE: 2.822086210604067
EVS: 0.5190326161829071
