Model: GRU
MSE: 15.2406177074943
MAE: 3.1406998192822493
EVS: 0.4749731879398079
