Model: GRU
MSE: 8.935741927088614
MAE: 2.275479722906042
EVS: 0.6043554212693999
