Model: GRU
MSE: 9.673930749741716
MAE: 2.2342490090264215
EVS: 0.5725754941800927
