Model: GRU
MSE: 12.581411869697986
MAE: 2.618202642158226
EVS: 0.496355671593959
