Model: GRU
MSE: 11.601510978311286
MAE: 2.707822570094356
EVS: 0.5547748216275876
