Model: GRU
MSE: 12.322768152751063
MAE: 2.632410755863896
EVS: 0.5102115282954784
