Model: GRU
MSE: 9.831675432517967
MAE: 2.54158643439964
EVS: 0.5797306226776215
