Model: GRU
MSE: 11.786765063431252
MAE: 2.577939033508301
EVS: 0.4792452273227288
