Model: GRU
MSE: 14.42319837556578
MAE: 2.651951065769902
EVS: 0.42091435513889697
