Model: GRU
MSE: 18486.906061127644
MAE: 135.88372802734375
EVS: 0.0
