Model: GRU
MSE: 13.555219146303452
MAE: 2.9723173953868725
EVS: 0.5067069061815762
