Model: GRU
MSE: 15.304296266148363
MAE: 2.7423504370230214
EVS: 0.3978754175637641
