Model: GRU
MSE: 11.594729143217862
MAE: 2.376110041583026
EVS: 0.5494281701685497
