Model: GRU
MSE: 12.40196339735138
MAE: 2.824603866647791
EVS: 0.5242919036691991
