Model: GRU
MSE: 13.53035551489957
MAE: 2.845548806367097
EVS: 0.41779860164917837
