Model: GRU
MSE: 10.08082363019907
MAE: 2.6340124342176647
EVS: 0.5784790612497754
