Model: GRU
MSE: 14.27319502674911
MAE: 3.1240852144029407
EVS: 0.4964308890258884
