Model: GRU
MSE: 14.032218137930286
MAE: 2.5189754962921143
EVS: 0.4425825551834873
