Model: GRU
MSE: 10.258420874180898
MAE: 2.4901472904064037
EVS: 0.5563991009532824
