Model: GRU
MSE: 12.981847659102026
MAE: 2.87142402154428
EVS: 0.4624049375052631
