Model: GRU
MSE: 12.281670486643348
MAE: 2.4160378067581743
EVS: 0.46364849262471475
