Model: GRU
MSE: 10.862397890695194
MAE: 2.482908761059796
EVS: 0.5198469576523486
