Model: GRU
MSE: 17.454571962613684
MAE: 3.198083692126804
EVS: 0.2775724829000268
