Model: GRU
MSE: 12.649873128168894
MAE: 2.463044360831932
EVS: 0.47405878759896825
