Model: GRU
MSE: 15.75876494057642
MAE: 3.287778713085033
EVS: 0.4491008047503642
