Model: GRU
MSE: 10.799252731201587
MAE: 2.4074942624127424
EVS: 0.6157426661993366
