Model: GRU
MSE: 13.68278807396556
MAE: 2.9634953604804144
EVS: 0.493463803832877
