Model: GRU
MSE: 16.202178423970118
MAE: 3.3347538312276206
EVS: 0.4612705019579981
