Model: GRU
MSE: 13.782275902594776
MAE: 3.004112641016642
EVS: 0.506999760230666
