Model: GRU
MSE: 11.879969859704993
MAE: 2.6754881540934243
EVS: 0.5325298466537625
