Model: GRU
MSE: 9.91777569449835
MAE: 2.620046121102792
EVS: 0.6030182251524054
