Model: GRU
MSE: 16.537042182723244
MAE: 3.109917711328577
EVS: 0.3307570374299882
