Model: GRU
MSE: 18.382497699388203
MAE: 3.4006663340109364
EVS: 0.23907059270164144
