Model: GRU
MSE: 18.403237113036525
MAE: 3.635226117240058
EVS: 0.4762800257880411
