Model: GRU
MSE: 17.17975971416063
MAE: 3.1025537384880915
EVS: 0.40541716425187113
