Model: GRU
MSE: 14.063320121896425
MAE: 2.707173223848696
EVS: 0.3804657212230109
