Model: GRU
MSE: 9.930558731687302
MAE: 2.6082881821526422
EVS: 0.5675023174623153
