Model: GRU
MSE: 18.852870122416036
MAE: 3.6033817132314048
EVS: 0.38673555458237874
