Model: GRU
MSE: 11.502050945668206
MAE: 2.4353003325285734
EVS: 0.4995319466355206
