Model: GRU
MSE: 12.788605509857613
MAE: 2.8387136459350586
EVS: 0.5016299557060933
