Model: GRU
MSE: 12.473879072120141
MAE: 2.5358113889341003
EVS: 0.5192787897048432
