Model: GRU
MSE: 11.421493949723121
MAE: 2.781796790935375
EVS: 0.5142472217473535
