Model: GRU
MSE: 15.813181860773978
MAE: 3.1530138386620417
EVS: 0.35712228497591236
