Model: GRU
MSE: 13.092978719018735
MAE: 2.9033538323861583
EVS: 0.48532601473179937
