Model: GRU
MSE: 16.124738109901145
MAE: 3.468849032013505
EVS: 0.5302491662234583
