Model: GRU
MSE: 13.795411406672656
MAE: 2.9899065406234175
EVS: 0.49854590301789137
