Model: GRU
MSE: 10.609205202705256
MAE: 2.4600667423672147
EVS: 0.5290115722539643
