Model: GRU
MSE: 8.540321822705842
MAE: 2.3161717697426125
EVS: 0.6291537109329646
