Model: GRU
MSE: 9.813411701648276
MAE: 2.4828445823104293
EVS: 0.5643500892780642
