Model: GRU
MSE: 15.473226269521195
MAE: 3.167854167796947
EVS: 0.4600117663998796
