Model: GRU
MSE: 11.61144946479812
MAE: 2.5841542703134044
EVS: 0.48950912772932653
