Model: GRU
MSE: 11.77821343102773
MAE: 2.5813719431559243
EVS: 0.4776126852951629
