Model: GRU
MSE: 9.600909065520042
MAE: 2.44330664034243
EVS: 0.5878846458378308
