Model: GRU
MSE: 11.102151270370223
MAE: 2.340263004656191
EVS: 0.5221881045969833
