Model: GRU
MSE: 12.95746992244794
MAE: 2.5974660008041948
EVS: 0.42746839006780823
