Model: GRU
MSE: 15.08711887496983
MAE: 2.8086427759241173
EVS: 0.41915211946878306
