Model: GRU
MSE: 11.793224120004695
MAE: 2.6212282710605197
EVS: 0.48469814509395337
