Model: GRU
MSE: 14.190077386617464
MAE: 2.956451998816596
EVS: 0.457769917052102
