Model: GRU
MSE: 9.708748518406919
MAE: 2.2846937621081316
EVS: 0.569043603748097
