Model: GRU
MSE: 13.26494586922879
MAE: 2.966481266198335
EVS: 0.519440882786003
