Model: GRU
MSE: 10.536591724889174
MAE: 2.5266770080283836
EVS: 0.5402651324768722
