Model: GRU
MSE: 13.227039527827795
MAE: 2.8456825768506087
EVS: 0.4440207364503038
