Model: GRU
MSE: 9.860440534094206
MAE: 2.463488296226219
EVS: 0.5663223511603878
