Model: GRU
MSE: 11.404145868897887
MAE: 2.2924559028060347
EVS: 0.523582814916409
