Model: GRU
MSE: 13.929405999571845
MAE: 2.4707944137709483
EVS: 0.4794004995625093
