Model: GRU
MSE: 12.701838977502701
MAE: 2.9982315522653087
EVS: 0.45162998709646074
