Model: GRU
MSE: 16.420823379480026
MAE: 3.2045976144296153
EVS: 0.4162252075827947
