Model: GRU
MSE: 12.154245050255449
MAE: 2.5633103759200484
EVS: 0.4722752667532796
