Model: GRU
MSE: 11.335586411951445
MAE: 2.7532772134851524
EVS: 0.5254006715765933
