Model: GRU
MSE: 15.383272532693352
MAE: 3.1605696413252087
EVS: 0.47961066503379013
