Model: GRU
MSE: 12.030908755949929
MAE: 2.4195356722231263
EVS: 0.518514780921622
