Model: GRU
MSE: 17.440837391725314
MAE: 2.857071382028085
EVS: 0.26219058234987325
