Model: GRU
MSE: 10.074866666352213
MAE: 2.36217341599641
EVS: 0.5574743001521213
