Model: GRU
MSE: 10.971863992000197
MAE: 2.739537380359791
EVS: 0.5619232396881402
