Model: GRU
MSE: 13.770498077343124
MAE: 3.0056755984271013
EVS: 0.4493424715464154
