Model: GRU
MSE: 10.615718723185662
MAE: 2.529496917018184
EVS: 0.5285801938397647
