Model: GRU
MSE: 11.730105064107597
MAE: 2.789293677718551
EVS: 0.5415561763669068
