Model: GRU
MSE: 14.779879330703446
MAE: 3.2974404052451805
EVS: 0.5208536933006737
