Model: GRU
MSE: 11.650143809848437
MAE: 2.7854293893884727
EVS: 0.531384288406826
