Model: GRU
MSE: 15.07317949124151
MAE: 3.2669955182958534
EVS: 0.48897921336086136
