Model: GRU
MSE: 10.323375408359505
MAE: 2.468971437878079
EVS: 0.5426072742615944
