Model: GRU
MSE: 13.177398172118728
MAE: 2.539094412768329
EVS: 0.5071135701954363
