Model: GRU
MSE: 12.665237676128948
MAE: 2.7313257499977395
EVS: 0.5039353887991036
