Model: GRU
MSE: 9.548230261538148
MAE: 2.47888978322347
EVS: 0.5787643308207566
