Model: GRU
MSE: 18.133322287027774
MAE: 3.4991279310650296
EVS: 0.3961129209314822
