Model: GRU
MSE: 11.822541582404941
MAE: 2.482316220248187
EVS: 0.4749861144670946
