Model: GRU
MSE: 9.238952235057848
MAE: 2.3491142414234303
EVS: 0.5913842925883022
