Model: GRU
MSE: 10.166282468747442
MAE: 2.608856695669669
EVS: 0.5723726075684191
