Model: GRU
MSE: 21.533665230965088
MAE: 3.659242418077257
EVS: 0.29593298358153064
