Model: GRU
MSE: 21.620315038612514
MAE: 3.7806770889847368
EVS: 0.30900893308485433
