Model: GRU
MSE: 20.341712593015995
MAE: 3.4409714760603727
EVS: 0.19670790560686557
