Model: GRU
MSE: 12.32732196985381
MAE: 2.785170396169027
EVS: 0.4778825276129115
