Model: GRU
MSE: 10.023115003265755
MAE: 2.4729620968853987
EVS: 0.5662233143250672
