Model: GRU
MSE: 16.154915123370444
MAE: 3.0165941980150013
EVS: 0.5007976280771049
