Model: GRU
MSE: 11.677547496923976
MAE: 2.7000850571526422
EVS: 0.4869100544695878
