Model: GRU
MSE: 12.28926173388265
MAE: 2.5254435892458313
EVS: 0.5092469612467423
