Model: GRU
MSE: 10.20747915223842
MAE: 2.2271570452937373
EVS: 0.5665608583865778
