Model: GRU
MSE: 11.747661252560988
MAE: 2.870747098216304
EVS: 0.5298740364134377
