Model: GRU
MSE: 8700.697215459242
MAE: 92.74118522361472
EVS: -3.4305658339104506
