Model: GRU
MSE: 10.03514428923534
MAE: 2.3576477898491754
EVS: 0.5570500638429765
