Model: GRU
MSE: 10.495347297717046
MAE: 2.374700495174953
EVS: 0.6083383241230285
