Model: GRU
MSE: 10.391103427845595
MAE: 2.5921538317645036
EVS: 0.569464038724119
