Model: GRU
MSE: 13.721782635716037
MAE: 2.6440679055673106
EVS: 0.4461606348939836
