Model: GRU
MSE: 11.996077281682652
MAE: 2.9880017704433866
EVS: 0.5599389870530702
