Model: GRU
MSE: 10.864920232256694
MAE: 2.648494314264368
EVS: 0.5359404419986153
