Model: GRU
MSE: 12.170296212464196
MAE: 2.674758955284401
EVS: 0.5218976801080883
