Model: GRU
MSE: 10.853078548591414
MAE: 2.411647743648953
EVS: 0.5180413618103503
