Model: GRU
MSE: 13.992624170640452
MAE: 2.5744382010565863
EVS: 0.4123389272414262
