Model: GRU
MSE: 15.259891151508926
MAE: 3.2623196531225136
EVS: 0.48527224086017284
