Model: GRU
MSE: 9.787326478806412
MAE: 2.2993172716211387
EVS: 0.5688767066836371
