Model: GRU
MSE: 15.948031211573463
MAE: 2.7049712781552917
EVS: 0.41965546837448686
