Model: GRU
MSE: 16.277122803647394
MAE: 2.8500271108415394
EVS: 0.35894111123671524
