Model: GRU
MSE: 11.134984935197545
MAE: 2.7478666835361056
EVS: 0.5555272525995156
