Model: GRU
MSE: 12.524585888964257
MAE: 2.8523281945122614
EVS: 0.4909886738944068
