Model: GRU
MSE: 11.33036044982297
MAE: 2.4427381091647677
EVS: 0.5290899823286281
