Model: GRU
MSE: 12.902900624017397
MAE: 2.5633049364443177
EVS: 0.4474048448896054
