Model: GRU
MSE: 9.560454241134469
MAE: 2.4646824377554433
EVS: 0.5826810527345775
