Model: GRU
MSE: 11.290136464095323
MAE: 2.7433796458774142
EVS: 0.5207725666964809
