Model: GRU
MSE: 13.461501768951637
MAE: 2.807824170147931
EVS: 0.4878979221927763
