Model: GRU
MSE: 11.532652544858525
MAE: 2.4011610878838434
EVS: 0.5134716937433819
