Model: GRU
MSE: 11.279933685591821
MAE: 2.4438238320527255
EVS: 0.5476760636390966
