Model: GRU
MSE: 12.013855370733197
MAE: 2.580374081929525
EVS: 0.47373869936235125
