Model: GRU
MSE: 15.583775652831447
MAE: 3.0399358140097723
EVS: 0.3858998452427058
