Model: GRU
MSE: 14.976932115057876
MAE: 3.13900574931392
EVS: 0.4741605250480606
