Model: GRU
MSE: 10.95696958875529
MAE: 2.4357462105927645
EVS: 0.5151098577153254
