Model: GRU
MSE: 15.25840940315189
MAE: 3.0633699099222818
EVS: 0.4610869118695411
