Model: GRU
MSE: 11.709994980355289
MAE: 2.475215788240786
EVS: 0.48155364355624297
