Model: GRU
MSE: 10.385217806889377
MAE: 2.3630753269901983
EVS: 0.6169731674381599
