Model: GRU
MSE: 28.84435011965497
MAE: 4.684791688565855
EVS: 0.2923689745234076
