Model: GRU
MSE: 13.651908347673453
MAE: 2.5991969638400607
EVS: 0.3961333731463852
