Model: GRU
MSE: 10.63438928780868
MAE: 2.5866343445248074
EVS: 0.5423227215254209
