Model: GRU
MSE: 10.111024756597704
MAE: 2.578326772760462
EVS: 0.5738196296977153
