Model: GRU
MSE: 11.514643123651139
MAE: 2.418993526034885
EVS: 0.4899728183535269
