Model: GRU
MSE: 1007.3612511491303
MAE: 31.404151210078485
EVS: 0.06119321720605231
