Model: GRU
MSE: 11.034170074833854
MAE: 2.516106720323916
EVS: 0.523932034816083
