Model: GRU
MSE: 15.471597736286448
MAE: 2.9281876661159374
EVS: 0.31349132001942703
