Model: GRU
MSE: 14.659121325879507
MAE: 3.288923669744421
EVS: 0.5114524352628966
