Model: GRU
MSE: 10.087617355753427
MAE: 2.3365274888497813
EVS: 0.5520665031974221
