Model: GRU
MSE: 12.454387308680275
MAE: 2.432833618587918
EVS: 0.48083491855080995
