Model: GRU
MSE: 13.938968151453983
MAE: 2.9751486778259277
EVS: 0.4495381038025582
