Model: GRU
MSE: 12.992653512098302
MAE: 2.8095617824130588
EVS: 0.4912179148403377
