Model: GRU
MSE: 13.013431804219884
MAE: 2.8988061127839266
EVS: 0.45938232031195647
