Model: GRU
MSE: 12.84048316415949
MAE: 2.5518644650777182
EVS: 0.4638800003980468
