Model: GRU
MSE: 13.492397686083732
MAE: 2.6844296278776945
EVS: 0.4035026681746887
