Model: GRU
MSE: 19.64620281160238
MAE: 3.3323802418178983
EVS: 0.2402995954145537
