Model: GRU
MSE: 11.955231176820243
MAE: 2.6134477721320257
EVS: 0.4690968655873907
