Model: GRU
MSE: 13.490759814573678
MAE: 3.1541986377150923
EVS: 0.548373141368512
