Model: GRU
MSE: 10.45300140630897
MAE: 2.3366575947514288
EVS: 0.5442034620378098
