Model: GRU
MSE: 15.55506301997281
MAE: 2.8987395851700395
EVS: 0.3329634818524936
