Model: GRU
MSE: 14.45814513671255
MAE: 3.2628192816461836
EVS: 0.5814427237778652
