Model: GRU
MSE: 11.036123860942952
MAE: 2.433565060297648
EVS: 0.5132826311809815
