Model: GRU
MSE: 16.064593450013035
MAE: 2.7566581478825323
EVS: 0.40298999557846293
