Model: GRU
MSE: 10.233813950738684
MAE: 2.2994935159330017
EVS: 0.5475808120276101
