Model: GRU
MSE: 16.40564837773836
MAE: 3.371487334922508
EVS: 0.44934596201400545
