Model: GRU
MSE: 14.939089252441088
MAE: 2.8404216501447888
EVS: 0.4062859036336016
