Model: GRU
MSE: 9.738363223616867
MAE: 2.2406322161356607
EVS: 0.5807385337856664
