Model: GRU
MSE: 12.015991499176017
MAE: 2.330187532636854
EVS: 0.4993578829870601
