Model: GRU
MSE: 13.538196106204866
MAE: 2.7682071157864163
EVS: 0.5249129104687295
