Model: GRU
MSE: 10.891516400283864
MAE: 2.4755807805944374
EVS: 0.5282538828370817
