Model: GRU
MSE: 11.456374212168873
MAE: 2.6111542560436107
EVS: 0.4928417791837527
