Model: GRU
MSE: 10.837786858950325
MAE: 2.440227755793819
EVS: 0.5768025345519462
