Model: GRU
MSE: 15.242980926090118
MAE: 2.9375352417981184
EVS: 0.3589683953150491
