Model: GRU
MSE: 15.117831304886598
MAE: 2.7489475585796215
EVS: 0.4183183485287957
