Model: GRU
MSE: 9.21332767334765
MAE: 2.477679800104212
EVS: 0.603159977386837
