Model: GRU
MSE: 12.815233611879956
MAE: 2.9759351235848888
EVS: 0.5533620421145349
