Model: GRU
MSE: 10.12131580516277
MAE: 2.547888172997369
EVS: 0.5564086079463415
