Model: GRU
MSE: 11.09658486667822
MAE: 2.535988966623942
EVS: 0.5180926244181867
