Model: GRU
MSE: 11.900673424563589
MAE: 2.9122881094614663
EVS: 0.5385587722361371
