Model: GRU
MSE: 10.351285795744548
MAE: 2.685796190191198
EVS: 0.5773612759239646
