Model: GRU
MSE: 12.778843926368465
MAE: 2.918490498154252
EVS: 0.5497919278396721
