Model: GRU
MSE: 12.93330933709761
MAE: 2.52942744007817
EVS: 0.46644524089153017
