Model: GRU
MSE: 14.136783285360789
MAE: 3.165219920022147
EVS: 0.5786343318462376
