Model: GRU
MSE: 12.485339145063566
MAE: 2.9342696048595287
EVS: 0.500038395843716
