Model: GRU
MSE: 13.736011741002711
MAE: 3.061561602133292
EVS: 0.5072294561814453
