Model: GRU
MSE: 10.821507022133355
MAE: 2.5208732463695385
EVS: 0.5201846313545259
