Model: GRU
MSE: 13.708426909615445
MAE: 3.1308850977155895
EVS: 0.5559206267599437
