Model: GRU
MSE: 11.178501476441633
MAE: 2.6351608347009727
EVS: 0.5620973059810164
