Model: GRU
MSE: 10.188878469220779
MAE: 2.225617620680067
EVS: 0.5624053317595408
