Model: GRU
MSE: 13.98231391315904
MAE: 2.5751171200363725
EVS: 0.3791163332914326
