Model: GRU
MSE: 12.374407267675608
MAE: 2.918261766433716
EVS: 0.519524379338506
