Model: GRU
MSE: 9.688688875075993
MAE: 2.615387863583035
EVS: 0.5712955258969674
