Model: GRU
MSE: 11.08504008561012
MAE: 2.565297974480523
EVS: 0.5634088279945119
