Model: GRU
MSE: 12.389062760335712
MAE: 2.501586499037566
EVS: 0.4498473210149163
