Model: GRU
MSE: 12.340282526244074
MAE: 2.9452875985039606
EVS: 0.5671157933638848
