Model: GRU
MSE: 10.341967178570435
MAE: 2.6600071589152017
EVS: 0.5846026140885308
