Model: GRU
MSE: 11.37519760637239
MAE: 2.343110473067672
EVS: 0.5303274670171001
