Model: GRU
MSE: 14.123383193732657
MAE: 2.901883708106147
EVS: 0.4344249396799449
