Model: GRU
MSE: 13.422418879290396
MAE: 2.7657801928343595
EVS: 0.4825719704379662
