Model: GRU
MSE: 14.485191208823055
MAE: 3.0348245479442455
EVS: 0.47824698322928794
