Model: GRU
MSE: 10.065722940510922
MAE: 2.6406865649753146
EVS: 0.5766411791745654
