Model: GRU
MSE: 9.767334394132048
MAE: 2.4186562608789512
EVS: 0.5666941729804498
