Model: GRU
MSE: 13.406115971220421
MAE: 2.5212310596748635
EVS: 0.426442058209754
