Model: GRU
MSE: 17.44750973669965
MAE: 3.200633536886286
EVS: 0.2583310400015134
