Model: GRU
MSE: 12.324078072984438
MAE: 2.4956546359592013
EVS: 0.45681048513689915
