Model: GRU
MSE: 13.591804557585668
MAE: 2.8628013487215394
EVS: 0.4332740572281688
