Model: GRU
MSE: 12.695712701090361
MAE: 2.9094856403492115
EVS: 0.5240863028345135
