Model: GRU
MSE: 15.46942078879529
MAE: 2.9548587445859558
EVS: 0.3228169398441437
