Model: GRU
MSE: 14.07308717194093
MAE: 3.060972531636556
EVS: 0.47064742368333
