Model: GRU
MSE: 14.682363228092074
MAE: 3.126662430939851
EVS: 0.41345340482886306
