Model: GRU
MSE: 13.048548405068223
MAE: 2.554762222148754
EVS: 0.4222544234588529
