Model: GRU
MSE: 158.29264584940464
MAE: 11.646524084938896
EVS: -0.00588866757443407
