Model: GRU
MSE: 10.846608904081702
MAE: 2.774915854136149
EVS: 0.5601556261159586
