Model: GRU
MSE: 14.525560611106323
MAE: 2.763830962004485
EVS: 0.5074379835484526
