Model: GRU
MSE: 9.955046869280245
MAE: 2.3531577675430864
EVS: 0.567731272278529
