Model: GRU
MSE: 9.639083812926229
MAE: 2.5268448105564825
EVS: 0.5899211625931114
