Model: GRU
MSE: 16.31165757977147
MAE: 2.8502012182165077
EVS: 0.34036252948557955
