Model: GRU
MSE: 16.90478984504224
MAE: 2.793092795780727
EVS: 0.4234660391999836
