Model: GRU
MSE: 10.517794730588573
MAE: 2.39777911150897
EVS: 0.5330544957912393
