Model: GRU
MSE: 10.932637403743987
MAE: 2.3956415035106517
EVS: 0.5241257690508471
