Model: GRU
MSE: 12.60062408747126
MAE: 2.551995277404785
EVS: 0.5685131190805949
