Model: GRU
MSE: 14.476538950550035
MAE: 3.274853264843976
EVS: 0.5517602286510053
