Model: GRU
MSE: 14.041323241849307
MAE: 3.21177844648008
EVS: 0.3976144024195646
