Model: GRU
MSE: 13.904673237925756
MAE: 3.0231177277035184
EVS: 0.49648129434271016
