Model: GRU
MSE: 12.815123095464262
MAE: 2.563679059346517
EVS: 0.49717040848140137
