Model: GRU
MSE: 14.191241559925263
MAE: 2.860965031164664
EVS: 0.41783683592325505
