Model: GRU
MSE: 12.072798686116373
MAE: 2.449232719562672
EVS: 0.4705039067914458
