Model: GRU
MSE: 11.685907870533095
MAE: 2.4809254010518393
EVS: 0.48269783020465606
