Model: GRU
MSE: 13.001451298907876
MAE: 2.494335271694042
EVS: 0.43065873523397
