Model: GRU
MSE: 14.782497158587965
MAE: 2.7768238208912037
EVS: 0.4116240129590001
