Model: GRU
MSE: 17.08568852217349
MAE: 3.3291140927208795
EVS: 0.3794984188449738
