Model: GRU
MSE: 15.077919612595977
MAE: 3.2197707759009466
EVS: 0.4609434763068222
