Model: GRU
MSE: 12.350391343487368
MAE: 2.319995367968524
EVS: 0.4765523953637888
