Model: GRU
MSE: 9.888719625818569
MAE: 2.3451524752157704
EVS: 0.5610013679827313
