Model: GRU
MSE: 12.83346440327613
MAE: 2.779110149100975
EVS: 0.49020367151365973
