Model: GRU
MSE: 17.604118033972696
MAE: 3.1414409036989563
EVS: 0.341282834107421
