Model: GRU
MSE: 13.929026942671483
MAE: 2.53432595288312
EVS: 0.4755475103632901
