Model: GRU
MSE: 12.555421217442355
MAE: 2.72499508327908
EVS: 0.4441372899691849
