Model: GRU
MSE: 12.171862560915478
MAE: 2.625535832511054
EVS: 0.4619719393077576
