Model: GRU
MSE: 9.802482071197709
MAE: 2.245453022144459
EVS: 0.5689404264820028
