Model: GRU
MSE: 12.731577844647957
MAE: 2.8458061748080783
EVS: 0.4606923745174514
