Model: GRU
MSE: 15.111844362194335
MAE: 2.6237653626335993
EVS: 0.4231576006792681
