Model: GRU
MSE: 10.476707834182063
MAE: 2.518994861178928
EVS: 0.541806191097093
