Model: GRU
MSE: 13.352353400265244
MAE: 2.739897992875841
EVS: 0.49797025589828503
