Model: GRU
MSE: 14.461777985753693
MAE: 2.913835914046676
EVS: 0.43965321317728234
