Model: GRU
MSE: 10.78488533233614
MAE: 2.8091054315920228
EVS: 0.5479902087177222
