Model: GRU
MSE: 12.20409072618619
MAE: 2.464559555053711
EVS: 0.5158446361516131
