Model: GRU
MSE: 12.860557956194615
MAE: 2.955346425374349
EVS: 0.5150610449281627
