Model: GRU
MSE: 15.484243039165408
MAE: 3.31776292235763
EVS: 0.4855915122155636
