Model: GRU
MSE: 13.401640572164327
MAE: 2.9457828998565674
EVS: 0.5189890357962634
