Model: GRU
MSE: 11.137935207158955
MAE: 2.505872161300094
EVS: 0.5558638866272148
