Model: GRU
MSE: 12.234055629684352
MAE: 2.730891633916784
EVS: 0.47271064723234013
