Model: GRU
MSE: 10.645423470876166
MAE: 2.37722326208044
EVS: 0.5398181712282968
