Model: GRU
MSE: 168.2005578378426
MAE: 11.926589811289752
EVS: -0.039706741965870096
