Model: GRU
MSE: 12.914852155676702
MAE: 2.870217694176568
EVS: 0.4792045260788782
