Model: GRU
MSE: 19.301803693120892
MAE: 3.3249570263756647
EVS: 0.22559731348617218
