Model: GRU
MSE: 15.353089288673983
MAE: 2.9477541711595325
EVS: 0.36214823306582045
