Model: GRU
MSE: 10.883173075777988
MAE: 2.497861791540075
EVS: 0.5174020610572567
