Model: GRU
MSE: 9.863541590586557
MAE: 2.390741330605966
EVS: 0.5735487035908291
