Model: GRU
MSE: 11.752308473125456
MAE: 2.738740823887013
EVS: 0.5012777076222763
