Model: GRU
MSE: 16.72695979079502
MAE: 3.107716683988218
EVS: 0.3071935329525308
