Model: GRU
MSE: 16.380089208847696
MAE: 2.795742811980071
EVS: 0.3989998912712608
