Model: GRU
MSE: 10.981908130116524
MAE: 2.5297458083541304
EVS: 0.5133862511018991
