Model: GRU
MSE: 12.857071149320788
MAE: 2.626410961151123
EVS: 0.4488739418859272
