Model: GRU
MSE: 12.519908370655402
MAE: 2.704713494689376
EVS: 0.4451735310346706
