Model: GRU
MSE: 11.092212754447175
MAE: 2.5526410650323936
EVS: 0.5363645831502215
