Model: GRU
MSE: 11.416616704498598
MAE: 2.3818802303738065
EVS: 0.50501264051592
