Model: GRU
MSE: 12.829757531008365
MAE: 2.4835241900549994
EVS: 0.4352906612351207
