Model: GRU
MSE: 12.95446006816596
MAE: 2.701559799688834
EVS: 0.48376142958591095
