Model: GRU
MSE: 11.915400149457321
MAE: 2.56078216764662
EVS: 0.470909009514789
