Model: GRU
MSE: 10.580216715273489
MAE: 2.287007835176256
EVS: 0.5498613698865272
