Model: GRU
MSE: 12.587065640264344
MAE: 2.6716624719125255
EVS: 0.5244467945238094
