Model: GRU
MSE: 11.55295884840042
MAE: 2.7370480784663447
EVS: 0.5378492639454615
