Model: GRU
MSE: 20.00604837762673
MAE: 4.019219433819806
EVS: 0.5488843609914404
