Model: GRU
MSE: 13.311096918381931
MAE: 3.0335770889564797
EVS: 0.45868053035289613
