Model: GRU
MSE: 17.1615219728119
MAE: 3.496150537773415
EVS: 0.42944024974954986
