Model: GRU
MSE: 17.231200443405573
MAE: 3.28080623238175
EVS: 0.399335996632629
