Model: GRU
MSE: 14.127764751896033
MAE: 2.614169571134779
EVS: 0.4333865885995186
