Model: GRU
MSE: 9.264676911290795
MAE: 2.472355295110632
EVS: 0.5929409627694421
