Model: GRU
MSE: 13.514560592156007
MAE: 2.772016066092032
EVS: 0.4724282660482214
