Model: GRU
MSE: 11.682276250884549
MAE: 2.636378773936519
EVS: 0.48759595763562213
