Model: GRU
MSE: 12.814078310016884
MAE: 2.960884518093533
EVS: 0.4974732412506423
