Model: GRU
MSE: 16.02370808227594
MAE: 3.4111743856359413
EVS: 0.4952638293926843
