Model: GRU
MSE: 11.645752921091487
MAE: 2.7241395667747215
EVS: 0.5109632255020127
