Model: GRU
MSE: 11.896445308870836
MAE: 2.394108613332113
EVS: 0.5573007122727512
