Model: GRU
MSE: 168.1324429815885
MAE: 12.094466933497676
EVS: 0.02940717178415453
