Model: GRU
MSE: 11.420909182152643
MAE: 2.888854485970956
EVS: 0.5663318854178735
