Model: GRU
MSE: 11.647957993679594
MAE: 2.4846057008813927
EVS: 0.5375567242869472
