Model: GRU
MSE: 11.376479822527555
MAE: 2.8181464936998157
EVS: 0.5329982058428653
