Model: GRU
MSE: 14.119958677265751
MAE: 2.9744054388116905
EVS: 0.4822975727982758
