Model: GRU
MSE: 13.541039185181692
MAE: 2.5811040666368275
EVS: 0.4539392964896162
