Model: GRU
MSE: 10.897778084914105
MAE: 2.3951128677085594
EVS: 0.5172385428905926
