Model: GRU
MSE: 14.916721226641295
MAE: 2.6685160994529724
EVS: 0.4440535919173937
