Model: GRU
MSE: 11.764797339775164
MAE: 2.8037291632758246
EVS: 0.48582276593445706
