Model: GRU
MSE: 13.58938096710756
MAE: 2.8918459989406444
EVS: 0.4353699418972845
