Model: GRU
MSE: 17.119948768999656
MAE: 3.411479808666088
EVS: 0.38035531540768375
