Model: GRU
MSE: 13.698711966093438
MAE: 3.144381955817894
EVS: 0.5419067719351864
