Model: GRU
MSE: 13.783698668946636
MAE: 3.152161227332221
EVS: 0.5196560780019618
