Model: GRU
MSE: 10.279041578253631
MAE: 2.4848740895589194
EVS: 0.5439662510632843
