Model: GRU
MSE: 13.574056710955583
MAE: 2.540610401718705
EVS: 0.43412480953082044
