Model: GRU
MSE: 15.616149053115647
MAE: 3.068284864778872
EVS: 0.3539615649124258
