Model: GRU
MSE: 12.319822348221818
MAE: 2.5331793008027255
EVS: 0.4529792634731571
