Model: GRU
MSE: 16.685207441940957
MAE: 3.4189150598314075
EVS: 0.392953955711288
