Model: GRU
MSE: 10.22159283347627
MAE: 2.5314958183853715
EVS: 0.5576452719954934
