Model: GRU
MSE: 11.652582039529424
MAE: 2.625221022853145
EVS: 0.4893528528158442
