Model: GRU
MSE: 9.972450424016996
MAE: 2.4325381031742803
EVS: 0.5586891307779964
