Model: GRU
MSE: 11.802042524943882
MAE: 2.7969500400401928
EVS: 0.5378136865994041
