Model: GRU
MSE: 23.690455087774588
MAE: 4.0956293123739735
EVS: 0.2838704334478128
