Model: GRU
MSE: 14.25988553659496
MAE: 2.5580207683421947
EVS: 0.3888815636662839
