Model: GRU
MSE: 13.298886522807685
MAE: 2.7989028383184364
EVS: 0.4747479140964541
