Model: GRU
MSE: 10.599024384726064
MAE: 2.5508027518237077
EVS: 0.5380582916271052
