Model: GRU
MSE: 12.201352836419877
MAE: 2.3747336069742837
EVS: 0.47181499956633766
