Model: GRU
MSE: 11.9414832472033
MAE: 2.7231969126948603
EVS: 0.5278501557958882
