Model: GRU
MSE: 13.757444674249344
MAE: 2.512516463244403
EVS: 0.4788833848928208
