Model: GRU
MSE: 10.320162487288245
MAE: 2.3820328889069735
EVS: 0.5454990058189388
