Model: GRU
MSE: 14.850435639651486
MAE: 3.0324652150825218
EVS: 0.4625133201953312
