Model: GRU
MSE: 14.161821377110098
MAE: 3.2321775224473743
EVS: 0.507201143104147
