Model: GRU
MSE: 10.917599487985795
MAE: 2.8308078624584057
EVS: 0.6122447608632038
