Model: GRU
MSE: 13.16978102997692
MAE: 3.0197889539930554
EVS: 0.507962965781381
