Model: GRU
MSE: 15.065399248640738
MAE: 3.0927895263389305
EVS: 0.44230396824267393
