Model: GRU
MSE: 12.819088578574254
MAE: 2.7311634134363243
EVS: 0.4335039415964431
