Model: GRU
MSE: 13.112187339265752
MAE: 2.6959105597601996
EVS: 0.4769315713120623
