Model: GRU
MSE: 14.774077428120613
MAE: 2.731698680807043
EVS: 0.4240942987637909
