Model: GRU
MSE: 13.290346146571354
MAE: 2.9545653661092124
EVS: 0.4859856767499138
