Model: GRU
MSE: 13.381044748584625
MAE: 2.6816653852109558
EVS: 0.4736048715376586
