Model: GRU
MSE: 15.370161838110697
MAE: 3.1776807131590665
EVS: 0.3803918639688567
