Model: GRU
MSE: 9.692352666879806
MAE: 2.469753698066429
EVS: 0.581661137980116
