Model: GRU
MSE: 11.502995872885565
MAE: 2.558042384960033
EVS: 0.5403641914132353
