Model: GRU
MSE: 11.620681522542075
MAE: 2.5156271192762585
EVS: 0.5016748574438862
