Model: GRU
MSE: 14.019535254936862
MAE: 2.7998392670242875
EVS: 0.4846581280043055
