Model: GRU
MSE: 14.197458624701952
MAE: 3.139585265406856
EVS: 0.5217676690517001
