Model: GRU
MSE: 13.41319979438966
MAE: 2.5685924070852773
EVS: 0.4529592990219149
