Model: GRU
MSE: 16.1239762167241
MAE: 2.9324131541781955
EVS: 0.44932922987286783
