Model: GRU
MSE: 9.788983731956625
MAE: 2.527233839035034
EVS: 0.5677551472981641
