Model: GRU
MSE: 13.916897890902032
MAE: 2.7896759774949818
EVS: 0.3881909271428894
