Model: GRU
MSE: 14.324867046827379
MAE: 2.6559655048229076
EVS: 0.4345836820967318
