Model: GRU
MSE: 10.972152592513028
MAE: 2.7405142784118652
EVS: 0.5636968380775491
