Model: GRU
MSE: 15.259612671975876
MAE: 2.922585363741274
EVS: 0.4057436762947214
