Model: GRU
MSE: 10.697675302316998
MAE: 2.427739902778908
EVS: 0.5319292460743603
