Model: GRU
MSE: 10.242759169749645
MAE: 2.490807815834328
EVS: 0.5474796037602238
