Model: GRU
MSE: 18.800341638244202
MAE: 3.572528432916712
EVS: 0.4272771905420548
