Model: GRU
MSE: 10.724733283855628
MAE: 2.493881419852928
EVS: 0.5243701476504581
