Model: GRU
MSE: 11.561362964699422
MAE: 2.81324706254182
EVS: 0.5065614104500921
