Model: GRU
MSE: 13.145985312565733
MAE: 2.640194045172797
EVS: 0.47354034724896266
