Model: GRU
MSE: 15.3085811799558
MAE: 3.3616538930822304
EVS: 0.5358950294759103
