Model: GRU
MSE: 14.79256901490913
MAE: 3.100738631354438
EVS: 0.4561928201361949
