Model: GRU
MSE: 10.924183144137883
MAE: 2.297148351316099
EVS: 0.5186917936595637
