Model: GRU
MSE: 6164.178540024656
MAE: 78.36552316171152
EVS: 1.1102230246251565e-16
