Model: GRU
MSE: 9.60324158375861
MAE: 2.4291249910990396
EVS: 0.57796532902058
