Model: GRU
MSE: 11.488893302609178
MAE: 2.7113606046747276
EVS: 0.5265956866283971
