Model: GRU
MSE: 12.038001024978014
MAE: 2.3323524439776384
EVS: 0.5216597986020682
