Model: GRU
MSE: 12.013727141620327
MAE: 2.7262534123879893
EVS: 0.4760853168399575
