Model: GRU
MSE: 10.956880078991405
MAE: 2.7246576061955206
EVS: 0.5457887224399971
