Model: GRU
MSE: 12.032165582946366
MAE: 2.6778703972145363
EVS: 0.4686705477590183
