Model: GRU
MSE: 12.809511762424941
MAE: 2.661775165134006
EVS: 0.48912667492374196
