Model: GRU
MSE: 15.654592686157187
MAE: 3.4048665276280157
EVS: 0.5288135804921354
