Model: GRU
MSE: 14.84614735604707
MAE: 2.768363210890028
EVS: 0.3412336206466021
