Model: GRU
MSE: 11.880807852083004
MAE: 2.445969016463668
EVS: 0.4792425367709049
