Model: GRU
MSE: 20.537761868274917
MAE: 3.8595748477511935
EVS: 0.5191102060943913
