Model: GRU
MSE: 9.391880107853964
MAE: 2.485822942521837
EVS: 0.5838972833712377
