Model: GRU
MSE: 15.644537384825231
MAE: 3.233842646634137
EVS: 0.43102500980234126
