Model: GRU
MSE: 12.442696261551216
MAE: 2.666318345952917
EVS: 0.45360701611584053
