Model: GRU
MSE: 14.424207000308662
MAE: 2.5952572999177157
EVS: 0.4724910757924753
