Model: GRU
MSE: 10.937540846786044
MAE: 2.447507452081751
EVS: 0.5238610399119299
