Model: GRU
MSE: 11.544452856847258
MAE: 2.348371735325566
EVS: 0.5384039453163154
