Model: GRU
MSE: 10.512780819602957
MAE: 2.656652953889635
EVS: 0.5701977770050422
