Model: GRU
MSE: 11.066996950875103
MAE: 2.4413947882475675
EVS: 0.5114584040530554
