Model: GRU
MSE: 16.927262267145025
MAE: 3.0455828066225403
EVS: 0.4255512561598911
