Model: GRU
MSE: 11.527821632562889
MAE: 2.394762427718551
EVS: 0.48909837739996365
