Model: GRU
MSE: 12.756740896610301
MAE: 2.859979585365013
EVS: 0.4601440127654126
