Model: GRU
MSE: 13.073052216093734
MAE: 3.1289737312882036
EVS: 0.5844731462588362
