Model: GRU
MSE: 183.32876174225223
MAE: 12.648673830208955
EVS: -0.013746604251994698
