Model: GRU
MSE: 12.880705437152393
MAE: 2.9777561293707953
EVS: 0.504197160193693
