Model: GRU
MSE: 13.463558387774443
MAE: 2.987696577001501
EVS: 0.46321678330158533
