Model: GRU
MSE: 13.761090893354655
MAE: 2.8002766414924904
EVS: 0.42724866219489066
