Model: GRU
MSE: 11.60082158390304
MAE: 2.4661810133192272
EVS: 0.49005876923408354
