Model: GRU
MSE: 13.58985609489734
MAE: 3.105409021730776
EVS: 0.5235331946219537
