Model: GRU
MSE: 11.721959802821393
MAE: 2.486322950433802
EVS: 0.5150636697346835
