Model: GRU
MSE: 11.950870251806286
MAE: 2.6813737904583967
EVS: 0.5225327562173459
