Model: GRU
MSE: 12.769151427802583
MAE: 2.5950719515482583
EVS: 0.4952441358230686
