Model: GRU
MSE: 10.138947962196964
MAE: 2.2676952679951987
EVS: 0.5705236277870569
