Model: GRU
MSE: 10.059588233808048
MAE: 2.5867181530705206
EVS: 0.5660069946782011
