Model: GRU
MSE: 9.883766611936046
MAE: 2.3196872340308294
EVS: 0.5612387582744316
