Model: GRU
MSE: 12.09515753464933
MAE: 2.816619321152016
EVS: 0.5090122717996076
