Model: GRU
MSE: 14.613073164038296
MAE: 2.8078144744590476
EVS: 0.351331034128635
