Model: GRU
MSE: 9.40981254003831
MAE: 2.400658713446723
EVS: 0.5830326170428904
