Model: GRU
MSE: 13.200564275019651
MAE: 2.946637917447973
EVS: 0.4801965814160908
