Model: GRU
MSE: 11.362037508774426
MAE: 2.4708561014246055
EVS: 0.5065507599368883
