Model: GRU
MSE: 12.122341666277146
MAE: 2.7741234920642994
EVS: 0.5395355174429579
