Model: GRU
MSE: 13.726548842379385
MAE: 2.948321368959215
EVS: 0.48172315280527545
