Model: GRU
MSE: 15.35430913421462
MAE: 3.1378835748743126
EVS: 0.5144409597921669
