Model: GRU
MSE: 9.855767973882882
MAE: 2.367151719552499
EVS: 0.5631265745671914
