Model: GRU
MSE: 11.143055368264296
MAE: 2.451642071759259
EVS: 0.5076979743542653
