Model: GRU
MSE: 10.249418158360582
MAE: 2.5566821451540345
EVS: 0.5543301441970985
