Model: GRU
MSE: 13.711465572954516
MAE: 2.567669638880977
EVS: 0.4521470698484785
