Model: GRU
MSE: 13.430588921237412
MAE: 3.1186649799346924
EVS: 0.5431073600291706
