Model: GRU
MSE: 12.403613757207857
MAE: 2.7270440525478787
EVS: 0.45466005747263294
