Model: GRU
MSE: 12.777793274607372
MAE: 2.694816730640553
EVS: 0.43559471229724167
