Model: GRU
MSE: 11.521909502152868
MAE: 2.358395912029125
EVS: 0.5140235005691002
