Model: GRU
MSE: 12.307886168431457
MAE: 2.5279134997615107
EVS: 0.500410812855574
