Model: GRU
MSE: 11.608979719220038
MAE: 2.853033118777805
EVS: 0.5599135258799721
