Model: GRU
MSE: 10.020285534196276
MAE: 2.356168376074897
EVS: 0.5580760366870697
