Model: GRU
MSE: 12.376259771767115
MAE: 2.566421385164614
EVS: 0.5064014993581776
