Model: GRU
MSE: 20.00500905722919
MAE: 3.5366772987224437
EVS: 0.2954336259260776
