Model: GRU
MSE: 9.956080910173652
MAE: 2.4694996586552374
EVS: 0.5599844443343802
