Model: GRU
MSE: 14.357178295975055
MAE: 2.5059299204084606
EVS: 0.37919590973876116
