Model: GRU
MSE: 12.342786946827127
MAE: 2.84066104888916
EVS: 0.47955186966229
