Model: GRU
MSE: 13.351305121426002
MAE: 2.57715638478597
EVS: 0.4191820272668402
