Model: GRU
MSE: 12.057978624473044
MAE: 2.721401400036282
EVS: 0.48810829033321634
