Model: GRU
MSE: 11.638987199733686
MAE: 2.38938425205372
EVS: 0.5592986498008059
