Model: GRU
MSE: 15.882460673062884
MAE: 2.8505822817484536
EVS: 0.31943135986542837
