Model: GRU
MSE: 13.081748920205412
MAE: 2.901534327754268
EVS: 0.4642538738773554
