Model: GRU
MSE: 15.719709747817719
MAE: 2.7794650395711265
EVS: 0.39500771000094825
