Model: GRU
MSE: 10.20031525768329
MAE: 2.2825287359732167
EVS: 0.5525900244047399
