Model: GRU
MSE: 10.080490260154297
MAE: 2.695347953725744
EVS: 0.5685966820432862
