Model: GRU
MSE: 9.333785805158895
MAE: 2.2227410210503473
EVS: 0.5889138887571469
