Model: GRU
MSE: 14.808447130968636
MAE: 3.090059094958835
EVS: 0.41655005178154314
