Model: GRU
MSE: 13.128397934316059
MAE: 2.7114363423100225
EVS: 0.48158272785558365
