Model: GRU
MSE: 10.80336378623939
MAE: 2.296243084801568
EVS: 0.5261075807943364
