Model: GRU
MSE: 14.25992036322884
MAE: 2.6295898578785084
EVS: 0.4806008739656019
