Model: GRU
MSE: 11.884630000076063
MAE: 2.758081983636927
EVS: 0.5079070871436753
