Model: GRU
MSE: 6616.297540181236
MAE: 81.20160675048828
EVS: -0.003467492841943809
