Model: GRU
MSE: 12.424947286962329
MAE: 2.6829273435804577
EVS: 0.4534034604761734
