Model: GRU
MSE: 17.117214189141478
MAE: 3.0079102692780673
EVS: 0.5066250246477628
