Model: GRU
MSE: 15.12230730763071
MAE: 3.318391685132627
EVS: 0.5161899762632467
