Model: GRU
MSE: 16.439004604344788
MAE: 2.9489723488136574
EVS: 0.28617546324818166
