Model: GRU
MSE: 11.106659804884147
MAE: 2.546164283046016
EVS: 0.5105721414711465
