Model: GRU
MSE: 10.645348815032422
MAE: 2.2498657438490124
EVS: 0.5329120173920464
