Model: GRU
MSE: 10.995722322581052
MAE: 2.2865507426085294
EVS: 0.5158274168211162
