Model: GRU
MSE: 13.40729500039804
MAE: 2.601452774471707
EVS: 0.41991895594141493
