Model: GRU
MSE: 14.7954055399269
MAE: 2.805730042634187
EVS: 0.4557278405586813
