Model: GRU
MSE: 14.092738382364074
MAE: 2.8506277049029314
EVS: 0.45063031227209693
