Model: GRU
MSE: 14.009088850557662
MAE: 2.670723235165631
EVS: 0.5323515450312553
