Model: GRU
MSE: 9.588094875170109
MAE: 2.3498276781152794
EVS: 0.6022855447951448
