Model: GRU
MSE: 11.876412581758798
MAE: 2.7614274201569735
EVS: 0.5062204937324599
