Model: GRU
MSE: 12.69758513953568
MAE: 3.026251369052463
EVS: 0.5255952650146618
