Model: GRU
MSE: 9671.063030747791
MAE: 98.22700500488281
EVS: 0.0
