Model: GRU
MSE: 14.884422694452892
MAE: 3.358476373884413
EVS: 0.5417356478421818
