Model: GRU
MSE: 10.41386167104539
MAE: 2.2316197465967247
EVS: 0.5562336827405431
