Model: GRU
MSE: 12.99190517802033
MAE: 3.099387769345884
EVS: 0.5818766981403624
