Model: GRU
MSE: 10.734356992951268
MAE: 2.5451881973831743
EVS: 0.5335169800875761
