Model: GRU
MSE: 13.114306399525487
MAE: 3.0936159557766385
EVS: 0.5473362066081957
