Model: GRU
MSE: 14.303392931360865
MAE: 2.8367120601512767
EVS: 0.37805756624497033
