Model: GRU
MSE: 13.89186909649263
MAE: 3.184024033723054
EVS: 0.4912265545756561
