Model: GRU
MSE: 13.25992271610642
MAE: 2.653276655409071
EVS: 0.4902129369227364
