Model: GRU
MSE: 13.008842807674839
MAE: 2.8744294069431446
EVS: 0.4613991215007207
