Model: GRU
MSE: 13.503510150447468
MAE: 2.664897980513396
EVS: 0.45914779150247487
