Model: GRU
MSE: 14.402743461374923
MAE: 3.2476086957114085
EVS: 0.5619571645074555
