Model: GRU
MSE: 12.52506927016423
MAE: 2.5375540962925665
EVS: 0.4439792210605543
