Model: GRU
MSE: 16.849598557448594
MAE: 3.4771053945576704
EVS: 0.41964258139738875
