Model: GRU
MSE: 11.989554473510028
MAE: 2.7437602590631553
EVS: 0.5014372016962965
