Model: GRU
MSE: 14.21935572970152
MAE: 2.90637477238973
EVS: 0.397569940876055
