Model: GRU
MSE: 13.539279514872195
MAE: 3.104224575890435
EVS: 0.5421950448027173
