Model: GRU
MSE: 11.398477427148437
MAE: 2.3847676471427635
EVS: 0.4968961797633483
