Model: GRU
MSE: 14.722404924762444
MAE: 2.6133483074329518
EVS: 0.5387827509445524
