Model: GRU
MSE: 13.60890523788324
MAE: 2.6679516545048467
EVS: 0.4108396065850781
