Model: GRU
MSE: 10.80898170371081
MAE: 2.7684146386605724
EVS: 0.5506170680860124
