Model: GRU
MSE: 12.494511478722348
MAE: 2.617852952745226
EVS: 0.4490944215716768
