Model: GRU
MSE: 18.292324329692388
MAE: 3.4447524459273726
EVS: 0.3556990372458907
