Model: GRU
MSE: 10.944472002754909
MAE: 2.7443360929135925
EVS: 0.5312827886065541
