Model: GRU
MSE: 10.565601970955708
MAE: 2.4686984486050076
EVS: 0.5308794526731273
