Model: GRU
MSE: 14.708079170371025
MAE: 2.797924359639486
EVS: 0.41956647141967274
