Model: GRU
MSE: 21.179238569394588
MAE: 4.162526004844242
EVS: 0.5144885650739722
