Model: GRU
MSE: 15.904113736189649
MAE: 2.878873222404056
EVS: 0.29601563840207346
