Model: GRU
MSE: 9.40081364020937
MAE: 2.3755315144856772
EVS: 0.5826429713430273
