Model: GRU
MSE: 11.793863621148603
MAE: 2.8486302163865833
EVS: 0.5084116371168746
