Model: GRU
MSE: 12.741508585785597
MAE: 2.631425866374263
EVS: 0.48978957564661874
