Model: GRU
MSE: 11.46146805687631
MAE: 2.4391650976958097
EVS: 0.4974403301647393
