Model: GRU
MSE: 15.071867483340847
MAE: 2.696377224392361
EVS: 0.35366132888905644
