Model: GRU
MSE: 11.193061576017428
MAE: 2.5925491650899253
EVS: 0.5043197685802989
