Model: GRU
MSE: 10.901825047091178
MAE: 2.4600847738760487
EVS: 0.5159413121084728
