Model: GRU
MSE: 10.769747538162088
MAE: 2.4929240544637046
EVS: 0.5266729131421081
