Model: GRU
MSE: 10.751535603529597
MAE: 2.506093625669126
EVS: 0.5249854674449127
