Model: GRU
MSE: 13.853437957457626
MAE: 3.2716941038767495
EVS: 0.5160920623720812
