Model: GRU
MSE: 11.290863467963609
MAE: 2.8816172635113753
EVS: 0.5513143762193633
