Model: GRU
MSE: 12.685554676155789
MAE: 2.7030018347280995
EVS: 0.4959902644611609
