Model: GRU
MSE: 16.091481002293317
MAE: 3.06135794851515
EVS: 0.3347303647414217
