Model: GRU
MSE: 13.214685696882254
MAE: 2.6113835617348
EVS: 0.47889912273080837
