Model: GRU
MSE: 10.957218560490544
MAE: 2.275884981508608
EVS: 0.5200326880383206
