Model: GRU
MSE: 11.928164615796934
MAE: 2.333115913249828
EVS: 0.4952305946277489
