Model: GRU
MSE: 13.417689874763473
MAE: 2.720771153767904
EVS: 0.48993035420427433
