Model: GRU
MSE: 9.619143688228556
MAE: 2.37904402061745
EVS: 0.5826826105015235
