Model: GRU
MSE: 13.19202327822325
MAE: 3.0245074519404658
EVS: 0.4683627961887711
