Model: GRU
MSE: 9.963283711262092
MAE: 2.5200943417019315
EVS: 0.573340402199735
