Model: GRU
MSE: 11.60771381272115
MAE: 2.7109486438609935
EVS: 0.5380711583245772
