Model: GRU
MSE: 17.244640071326245
MAE: 2.884934151614154
EVS: 0.3634636473858198
