Model: GRU
MSE: 13.312894943893449
MAE: 2.7035435217398183
EVS: 0.4691163546330369
