Model: GRU
MSE: 14.65643717576076
MAE: 3.038263753608421
EVS: 0.40175897565422325
