Model: GRU
MSE: 10.377696162748263
MAE: 2.3732356671933776
EVS: 0.5420727695829575
