Model: GRU
MSE: 10.762982748668842
MAE: 2.5667155142183655
EVS: 0.5327921859659356
