Model: GRU
MSE: 14.064491082051644
MAE: 3.213866357450132
EVS: 0.5172768262149527
