Model: GRU
MSE: 13.724960630619417
MAE: 2.5999987920125327
EVS: 0.4605212725608887
