Model: GRU
MSE: 13.157932246020412
MAE: 2.6439022488064237
EVS: 0.4158464651502789
