Model: GRU
MSE: 12.357109066345933
MAE: 2.977909247080485
EVS: 0.5478336249264275
