Model: GRU
MSE: 11.993860036294627
MAE: 2.642109579510159
EVS: 0.4739443329667554
