Model: GRU
MSE: 14.834075484096108
MAE: 3.016812872003626
EVS: 0.4509192489083105
