Model: GRU
MSE: 14.336090529577584
MAE: 2.872529480192396
EVS: 0.383718778809491
