Model: GRU
MSE: 10.631897554310095
MAE: 2.4828976878413447
EVS: 0.5324329357882077
