Model: GRU
MSE: 11.10432445784919
MAE: 2.625742311830874
EVS: 0.5112867957037537
