Model: GRU
MSE: 11.062615579757356
MAE: 2.392272984540021
EVS: 0.5349509138780046
