Model: GRU
MSE: 11.530999768096443
MAE: 2.7787954718978316
EVS: 0.5212525424150564
