Model: GRU
MSE: 11.336684329826797
MAE: 2.5183663368225098
EVS: 0.496965869077196
