Model: GRU
MSE: 15.538712510536683
MAE: 3.1917848498732955
EVS: 0.46003381156020084
