Model: GRU
MSE: 13.82233491834162
MAE: 3.0639333724975586
EVS: 0.4497571362954642
