Model: GRU
MSE: 10.647357397496467
MAE: 2.686527870319508
EVS: 0.5510252208903825
