Model: GRU
MSE: 12.12914169766494
MAE: 2.8529755627667464
EVS: 0.5158658822611573
