Model: GRU
MSE: 10.622977895396152
MAE: 2.3756799168056912
EVS: 0.5294485393323498
