Model: GRU
MSE: 13.515669603283616
MAE: 2.920844554901123
EVS: 0.488302042175189
