Model: GRU
MSE: 14.936270759744012
MAE: 3.0296056358902543
EVS: 0.48774026964621997
