Model: GRU
MSE: 10.518663769005629
MAE: 2.337010807461209
EVS: 0.536208998472443
