Model: GRU
MSE: 23.15975736976288
MAE: 3.9124836215266474
EVS: 0.4632550170080313
