Model: GRU
MSE: 13.11412830474187
MAE: 2.9193012007960566
EVS: 0.4736521447736206
