Model: GRU
MSE: 12.534262442344083
MAE: 2.3140842473065413
EVS: 0.4873434274042512
