Model: GRU
MSE: 11.356481999109242
MAE: 2.713730388217502
EVS: 0.5270196133782368
