Model: GRU
MSE: 11.568815977723618
MAE: 2.609071387184991
EVS: 0.49818432879329144
