Model: GRU
MSE: 9.861970532579857
MAE: 2.3240166240268283
EVS: 0.5713118056950537
