Model: GRU
MSE: 10.99578329504237
MAE: 2.4166458624380605
EVS: 0.5310904270965695
