Model: GRU
MSE: 11.585246541458504
MAE: 2.557085602371781
EVS: 0.48653095920767786
