Model: GRU
MSE: 15.293694938605212
MAE: 2.712055347583912
EVS: 0.3916441900154778
