Model: GRU
MSE: 9.624118884594038
MAE: 2.309103700849745
EVS: 0.5739765612152301
