Model: GRU
MSE: 13.57267170348417
MAE: 2.788895986698292
EVS: 0.3975369389855161
