Model: GRU
MSE: 10.584372711588214
MAE: 2.7885482752764665
EVS: 0.5793156246978675
