Model: GRU
MSE: 652.0762053226138
MAE: 25.090988159179688
EVS: 0.0
