Model: GRU
MSE: 22.7986027436764
MAE: 3.563925540005719
EVS: 0.1434732832253024
