Model: GRU
MSE: 21.114744824010128
MAE: 3.1857185540375887
EVS: 0.15480673431096137
