Model: GRU
MSE: 15.169228314402332
MAE: 3.396083019397877
EVS: 0.4589393736379286
