Model: GRU
MSE: 10.627914462834285
MAE: 2.4777011518125183
EVS: 0.5302748781587654
