Model: GRU
MSE: 15.981764948498908
MAE: 2.6632064625068947
EVS: 0.3050629029278089
