Model: GRU
MSE: 13.122332366828168
MAE: 2.599087388427169
EVS: 0.41979496911779235
