Model: GRU
MSE: 12.447453009504839
MAE: 2.698104628810176
EVS: 0.5187930467063797
