Model: GRU
MSE: 10.443000953786024
MAE: 2.5084754449349864
EVS: 0.5370621135108355
