Model: GRU
MSE: 20.508115562536915
MAE: 3.2840963204701743
EVS: 0.21655864341002473
