Model: GRU
MSE: 20.524352086077368
MAE: 3.7292652836552374
EVS: 0.36257776599713176
