Model: GRU
MSE: 10.44735337050054
MAE: 2.4692583084106445
EVS: 0.5819429068451807
