Model: GRU
MSE: 16.61693774394634
MAE: 3.348816412466544
EVS: 0.42983259496957305
