Model: GRU
MSE: 17.686945552241404
MAE: 3.0773202578226724
EVS: 0.30943512355353364
