Model: GRU
MSE: 24.80864216939439
MAE: 3.916747552377206
EVS: -0.06603459755278629
