Model: GRU
MSE: 16.177527150325503
MAE: 3.1203238699171276
EVS: 0.3207677091772869
