Model: GRU
MSE: 11.776504181128358
MAE: 2.7279723397007696
EVS: 0.4889850819445074
