Model: GRU
MSE: 16.354919635463418
MAE: 2.8735550244649253
EVS: 0.36349977930826627
