Model: GRU
MSE: 12.653024913410398
MAE: 2.800482396726255
EVS: 0.49979131875413696
