Model: GRU
MSE: 11.871699082881808
MAE: 2.814626375834147
EVS: 0.5320609660948685
