Model: GRU
MSE: 10.886779993283755
MAE: 2.4210925278840243
EVS: 0.5166173341472002
