Model: GRU
MSE: 10.472533334990658
MAE: 2.431998288189923
EVS: 0.5350479252094579
