Model: GRU
MSE: 11.09264327694115
MAE: 2.5396444974122225
EVS: 0.5557129249335577
