Model: GRU
MSE: 13.569722096282486
MAE: 2.9018543561299643
EVS: 0.44227593311433044
