Model: GRU
MSE: 12.733692417666
MAE: 2.8552733527289496
EVS: 0.46257827820085795
