Model: GRU
MSE: 12.954466790412967
MAE: 2.8795190740514687
EVS: 0.47194256025651027
