Model: GRU
MSE: 14.657418054136008
MAE: 3.0379882388644748
EVS: 0.45278614821199115
