Model: GRU
MSE: 11.126373497557461
MAE: 2.567156818177965
EVS: 0.5543570264717481
