Model: GRU
MSE: 14.446252830338679
MAE: 3.099603052492495
EVS: 0.4880646908446742
