Model: GRU
MSE: 16.283096137530823
MAE: 3.1086980325204356
EVS: 0.4035174047631024
