Model: GRU
MSE: 11.5483924429455
MAE: 2.7798829431887024
EVS: 0.550550105386625
