Model: GRU
MSE: 172.03648642739813
MAE: 12.24170383921376
EVS: 0.01515841185824729
