Model: GRU
MSE: 14.33225689327256
MAE: 2.6619673481693975
EVS: 0.4564363199023127
