Model: GRU
MSE: 14.586637191099564
MAE: 2.8606412057523376
EVS: 0.42232912441679826
