Model: GRU
MSE: 11.40451566081201
MAE: 2.448946723231563
EVS: 0.4961049490263625
