Model: GRU
MSE: 11.524495185419246
MAE: 2.3879537759003817
EVS: 0.5510643342535904
