Model: GRU
MSE: 11.242182107768008
MAE: 2.6990121558860496
EVS: 0.5375449077303652
