Model: GRU
MSE: 18.884672396744254
MAE: 3.7217332976205006
EVS: 0.5171276304284624
