Model: GRU
MSE: 26.234579650307168
MAE: 4.278272165192498
EVS: 0.22414175960647653
