Model: GRU
MSE: 21.30002456773634
MAE: 4.109896341959636
EVS: 0.274536272129815
