Model: GRU
MSE: 15.6976060364809
MAE: 2.95151064130995
EVS: 0.3333115277482098
