Model: GRU
MSE: 11.36150005918935
MAE: 2.4153331032505743
EVS: 0.5001541953385809
