Model: GRU
MSE: 11.159075281990884
MAE: 2.6896184285481772
EVS: 0.5750303767827845
