Model: GRU
MSE: 10.192278782132936
MAE: 2.300021180400142
EVS: 0.5502017500204649
