Model: GRU
MSE: 11.83660966046533
MAE: 2.6160761338693126
EVS: 0.48618266163919444
