Model: GRU
MSE: 11.36849592535451
MAE: 2.5590498712327747
EVS: 0.49610370603182585
