Model: GRU
MSE: 181.43212606959725
MAE: 12.39639082125255
EVS: -0.037817595378047075
