Model: GRU
MSE: 14.738988813865763
MAE: 2.8894520556485213
EVS: 0.36199659120450867
