Model: GRU
MSE: 12.340604405255236
MAE: 2.7621763194048845
EVS: 0.4674351873477489
