Model: GRU
MSE: 9.797136212379415
MAE: 2.2732966387713396
EVS: 0.5703911823733083
