Model: GRU
MSE: 19.362092116306854
MAE: 3.4133514474939415
EVS: 0.3356997894192719
