Model: GRU
MSE: 11.267810944551183
MAE: 2.5676611264546714
EVS: 0.5123218186553951
