Model: GRU
MSE: 11.575586325427999
MAE: 2.8136958016289606
EVS: 0.5262554483064402
