Model: GRU
MSE: 9.395418605550654
MAE: 2.249345973685936
EVS: 0.5842729706539873
