Model: GRU
MSE: 17.152549587684987
MAE: 3.4843069005895546
EVS: 0.4741966852696149
