Model: GRU
MSE: 11.060533702610883
MAE: 2.630746770788122
EVS: 0.5611382222703868
