Model: GRU
MSE: 11.146707736571326
MAE: 2.7515959563078702
EVS: 0.5810836376372989
