Model: GRU
MSE: 13.029297070417284
MAE: 2.869887528596101
EVS: 0.45665067440023444
