Model: GRU
MSE: 9.662303847432398
MAE: 2.267714182535807
EVS: 0.5830921948424258
