Model: GRU
MSE: 11.385624622443823
MAE: 2.7326967274701155
EVS: 0.563804468221308
