Model: GRU
MSE: 14.219552053724145
MAE: 3.180156566478588
EVS: 0.5160924543521638
