Model: GRU
MSE: 13.74923698490916
MAE: 2.8258619485078036
EVS: 0.3996227187893405
