Model: GRU
MSE: 11.913619881633311
MAE: 2.7213953689292625
EVS: 0.49146196836251776
