Model: GRU
MSE: 10.045685114806249
MAE: 2.3405906271051475
EVS: 0.5541738873415023
