Model: GRU
MSE: 14.74989111685711
MAE: 2.912674321068658
EVS: 0.3707671353015234
