Model: GRU
MSE: 13.076521901475385
MAE: 2.9206857592971236
EVS: 0.5146565050946676
