Model: GRU
MSE: 11.012635688888512
MAE: 2.555695560243395
EVS: 0.521179456593616
