Model: GRU
MSE: 14.04341095231169
MAE: 3.238495623623883
EVS: 0.5640724914426654
