Model: GRU
MSE: 12.613485704158721
MAE: 2.773458887029577
EVS: 0.46593322295966366
