Model: GRU
MSE: 11.71937501999521
MAE: 2.382434783158479
EVS: 0.4871160224790899
