Model: GRU
MSE: 12.603667160016698
MAE: 2.706548946875113
EVS: 0.4413020050628934
