Model: GRU
MSE: 13.469410058664893
MAE: 2.900755105195222
EVS: 0.45542005930508445
