Model: GRU
MSE: 13.155440631133885
MAE: 2.559333147826018
EVS: 0.47859422187028644
