Model: GRU
MSE: 13.52573554436495
MAE: 2.612242345456724
EVS: 0.4771763382644415
