Model: GRU
MSE: 14.187500921823471
MAE: 2.984340544100161
EVS: 0.46183644804800217
