Model: GRU
MSE: 10.219332360643886
MAE: 2.4614288630308927
EVS: 0.5474236342216032
