Model: GRU
MSE: 12.593281649208974
MAE: 2.979781892564562
EVS: 0.5116287702166697
