Model: GRU
MSE: 12.25721396373349
MAE: 2.5831750145664922
EVS: 0.5091872691343389
