Model: GRU
MSE: 10.284634574528171
MAE: 2.291500524238304
EVS: 0.5610604833510981
