Model: GRU
MSE: 10.248226655682814
MAE: 2.3325029655739113
EVS: 0.5531899063436354
