Model: GRU
MSE: 10.407728491833366
MAE: 2.3912111211706093
EVS: 0.5469192561397666
