Model: GRU
MSE: 13.629874432434077
MAE: 2.692590174851594
EVS: 0.4580690871828257
