Model: GRU
MSE: 18.75826186621263
MAE: 3.663748334955286
EVS: 0.4535698999539093
