Model: GRU
MSE: 10.804131551244852
MAE: 2.4691736609847457
EVS: 0.5675228780031252
