Model: GRU
MSE: 20.147536444358654
MAE: 3.7160979288595692
EVS: 0.3492300911157922
