Model: GRU
MSE: 12.973235074495344
MAE: 2.8928684847695485
EVS: 0.5424859058719971
