Model: GRU
MSE: 11.09079414969574
MAE: 2.522606884991681
EVS: 0.5075709921280496
