Model: GRU
MSE: 13.89314815306315
MAE: 2.7464992028695567
EVS: 0.45287957653522437
