Model: GRU
MSE: 14.008012865109622
MAE: 3.3233347790581838
EVS: 0.5578184439446541
