Model: GRU
MSE: 12.361745386496311
MAE: 2.517017505787037
EVS: 0.5134276551101933
