Model: GRU
MSE: 13.053797905922776
MAE: 2.454112935949255
EVS: 0.5345022688410899
