Model: GRU
MSE: 11.937959301928627
MAE: 2.557476184986256
EVS: 0.4821705685225198
