Model: GRU
MSE: 11.026419990445973
MAE: 2.6545278937728316
EVS: 0.5454252104029709
