Model: GRU
MSE: 12.17717696598313
MAE: 2.7555154694451227
EVS: 0.4933577724858563
