Model: GRU
MSE: 16.539574535302044
MAE: 3.2960966251514576
EVS: 0.3956753290834393
