Model: GRU
MSE: 12.273490523063808
MAE: 2.3637040002005443
EVS: 0.5821069803536848
