Model: GRU
MSE: 13.40651087329123
MAE: 2.670359452565511
EVS: 0.4124646131614571
