Model: GRU
MSE: 18.96834734804419
MAE: 3.197991035602711
EVS: 0.19917831295776178
