Model: GRU
MSE: 9.84001436032527
MAE: 2.4494625903941967
EVS: 0.5658518684024514
