Model: GRU
MSE: 17.50525165016345
MAE: 3.3331207787549055
EVS: 0.45221240879473545
