Model: GRU
MSE: 10.221798007445985
MAE: 2.3991608089870877
EVS: 0.5609547966369532
