Model: GRU
MSE: 12.799454723047987
MAE: 2.592402210942021
EVS: 0.4900387978715639
