Model: GRU
MSE: 11.937204579959207
MAE: 2.4129897488488092
EVS: 0.4722842459783797
