Model: GRU
MSE: 13.569355182728065
MAE: 2.6295826876604997
EVS: 0.5412910338853265
