Model: GRU
MSE: 13.374964222545646
MAE: 2.5769551948264793
EVS: 0.4665371932404203
