Model: GRU
MSE: 10.160466519265785
MAE: 2.317963229285346
EVS: 0.5721546412008587
