Model: GRU
MSE: 9.431791529353783
MAE: 2.222624354892307
EVS: 0.5838492764749516
