Model: GRU
MSE: 9.846338289512804
MAE: 2.5668450284887245
EVS: 0.5935327453829279
