Model: GRU
MSE: 9.740192856268424
MAE: 2.5576297442118325
EVS: 0.5834076723523729
