Model: GRU
MSE: 16.082878609162996
MAE: 3.099803995203089
EVS: 0.332514924469123
