Model: GRU
MSE: 11.878398219117479
MAE: 2.7878303704438387
EVS: 0.5299867975434441
