Model: GRU
MSE: 24.469082202858317
MAE: 4.049169143040975
EVS: 0.2705872286116112
