Model: GRU
MSE: 9.952844999743597
MAE: 2.6637658543056912
EVS: 0.5828159119462089
