Model: GRU
MSE: 12.274600018432121
MAE: 2.6623167638425476
EVS: 0.4825060863727507
