Model: GRU
MSE: 12.79742154942278
MAE: 2.963223422015155
EVS: 0.5405708308870445
