Model: GRU
MSE: 15.60123430159933
MAE: 2.982539556644581
EVS: 0.3582758702076758
