Model: GRU
MSE: 12.502266214830208
MAE: 2.9251456790500217
EVS: 0.4825952147549609
