Model: GRU
MSE: 15.595608670031611
MAE: 2.824192312028673
EVS: 0.3914326109292132
