Model: GRU
MSE: 14.300051386400739
MAE: 3.288979240826198
EVS: 0.5120778907772235
