Model: GRU
MSE: 14.788560540150186
MAE: 2.712389857680709
EVS: 0.40867847983308403
