Model: GRU
MSE: 10.785914347170605
MAE: 2.549896646428991
EVS: 0.5228264916775494
