Model: GRU
MSE: 12.97747677925058
MAE: 2.7706491505658186
EVS: 0.4496739684903416
