Model: GRU
MSE: 14.17530808763246
MAE: 2.8042245970831976
EVS: 0.3705868836097006
