Model: GRU
MSE: 11.468546401433839
MAE: 2.8079213301340737
EVS: 0.5359868868931501
