Model: GRU
MSE: 11.434458330674643
MAE: 2.631093634499444
EVS: 0.5429174777011591
