Model: GRU
MSE: 11.323285810327489
MAE: 2.7287951840294733
EVS: 0.5465291623674502
