Model: GRU
MSE: 12.254441847059768
MAE: 2.535930880793819
EVS: 0.5704518817509068
