Model: GRU
MSE: 12.33689902550867
MAE: 2.587763645030834
EVS: 0.4572442656139668
