Model: GRU
MSE: 12.721362665099033
MAE: 2.518846547162091
EVS: 0.46868702256297734
