Model: GRU
MSE: 12.323045398780685
MAE: 2.5447464960592763
EVS: 0.4545345744831255
