Model: GRU
MSE: 13.93105726159158
MAE: 2.654322553564001
EVS: 0.3814673421549366
