Model: GRU
MSE: 15.264695805181654
MAE: 2.981914343657317
EVS: 0.3377203011839256
