Model: GRU
MSE: 13.165214159592681
MAE: 2.542085161915532
EVS: 0.42205572089110377
