Model: GRU
MSE: 10.775480013289696
MAE: 2.6176170066550926
EVS: 0.5322410966198813
