Model: GRU
MSE: 12.770801892777829
MAE: 2.6123120519849987
EVS: 0.48893108382177686
