Model: GRU
MSE: 12.405873873061763
MAE: 2.561367140875922
EVS: 0.506219299291321
