Model: GRU
MSE: 14.212220086127461
MAE: 2.550760957929823
EVS: 0.41554529929320094
