Model: GRU
MSE: 9.433975475085406
MAE: 2.288866537588614
EVS: 0.5810575368158746
