Model: GRU
MSE: 11.920974939092503
MAE: 2.53778726083261
EVS: 0.47083311408635453
