Model: GRU
MSE: 14.327837756871348
MAE: 2.7677832223750927
EVS: 0.3786920501607135
