Model: GRU
MSE: 16.735218918493572
MAE: 3.0345546581127025
EVS: 0.2923340520466077
