Model: GRU
MSE: 13.674668071327849
MAE: 2.834080598972462
EVS: 0.528305646266801
