Model: GRU
MSE: 11.319810203267464
MAE: 2.4376755113954895
EVS: 0.5008322417685573
