Model: GRU
MSE: 13.83638852703605
MAE: 2.779752810796102
EVS: 0.38638922171368373
