Model: GRU
MSE: 14.71380882726719
MAE: 2.6571791966756186
EVS: 0.5112072350804562
