Model: GRU
MSE: 11.901350618109577
MAE: 2.4621729850769043
EVS: 0.5054673910629596
