Model: GRU
MSE: 10.603015458152296
MAE: 2.571561089268437
EVS: 0.5367560946550711
