Model: GRU
MSE: 12.541106150936052
MAE: 2.64597569571601
EVS: 0.44368284294990745
