Model: GRU
MSE: 20.594361538024653
MAE: 3.832757322876542
EVS: 0.45263951808254066
