Model: GRU
MSE: 12.812127658041913
MAE: 2.8024493323432074
EVS: 0.5144118702838696
