Model: GRU
MSE: 14.288157140049066
MAE: 2.5925543396561235
EVS: 0.38348273159402757
