Model: GRU
MSE: 9.28509790607631
MAE: 2.413133462270101
EVS: 0.5884796056050512
