Model: GRU
MSE: 14.118932648767426
MAE: 3.135359622814037
EVS: 0.488757874552298
