Model: GRU
MSE: 13.060909198441298
MAE: 3.131187333001031
EVS: 0.523242343394781
