Model: GRU
MSE: 13.31160768631784
MAE: 2.5009810306407787
EVS: 0.49605160649347213
