Model: GRU
MSE: 9.758052866930374
MAE: 2.5744211938646107
EVS: 0.5742711932872429
