Model: GRU
MSE: 12.169111679539647
MAE: 2.7413176165686712
EVS: 0.4834789291239946
