Model: GRU
MSE: 25.147978474004024
MAE: 4.126334843812166
EVS: 0.3717868821808643
