Model: GRU
MSE: 14.778729452677808
MAE: 3.004635810852051
EVS: 0.4187493293758616
