Model: GRU
MSE: 9.35258342889106
MAE: 2.569872750176324
EVS: 0.5917651556077594
