Model: GRU
MSE: 10.624037700789316
MAE: 2.3899137532269514
EVS: 0.5410799444242341
