Model: GRU
MSE: 19.08571558471032
MAE: 3.3122264014350042
EVS: 0.3225403258425573
