Model: GRU
MSE: 13.458437476865234
MAE: 2.5289185488665544
EVS: 0.41013592201544913
