Model: GRU
MSE: 13.665296741667534
MAE: 2.735065539677938
EVS: 0.39897628658132267
