Model: GRU
MSE: 13.890250866977922
MAE: 2.936868835378576
EVS: 0.4723391459023927
