Model: GRU
MSE: 17.33610274438451
MAE: 3.529511398739285
EVS: 0.45453321620381404
