Model: GRU
MSE: 16.165842102333627
MAE: 3.209010927765458
EVS: 0.37970117418041915
