Model: GRU
MSE: 12.795292728434049
MAE: 2.866605317151105
EVS: 0.4588193350015025
