Model: GRU
MSE: 11.268457248670874
MAE: 2.638827023682771
EVS: 0.5219295354692388
