Model: GRU
MSE: 12.425917110079236
MAE: 2.7119649251302085
EVS: 0.5192068426493708
