Model: GRU
MSE: 13.838688979987047
MAE: 3.1923641628689237
EVS: 0.5191042963515142
