Model: GRU
MSE: 11.17274479908319
MAE: 2.4059614605373807
EVS: 0.5627912725964364
