Model: GRU
MSE: 18.233050773543102
MAE: 3.4967638474923595
EVS: 0.3936719893671876
