Model: GRU
MSE: 10.674143557894459
MAE: 2.6254890583179615
EVS: 0.5457854765656565
