Model: GRU
MSE: 11.797012259544275
MAE: 2.475442197587755
EVS: 0.4925400762121117
