Model: GRU
MSE: 12.254804764297374
MAE: 2.636087170353642
EVS: 0.5166139254883211
