Model: GRU
MSE: 12.77492385266173
MAE: 2.53655563460456
EVS: 0.4550476888057856
