Model: GRU
MSE: 11.665701153428456
MAE: 2.329270433496546
EVS: 0.5364758824057491
