Model: GRU
MSE: 10.72866235559344
MAE: 2.6988097120214394
EVS: 0.5512551735962847
