Model: GRU
MSE: 15.980883294934836
MAE: 3.020619895723131
EVS: 0.3386400855800187
