Model: GRU
MSE: 16.687746943745953
MAE: 3.473104141376637
EVS: 0.5094823220689895
