Model: GRU
MSE: 13.072522910468422
MAE: 2.844273876260828
EVS: 0.4890683544451254
