Model: GRU
MSE: 12.725248372955797
MAE: 2.6998285011008933
EVS: 0.49609357573225854
