Model: GRU
MSE: 13.947610864033301
MAE: 3.129020258232399
EVS: 0.5047762102975719
