Model: GRU
MSE: 13.816599725091992
MAE: 2.4874680748692266
EVS: 0.4254935776243649
