Model: GRU
MSE: 12.589793400936985
MAE: 2.7471440809744374
EVS: 0.452082108482626
