Model: GRU
MSE: 15.026580454061689
MAE: 2.984724654091729
EVS: 0.3423085119940317
