Model: GRU
MSE: 9.141677440832964
MAE: 2.2431388519428395
EVS: 0.6029906263912752
