Model: GRU
MSE: 11.451501108868186
MAE: 2.420500777385853
EVS: 0.49223667649119884
