Model: GRU
MSE: 11.425561167258074
MAE: 2.65843399365743
EVS: 0.506640359404579
