Model: GRU
MSE: 9.768221570772008
MAE: 2.249405825579608
EVS: 0.5671320011608549
