Model: GRU
MSE: 12.993468145390786
MAE: 2.626390298207601
EVS: 0.4376296857561349
