Model: GRU
MSE: 12.585109358368038
MAE: 2.69910552766588
EVS: 0.4467525289516403
