Model: GRU
MSE: 10.47111360543778
MAE: 2.460762059247052
EVS: 0.5353350476603616
