Model: GRU
MSE: 12.851270064282188
MAE: 2.932522102638527
EVS: 0.5396425672455449
