Model: GRU
MSE: 13.694780630767376
MAE: 2.667765899940773
EVS: 0.4421814934151971
