Model: GRU
MSE: 11.271631413282606
MAE: 2.662859051315873
EVS: 0.5062753171922589
