Model: GRU
MSE: 9.972191404366665
MAE: 2.5154224148503057
EVS: 0.5597807290555201
