Model: GRU
MSE: 11.210156198057204
MAE: 2.530597545482494
EVS: 0.5025161551984797
