Model: GRU
MSE: 12.16102259745268
MAE: 2.2619261388425476
EVS: 0.5455321727171145
