Model: GRU
MSE: 16.611045441967537
MAE: 3.314016165556731
EVS: 0.3479380430058978
