Model: GRU
MSE: 16.623238806168352
MAE: 3.3763434798629195
EVS: 0.45062142086263535
