Model: GRU
MSE: 11.83889394025946
MAE: 2.5751809190820762
EVS: 0.48602132945174126
