Model: GRU
MSE: 12.226565863198017
MAE: 2.463048290323328
EVS: 0.47607389207265494
