Model: GRU
MSE: 12.475602344912373
MAE: 2.5754092181170427
EVS: 0.5033277508282441
