Model: GRU
MSE: 11.37997309837464
MAE: 2.2948097476252802
EVS: 0.49972068712372564
