Model: GRU
MSE: 13.387040554901114
MAE: 2.505499830952397
EVS: 0.4628222141724412
