Model: GRU
MSE: 11.889115413265127
MAE: 2.9150857307292797
EVS: 0.5235299821741032
