Model: GRU
MSE: 13.412533941857566
MAE: 2.6827074033873424
EVS: 0.5029606940578737
