Model: GRU
MSE: 17.56964697605343
MAE: 3.1036083786575883
EVS: 0.44024556076625365
