Model: GRU
MSE: 13.069755133059651
MAE: 2.778413348727756
EVS: 0.5011904094788802
