Model: GRU
MSE: 12.080928473406845
MAE: 2.532201572700783
EVS: 0.46373629463548993
