Model: GRU
MSE: 13.727324821050365
MAE: 3.073335983135082
EVS: 0.47661338436830347
