Model: GRU
MSE: 9.262381513885465
MAE: 2.294305094966182
EVS: 0.5888103209606399
