Model: GRU
MSE: 11.34693617304036
MAE: 2.572712227150246
EVS: 0.5485080426016224
