Model: GRU
MSE: 18.251554001043043
MAE: 3.0227456004531295
EVS: 0.2758378664515677
