Model: GRU
MSE: 12.855412297440884
MAE: 2.559761577182346
EVS: 0.43149356483564494
