Model: GRU
MSE: 9.03165505796374
MAE: 2.4099053983335144
EVS: 0.6028105973731676
