Model: GRU
MSE: 10.89440017591127
MAE: 2.517731048442699
EVS: 0.5648806830224331
