Model: GRU
MSE: 4.8737573677768795
MAE: 1.87895753648546
EVS: 0.07699316468112904
