Model: GRU
MSE: 17.160137370502795
MAE: 2.9934572643703885
EVS: -0.22289603417486248
