Model: GRU
MSE: 9.712866366620801
MAE: 2.78984041567202
EVS: 0.08794835017732883
