Model: GRU
MSE: 18.249714820981353
MAE: 3.3649538181446217
EVS: -0.1132006928375846
