Model: GRU
MSE: 4.613714444818201
MAE: 1.744084322894061
EVS: 0.12541543789156195
