Model: GRU
MSE: 11.205472047132524
MAE: 3.0870906335336192
EVS: 0.2714261855977088
