Model: GRU
MSE: 13.411335447471645
MAE: 3.37963072458903
EVS: 0.18000703372789562
