Model: GRU
MSE: 6.456926476873714
MAE: 2.122147136264377
EVS: 0.1732631321435164
