Model: GRU
MSE: 3.521987069170454
MAE: 1.2213301482024017
EVS: 0.2672825679150277
