Model: GRU
MSE: 4.698842807444163
MAE: 1.7447611844098125
EVS: 0.0574246770705551
