Model: GRU
MSE: 23.65818682201364
MAE: 3.6059056435312544
EVS: -0.5070076348140011
