Model: GRU
MSE: 3.4509709031911338
MAE: 1.4313388047394928
EVS: 0.20706794775465087
