Model: GRU
MSE: 21.34760776682355
MAE: 3.39160986299868
EVS: -0.4609318778588438
