Model: GRU
MSE: 9.269932086825907
MAE: 2.837105327182346
EVS: 0.26810141042973257
