Model: GRU
MSE: 22.831824537980335
MAE: 4.48488422676369
EVS: 0.14991682290880393
