Model: GRU
MSE: 14.04690864741217
MAE: 2.2427342379534685
EVS: -0.11668590082930574
