Model: GRU
MSE: 3.7746235303745412
MAE: 1.5802331853795935
EVS: 0.18063810496848498
