Model: GRU
MSE: 3.8450772859700075
MAE: 1.3922261132134333
EVS: 0.11305477453660628
