Model: GRU
MSE: 5.020378382971676
MAE: 1.9162747065226238
EVS: 0.21633803674101382
