Model: GRU
MSE: 11.169061653961156
MAE: 3.0336041627106844
EVS: 0.2159058635118647
