Model: GRU
MSE: 5.019511313924138
MAE: 1.7349140379163954
EVS: 0.03682204039541015
