Model: GRU
MSE: 5.740773326435037
MAE: 2.0280205761944807
EVS: 0.03300499897104048
