Model: GRU
MSE: 14.046376805359614
MAE: 2.477336389047128
EVS: -0.07584729494841724
