Model: GRU
MSE: 19.946746959482578
MAE: 3.7020319479483144
EVS: -0.158492346952116
