Model: GRU
MSE: 3.521101640036216
MAE: 1.1818293818721064
EVS: 0.2598390382873209
