Model: GRU
MSE: 20.900229375200137
MAE: 2.854193086977358
EVS: -0.5590801140323007
