Model: GRU
MSE: 18.69291896053498
MAE: 4.042116235803674
EVS: 0.09746987871339596
