Model: GRU
MSE: 5.037131057086534
MAE: 1.9410011503431532
EVS: 0.2682082218680294
