Model: GRU
MSE: 4.730064695226213
MAE: 1.8185396900883428
EVS: 0.2271486564400551
