Model: GRU
MSE: 4.809576502249237
MAE: 1.6819994891131367
EVS: 0.07504501604924296
