Model: GRU
MSE: 19.61195916224135
MAE: 2.5555002689361572
EVS: -0.5556898353146638
