Model: GRU
MSE: 23.479850533503733
MAE: 3.7343495421939426
EVS: -0.46025996274443504
