Model: GRU
MSE: 5.820177028912911
MAE: 2.0564131560149015
EVS: 0.2531483949781175
