Model: GRU
MSE: 5.161798826143543
MAE: 1.9831039287425853
EVS: 0.22140978096607056
