Model: GRU
MSE: 13.032560957237937
MAE: 3.2090545583654335
EVS: -0.006788278524673341
