Model: GRU
MSE: 14.02347035900153
MAE: 3.481133884853787
EVS: 0.2131663457074069
