Model: GRU
MSE: 21.51934398595697
MAE: 3.4541357181690358
EVS: -0.3903739790004135
