Model: GRU
MSE: 6.50322883202066
MAE: 2.0901859777945058
EVS: 0.16108605823787925
