Model: GRU
MSE: 19.457830743742644
MAE: 2.6219009028540716
EVS: -0.5260776130831797
