Model: GRU
MSE: 10.090622151737424
MAE: 2.6690850964298956
EVS: 0.028150677885585895
