Model: GRU
MSE: 6264.393056867351
MAE: 79.12080793027525
EVS: 0.0
