Model: GRU
MSE: 952.9477555385024
MAE: 30.7069640689426
EVS: 0.20262240697630463
