Model: GRU
MSE: 7.111615259775977
MAE: 2.3183026843600802
EVS: 0.12986112982233133
