Model: GRU
MSE: 23.462859280105206
MAE: 3.6105466772008827
EVS: -0.4486695157201952
