Model: GRU
MSE: 24.17740295850313
MAE: 3.894304558082863
EVS: -0.4024197010429844
