Model: GRU
MSE: 758.1897365517834
MAE: 27.458488005178946
EVS: 0.01622917759757725
