Model: GRU
MSE: 16.230373686356163
MAE: 2.525806850857205
EVS: -0.24084005720598367
