Model: GRU
MSE: 5.56769012370653
MAE: 1.8358836350617584
EVS: -0.006546267111917858
