Model: GRU
MSE: 6.066020874863608
MAE: 2.122325226112648
EVS: 0.11426240986165581
