Model: GRU
MSE: 7.064622600312019
MAE: 2.231511610525626
EVS: -0.036609366549567035
