Model: GRU
MSE: 10.627368597704878
MAE: 2.8786102224279335
EVS: 0.10842903651656
