Model: GRU
MSE: 3.6546682948222347
MAE: 1.5537834167480469
EVS: 0.17981666520738093
