Model: GRU
MSE: 24.64558867820045
MAE: 4.2767379018995495
EVS: -0.19221320376302087
