Model: GRU
MSE: 27.61156686881115
MAE: 4.382846532044588
EVS: -0.38773698723115135
