Model: GRU
MSE: 10.185436878544689
MAE: 2.923502392239041
EVS: 0.24553890594786965
