Model: GRU
MSE: 19.968214689142467
MAE: 2.6592160330878363
EVS: -0.5612034258597673
