Model: GRU
MSE: 12.417915647356999
MAE: 3.174978150261773
EVS: 0.014400949171874067
