Model: GRU
MSE: 5.7112542653260086
MAE: 1.927720140527796
EVS: 0.08504524625393861
