Model: GRU
MSE: 18.31114659623883
MAE: 4.044636231881601
EVS: 0.17345333877697433
