Model: GRU
MSE: 4.8771368771550545
MAE: 1.9359766642252605
EVS: 0.1536051222407604
