Model: GRU
MSE: 21.189155239885284
MAE: 4.330232584917987
EVS: 0.22501315301481373
