Model: GRU
MSE: 4.294180104983045
MAE: 1.7093612882826064
EVS: 0.22618940336468407
