Model: GRU
MSE: 3.628285882110672
MAE: 1.5824426368430808
EVS: 0.3012200413321803
