Model: GRU
MSE: 14.58236237067063
MAE: 3.524918732819734
EVS: 0.14566305156879245
