Model: GRU
MSE: 11.760866358897719
MAE: 2.8489358690049915
EVS: -0.2750125495657447
