Model: GRU
MSE: 7.580392037053941
MAE: 2.483963719120732
EVS: 0.15372531260770594
