Model: GRU
MSE: 16.946113707718116
MAE: 3.8322904728077076
EVS: 0.14505008681694742
