Model: GRU
MSE: 21.172946923073905
MAE: 3.5028933116367886
EVS: -0.34023154625220564
