Model: GRU
MSE: 3.8382043052897306
MAE: 1.4678275850084093
EVS: 0.18340779443458577
