Model: GRU
MSE: 13.272560284968003
MAE: 2.1566688043099864
EVS: -0.05511015699494659
