Model: GRU
MSE: 20.78735471873154
MAE: 2.6578682793511286
EVS: -0.6141051986321273
