Model: GRU
MSE: 6.459707181311859
MAE: 2.3002016985857927
EVS: 0.26808232644267005
