Model: GRU
MSE: 11.748440195954235
MAE: 3.1528858255456993
EVS: 0.24685233574155063
