Model: GRU
MSE: 15.646638338798262
MAE: 3.7450548807779946
EVS: 0.30218820059644513
