Model: GRU
MSE: 17.77023106411162
MAE: 2.6451803313361273
EVS: -0.3579431253477634
