Model: GRU
MSE: 8.179772325187177
MAE: 2.614561363502785
EVS: 0.32546611153170024
