Model: GRU
MSE: 16.126277524818803
MAE: 2.815904140472412
EVS: -0.19772080476702736
