Model: GRU
MSE: 1240.9304397619114
MAE: 35.11268983063874
EVS: 0.3616716510962015
