Model: GRU
MSE: 8.95601905410954
MAE: 2.5139115298235857
EVS: 0.04449093406868232
