Model: GRU
MSE: 14.601242619587369
MAE: 2.545964135064019
EVS: -0.14367541317183785
