Model: GRU
MSE: 4.309826564302259
MAE: 1.6765979484275535
EVS: 0.1539055301498451
