Model: GRU
MSE: 16.236196853889346
MAE: 2.1038244388721608
EVS: -0.23716677893660698
