Model: GRU
MSE: 13.468930341427882
MAE: 3.383237026355885
EVS: 0.06510907191088855
