Model: GRU
MSE: 15.561378700628463
MAE: 2.845061019614891
EVS: -0.0964716463125328
