Model: GRU
MSE: 4.196579080954911
MAE: 1.6998672838564273
EVS: 0.2086148745674432
