Model: GRU
MSE: 12.214238179856027
MAE: 3.100304020775689
EVS: 0.022603813562999453
