Model: GRU
MSE: 11457.79173808031
MAE: 107.01870727539062
EVS: -0.11588066929231977
