Model: GRU
MSE: 4.955118539773509
MAE: 1.8793413374159071
EVS: 0.2332836088131215
