Model: GRU
MSE: 24.493797395210837
MAE: 4.330568702132614
EVS: -0.1337219645239327
