Model: GRU
MSE: 11.214011592518377
MAE: 3.1150054931640625
EVS: 0.2795239719955228
