Model: GRU
MSE: 6.519761913791323
MAE: 2.282674789428711
EVS: 0.2787475893746926
