Model: GRU
MSE: 347.0933069000855
MAE: 18.513520225330634
EVS: -0.012134409742889707
