Model: GRU
MSE: 3.229058297236878
MAE: 1.3755257924397786
EVS: 0.2553251004767719
