Model: GRU
MSE: 18.41649641917017
MAE: 4.00432374742296
EVS: 0.046988353812656314
