Model: GRU
MSE: 19.781856560254138
MAE: 3.423275347109194
EVS: -0.20275543785938432
