Model: GRU
MSE: 26.69969183789095
MAE: 4.3427233298619585
EVS: -0.37198273549354166
