Model: GRU
MSE: 28.204157006632556
MAE: 4.47800886631012
EVS: -0.4213390848949048
