Model: GRU
MSE: 11.664328666431713
MAE: 3.1041296499746815
EVS: 0.17423937437397297
