Model: GRU
MSE: 26.39239935414043
MAE: 4.383806670153582
EVS: -0.3630655117132342
