Model: GRU
MSE: 19.76766050847204
MAE: 3.1637292438083224
EVS: -0.31396419342428294
