Model: GRU
MSE: 27.501446301569374
MAE: 4.2420482282285334
EVS: -0.5471928907872232
