Model: GRU
MSE: 4.516231259381971
MAE: 1.7997153953269676
EVS: 0.19917726542477998
