Model: GRU
MSE: 19.927779633176744
MAE: 2.5356915902208397
EVS: -0.5561474682788319
