Model: GRU
MSE: 5.202121361148615
MAE: 1.9394559507016782
EVS: 0.20582989856666056
