Model: GRU
MSE: 5.921614913852965
MAE: 2.1489511419225624
EVS: 0.35639917790948605
