Model: GRU
MSE: 4.443771252680428
MAE: 1.7025812996758356
EVS: 0.22850151103102734
