Model: GRU
MSE: 5.974054608453319
MAE: 1.99315901155825
EVS: 0.1472323772634232
