Model: GRU
MSE: 6.21094564286809
MAE: 2.1000020062481917
EVS: 0.23061277666755453
