Model: GRU
MSE: 4.052760856129478
MAE: 1.5839364087140118
EVS: 0.1706019786477162
