Model: GRU
MSE: 3.462982621301375
MAE: 1.4139319879037362
EVS: 0.20389720145525014
