Model: GRU
MSE: 7.444841119183467
MAE: 2.4689207430239075
EVS: 0.20339178569077776
