Model: GRU
MSE: 3.846291121266808
MAE: 1.5333575495967158
EVS: 0.17073943703828642
