Model: GRU
MSE: 16.20814677448467
MAE: 2.9168452156914606
EVS: -0.1749507076271204
