Model: GRU
MSE: 6.964229523381113
MAE: 2.124431115609628
EVS: -0.0885976906170578
