Model: GRU
MSE: 4.893489392737474
MAE: 1.8059598075018988
EVS: 0.1680285971751806
