Model: GRU
MSE: 3.669663021783486
MAE: 1.4465056172123663
EVS: 0.17205697640901685
