Model: GRU
MSE: 15.891384475616961
MAE: 3.019112463350649
EVS: -0.08401814020852094
