Model: GRU
MSE: 1114.0981770881353
MAE: 33.30178709383364
EVS: -0.18605909894037076
