Model: GRU
MSE: 33.14550805062498
MAE: 5.064958210344668
EVS: -0.3758814050581494
