Model: GRU
MSE: 4.35274395049028
MAE: 1.8255324187102142
EVS: 0.29469347534589985
