Model: GRU
MSE: 14.821835375113661
MAE: 2.2890897856818304
EVS: -0.17570018592802494
