Model: GRU
MSE: 4.557401491927353
MAE: 1.582792670638473
EVS: -0.0015903843677995688
