Model: GRU
MSE: 3.0145078375576135
MAE: 1.3368939646968134
EVS: 0.29807332856430857
