Model: GRU
MSE: 4.710669882531134
MAE: 1.830505653663918
EVS: 0.1354924798037911
