Model: GRU
MSE: 11.50773395468517
MAE: 3.044094368263527
EVS: 0.011339090296157095
