Model: GRU
MSE: 11.615198837258268
MAE: 2.871952445418746
EVS: -0.31426923981388555
