Model: GRU
MSE: 5.865474328008531
MAE: 2.0807378910205983
EVS: 0.1139440422593948
