Model: GRU
MSE: 17.736100130356878
MAE: 2.637962058738426
EVS: -0.37753081336316674
