Model: GRU
MSE: 19.279443315060032
MAE: 2.3048490241721824
EVS: -0.5210865376563332
