Model: GRU
MSE: 4.225506688340829
MAE: 1.6889344674569589
EVS: 0.204611033172872
