Model: GRU
MSE: 7.239576879598847
MAE: 2.3608539369371204
EVS: 0.2776977708563062
