Model: GRU
MSE: 4.679827243949384
MAE: 1.9026139577229817
EVS: 0.15428765901441566
