Model: GRU
MSE: 6.518875567200734
MAE: 2.231930202907986
EVS: 0.3168423746791541
