Model: GRU
MSE: 5.413223105639527
MAE: 2.0538065168592663
EVS: 0.2523714231241575
