Model: GRU
MSE: 21.36405113558843
MAE: 3.4032377048775
EVS: -0.37026569265201026
