Model: GRU
MSE: 4.925837655765867
MAE: 1.8189512535377785
EVS: 0.23636124626053978
