Model: GRU
MSE: 3.934002190264571
MAE: 1.5392803615993924
EVS: 0.1905019485641989
