Model: GRU
MSE: 8.994060367084044
MAE: 2.758541142499005
EVS: 0.20091941106398514
