Model: GRU
MSE: 8.607799260731655
MAE: 2.661847467775698
EVS: 0.24131348770776584
