Model: GRU
MSE: 8.051874800563011
MAE: 2.537212619075069
EVS: 0.20386366746784657
