Model: GRU
MSE: 4.290107877963035
MAE: 1.6722527963143807
EVS: 0.06854211968442059
