Model: GRU
MSE: 6.92214997551909
MAE: 2.3591210400616682
EVS: 0.17468240963290738
