Model: GRU
MSE: 19.295135055717267
MAE: 3.350324789683024
EVS: -0.3045935189127995
