Model: GRU
MSE: 23.077710700242555
MAE: 3.5062619958605086
EVS: -0.5064582769980444
