Model: GRU
MSE: 4.6576410073214864
MAE: 1.4954174889458551
EVS: 0.2063955006270587
