Model: GRU
MSE: 4.316584562892684
MAE: 1.818074968126085
EVS: 0.39402845184077206
