Model: GRU
MSE: 13.537251157843524
MAE: 2.159049528616446
EVS: -0.07469984829292642
