Model: GRU
MSE: 6.909650141873196
MAE: 2.230841636657715
EVS: -0.002186715033547948
