Model: GRU
MSE: 14.339578259576465
MAE: 3.4934852388170032
EVS: 0.13632343321781148
