Model: GRU
MSE: 24.758948294157562
MAE: 2.9714627928204007
EVS: -0.9274229479208909
