Model: GRU
MSE: 356.9239562656724
MAE: 18.782249247586286
EVS: 0.03256725012753925
