Model: GRU
MSE: 17.950420867810628
MAE: 3.2368806909631798
EVS: -0.14520756939921187
