Model: GRU
MSE: 3.3931035354453343
MAE: 1.2005649142795138
EVS: 0.3027517336140002
