Model: GRU
MSE: 5.660129825080528
MAE: 2.1569444868299694
EVS: 0.17807369464962597
