Model: GRU
MSE: 8.793894806457805
MAE: 2.756837915491175
EVS: 0.33802462839780023
