Model: GRU
MSE: 3.881162783211881
MAE: 1.5935328095047563
EVS: 0.22117226595549566
