Model: GRU
MSE: 31.802985772643506
MAE: 4.986835744645861
EVS: -0.37286963630908865
