Model: GRU
MSE: 9.464447052901622
MAE: 2.8087870986373336
EVS: 0.33981895029056486
