Model: GRU
MSE: 20.32693620465886
MAE: 2.420917828877767
EVS: -0.6150666073694866
