Model: GRU
MSE: 20.098366855664374
MAE: 2.4197703467475042
EVS: -0.5967573374443214
