Model: GRU
MSE: 9.837568282552436
MAE: 2.818026542663574
EVS: 0.2192421041725403
