Model: GRU
MSE: 6.073470870029302
MAE: 1.9760390740853768
EVS: 0.03652834150810136
