Model: GRU
MSE: 12.774632528539735
MAE: 3.2629022245053894
EVS: 0.16217355359834806
