Model: GRU
MSE: 1211.6483506246254
MAE: 34.74464649624295
EVS: -0.038939308444067455
