Model: GRU
MSE: 10.138608090324649
MAE: 2.937908313892506
EVS: 0.2579733869739884
