Model: GRU
MSE: 22.9340956533588
MAE: 3.048696902063158
EVS: -0.7180525803330098
