Model: GRU
MSE: 23.36377591053012
MAE: 3.15988321657534
EVS: -0.7295466798129988
