Model: GRU
MSE: 3.705226573193613
MAE: 1.2955087379172996
EVS: 0.13860074578791404
