Model: GRU
MSE: 25.201499882645564
MAE: 4.130204527466385
EVS: -0.3260105678673284
