Model: GRU
MSE: 29.416855692747486
MAE: 4.70874238897253
EVS: -0.2908820635482501
