Model: GRU
MSE: 22.66564665249751
MAE: 3.34381753427011
EVS: -0.6261004693283232
