Model: GRU
MSE: 21.695208675960732
MAE: 3.4188864742006575
EVS: -0.40252187401779804
