Model: GRU
MSE: 13.59424082261352
MAE: 1.873427638301143
EVS: -0.0019825533429453923
