Model: GRU
MSE: 3191.1292235105784
MAE: 56.41812006632487
EVS: 0.3540796310023915
