Model: GRU
MSE: 5.288977093032338
MAE: 1.9073950096412942
EVS: 0.17972385013036218
