Model: GRU
MSE: 5.351613909391273
MAE: 1.8204756136293765
EVS: 0.09989844958256455
