Model: GRU
MSE: 4.3747229812267205
MAE: 1.8217882580227323
EVS: 0.3416411949382535
