Model: GRU
MSE: 3.9525630530425353
MAE: 1.2992357324670862
EVS: 0.13347287875487956
