Model: GRU
MSE: 6.628228322019755
MAE: 2.227041421113191
EVS: 0.21753938153373586
