Model: GRU
MSE: 1548.815988751282
MAE: 39.28211466471354
EVS: -0.33575178518966187
