Model: GRU
MSE: 15.919478004166573
MAE: 3.609944290584988
EVS: -0.022904355143842592
