Model: GRU
MSE: 3.223222590295875
MAE: 1.2331554977982133
EVS: 0.2800009295856968
