Model: GRU
MSE: 6.110073362824012
MAE: 1.8273354989510995
EVS: -0.05236335737939979
