Model: GRU
MSE: 5.397924150960871
MAE: 1.3662872314453125
EVS: -0.2463342523574552
