Model: GRU
MSE: 5.914366228398985
MAE: 2.096525686758536
EVS: 0.1383686209665006
