Model: GRU
MSE: 7.7144091822413055
MAE: 2.4120301493891962
EVS: 0.2507630960860081
