Model: GRU
MSE: 15.657850362442803
MAE: 2.478347001252351
EVS: -0.23534320108787687
