Model: GRU
MSE: 19.75019440947686
MAE: 3.3153890115874156
EVS: -0.28467463427062945
