Model: GRU
MSE: 6.734766198239648
MAE: 2.278993677209925
EVS: 0.16866386462566596
