Model: GRU
MSE: 18.31615450200853
MAE: 2.8886081907484265
EVS: -0.33755394608336986
