Model: GRU
MSE: 16.233838821892714
MAE: 3.810418482179995
EVS: 0.04923925137694518
