Model: GRU
MSE: 6.726608197430626
MAE: 2.1079368238095886
EVS: 0.14997744280072134
