Model: GRU
MSE: 14.99514973815811
MAE: 2.257095637144866
EVS: -0.191803443741297
