Model: GRU
MSE: 4.886384222676362
MAE: 1.8234677491364655
EVS: 0.15589450137218175
