Model: GRU
MSE: 5.405076347910398
MAE: 2.050796720716688
EVS: 0.11407721071456745
