Model: GRU
MSE: 14.265817310463987
MAE: 2.0579055856775352
EVS: -0.04095716608136413
