Model: GRU
MSE: 18.130414029291522
MAE: 3.094005266825358
EVS: -0.19928789042908335
