Model: GRU
MSE: 3.1450770725683403
MAE: 1.3491173496952764
EVS: 0.3081519960210882
