Model: GRU
MSE: 2018.3224385257533
MAE: 44.87796373720522
EVS: 0.0
