Model: GRU
MSE: 5.785869343654331
MAE: 2.1175288800840026
EVS: 0.007703432963660939
