Model: GRU
MSE: 21.52734991801213
MAE: 2.6218940019607544
EVS: -0.685125633727139
