Model: GRU
MSE: 19.603838536412862
MAE: 4.170551653261538
EVS: 0.08829787330455974
