Model: GRU
MSE: 5.206450051975749
MAE: 1.991344239976671
EVS: 0.19237044601504094
