Model: GRU
MSE: 18.245702047110036
MAE: 2.594532012939453
EVS: -0.4145810040588056
