Model: GRU
MSE: 15.346845198407479
MAE: 2.1652405703509294
EVS: -0.2106389103325872
