Model: GRU
MSE: 4.821941766706072
MAE: 1.782607255158601
EVS: 0.14938421307275151
