Model: GRU
MSE: 3.1208930164994957
MAE: 1.2525824440850153
EVS: 0.27522636368368847
