Model: GRU
MSE: 7.066117911122732
MAE: 2.3688001985903138
EVS: 0.20105867726301896
