Model: GRU
MSE: 18.74267813276366
MAE: 2.7419721373805293
EVS: -0.3922967277533842
