Model: GRU
MSE: 3.204859730702049
MAE: 1.5118582336990922
EVS: 0.3256345281697257
