Model: GRU
MSE: 5.267390966871904
MAE: 2.0584023087112993
EVS: 0.19293450675531465
