Model: GRU
MSE: 3.9919850071729446
MAE: 1.5257991154988606
EVS: 0.13022409013683323
