Model: GRU
MSE: 3.4790067318269426
MAE: 1.5534015584875036
EVS: 0.2281086906855173
