Model: GRU
MSE: 16.26705708275768
MAE: 2.7174698688365795
EVS: -0.21706846850825934
