Model: GRU
MSE: 22.43666953562292
MAE: 2.5978765752580433
EVS: -0.7801390068668201
