Model: GRU
MSE: 22.17288449762991
MAE: 3.440697113672892
EVS: -0.40849086862561346
