Model: GRU
MSE: 5.760115376609401
MAE: 2.141574329800076
EVS: 0.1483195672583023
