Model: GRU
MSE: 19.514501025361117
MAE: 3.6828859470508717
EVS: -0.15595566880428757
