Model: GRU
MSE: 2.75581352613699
MAE: 1.1957068973117404
EVS: 0.3621411957292907
