Model: GRU
MSE: 3.77963637988722
MAE: 1.544992588184498
EVS: 0.20823951048761336
