Model: GRU
MSE: 29.96927927291253
MAE: 5.218537966410319
EVS: 0.1592106071885072
