Model: GRU
MSE: 7.282077976368008
MAE: 2.427446577284071
EVS: 0.2190537188314412
