Model: GRU
MSE: 3.5046242773248903
MAE: 1.4565773363466616
EVS: 0.24872770651981813
