Model: GRU
MSE: 11.088186693132801
MAE: 3.128540356953939
EVS: 0.21335631373622188
