Model: GRU
MSE: 6.074042670496493
MAE: 2.146126323276096
EVS: 0.2088690417549306
