Model: GRU
MSE: 370.77892675619006
MAE: 19.145045125925982
EVS: 0.010402570235137576
