Model: GRU
MSE: 31.82579226932784
MAE: 4.880523628658718
EVS: -0.4818879343968199
