Model: GRU
MSE: 5.812215348054754
MAE: 2.128048402291757
EVS: 0.25218620026915817
