Model: GRU
MSE: 19.155628188290663
MAE: 2.9828869943265564
EVS: -0.4009643676204533
