Model: GRU
MSE: 5.931064653945685
MAE: 2.1722582357901112
EVS: 0.16030689262894415
