Model: GRU
MSE: 13.93307934069044
MAE: 3.391777921605993
EVS: 0.0766129926175837
