Model: GRU
MSE: 1050.3593006542771
MAE: 32.26943857329233
EVS: 0.2580402199966707
