Model: GRU
MSE: 21.08585463844466
MAE: 3.990671193158185
EVS: -0.14316864083424852
