Model: GRU
MSE: 6.427174129957132
MAE: 2.1463150448269315
EVS: 0.2407779352864401
