Model: GRU
MSE: 7.909744497145834
MAE: 2.5573398802015515
EVS: 0.37712956814193255
