Model: GRU
MSE: 1015.7696757267057
MAE: 31.80779273421676
EVS: 0.0598516979923982
