Model: GRU
MSE: 11.29024056170945
MAE: 3.074769761827257
EVS: 0.18315098093680515
