Model: GRU
MSE: 9.672601868087542
MAE: 2.80268128712972
EVS: 0.21784396829100883
