Model: GRU
MSE: 3.55454533469573
MAE: 1.4871157893428095
EVS: 0.25038594961867944
