Model: GRU
MSE: 6.211674886410744
MAE: 2.10607440383346
EVS: 0.1495941392583704
