Model: GRU
MSE: 16.78221475050753
MAE: 2.5752082224245423
EVS: -0.32353176856742083
