Model: GRU
MSE: 8.951027802914757
MAE: 2.750531867698387
EVS: 0.21131707168938807
