Model: GRU
MSE: 16.54529661026761
MAE: 2.2375666300455728
EVS: -0.3113373296621902
