Model: GRU
MSE: 3.7773683686113886
MAE: 1.4725152474862557
EVS: 0.1254229570483526
