Model: GRU
MSE: 8.756082176990848
MAE: 2.628375018084491
EVS: 0.13232703762944253
