Model: GRU
MSE: 3.7050090354812846
MAE: 1.4493887159559462
EVS: 0.1653311941105836
