Model: GRU
MSE: 7.90167446064704
MAE: 2.561911618268048
EVS: 0.23114591045157207
