Model: GRU
MSE: 4.770649401563214
MAE: 1.9112670686509874
EVS: 0.27651755754218454
