Model: GRU
MSE: 3.5353847297137015
MAE: 1.1786489133481626
EVS: 0.27862728402356407
