Model: GRU
MSE: 7.412401393011519
MAE: 2.4932948218451605
EVS: 0.3478969842978016
