Model: GRU
MSE: 22.016926516467418
MAE: 4.067182788142452
EVS: -0.1042998941459008
