Model: GRU
MSE: 20.28303297254284
MAE: 3.1254769961039224
EVS: -0.368937363003891
