Model: GRU
MSE: 5.766505673620317
MAE: 2.0926619282475225
EVS: 0.20966257051845605
