Model: GRU
MSE: 17.824380377860376
MAE: 3.3565329142979214
EVS: -0.11414252420215432
