Model: GRU
MSE: 16.36700237189052
MAE: 3.1533072083084672
EVS: -0.037876152198001556
