Model: GRU
MSE: 11.361781517395414
MAE: 3.0296006026091398
EVS: -0.002639756713560537
