Model: GRU
MSE: 18.808747213085994
MAE: 3.0715600384606256
EVS: -0.3228953225375002
