Model: GRU
MSE: 7.234309487429123
MAE: 2.3840847368593567
EVS: 0.19390177889923543
