Model: GRU
MSE: 23.829141086931216
MAE: 4.56548387032968
EVS: 0.17328543515066464
