Model: GRU
MSE: 18.411122919174616
MAE: 3.4065989741572626
EVS: -0.10568831327890016
