Model: GRU
MSE: 3.915633820580836
MAE: 1.4627922552603263
EVS: 0.11881963492847625
