Model: GRU
MSE: 6.711588501452449
MAE: 2.337628541169343
EVS: 0.2718362435070305
