Model: GRU
MSE: 21.295343868355076
MAE: 3.5360676270944102
EVS: -0.32445554905968943
