Model: GRU
MSE: 3.5544713404662143
MAE: 1.2850696069222909
EVS: 0.17952543205840865
