Model: GRU
MSE: 4.891889495625306
MAE: 1.8884746057015878
EVS: 0.17932359623478877
