Model: GRU
MSE: 3.3304641431827298
MAE: 1.2879578625714336
EVS: 0.22465488533246236
