Model: GRU
MSE: 4.799145043808056
MAE: 1.8725257449679904
EVS: 0.19476032286636558
