Model: GRU
MSE: 15.89662288397234
MAE: 2.809529534092656
EVS: -0.1318739573362402
