Model: GRU
MSE: 21.652443624469655
MAE: 3.7255971343429
EVS: -0.21881265579675357
