Model: GRU
MSE: 18.694827450377286
MAE: 3.157403098212348
EVS: -0.2451728158839923
