Model: GRU
MSE: 24.10353714558521
MAE: 3.7254265855859825
EVS: -0.4547229400829902
