Model: GRU
MSE: 6.360690955425323
MAE: 2.113111284044054
EVS: 0.10247062772377469
