Model: GRU
MSE: 23.09064857744276
MAE: 3.6959460576375327
EVS: -0.40824883285406566
