Model: GRU
MSE: 13.203495382323228
MAE: 3.3345638557716653
EVS: 0.2174513031653036
