Model: GRU
MSE: 5.803055836125909
MAE: 2.0348136689927845
EVS: 0.26742119859081126
