Model: GRU
MSE: 14.54117044385199
MAE: 3.531508798952456
EVS: -0.043973230970784316
