Model: GRU
MSE: 23.767739686754204
MAE: 3.7042989465925427
EVS: -0.5251266326501178
