Model: GRU
MSE: 15.140153219002261
MAE: 3.6365145577324762
EVS: 0.16705460442046127
