Model: GRU
MSE: 17.321469146225937
MAE: 2.804719236161974
EVS: -0.2684161309474473
