Model: GRU
MSE: 15.94613023939214
MAE: 3.754150249339916
EVS: 0.32656838482276873
