Model: GRU
MSE: 19.35850966372181
MAE: 2.500246320452009
EVS: -0.5840929612421251
