Model: GRU
MSE: 3.122131318646367
MAE: 1.2805575264824762
EVS: 0.27255703749789806
