Model: GRU
MSE: 22.39516522477931
MAE: 4.034318588398121
EVS: -0.15311641766328932
