Model: GRU
MSE: 27.673886724931535
MAE: 4.962216306615759
EVS: -0.0007886331314861383
