Model: GRU
MSE: 11.760212183107932
MAE: 3.2206217447916665
EVS: 0.2744063128686023
