Model: GRU
MSE: 16.935159639535346
MAE: 2.331820735224971
EVS: -0.10229000669278898
