Model: GRU
MSE: 7.43705558886042
MAE: 2.3279876708984375
EVS: 0.195312889533377
