Model: GRU
MSE: 3.902576539446003
MAE: 1.6176767349243164
EVS: 0.1305364631576793
