Model: GRU
MSE: 5.273985479875389
MAE: 2.0390114607634366
EVS: 0.18112524568491817
