Model: GRU
MSE: 3.9299556022433197
MAE: 1.5605939582542137
EVS: 0.2164232027633839
