Model: GRU
MSE: 6.222394590031702
MAE: 2.1964526353058993
EVS: 0.2013185354437801
