Model: GRU
MSE: 4.94581238289636
MAE: 1.8767786026000977
EVS: 0.1705431799728666
