Model: GRU
MSE: 7.627478366091761
MAE: 2.4522338443332248
EVS: 0.2826303911459138
