Model: GRU
MSE: 5.829943250481948
MAE: 2.1104813328495733
EVS: 0.24738570079786049
