Model: GRU
MSE: 3144.842644852521
MAE: 56.022569020589195
EVS: -0.471611694526229
