Model: GRU
MSE: 14.068949733508985
MAE: 2.3212022428159362
EVS: -0.11421740351100573
