Model: GRU
MSE: 7.042836887460167
MAE: 2.287739471152977
EVS: 0.13440758455256685
