Model: GRU
MSE: 10.210621428699698
MAE: 2.951325628492567
EVS: 0.13717704842740208
