Model: GRU
MSE: 4.774608294097764
MAE: 1.7764833238389757
EVS: 0.20386098872206526
