Model: GRU
MSE: 4.766126455000631
MAE: 1.9231761649802879
EVS: 0.2334335457775073
