Model: GRU
MSE: 9.371168137800279
MAE: 2.8030614852905273
EVS: 0.10956432662609727
