Model: GRU
MSE: 7.300173059876148
MAE: 2.355341840673376
EVS: 0.10085217973840677
