Model: GRU
MSE: 16.70762766949021
MAE: 2.96803672225387
EVS: -0.17310704131662202
