Model: GRU
MSE: 11.39024058739226
MAE: 3.0840254183168763
EVS: 0.10184261041496045
