Model: GRU
MSE: 3.6445142689002146
MAE: 1.5628157015200015
EVS: 0.23645043332782556
