Model: GRU
MSE: 22.351312936860435
MAE: 3.650795300801595
EVS: -0.3631041873693739
