Model: GRU
MSE: 11.495095694318984
MAE: 3.1330221670645253
EVS: 0.231535862807149
