Model: GRU
MSE: 5.290751197079131
MAE: 1.8285643966109664
EVS: 0.1678517951851195
