Model: GRU
MSE: 21.835945746813977
MAE: 3.3608064121670194
EVS: -0.4752449519595101
