Model: GRU
MSE: 1041.4583033357876
MAE: 32.21793450249566
EVS: 0.19292621412622968
