Model: GRU
MSE: 4.90729192615867
MAE: 1.3987097563566986
EVS: -0.14286028459143085
