Model: GRU
MSE: 11.145076908127217
MAE: 3.086589707268609
EVS: 0.3210702197402555
