Model: GRU
MSE: 5.176410887677809
MAE: 1.5486041528207284
EVS: 0.020072022625480357
