Model: GRU
MSE: 13.457708459443488
MAE: 2.2031867415816695
EVS: -0.06907949113497192
