Model: GRU
MSE: 32.46984963119454
MAE: 5.0610591747142655
EVS: -0.2632206128496899
