Model: GRU
MSE: 6.455998416293234
MAE: 2.2928943634033203
EVS: 0.14094523424628358
