Model: GRU
MSE: 15.612996404444386
MAE: 2.464772754245334
EVS: -0.21793449527390552
