Model: GRU
MSE: 5.633355620958287
MAE: 1.9133455841629594
EVS: 0.10714663315822559
