Model: GRU
MSE: 4.194183211815706
MAE: 1.7059683976350006
EVS: 0.1812898676429897
