Model: GRU
MSE: 8.282291365692261
MAE: 2.582490709092882
EVS: 0.096709073522525
