Model: GRU
MSE: 7.15587263994237
MAE: 2.3033134672376843
EVS: 0.15973871743615142
