Model: GRU
MSE: 6.446949218651281
MAE: 2.292107864662453
EVS: 0.2748521232202322
