Model: GRU
MSE: 19.307594667435175
MAE: 3.4772768872124806
EVS: -0.1685296428478975
