Model: GRU
MSE: 21.491087598827477
MAE: 4.339178933037652
EVS: 0.06372486377155329
