Model: GRU
MSE: 9337.24765204563
MAE: 96.56432455557363
EVS: -2.220446049250313e-16
