Model: GRU
MSE: 8.367148840137109
MAE: 2.5117564377961337
EVS: 0.12712239100992484
