Model: GRU
MSE: 3.0550434454054187
MAE: 1.181783570183648
EVS: 0.288103144556876
