Model: GRU
MSE: 18.448442998800466
MAE: 2.595605567649559
EVS: -0.44231011785256213
