Model: GRU
MSE: 4.464491221298145
MAE: 1.442576938205295
EVS: 0.25753714939025885
