Model: GRU
MSE: 14.762719717140195
MAE: 3.005261915701407
EVS: -0.01929336486674993
