Model: GRU
MSE: 4.325510221634296
MAE: 1.8139762525205259
EVS: 0.23593145309449737
