Model: GRU
MSE: 3.7453734593443557
MAE: 1.5793688032362196
EVS: 0.16710423423206944
