Model: GRU
MSE: 5.499475668633985
MAE: 1.892077092771177
EVS: -0.0643941474683698
