Model: GRU
MSE: 3.834744287050112
MAE: 1.2948923464174624
EVS: 0.1324359337075397
