Model: GRU
MSE: 9168.855993479307
MAE: 95.73173551206236
EVS: 0.0
