Model: GRU
MSE: 10.568953124470884
MAE: 2.955314600909198
EVS: 0.23425795019249462
