Model: GRU
MSE: 19.63048474650603
MAE: 2.5066829080934876
EVS: -0.5600354991563923
