Model: GRU
MSE: 17.5483291739575
MAE: 2.3482490645514593
EVS: -0.3949777641887342
