Model: GRU
MSE: 4.353565392246646
MAE: 1.5759316903573495
EVS: 0.043614897606418235
