Model: GRU
MSE: 4.0663310778806965
MAE: 1.62208331072772
EVS: 0.17409305566979127
