Model: GRU
MSE: 6.916565122012731
MAE: 2.221313441241229
EVS: 0.008810735522398971
