Model: GRU
MSE: 3.4050318467365353
MAE: 1.4741737577650282
EVS: 0.29091293580201805
