Model: GRU
MSE: 16.45232176420663
MAE: 2.7381640010409884
EVS: -0.24595617507894185
