Model: GRU
MSE: 6.809792555698516
MAE: 2.1755571718569153
EVS: 0.04499299831553705
