Model: GRU
MSE: 21.973551717072755
MAE: 2.5600891996313027
EVS: -0.725561904682096
