Model: GRU
MSE: 5.137212671132181
MAE: 1.956565256471987
EVS: 0.1806433420220498
