Model: GRU
MSE: 2301.055326642531
MAE: 47.419148974948456
EVS: -3.1720453076133364
