Model: GRU
MSE: 16.405858654251393
MAE: 3.811082875287091
EVS: 0.22776320677476092
