Model: GRU
MSE: 10.246667686143054
MAE: 2.837110307481554
EVS: 0.16624310007062104
