Model: GRU
MSE: 14.082916618467102
MAE: 3.3694997010407626
EVS: 0.09362387088800195
