Model: GRU
MSE: 17.10558814836055
MAE: 2.7073178203017623
EVS: -0.32360496134839845
