Model: GRU
MSE: 9.693799735134975
MAE: 2.813487724021629
EVS: 0.23529375127190333
