Model: GRU
MSE: 16.239395954471714
MAE: 2.6555244657728405
EVS: -0.2550524687002145
