Model: GRU
MSE: 9.800470637376343
MAE: 2.8766939021922924
EVS: 0.3443484046697193
