Model: GRU
MSE: 8.687421230811601
MAE: 2.739776505364312
EVS: 0.23467811104689562
