Model: GRU
MSE: 6.408446666257617
MAE: 2.2117509488706237
EVS: -0.044890547536114545
