Model: GRU
MSE: 6672.882333511657
MAE: 81.61719145598235
EVS: 0.08446564639571552
