Model: GRU
MSE: 47.49273255479003
MAE: 6.546278017538565
EVS: -0.08114258113859707
