Model: GRU
MSE: 7.826067282189157
MAE: 2.497781188399703
EVS: 0.16197397183925388
