Model: GRU
MSE: 33.65567276070245
MAE: 5.1988385959907815
EVS: -0.32537836636742656
