Model: GRU
MSE: 4.195117351622145
MAE: 1.4660308272750289
EVS: 0.03107212473221299
