Model: GRU
MSE: 29.316553474795032
MAE: 4.43724290088371
EVS: -0.5963865585827617
