Model: GRU
MSE: 14.434496537259898
MAE: 3.510584407382541
EVS: 0.16649723404538985
