Model: GRU
MSE: 22.689194609834985
MAE: 3.332818313881203
EVS: -0.5343153275645811
