Model: GRU
MSE: 3.8074146547071535
MAE: 1.3918148323341653
EVS: 0.11270691356878992
