Model: GRU
MSE: 4.649570669561365
MAE: 1.7488246493869357
EVS: 0.14203690741935115
