Model: GRU
MSE: 16.21308035703577
MAE: 2.479891052952519
EVS: -0.26175849486091707
