Model: GRU
MSE: 4.628585349219706
MAE: 1.8436862451058846
EVS: 0.28121143663713044
