Model: GRU
MSE: 17.31797016908662
MAE: 2.706987045429371
EVS: -0.31162473816235425
