Model: GRU
MSE: 4.132673506834753
MAE: 1.7340798907809787
EVS: 0.24619240109641483
