Model: GRU
MSE: 5.484958609090898
MAE: 2.06069278717041
EVS: 0.1773850896918513
