Model: GRU
MSE: 1803.956170578973
MAE: 42.425307521113645
EVS: 0.05624976350476174
