Model: GRU
MSE: 5.328717340931116
MAE: 2.0211211663705333
EVS: 0.2733813590405203
