Model: GRU
MSE: 5.763642300865184
MAE: 2.1030696586326316
EVS: 0.28248097114601534
