Model: GRU
MSE: 10.704088095811938
MAE: 2.9239830794157804
EVS: -0.17443068563005437
