Model: GRU
MSE: 5.782300169246372
MAE: 2.042391706396032
EVS: 0.07546885855354557
