Model: GRU
MSE: 6.741915222988643
MAE: 2.2507859336005316
EVS: 0.24147523633764878
