Model: GRU
MSE: 56.72351846316855
MAE: 7.241043373390481
EVS: -2.220446049250313e-16
