Model: GRU
MSE: 20.11500166867036
MAE: 2.442975317990338
EVS: -0.5979347175502547
