Model: GRU
MSE: 4.686513737532786
MAE: 1.4737914756492332
EVS: -0.04167489527609858
