Model: GRU
MSE: 15.863497472244354
MAE: 2.4743822592276112
EVS: -0.2358707717589945
