Model: GRU
MSE: 4.824693716456278
MAE: 1.9204786088731554
EVS: 0.07513117563683314
