Model: GRU
MSE: 23.349119339567483
MAE: 3.064025455050998
EVS: -0.7119566391283072
