Model: GRU
MSE: 12.207636528909124
MAE: 3.1721874872843423
EVS: -0.027493649855196534
