Model: GRU
MSE: 4.005660685778552
MAE: 1.5641083540739837
EVS: 0.22791318929471394
