Model: GRU
MSE: 9.652761563369934
MAE: 2.8963081571790905
EVS: 0.15880365073827307
