Model: GRU
MSE: 6.634823913162488
MAE: 1.787569805427834
EVS: -0.17887308352406728
