Model: GRU
MSE: 11.241548186176933
MAE: 2.9362268447875977
EVS: -0.04194434564777616
