Model: GRU
MSE: 8.920779941387755
MAE: 2.764288160536024
EVS: 0.25155615722704217
