Model: GRU
MSE: 20.083689234441778
MAE: 2.4255925990917064
EVS: -0.5957617870381284
