Model: GRU
MSE: 16.070370621897524
MAE: 2.3255393593399614
EVS: -0.2752697685149852
