Model: GRU
MSE: 6.498002294484313
MAE: 2.2336818200570567
EVS: 0.1772265688885486
