Model: GRU
MSE: 5.457059315697565
MAE: 1.99068111843533
EVS: 0.21296592280967575
