Model: GRU
MSE: 8.872957497146267
MAE: 2.643855589407462
EVS: 0.02995831470644361
