Model: GRU
MSE: 771.0254313402058
MAE: 27.567252547652632
EVS: 0.11979265528768601
