Model: GRU
MSE: 3.8555932243541435
MAE: 1.234869533114963
EVS: 0.15244081808179144
