Model: GRU
MSE: 5.0925906710779065
MAE: 1.740901275917336
EVS: 0.05351064182444598
