Model: GRU
MSE: 15.833184591864303
MAE: 2.6009057892693415
EVS: -0.20697688577829187
