Model: GRU
MSE: 6.49213152508825
MAE: 2.2653574413723416
EVS: 0.24732253226383483
