Model: GRU
MSE: 19.986018410387064
MAE: 3.1459075963055647
EVS: -0.3765410911812974
