Model: GRU
MSE: 5.990438207672991
MAE: 2.167795251916956
EVS: 0.1461126607016856
