Model: GRU
MSE: 3416.1569022994545
MAE: 58.0486836610017
EVS: -2.697248513118197
