Model: GRU
MSE: 13.79152826988731
MAE: 2.0738855997721353
EVS: -0.09557205835319738
