Model: GRU
MSE: 23.100513735778517
MAE: 4.084205512647276
EVS: -0.18499408009060292
