Model: GRU
MSE: 15.871043121523725
MAE: 2.3242070056774
EVS: -0.258396832494018
