Model: GRU
MSE: 4.244670356184037
MAE: 1.7191088641131367
EVS: 0.11498820059940185
