Model: GRU
MSE: 7.618325881892815
MAE: 2.5147001478407116
EVS: 0.14382883757028642
