Model: GRU
MSE: 9.003813783119128
MAE: 2.6341144067269786
EVS: 0.18990271641168777
