Model: GRU
MSE: 22.62846997111063
MAE: 4.139984731320982
EVS: -0.1345348456108164
