Model: GRU
MSE: 8.705351084162126
MAE: 2.746768244990596
EVS: 0.26549669581310165
