Model: GRU
MSE: 16.24101008373051
MAE: 2.8266401644106263
EVS: -0.18673335348052045
