Model: GRU
MSE: 4.051947379678529
MAE: 1.2742733425564237
EVS: 0.11107701887962429
