Model: GRU
MSE: 8.339657684768941
MAE: 2.5804293243973344
EVS: 0.10689493878404754
