Model: GRU
MSE: 14.815187205015482
MAE: 3.6409658502649376
EVS: 0.20644994119413007
