Model: GRU
MSE: 6.451326412975302
MAE: 2.0488100051879883
EVS: 0.055165731926579364
