Model: GRU
MSE: 12.660239991212181
MAE: 3.260286119249132
EVS: 0.017351693371075783
