Model: GRU
MSE: 11.298384719822833
MAE: 3.0523851535938404
EVS: -0.21359899761447898
