Model: GRU
MSE: 16.590680332282755
MAE: 2.65946536593967
EVS: -0.26140942269304546
