Model: GRU
MSE: 3.9903177846359474
MAE: 1.3072929382324219
EVS: 0.221591886350599
