Model: GRU
MSE: 21.790224119153553
MAE: 3.4811851183573403
EVS: -0.46981206046362867
