Model: GRU
MSE: 6.448166405086306
MAE: 2.154236828839337
EVS: 0.16755549382633073
