Model: GRU
MSE: 7.34941446015502
MAE: 2.3786997265285916
EVS: 0.2196431330976134
