Model: GRU
MSE: 3.44782284962821
MAE: 1.51381019309715
EVS: 0.25496544101616925
