Model: GRU
MSE: 3.722949883965696
MAE: 1.5807843031706634
EVS: 0.24164654687670006
