Model: GRU
MSE: 33.477600089455535
MAE: 5.498282220628527
EVS: 0.20712058791761356
