Model: GRU
MSE: 5.9674762455340025
MAE: 2.1000632533320673
EVS: 0.18252654110689626
