Model: GRU
MSE: 5.33864717202717
MAE: 2.0346298217773438
EVS: 0.3098386381841437
