Model: GRU
MSE: 2352.7795995807596
MAE: 48.4520847885697
EVS: -0.20608463965698776
