Model: GRU
MSE: 4.271010025854829
MAE: 1.640246002762406
EVS: 0.16419924311695
