Model: GRU
MSE: 17.4282729862535
MAE: 2.9852205912272134
EVS: -0.20885865593939745
