Model: GRU
MSE: 14.627069161908333
MAE: 3.603483306037055
EVS: 0.17271299415207797
