Model: GRU
MSE: 7.412972390096338
MAE: 2.352740994206181
EVS: 0.1011792700392008
