Model: GRU
MSE: 5.112175002250836
MAE: 1.7021310594346788
EVS: -0.09562719444301404
