Model: GRU
MSE: 4.112989890648788
MAE: 1.6827165815565321
EVS: 0.22734691112125105
