Model: GRU
MSE: 10.424182843092375
MAE: 2.9311228504887334
EVS: 0.09495680488506308
