Model: GRU
MSE: 6.617250249937974
MAE: 2.194682509810836
EVS: 0.0782820572994164
