Model: GRU
MSE: 14.657433376902864
MAE: 2.050279829237196
EVS: 0.008654430838794025
