Model: GRU
MSE: 8.992002247382045
MAE: 2.7367157759489835
EVS: 0.3309411072737596
