Model: GRU
MSE: 7.7554793516354845
MAE: 2.4942103845101817
EVS: 0.2013462223553416
