Model: GRU
MSE: 3.4355716134010033
MAE: 1.399667739868164
EVS: 0.20574346126904575
