Model: GRU
MSE: 3320.003220266702
MAE: 57.53359180026584
EVS: 0.2138379074214909
