Model: GRU
MSE: 3.717719166209261
MAE: 1.4728469495420102
EVS: 0.19327162169105494
