Model: GRU
MSE: 4.772913099177795
MAE: 1.9326302563702618
EVS: 0.279452218499856
