Model: GRU
MSE: 19.939526530678787
MAE: 3.23348041816994
EVS: -0.3115725881187663
