Model: GRU
MSE: 4.132392510947924
MAE: 1.6906196452953197
EVS: 0.3183499761582763
