Model: GRU
MSE: 10.491812608852982
MAE: 2.908902238916468
EVS: 0.11323372605399284
