Model: GRU
MSE: 16.667009844196407
MAE: 3.1597720428749367
EVS: -0.1012950631092997
