Model: GRU
MSE: 366.9127506523529
MAE: 19.03929181452151
EVS: -0.02967004969779019
