Model: GRU
MSE: 13.083113755572311
MAE: 3.024552486560963
EVS: -0.41076753849560266
