Model: GRU
MSE: 6.545173608888642
MAE: 2.131858295864529
EVS: -0.024448637892179326
