Model: GRU
MSE: 5.285038355965197
MAE: 1.9785547962895147
EVS: 0.28861160787128814
