Model: GRU
MSE: 18.01479644231434
MAE: 3.9754151591548212
EVS: 0.19610336885950952
