Model: GRU
MSE: 6.592146734960604
MAE: 2.1672757819846824
EVS: 0.19327276239390556
