Model: GRU
MSE: 11.48011038291376
MAE: 3.0509975221421985
EVS: 0.12757292847985136
