Model: GRU
MSE: 4.0828397677073385
MAE: 1.3127674173425745
EVS: 0.06107002284626761
