Model: GRU
MSE: 35.00366353041628
MAE: 5.241774289696305
EVS: -0.42493874125467235
