Model: GRU
MSE: 4.591258464615883
MAE: 1.8500150751184534
EVS: 0.23994118065783965
