Model: GRU
MSE: 4.646132598501329
MAE: 1.8391460136131004
EVS: 0.21396977032424158
