Model: GRU
MSE: 4.206200753485535
MAE: 1.7394492184674297
EVS: 0.24890828224716954
