Model: GRU
MSE: 4.441667552612906
MAE: 1.7118758448848017
EVS: 0.1963483963954269
