Model: GRU
MSE: 3.6699929557249495
MAE: 1.3582658767700195
EVS: 0.15374393132718023
