Model: GRU
MSE: 5.663277762927532
MAE: 1.9857912416811343
EVS: 0.05391309526939525
