Model: GRU
MSE: 20.231595778818768
MAE: 2.943509675838329
EVS: -0.48255194352876774
