Model: GRU
MSE: 15.256293789149383
MAE: 2.657740557635272
EVS: -0.13524223134456048
