Model: GRU
MSE: 4.361167694966281
MAE: 1.7083051116378218
EVS: 0.251808875332894
