Model: GRU
MSE: 4.814099092652719
MAE: 1.5695235640914351
EVS: -0.0021552358282361794
