Model: GRU
MSE: 6.194011341371219
MAE: 2.1756842577898943
EVS: 0.20531766635363258
