Model: GRU
MSE: 11.379165086580171
MAE: 2.873425836916323
EVS: -0.0728382591539225
