Model: GRU
MSE: 6.425873512392509
MAE: 2.195969722889088
EVS: 0.12480282682813448
