Model: GRU
MSE: 24.78200610748689
MAE: 3.5801329436125577
EVS: -0.6485741728775032
