Model: GRU
MSE: 3.5549248757549017
MAE: 1.6280233595106337
EVS: 0.33510198796899404
