Model: GRU
MSE: 47.761527334701036
MAE: 6.3557745836399215
EVS: -0.4732972482683122
