Model: GRU
MSE: 20.26866211411478
MAE: 3.133001062605116
EVS: -0.4265864007220401
