Model: GRU
MSE: 23.916382270992134
MAE: 3.8877807193332248
EVS: -0.3403364149145569
