Model: GRU
MSE: 8.144701455999288
MAE: 2.553146150377062
EVS: 0.314530927010621
