Model: GRU
MSE: 19.70758006563493
MAE: 3.217103922808612
EVS: -0.31479846908017484
