Model: GRU
MSE: 4.87040874577724
MAE: 1.8538437596073858
EVS: 0.13724250546345407
