Model: GRU
MSE: 4.40207837733575
MAE: 1.5990246313589591
EVS: 0.13665935793313022
