Model: GRU
MSE: 4.347492523528638
MAE: 1.6929471051251446
EVS: 0.17883841475065676
