Model: GRU
MSE: 3.3878208322269496
MAE: 1.3522267165007416
EVS: 0.2114824477890499
