Model: GRU
MSE: 4.541229919557736
MAE: 1.7764815577754267
EVS: 0.14416109429922097
