Model: GRU
MSE: 7.0789755438122315
MAE: 2.376824696858724
EVS: 0.2606127537393058
