Model: GRU
MSE: 17.45688049174807
MAE: 2.264822138680352
EVS: -0.387027236892153
