Model: GRU
MSE: 11.373914752464872
MAE: 3.055405263547544
EVS: 0.1631657189755118
