Model: GRU
MSE: 14.07970767149885
MAE: 2.5761253745467574
EVS: -0.06872804483697581
