Model: GRU
MSE: 18.61325437761008
MAE: 2.982959606029369
EVS: -0.3877459111945314
