Model: GRU
MSE: 3.7813135065895307
MAE: 1.4298107712357133
EVS: 0.12339326136288076
