Model: GRU
MSE: 24.887195720199493
MAE: 4.341430381492332
EVS: -0.20048809456746564
