Model: GRU
MSE: 6.856860964880205
MAE: 2.3340763162683555
EVS: 0.3060091313255757
