Model: GRU
MSE: 19.546559419674935
MAE: 2.482032275862164
EVS: -0.5346034857288231
