Model: GRU
MSE: 5.316734048256202
MAE: 1.9905328044184931
EVS: 0.20849924480828397
