Model: GRU
MSE: 3.568238015881535
MAE: 1.2181259084630895
EVS: 0.20674133379133008
