Model: GRU
MSE: 4.506691191381395
MAE: 1.786723984612359
EVS: 0.17923894380215133
