Model: GRU
MSE: 3.9597324288047107
MAE: 1.5455311316030997
EVS: 0.2048233205390667
