Model: GRU
MSE: 3.6942596927424516
MAE: 1.4377709141484014
EVS: 0.14111116173066318
