Model: GRU
MSE: 3.0952835980284967
MAE: 1.2919318587691695
EVS: 0.28928866948655596
