Model: GRU
MSE: 15.248473779185487
MAE: 2.2985287772284613
EVS: -0.21057294548813266
