Model: GRU
MSE: 9.764586637491853
MAE: 2.8907768814652055
EVS: 0.2560710739565998
