Model: GRU
MSE: 6.566326294957232
MAE: 2.263239436679416
EVS: 0.3438388964507527
