Model: GRU
MSE: 3.746335207868301
MAE: 1.6211782031589084
EVS: 0.30683001548964106
