Model: GRU
MSE: 7.400909360088042
MAE: 2.2995313008626304
EVS: 0.056233363745328724
