Model: GRU
MSE: 10.22474837919186
MAE: 2.928010446053964
EVS: 0.3023826558913797
