Model: GRU
MSE: 3.9894798045782376
MAE: 1.7112109926011827
EVS: 0.24755063678102496
