Model: GRU
MSE: 10.532906520126812
MAE: 2.92891428205702
EVS: 0.20778697489399933
