Model: GRU
MSE: 3.6790255849801827
MAE: 1.4214305877685547
EVS: 0.15349844271342872
