Model: GRU
MSE: 11.770530231254876
MAE: 3.169285844873499
EVS: 0.24975118511178473
