Model: GRU
MSE: 10.968501728876921
MAE: 3.05659258807147
EVS: 0.28400753051170013
