Model: GRU
MSE: 22.653416007215622
MAE: 4.117711288588388
EVS: -0.09442116745267448
