Model: GRU
MSE: 4.80001499144065
MAE: 1.8578582693029333
EVS: 0.20249611273993295
