Model: GRU
MSE: 21.614409705258748
MAE: 3.086788018544515
EVS: -0.6078194335244058
