Model: GRU
MSE: 6.337294928061123
MAE: 2.242251254894115
EVS: 0.3523659987148289
