Model: GRU
MSE: 4.372017276673836
MAE: 1.6080891644513164
EVS: 0.0898935462957936
