Model: GRU
MSE: 3.070478190088579
MAE: 1.113586178532353
EVS: 0.2951729312435085
