Model: GRU
MSE: 4.843936528595468
MAE: 1.5318599983497903
EVS: -0.11639949738757327
