Model: GRU
MSE: 3.4200520638099383
MAE: 1.2965550952487521
EVS: 0.2151999148125079
