Model: GRU
MSE: 7.444616700916278
MAE: 2.4300586912367077
EVS: 0.09078105223752697
