Model: GRU
MSE: 8.90688192421469
MAE: 2.735256689566153
EVS: -0.022598965438715313
