Model: GRU
MSE: 5.178693156379537
MAE: 1.965481404904966
EVS: 0.3474681741337534
