Model: GRU
MSE: 15.64544170122008
MAE: 2.363618179603859
EVS: -0.24031769289059168
