Model: GRU
MSE: 20.293540849269146
MAE: 3.6744446224636502
EVS: -0.21879938056719528
