Model: GRU
MSE: 7.487253399070006
MAE: 2.3651676531191224
EVS: 0.24610590234438945
