Model: GRU
MSE: 29.139369035470736
MAE: 5.156028323703342
EVS: 0.1623935863142545
