Model: GRU
MSE: 22.78881910141465
MAE: 3.3927956687079535
EVS: -0.547249588909474
