Model: GRU
MSE: 4.817051088192615
MAE: 1.7312689180727359
EVS: 0.10439238276374851
