Model: GRU
MSE: 26.898270425111317
MAE: 4.3050672654752375
EVS: -0.3813529441184731
