Model: GRU
MSE: 6.604716747844342
MAE: 2.2413018897727683
EVS: 0.30783508320558517
