Model: GRU
MSE: 7.031457925258446
MAE: 2.3730233863547996
EVS: 0.19512513888977512
