Model: GRU
MSE: 5.6910639586508465
MAE: 2.0726979220354997
EVS: 0.16620854425160814
