Model: GRU
MSE: 7.8900610694095965
MAE: 2.3983453114827475
EVS: 0.03322075198068619
