Model: GRU
MSE: 21.711724550169123
MAE: 3.039139712298358
EVS: -0.592166218793521
