Model: GRU
MSE: 7.27897154972743
MAE: 2.2475608543113426
EVS: 0.14699411485084823
