Model: GRU
MSE: 19.243131073602527
MAE: 2.92945905967995
EVS: -0.4197228274818934
