Model: GRU
MSE: 11.665583312815182
MAE: 3.100079748365614
EVS: 0.14353581915894487
