Model: GRU
MSE: 20.73890647740838
MAE: 3.461977817394115
EVS: -0.3419869022093318
