Model: GRU
MSE: 14.67444190179523
MAE: 2.2320055280412947
EVS: -0.20394305601397034
