Model: GRU
MSE: 6.245748328508314
MAE: 2.0537470358389394
EVS: 0.1391014420846024
