Model: GRU
MSE: 25125.222823843178
MAE: 158.49584226255064
EVS: 0.0
