Model: GRU
MSE: 8.273050532015313
MAE: 2.596580152158384
EVS: 0.24435651935461844
