Model: GRU
MSE: 4.995351444755653
MAE: 1.9733876475581416
EVS: 0.18211262259775673
