Model: GRU
MSE: 3.3541594006577458
MAE: 1.4335162904527452
EVS: 0.2550631844753125
