Model: GRU
MSE: 371.79821922518
MAE: 18.94878234686675
EVS: -0.012957567553655291
