Model: GRU
MSE: 9.991981149580473
MAE: 2.8923534463953087
EVS: 0.34575233363963365
