Model: GRU
MSE: 4.170683084011182
MAE: 1.6484589046902127
EVS: 0.17135917910391807
