Model: GRU
MSE: 3.877787665695366
MAE: 1.3545330542105216
EVS: 0.0967847789712013
