Model: GRU
MSE: 5.535196910915989
MAE: 1.683129769784433
EVS: -0.17386384357925166
