Model: GRU
MSE: 1545.7111307631083
MAE: 39.1463750909876
EVS: -0.05513790524925466
