Model: GRU
MSE: 24.849200368618945
MAE: 3.733411912564878
EVS: -0.5694689264377708
