Model: GRU
MSE: 4.23306802671262
MAE: 1.6857422016285084
EVS: 0.15028340933724638
