Model: GRU
MSE: 6.233757947204072
MAE: 2.160595999823676
EVS: 0.17005321822652342
