Model: GRU
MSE: 14.167556414453328
MAE: 3.500817864029496
EVS: 0.2685542817841766
