Model: GRU
MSE: 4.4680198750081255
MAE: 1.6531525364628545
EVS: 0.11775316822803661
