Model: GRU
MSE: 5.675078031972623
MAE: 2.0337743759155273
EVS: 0.19392691995598166
