Model: GRU
MSE: 21.2808576621355
MAE: 3.7729367503413447
EVS: -0.18452675320375134
