Model: GRU
MSE: 21.149811289517316
MAE: 3.0755862836484558
EVS: -0.5175964746354271
