Model: GRU
MSE: 4.124025232388906
MAE: 1.5332892735799153
EVS: 0.07731609841747478
