Model: GRU
MSE: 31.665863208957084
MAE: 5.265651879487215
EVS: -0.21283449867985693
