Model: GRU
MSE: 5.7822012726973195
MAE: 2.1401682606449834
EVS: 0.3576019971963966
