Model: GRU
MSE: 5.716115248150682
MAE: 2.1248844641226308
EVS: 0.0553298082027297
