Model: GRU
MSE: 16.278112402316292
MAE: 2.517196443345812
EVS: -0.2553058453322836
