Model: GRU
MSE: 6.6133431510060525
MAE: 2.2101176933006004
EVS: 0.19141105629013666
