Model: GRU
MSE: 13.921187102072643
MAE: 2.2080647503888167
EVS: -0.10082786947993005
