Model: GRU
MSE: 7.549458205551572
MAE: 2.4926511270028575
EVS: 0.16869510940961574
