Model: GRU
MSE: 5.777330927620756
MAE: 2.034538021794072
EVS: 0.06944220638183296
