Model: GRU
MSE: 5.12358684748937
MAE: 1.8343565199110243
EVS: 0.04633636619455239
