Model: GRU
MSE: 776.2179950984789
MAE: 27.77467586376049
EVS: -0.1152618063131885
