Model: GRU
MSE: 18.974546845170288
MAE: 3.395544511300546
EVS: -0.22207673971138342
