Model: GRU
MSE: 25.102566143245262
MAE: 3.2791694147246226
EVS: -0.7799020806286692
