Model: GRU
MSE: 19.73888752582871
MAE: 3.1435401527969926
EVS: -0.3930871551423798
