Model: GRU
MSE: 17.911010691268167
MAE: 2.5394002949749983
EVS: -0.40543962275755563
