Model: GRU
MSE: 22.31582343419544
MAE: 4.414308724579988
EVS: 0.07497447123183709
