Model: GRU
MSE: 15.17841960099581
MAE: 2.6173628171284995
EVS: -0.13892915193790412
