Model: GRU
MSE: 18.625493492857366
MAE: 2.5357774275320546
EVS: -0.46282827066463916
