Model: GRU
MSE: 22.286849558160824
MAE: 3.2696526955675194
EVS: -0.5078538004953586
