Model: GRU
MSE: 21.514530197755626
MAE: 3.308631172886601
EVS: -0.41976207046564906
