Model: GRU
MSE: 3.823761676111442
MAE: 1.4161589940388997
EVS: 0.18507481738786402
