Model: GRU
MSE: 20.810420889709494
MAE: 2.486724385193416
EVS: -0.6877699229177392
