Model: GRU
MSE: 3.237889701258744
MAE: 1.2805371461091217
EVS: 0.2531569088923712
