Model: GRU
MSE: 13.17979864812046
MAE: 3.4359249892058195
EVS: 0.2149418019739009
