Model: GRU
MSE: 18.220342207935126
MAE: 3.190768599510193
EVS: -0.22238687714425542
