Model: GRU
MSE: 16.095633112206155
MAE: 3.686848357871727
EVS: 0.054130273661245454
