Model: GRU
MSE: 3.1231508226002442
MAE: 1.1122722272519712
EVS: 0.2928420668846988
