Model: GRU
MSE: 5.83330990446255
MAE: 2.084716373019748
EVS: 0.15035831360992713
