Model: GRU
MSE: 15.194121912026251
MAE: 2.381195651160346
EVS: -0.20775790047273013
