Model: GRU
MSE: 4.2954759179774555
MAE: 1.3412205731427227
EVS: 0.05387800189719827
