Model: GRU
MSE: 6.169831118416537
MAE: 1.6507420010036893
EVS: 0.09100448262073091
