Model: GRU
MSE: 6.019126941766074
MAE: 2.1257525196781866
EVS: 0.18575713941973948
