Model: GRU
MSE: 4.650710880032623
MAE: 1.4218591054280598
EVS: -0.06010131669618457
