Model: GRU
MSE: 5.368603594120167
MAE: 1.9813848071628146
EVS: 0.1325584627403228
