Model: GRU
MSE: 4.337307421013874
MAE: 1.6245237633034035
EVS: 0.08043512395232566
