Model: GRU
MSE: 3785.667154360311
MAE: 61.49775427359122
EVS: 0.1392361246782079
