Model: GRU
MSE: 18.123314182880627
MAE: 2.2899492846594915
EVS: -0.4320114942414852
