Model: GRU
MSE: 5.541148539064023
MAE: 2.1114965368200234
EVS: 0.2226753032381562
