Model: GRU
MSE: 16.942779047879345
MAE: 2.885250621371799
EVS: -0.2526669763424958
