Model: GRU
MSE: 4.182867924689331
MAE: 1.7521656884087458
EVS: 0.19331110908563143
