Model: GRU
MSE: 5.1511015989970605
MAE: 1.9447698946352359
EVS: 0.18158403128974765
