Model: GRU
MSE: 7.445554310578969
MAE: 2.140697726496944
EVS: 0.0420310482510724
