Model: GRU
MSE: 6.02345121591996
MAE: 2.046831696121781
EVS: 0.05988869805075536
