Model: GRU
MSE: 6.052011518374187
MAE: 2.2297288046942816
EVS: 0.3202642415768948
