Model: GRU
MSE: 5.692125857201703
MAE: 2.0641632786503545
EVS: 0.22811901908708043
