Model: GRU
MSE: 11.896777266780022
MAE: 3.258362982008192
EVS: 0.4687253340078208
