Model: GRU
MSE: 19.990822957084827
MAE: 3.290604070380882
EVS: -0.3073091567150432
