Model: GRU
MSE: 6.269503521032237
MAE: 2.2690800207632558
EVS: 0.08145920176905774
