Model: GRU
MSE: 9.416540512884172
MAE: 2.7711785634358725
EVS: 0.19994198819701325
