Model: GRU
MSE: 23.111558707005106
MAE: 3.273431271314621
EVS: -0.6848912940959537
