Model: GRU
MSE: 4.728411103612416
MAE: 1.8850006174158167
EVS: 0.27911322674232586
