Model: GRU
MSE: 6.830444169817181
MAE: 2.2264940826981157
EVS: 0.04072647927946493
