Model: GRU
MSE: 16.378578252965216
MAE: 2.4425235147829407
EVS: -0.29585725345642766
