Model: GRU
MSE: 7.785716677947373
MAE: 2.205813513861762
EVS: -0.16651433432240337
