Model: GRU
MSE: 3.1952172355835904
MAE: 1.176019103438766
EVS: 0.26547978817763396
