Model: GRU
MSE: 5.963217484731406
MAE: 2.125256714997468
EVS: 0.24608460267027865
