Model: GRU
MSE: 3.8219583138342283
MAE: 1.6107439464992948
EVS: 0.2697989761049351
