Model: GRU
MSE: 21.77614455421274
MAE: 3.462505481861256
EVS: -0.4284789819168442
