Model: GRU
MSE: 7.525019276706694
MAE: 2.517457608823423
EVS: 0.25549258010773834
