Model: GRU
MSE: 17.116595016988633
MAE: 2.837211079067654
EVS: -0.2722303839589102
