Model: GRU
MSE: 5.979586480246595
MAE: 2.189701539498788
EVS: 0.3173413773981455
