Model: GRU
MSE: 3.3292752436359647
MAE: 1.269855640552662
EVS: 0.22432437683401807
