Model: GRU
MSE: 17.663501580798798
MAE: 2.7352815910621926
EVS: -0.36699168660954395
