Model: GRU
MSE: 4.059180492122154
MAE: 1.5884534694530346
EVS: 0.14231441439469938
