Model: GRU
MSE: 3.4054142602837465
MAE: 1.440670825816967
EVS: 0.2376842783873373
