Model: GRU
MSE: 5.694690613868261
MAE: 1.9316262492427119
EVS: 0.043097758576234324
