Model: GRU
MSE: 7.612090812673631
MAE: 2.315766546461317
EVS: 0.018770557638086993
