Model: GRU
MSE: 5.184130406501667
MAE: 1.6006425928186487
EVS: -0.19403877168946226
