Model: GRU
MSE: 7.359942960586725
MAE: 2.3948288317079895
EVS: 0.31908000029119343
