Model: GRU
MSE: 17.43790766514907
MAE: 2.4794177126001427
EVS: -0.3705168830365895
