Model: GRU
MSE: 22.30928098917738
MAE: 4.034419589572483
EVS: -0.14418596566369746
