Model: GRU
MSE: 2620.9080900074073
MAE: 51.14925977918837
EVS: -0.08634844672765474
