Model: GRU
MSE: 12.020299319412212
MAE: 3.218512181882505
EVS: 0.21040795619753028
