Model: GRU
MSE: 18.60476846638167
MAE: 2.263532528170833
EVS: -0.47768487438347473
