Model: GRU
MSE: 6.377988073070541
MAE: 2.221720306961625
EVS: 0.2673289552537753
