Model: GRU
MSE: 17.177011237259244
MAE: 2.21397371645327
EVS: -0.3427405762370723
