Model: GRU
MSE: 5.9456221856853855
MAE: 2.0859559730247215
EVS: 0.14459127319924103
