Model: GRU
MSE: 19.33352389545359
MAE: 3.6257218254937067
EVS: -0.10668678522716246
