Model: GRU
MSE: 10.871962301732141
MAE: 3.0762285303186485
EVS: 0.19810354981737033
