Model: GRU
MSE: 3.6135787330386275
MAE: 1.5655397132590965
EVS: 0.26120209944643635
