Model: GRU
MSE: 3.6906430618510058
MAE: 1.2451469280101635
EVS: 0.15126454463983607
