Model: GRU
MSE: 18.021706862722905
MAE: 2.837561006899233
EVS: -0.33471883092104515
