Model: GRU
MSE: 12.296108889523971
MAE: 3.225431972079807
EVS: 0.15285468884186948
