Model: GRU
MSE: 3.4359757739225136
MAE: 1.2376479396113642
EVS: 0.21058754153698622
