Model: GRU
MSE: 2.7893953153232833
MAE: 1.1151177441632305
EVS: 0.3860892184448662
