Model: GRU
MSE: 12.94775481365209
MAE: 3.346252194157353
EVS: 0.2214046252919366
