Model: GRU
MSE: 2.8913287795529095
MAE: 1.1311936908298068
EVS: 0.33888980006936953
