Model: GRU
MSE: 3.330601751798996
MAE: 1.4225758799800166
EVS: 0.2534365162268567
