Model: GRU
MSE: 11.119463376982383
MAE: 3.0023201483267323
EVS: 0.04813892220000249
