Model: GRU
MSE: 4.744748255042497
MAE: 1.8573744738543476
EVS: 0.24984646730020288
