Model: GRU
MSE: 16428.91549776881
MAE: 128.15859194155092
EVS: 0.0
