Model: GRU
MSE: 5.454717002948133
MAE: 1.5768005583021376
EVS: -0.118041824324006
