Model: GRU
MSE: 3.183404067697531
MAE: 1.2933424137256764
EVS: 0.25879813504633686
