Model: GRU
MSE: 14.936487752474088
MAE: 2.7923121452331543
EVS: -0.12735657951666757
