Model: GRU
MSE: 3.527924963916222
MAE: 1.3909553951687283
EVS: 0.1982028160757734
