Model: GRU
MSE: 4.145771423360572
MAE: 1.4506727501198098
EVS: 0.1367991704122985
