Model: GRU
MSE: 5.313643204631835
MAE: 2.0244792655662254
EVS: 0.24136586656516013
