Model: GRU
MSE: 21.977350822881974
MAE: 2.948853232242443
EVS: -0.6408248250131474
