Model: GRU
MSE: 3.0263720765808304
MAE: 1.2951830757988825
EVS: 0.2964360255338704
