Model: GRU
MSE: 34.74172126863437
MAE: 5.293858951992458
EVS: -0.3978806595455846
