Model: GRU
MSE: 4.972567225557011
MAE: 1.4379292947274667
EVS: 0.13868522928940674
