Model: GRU
MSE: 5.1153393573643
MAE: 1.9262135470355
EVS: 0.3873874641779854
