Model: GRU
MSE: 4.064277993952971
MAE: 1.5878091741491247
EVS: 0.14052544338615303
