Model: GRU
MSE: 832.7272263473453
MAE: 28.608507474263508
EVS: -0.13527849252740287
