Model: GRU
MSE: 5.408686183835185
MAE: 1.796226395501031
EVS: -0.0013826926962636765
