Model: GRU
MSE: 17.60506543446995
MAE: 2.7355843120151095
EVS: -0.34863505426527586
