Model: GRU
MSE: 19.518020464485947
MAE: 4.13838365342882
EVS: 0.07501713766051166
