Model: GRU
MSE: 3.2785411465127052
MAE: 1.4422069478918005
EVS: 0.25098872895747937
