Model: GRU
MSE: 4.034464431189884
MAE: 1.5816411972045898
EVS: 0.1744825899620408
