Model: GRU
MSE: 13.059711713933211
MAE: 3.3601608276367188
EVS: 0.1894754111021938
