Model: GRU
MSE: 4.796784257325743
MAE: 1.822864956325955
EVS: -0.032675253356234
