Model: GRU
MSE: 19.891466424481198
MAE: 2.8137604925367565
EVS: -0.4897396379649468
