Model: GRU
MSE: 12.546462721916752
MAE: 2.257401466369629
EVS: 0.015919247483643928
