Model: GRU
MSE: 3.1731132460884814
MAE: 1.3710998605798792
EVS: 0.28197261892039027
