Model: GRU
MSE: 24.953669726196797
MAE: 4.704906322337963
EVS: -0.042450804670865816
