Model: GRU
MSE: 4.912422407603757
MAE: 1.921036543669524
EVS: 0.22716575037647202
