Model: GRU
MSE: 709.6074375472066
MAE: 26.5697313591286
EVS: 0.14775680494282317
