Model: GRU
MSE: 3224.292714966936
MAE: 56.746467449046946
EVS: 0.037210301007566504
