Model: GRU
MSE: 4.787796144456648
MAE: 1.894972765887225
EVS: 0.22846180550632045
