Model: GRU
MSE: 647.0545821836358
MAE: 25.340916280393248
EVS: -0.14023809494046113
