Model: GRU
MSE: 15.143838973474615
MAE: 2.4075148193924516
EVS: -0.18542949122742436
