Model: GRU
MSE: 2.867418646127623
MAE: 1.254400959721318
EVS: 0.352451011145524
