Model: GRU
MSE: 15.522690685184124
MAE: 3.64749993218316
EVS: 0.10165944325075593
