Model: GRU
MSE: 8.761578635986014
MAE: 2.565717308609574
EVS: 0.10317878855232632
