Model: GRU
MSE: 1685.87787173608
MAE: 41.012124450118456
EVS: 0.09492137092340125
