Model: GRU
MSE: 5.781343023148447
MAE: 2.129921418649179
EVS: 0.3317731915488643
