Model: GRU
MSE: 3.8828292945075495
MAE: 1.654213269551595
EVS: 0.28074134519260696
