Model: GRU
MSE: 9.812836638045358
MAE: 2.8465982719703957
EVS: 0.18182549736208353
