Model: GRU
MSE: 4.326587114105037
MAE: 1.3241563019929108
EVS: -0.0018835139773165643
