Model: GRU
MSE: 4.284395799579518
MAE: 1.6023761254769784
EVS: 0.11134227526243301
