Model: GRU
MSE: 18.50803034097889
MAE: 4.070488435250741
EVS: 0.28445844665145015
