Model: GRU
MSE: 19.599224304872862
MAE: 2.844358302928783
EVS: -0.45528000761773213
