Model: GRU
MSE: 5.973703466109294
MAE: 2.075365984881366
EVS: 0.1432541915953397
