Model: GRU
MSE: 10.212678208987805
MAE: 2.8916582178186485
EVS: 0.11625707985080092
