Model: GRU
MSE: 4.054828792797775
MAE: 1.6282162136501737
EVS: 0.19092982163350403
