Model: GRU
MSE: 4.675965758401987
MAE: 1.77546140882704
EVS: 0.057117272880508274
