Model: GRU
MSE: 5.975050007477303
MAE: 2.186815756338614
EVS: 0.15885672536052664
