Model: GRU
MSE: 19.029911378399145
MAE: 2.9736670741328486
EVS: -0.40467485220135613
