Model: GRU
MSE: 5.677593828484835
MAE: 1.9467925672177915
EVS: 0.10597212755429075
