Model: GRU
MSE: 710.9425199780928
MAE: 26.596289952596027
EVS: 0.16568636310641693
