Model: GRU
MSE: 6.470190604531564
MAE: 2.224522908528646
EVS: 0.14243416982938994
