Model: GRU
MSE: 8.377787155372836
MAE: 2.6595805486043296
EVS: 0.18363695620254405
