Model: GRU
MSE: 5.379437037010137
MAE: 1.9153350900720667
EVS: 0.20937021755717222
