Model: GRU
MSE: 5.4621827869498
MAE: 1.9708070048579462
EVS: 0.06524547436720285
