Model: GRU
MSE: 6.870242300128599
MAE: 2.3117769029405384
EVS: 0.33039189161836857
