Model: GRU
MSE: 7.435785894610287
MAE: 2.4114771595707647
EVS: 0.2088276956856605
