Model: GRU
MSE: 5.805204713986616
MAE: 1.9972769772564922
EVS: 0.08459298261526615
