Model: GRU
MSE: 8.008394940897064
MAE: 2.520559310913086
EVS: 0.24514603167315496
