Model: GRU
MSE: 6.395477419839692
MAE: 1.9795791484691478
EVS: 0.027489308462044892
