Model: GRU
MSE: 7.795363365228291
MAE: 2.6010208836308233
EVS: 0.1990817956332036
