Model: GRU
MSE: 7.603970075856321
MAE: 2.348427278024179
EVS: 0.09839056564871784
