Model: GRU
MSE: 3.9487483274890987
MAE: 1.2911204938535337
EVS: 0.13861028756992322
