Model: GRU
MSE: 16.244866416182276
MAE: 3.1544033799852644
EVS: -0.03862654011662747
