Model: GRU
MSE: 4.7435560382040824
MAE: 1.8982019777651187
EVS: 0.10648773815986701
