Model: GRU
MSE: 6.6575402704652165
MAE: 2.263939045093678
EVS: 0.2536361191828357
