Model: GRU
MSE: 15.508871166278267
MAE: 2.806571536593967
EVS: -0.16265340837950237
