Model: GRU
MSE: 4.176232509757399
MAE: 1.5595794607091833
EVS: 0.12017706073756307
