Model: GRU
MSE: 4.653168913063416
MAE: 1.723536244145146
EVS: 0.10345360126865066
