Model: GRU
MSE: 20.82524948133212
MAE: 2.9780973946606673
EVS: -0.5692977290423558
