Model: GRU
MSE: 808.6341487501443
MAE: 28.352717011063188
EVS: -0.10878542419419057
