Model: GRU
MSE: 17.796631493196074
MAE: 2.4277518413684986
EVS: -0.40933852392673775
