Model: GRU
MSE: 4.682533078957965
MAE: 1.5969614452785916
EVS: 0.04189770476488974
