Model: GRU
MSE: 3.593130553028863
MAE: 1.5847126996075664
EVS: 0.25734842069731567
