Model: GRU
MSE: 5.645007146855783
MAE: 1.9763219268233687
EVS: 0.1666457526775147
