Model: GRU
MSE: 19.592609403570215
MAE: 4.178009280452022
EVS: 0.14494957287110477
