Model: GRU
MSE: 19.84234197686126
MAE: 3.542301072014703
EVS: -0.15604927233467003
