Model: GRU
MSE: 8.064326824934074
MAE: 2.45810314461037
EVS: 0.2103689043213819
