Model: GRU
MSE: 16.53334303573782
MAE: 2.950100033371537
EVS: -0.16789522856391703
