Model: GRU
MSE: 3.8814305205506674
MAE: 1.665416611565484
EVS: 0.2586059696431672
