Model: GRU
MSE: 9.63525819337068
MAE: 2.7740693268952548
EVS: 0.15773311079352337
