Model: GRU
MSE: 9.675241818432335
MAE: 2.8163955829761647
EVS: 0.27540606233222564
