Model: GRU
MSE: 24.067942478798116
MAE: 3.7340005062244557
EVS: -0.48684965051087525
