Model: GRU
MSE: 20.047972312305017
MAE: 3.5231930061622903
EVS: -0.2310164502417018
