Model: GRU
MSE: 3.067792121829741
MAE: 1.3541509840223525
EVS: 0.33384203649831035
