Model: GRU
MSE: 982.7406371800715
MAE: 31.266401078965927
EVS: -0.20089250199706798
