Model: GRU
MSE: 11543.142161792017
MAE: 107.42043869583695
EVS: 0.06975307430964961
