Model: GRU
MSE: 12.083188407947192
MAE: 3.1762492215191878
EVS: 0.1621478517276681
