Model: GRU
MSE: 976.5615863250447
MAE: 31.17939853668213
EVS: -0.027007466211712794
