Model: GRU
MSE: 6.913557427951438
MAE: 2.2646618242617005
EVS: 0.15078613500080218
