Model: GRU
MSE: 6.486383352348538
MAE: 2.169743679187916
EVS: 0.03481485913269877
