Model: GRU
MSE: 5.05103064317956
MAE: 1.8513139088948567
EVS: 0.02164581335043303
