Model: GRU
MSE: 3.6664933654682734
MAE: 1.4701321919759114
EVS: 0.2162224388941676
