Model: GRU
MSE: 5.037932844541299
MAE: 1.965134161489981
EVS: 0.31969760359585053
