Model: GRU
MSE: 4.480313104348339
MAE: 1.7703801967479564
EVS: 0.15076426433478562
