Model: GRU
MSE: 5.647375363936084
MAE: 1.9608808800026223
EVS: 0.2024567397266941
