Model: GRU
MSE: 59065.70161762944
MAE: 243.02553530092592
EVS: 0.0
