Model: GRU
MSE: 4.299451005169262
MAE: 1.6547380376745153
EVS: 0.15000739697704668
