Model: GRU
MSE: 11.906739967396721
MAE: 3.1971678557219327
EVS: 0.29517623798486115
