Model: GRU
MSE: 3.7089781363841516
MAE: 1.387105800487377
EVS: 0.1409002565247517
