Model: GRU
MSE: 3.6093658414478074
MAE: 1.5244369153623227
EVS: 0.19155771376800934
