Model: GRU
MSE: 5.215222212200657
MAE: 1.9816792099564164
EVS: 0.3361846638670344
