Model: GRU
MSE: 15.25366204508063
MAE: 2.649542596605089
EVS: -0.168347250110771
