Model: GRU
MSE: 11.846733520683133
MAE: 3.1896293781421803
EVS: 0.2091460519060614
