Model: GRU
MSE: 6.901201994105038
MAE: 2.2379413887306496
EVS: 0.16270751492084368
