Model: GRU
MSE: 18.770877056060744
MAE: 2.633144731874819
EVS: -0.48028734457254574
