Model: GRU
MSE: 4.740482823525747
MAE: 1.3848848696108218
EVS: -0.09962347848090825
