Model: GRU
MSE: 8.118524466878254
MAE: 2.545734617445204
EVS: 0.2074137965379249
