Model: GRU
MSE: 20.80538230840412
MAE: 3.675921678543091
EVS: -0.17684940680128292
