Model: GRU
MSE: 5.423791362522193
MAE: 2.0469799394960755
EVS: 0.2544130189134446
