Model: GRU
MSE: 6.338545890501539
MAE: 2.219154216625072
EVS: 0.22097467794283798
