Model: GRU
MSE: 5.113306560816522
MAE: 1.9177606723926686
EVS: 0.10442002634461334
