Model: GRU
MSE: 8.99869918629466
MAE: 2.711475866812247
EVS: 0.06504606085192244
