Model: GRU
MSE: 11.217112244004461
MAE: 3.165146545127586
EVS: 0.24227272282386336
