Model: GRU
MSE: 5.174219687497667
MAE: 1.872409043488679
EVS: -0.0460703600400485
