Model: GRU
MSE: 5.7088284241268346
MAE: 2.1237377943816007
EVS: 0.29923723279930803
