Model: GRU
MSE: 375.92895757772885
MAE: 19.273252610807067
EVS: -0.04192263886760883
