Model: GRU
MSE: 9.331584129473818
MAE: 2.718136186952944
EVS: 0.15496993995192332
