Model: GRU
MSE: 3.57701089758501
MAE: 1.4577151051274053
EVS: 0.18907247541129746
