Model: GRU
MSE: 2.9184485509387605
MAE: 1.2420593544288918
EVS: 0.3205951985082923
