Model: GRU
MSE: 18.204773195828643
MAE: 3.989028082953559
EVS: 0.12746700431943903
