Model: GRU
MSE: 16370.486892053492
MAE: 127.92987512659144
EVS: -0.033358000654495346
