Model: GRU
MSE: 27.067808743502923
MAE: 3.5418822279682867
EVS: -0.8616590909045416
