Model: GRU
MSE: 3.520758459616479
MAE: 1.501435880307798
EVS: 0.2232260471687817
