Model: GRU
MSE: 3.4350440441249805
MAE: 1.5537724318327728
EVS: 0.4077659805646128
