Model: GRU
MSE: 9.145086979614664
MAE: 2.6058035603276006
EVS: 0.13131006294770098
