Model: GRU
MSE: 24.76560775872888
MAE: 3.293951820444178
EVS: -0.8377264659680761
