Model: GRU
MSE: 21.540672889533635
MAE: 3.4529589458748147
EVS: -0.3723774526282646
