Model: GRU
MSE: 3.450909106547139
MAE: 1.2426231525562428
EVS: 0.26499157921677374
