Model: GRU
MSE: 16.11362969986065
MAE: 3.73329586452908
EVS: 0.12684885685251146
