Model: GRU
MSE: 7.313857469758289
MAE: 2.285694298920808
EVS: 0.16412018281648966
