Model: GRU
MSE: 13.973282855473043
MAE: 2.5299869643317328
EVS: -0.08748656122441245
