Model: GRU
MSE: 5.830561126080115
MAE: 2.162475338688603
EVS: 0.30899021609865573
