Model: GRU
MSE: 17.999353371524293
MAE: 3.9944897051210755
EVS: 0.16431644479412288
