Model: GRU
MSE: 8.760015203881165
MAE: 2.63252177061858
EVS: 0.18753792426048754
