Model: GRU
MSE: 11.218662446268253
MAE: 3.151945432027181
EVS: 0.27337548126770295
