Model: GRU
MSE: 4.089453750212367
MAE: 1.6297033804434318
EVS: 0.2856213750080693
