Model: GRU
MSE: 3.7807772617965116
MAE: 1.5564797012894243
EVS: 0.30909320096773973
