Model: GRU
MSE: 4.303251313752366
MAE: 1.6090369401154694
EVS: 0.06222100334279934
