Model: GRU
MSE: 384.35377639461115
MAE: 19.497743332827532
EVS: 0.02307909731924629
