Model: GRU
MSE: 8.29139435086893
MAE: 2.5903406143188477
EVS: 0.07657180565936927
