Model: GRU
MSE: 21.230786357805105
MAE: 3.342638104050248
EVS: -0.43923135630309296
