Model: GRU
MSE: 4.1751734513540955
MAE: 1.7617436161747686
EVS: 0.25535584733606886
