Model: GRU
MSE: 20.461584814057225
MAE: 3.1218349315502025
EVS: -0.45592717449940423
