Model: GRU
MSE: 3.692370885516943
MAE: 1.422594458968551
EVS: 0.16282568215054538
