Model: GRU
MSE: 10.35751807123978
MAE: 2.876024705392343
EVS: -0.09610250639749296
