Model: GRU
MSE: 5.533150962201169
MAE: 2.0123488814742476
EVS: 0.17350303625293673
