Model: GRU
MSE: 17.606300598237056
MAE: 2.5708708851425737
EVS: -0.3883136179152784
