Model: GRU
MSE: 5.096337210703024
MAE: 1.796648661295573
EVS: 0.15791061919418437
