Model: GRU
MSE: 3.7693470901955757
MAE: 1.5304298754091616
EVS: 0.21030025037745692
