Model: GRU
MSE: 6.895284389758469
MAE: 2.317127369068287
EVS: 0.05562658121053965
