Model: GRU
MSE: 15.252565709059867
MAE: 2.283365814774125
EVS: -0.20661009443664535
