Model: GRU
MSE: 9.960546771492874
MAE: 2.877168302182798
EVS: 0.17444766703801706
