Model: GRU
MSE: 10.473038267597143
MAE: 2.9551429042109736
EVS: 0.21247499806736703
