Model: GRU
MSE: 3.3458146540887928
MAE: 1.2924217294763636
EVS: 0.2734057920816205
