Model: GRU
MSE: 4.03236494062636
MAE: 1.2999193403455946
EVS: 0.12177903195694306
