Model: GRU
MSE: 12.2858277964081
MAE: 3.2190490298800998
EVS: 0.20310763957926925
