Model: GRU
MSE: 5.872950617368857
MAE: 2.1397379769219294
EVS: 0.22556658787035777
