Model: GRU
MSE: 20.78725386422239
MAE: 3.085406775827761
EVS: -0.46035696105817303
