Model: GRU
MSE: 20.104986088274792
MAE: 2.992924593113087
EVS: -0.4945785677522878
