Model: GRU
MSE: 5.875845374760131
MAE: 2.11194497567636
EVS: 0.1965351428329849
