Model: GRU
MSE: 3.4060921943441995
MAE: 1.395157708062066
EVS: 0.2412615354606248
