Model: GRU
MSE: 655.9326609140405
MAE: 25.541356404622395
EVS: 0.16757570584293247
