Model: GRU
MSE: 17.807195882705997
MAE: 2.5814163243329085
EVS: -0.38561592051197047
