Model: GRU
MSE: 7.679586795752079
MAE: 2.4431334601508246
EVS: 0.1177388293854954
