Model: GRU
MSE: 5.466076106759694
MAE: 2.0482897935090243
EVS: 0.23796936917000178
