Model: GRU
MSE: 23.18521716878668
MAE: 3.627473654570403
EVS: -0.5337597996018422
