Model: GRU
MSE: 16.71563170828156
MAE: 3.0175754759046765
EVS: -0.14894817480278388
