Model: GRU
MSE: 7.099651558615632
MAE: 2.426587952507867
EVS: 0.020704093124320422
