Model: GRU
MSE: 4.1961721921951955
MAE: 1.6482788015294958
EVS: 0.1755222214276272
