Model: GRU
MSE: 8.343916277637618
MAE: 2.5245589503535517
EVS: 0.18177463426658869
