Model: GRU
MSE: 5.942775062622112
MAE: 2.043318889759205
EVS: 0.22377488659606315
