Model: GRU
MSE: 5.470511532669695
MAE: 2.070057056568287
EVS: 0.18242765321684418
