Model: GRU
MSE: 3.7181768182143196
MAE: 1.4834584483393916
EVS: 0.19235198416800425
