Model: GRU
MSE: 2645.3934075702614
MAE: 51.39825368810583
EVS: 0.15798510086906403
