Model: GRU
MSE: 5.5183480272979875
MAE: 1.9830679716887298
EVS: 0.28533908554336007
