Model: GRU
MSE: 7.307414251338405
MAE: 2.3420154783460827
EVS: 0.2614592958592372
