Model: GRU
MSE: 8.917056876074168
MAE: 2.682133498015227
EVS: -0.025004040310462772
