Model: GRU
MSE: 13.76705210816184
MAE: 3.454964143258554
EVS: 0.22730726952729574
