Model: GRU
MSE: 8.194088065721862
MAE: 2.4053790834214954
EVS: -0.1143036490442082
