Model: GRU
MSE: 8.449028870492267
MAE: 2.6450510731449834
EVS: 0.27805723336564814
