Model: GRU
MSE: 22.575560844278765
MAE: 4.490161154005262
EVS: 0.19289267199207616
