Model: GRU
MSE: 17.952359986305932
MAE: 2.810735243338126
EVS: -0.3024045530772157
