Model: GRU
MSE: 7.101458366226763
MAE: 2.304172233298973
EVS: 0.2510964942315337
