Model: GRU
MSE: 4.584590147288509
MAE: 1.6996256157203957
EVS: 0.1700910454173069
