Model: GRU
MSE: 24.95676095740314
MAE: 3.726074598453663
EVS: -0.5298477989454979
