Model: GRU
MSE: 354.8948025838659
MAE: 18.7140203471537
EVS: -0.09076043062775341
