Model: GRU
MSE: 9.478880184321936
MAE: 2.7204662605568215
EVS: 0.16664015019847278
