Model: GRU
MSE: 17.19364964336634
MAE: 3.2158690205326788
EVS: -0.16205566854282094
