Model: GRU
MSE: 21.81733699518896
MAE: 3.3723100423812866
EVS: -0.5110123086244349
