Model: GRU
MSE: 5.250887622342681
MAE: 1.6228271413732458
EVS: 0.028912919559007655
