Model: GRU
MSE: 12.99969119247601
MAE: 2.2137825224134655
EVS: -0.02789323004740707
