Model: GRU
MSE: 4.457057979283895
MAE: 1.8484815668176722
EVS: 0.28224203057673736
