Model: GRU
MSE: 3.6097976748835072
MAE: 1.400119004426179
EVS: 0.16449985101701858
