Model: GRU
MSE: 21.34918741916036
MAE: 2.78928542137146
EVS: -0.6270168669002572
