Model: GRU
MSE: 18.696261290596347
MAE: 2.8656631222477666
EVS: -0.37568152255380394
