Model: GRU
MSE: 33.1291932197733
MAE: 5.011716953030339
EVS: -0.41743157968670963
