Model: GRU
MSE: 14.838044273258674
MAE: 3.6095319324069552
EVS: 0.24175946286484584
