Model: GRU
MSE: 3.811031506915242
MAE: 1.5238353587962963
EVS: 0.1454153720501049
