Model: GRU
MSE: 11.123165851155338
MAE: 3.1115571481210216
EVS: 0.2014708036638969
