Model: GRU
MSE: 4.630777109531833
MAE: 1.8733866656268086
EVS: 0.2627192684890046
