Model: GRU
MSE: 22.27864559390023
MAE: 3.238718783413922
EVS: -0.6239664485901248
