Model: GRU
MSE: 3.2761229033392874
MAE: 1.1453035849112052
EVS: 0.24973443093843606
