Model: GRU
MSE: 3.4605654813089197
MAE: 1.2223990405047382
EVS: 0.19615788597675543
