Model: GRU
MSE: 5.31078761354655
MAE: 1.9148626680727359
EVS: 0.12755122100898908
