Model: GRU
MSE: 23.6834430934102
MAE: 4.044030984242757
EVS: -0.25295911608625055
