Model: GRU
MSE: 10.125220673882554
MAE: 2.848018257706254
EVS: 0.20882997893458333
