Model: GRU
MSE: 7.587568526310861
MAE: 2.3390045872441045
EVS: 0.0456712324882631
