Model: GRU
MSE: 5.2346307862746
MAE: 1.9437179918642398
EVS: 0.17964046718896065
