Model: GRU
MSE: 3.7141911619491683
MAE: 1.5612207695289895
EVS: 0.1812313121712248
