Model: GRU
MSE: 18.621149187986095
MAE: 4.0691146497373225
EVS: 0.1607629133995685
