Model: GRU
MSE: 27.15071057619444
MAE: 3.0857405221020735
EVS: -1.0731192644989123
