Model: GRU
MSE: 9.370114587959371
MAE: 2.72780414863869
EVS: 0.17993398520531312
