Model: GRU
MSE: 3.3622498269876613
MAE: 1.24446024718108
EVS: 0.26941219050218357
