Model: GRU
MSE: 3.769805815121092
MAE: 1.5985571190162942
EVS: 0.24265065270303876
