Model: GRU
MSE: 23.090684841699638
MAE: 4.2112006434687865
EVS: -0.11234053610104078
