Model: GRU
MSE: 14.368891605529354
MAE: 3.4174378359759294
EVS: 0.0747249296425111
