Model: GRU
MSE: 26.739248571893103
MAE: 4.037251596097593
EVS: -0.534541244126665
