Model: GRU
MSE: 16.90996019298786
MAE: 3.1776066179628724
EVS: -0.10382225191749428
