Model: GRU
MSE: 10.724494811554063
MAE: 2.94932602069996
EVS: 0.13592372761865779
