Model: GRU
MSE: 8.837826018593255
MAE: 2.641447173224555
EVS: 0.19738358597474093
