Model: GRU
MSE: 3869.864016632493
MAE: 62.16863547431098
EVS: -0.14775081306327564
