Model: GRU
MSE: 3.854120737573255
MAE: 1.5983271775422272
EVS: 0.21334162757001474
