Model: GRU
MSE: 6.327236270198868
MAE: 1.9358243589048032
EVS: -0.17220537112975554
