Model: GRU
MSE: 15.804002635930475
MAE: 2.628980601275409
EVS: -0.19848223198494508
