Model: GRU
MSE: 15.064306243674807
MAE: 2.1869952060558178
EVS: -0.1850017697574129
