Model: GRU
MSE: 10.421874718055463
MAE: 2.96509258835404
EVS: 0.2061299236302525
