Model: GRU
MSE: 8.399464124370011
MAE: 2.561168917903194
EVS: 0.21495268310884896
