Model: GRU
MSE: 3.8872274910846265
MAE: 1.5561992503978588
EVS: 0.2660709023914273
