Model: GRU
MSE: 8.669496123207729
MAE: 2.5964380900065103
EVS: 0.1713813336930936
