Model: GRU
MSE: 5.906663386900686
MAE: 2.1406037365948714
EVS: 0.23371484650279306
