Model: GRU
MSE: 8.305765212366438
MAE: 2.590804276642976
EVS: 0.09359667679646311
