Model: GRU
MSE: 8.36263273251963
MAE: 2.503087538260001
EVS: 0.18182696893922923
