Model: GRU
MSE: 3.7241869105780805
MAE: 1.4074560094762731
EVS: 0.13257137950072984
