Model: GRU
MSE: 5.954143642839073
MAE: 2.162238191675257
EVS: 0.23925664669192526
