Model: GRU
MSE: 3.268669666024363
MAE: 1.1308600461041485
EVS: 0.3218684086444855
