Model: GRU
MSE: 17.86785571123174
MAE: 3.450655124805592
EVS: -0.06234495051004152
