Model: GRU
MSE: 338.644998902149
MAE: 18.058047519789802
EVS: 0.002142997361684662
