Model: GRU
MSE: 7.228751925614301
MAE: 2.3847069563689054
EVS: 0.1346580327928376
