Model: GRU
MSE: 17.728250599578033
MAE: 2.6997463085033275
EVS: -0.3944709332099712
