Model: GRU
MSE: 7081.228577900206
MAE: 84.12196773952908
EVS: -0.10075306753496793
