Model: GRU
MSE: 20.002524310466445
MAE: 3.14487271838718
EVS: -0.3922836363612847
