Model: GRU
MSE: 9.144952174068951
MAE: 2.590696899979203
EVS: -0.07266327879795398
