Model: GRU
MSE: 4.562480297609404
MAE: 1.8846816310176142
EVS: 0.28461849820311313
