Model: GRU
MSE: 25.662012875691307
MAE: 3.8831551516497576
EVS: -0.5342989676693839
