Model: GRU
MSE: 3.487690289257578
MAE: 1.2344036102294922
EVS: 0.28987853592597423
