Model: GRU
MSE: 4.282644995370127
MAE: 1.6922615192554615
EVS: 0.1824356850707356
