Model: GRU
MSE: 3.4451396462797033
MAE: 1.4813688419483326
EVS: 0.2859578006565524
