Model: GRU
MSE: 9.618132624888354
MAE: 2.843933529324002
EVS: 0.34815433197749956
