Model: GRU
MSE: 6.911927563860714
MAE: 2.1433337176287615
EVS: -0.00272208344833591
