Model: GRU
MSE: 12.463210900174696
MAE: 3.209299511379666
EVS: 0.1330494576647797
