Model: GRU
MSE: 7.080651147593185
MAE: 2.4283328939367226
EVS: 0.18339890587795382
