Model: GRU
MSE: 10.053160910572977
MAE: 2.8162613621464483
EVS: 0.15372178428675864
