Model: GRU
MSE: 1894.0585771419253
MAE: 43.46652235808196
EVS: -0.10002819413453912
