Model: GRU
MSE: 5.655762106196124
MAE: 2.0768281795360424
EVS: 0.14151070306336822
