Model: GRU
MSE: 23.502339982447538
MAE: 2.9908448501869485
EVS: -0.7394254591718747
