Model: GRU
MSE: 24.29849619062468
MAE: 4.286836288593434
EVS: -0.1562005182600541
