Model: GRU
MSE: 27.11855390290987
MAE: 4.164993003562644
EVS: -0.4867780518493281
