Model: GRU
MSE: 9.774267402255141
MAE: 2.7131838268703885
EVS: 0.09735925624081299
