Model: GRU
MSE: 23.214770454724103
MAE: 3.8333069483439126
EVS: -0.2923413092181568
