Model: GRU
MSE: 9.624772228777651
MAE: 2.8394091924031577
EVS: 0.32627425708384394
