Model: GRU
MSE: 15.079581686111682
MAE: 3.547949579026964
EVS: 0.06556370369502229
