Model: GRU
MSE: 1624.8179322356375
MAE: 40.26258256700304
EVS: 0.12781552733800494
