Model: GRU
MSE: 6.651457040469318
MAE: 2.3290974299112954
EVS: 0.22761882352077112
