Model: GRU
MSE: 12.047201756432548
MAE: 3.275601069132487
EVS: 0.2314366275523284
