Model: GRU
MSE: 16.913630137952943
MAE: 2.8307018280029297
EVS: -0.30194749899995466
