Model: GRU
MSE: 6.546245269694568
MAE: 2.2745496961805554
EVS: 0.19363720828160091
