Model: GRU
MSE: 3.4483025016397058
MAE: 1.2067897231490523
EVS: 0.2631993605484165
