Model: GRU
MSE: 12.168203295685098
MAE: 3.1148796258149325
EVS: 0.05860206141742563
