Model: GRU
MSE: 4.5194911015525445
MAE: 1.7633240311234086
EVS: 0.2587382758670296
