Model: GRU
MSE: 3.933643145876953
MAE: 1.459827599702058
EVS: 0.11624835052666727
