Model: GRU
MSE: 11.197797830609657
MAE: 3.0053476757473416
EVS: 0.1091716138002361
