Model: GRU
MSE: 4.189863595184323
MAE: 1.6869803534613714
EVS: 0.22813489677240173
