Model: GRU
MSE: 11.833787971247215
MAE: 3.143468221028646
EVS: 0.2279508642749687
