Model: GRU
MSE: 3160.7664329087934
MAE: 56.116143261944806
EVS: 0.06629979600081592
