Model: GRU
MSE: 16.158096590970008
MAE: 2.2012540852582014
EVS: -0.28171642837135047
