Model: GRU
MSE: 8.359592343192297
MAE: 2.5263887687965676
EVS: 0.20242344132482315
