Model: GRU
MSE: 16.278671470489286
MAE: 3.7353835988927773
EVS: 0.12155720257332892
