Model: GRU
MSE: 3.328941906873398
MAE: 1.1932852356522172
EVS: 0.27848364240624246
