Model: GRU
MSE: 5.91540443303573
MAE: 2.0413589124326355
EVS: 0.14244727515161493
