Model: GRU
MSE: 17.612710415733673
MAE: 2.734452759778058
EVS: -0.3471951652360765
