Model: GRU
MSE: 3.5069116398476075
MAE: 1.344212249473289
EVS: 0.1876895033970557
