Model: GRU
MSE: 6.432353852401961
MAE: 2.2019755751998336
EVS: 0.3247968242133339
