Model: GRU
MSE: 3.894562473621624
MAE: 1.4594778837981048
EVS: 0.12861421338401813
