Model: GRU
MSE: 5.745037470930786
MAE: 1.943559964497884
EVS: 0.055750466628199935
