Model: GRU
MSE: 3.8728706659460808
MAE: 1.4837506612141926
EVS: 0.13864209572176334
