Model: GRU
MSE: 26.86467331484095
MAE: 4.011106393955372
EVS: -0.5311938190738632
