Model: GRU
MSE: 23.93261638599588
MAE: 3.9636356035868325
EVS: -0.3233862384664141
