Model: GRU
MSE: 22.60064601651455
MAE: 2.587649045167146
EVS: -0.7771065104036259
