Model: GRU
MSE: 5.126266926162551
MAE: 1.698950661553277
EVS: -0.15321249031294992
