Model: GRU
MSE: 950.6678397002287
MAE: 30.770091904534233
EVS: 0.09823914532050293
