Model: GRU
MSE: 21.228094640513653
MAE: 3.2831237227828414
EVS: -0.41474864298128056
