Model: GRU
MSE: 17.81405925180615
MAE: 2.538963759386981
EVS: -0.39919797919460676
