Model: GRU
MSE: 11.292695162718498
MAE: 3.029627658702709
EVS: 0.030615676949828474
