Model: GRU
MSE: 10.282451071685905
MAE: 2.967804025720667
EVS: 0.2558897517954163
