Model: GRU
MSE: 21.623344608434813
MAE: 3.139739848949291
EVS: -0.5700626535845741
