Model: GRU
MSE: 7.317128658582819
MAE: 2.365505995573821
EVS: 0.17229365603245173
