Model: GRU
MSE: 3.8505064499067547
MAE: 1.462810233787254
EVS: 0.10535434274204403
