Model: GRU
MSE: 19.02340397198718
MAE: 2.726630864319978
EVS: -0.46997540201919885
