Model: GRU
MSE: 5.71698600894925
MAE: 2.040133476257324
EVS: 0.1966912757061854
