Model: GRU
MSE: 3.926778871407637
MAE: 1.4369824374163593
EVS: 0.09150682891693906
