Model: GRU
MSE: 5.616388947111908
MAE: 2.1099101172553167
EVS: 0.25455691749262166
