Model: GRU
MSE: 24.27349693954338
MAE: 3.9065745450832225
EVS: -0.3630633056754471
