Model: GRU
MSE: 26.972055545777174
MAE: 4.394435811925818
EVS: -0.3416549467253174
