Model: GRU
MSE: 4.498205867717674
MAE: 1.732719032852738
EVS: 0.12258781473670799
