Model: GRU
MSE: 6.461468019469639
MAE: 1.8717415421097368
EVS: -0.25956486644260846
