Model: GRU
MSE: 7.119677085784672
MAE: 2.249435212877062
EVS: 0.025131839761503127
