Model: GRU
MSE: 8.579664125857427
MAE: 2.4001922254209167
EVS: -0.11183873173645709
