Model: GRU
MSE: 21.801123964818746
MAE: 3.5902282573558666
EVS: -0.3796878900670946
