Model: GRU
MSE: 4.380276157370072
MAE: 1.6444185045030382
EVS: 0.14059778556663693
