Model: GRU
MSE: 6.626113213174701
MAE: 2.278193226567021
EVS: 0.1495406341994907
