Model: GRU
MSE: 3.748686227020766
MAE: 1.301677597893609
EVS: 0.127244135884932
