Model: GRU
MSE: 3.918557147096012
MAE: 1.4785892345287182
EVS: 0.12240240198645458
