Model: GRU
MSE: 17.283211321791995
MAE: 2.668142636617025
EVS: -0.3279322990942113
