Model: GRU
MSE: 19.09323838883139
MAE: 2.7826782635280063
EVS: -0.5150430759000986
