Model: GRU
MSE: 23.206203305406756
MAE: 2.7362077236175537
EVS: -0.8139585550040307
