Model: GRU
MSE: 3.744859834625526
MAE: 1.678476404260706
EVS: 0.35114898317467447
