Model: GRU
MSE: 17.05219809233461
MAE: 2.479348571212203
EVS: -0.33233515153394144
