Model: GRU
MSE: 16.405543761897373
MAE: 2.122560183207194
EVS: -0.28175634365689617
