Model: GRU
MSE: 4.905391092328803
MAE: 1.885347119084111
EVS: 0.07401329668480461
