Model: GRU
MSE: 19.61463582600122
MAE: 3.1126401159498425
EVS: -0.43181182943059304
