Model: GRU
MSE: 5.125025142913694
MAE: 2.0052044833147966
EVS: 0.31509016557352065
