Model: GRU
MSE: 3.476960861719851
MAE: 1.3050068042896412
EVS: 0.1906322601007937
