Model: GRU
MSE: 30.97450848750264
MAE: 4.943916320800781
EVS: -0.239665605593274
