Model: GRU
MSE: 4.049491300967054
MAE: 1.4820517787226923
EVS: 0.16296286439011687
