Model: GRU
MSE: 7.776114101524197
MAE: 2.471451406125669
EVS: 0.14943587893090826
