Model: GRU
MSE: 4.419232428761326
MAE: 1.7790500499584057
EVS: 0.22290948373020258
