Model: GRU
MSE: 11.574899191132014
MAE: 3.1077950089066118
EVS: 0.21122321332528582
