Model: GRU
MSE: 4.467055219517163
MAE: 1.7925389607747395
EVS: 0.09346708480191457
