Model: GRU
MSE: 8.646730905206823
MAE: 2.5476949833057545
EVS: 0.09251583182148171
