Model: GRU
MSE: 1084.6161337238048
MAE: 32.748315281338165
EVS: 0.032983490807726557
