Model: GRU
MSE: 22.211335924431012
MAE: 3.150188156536647
EVS: -0.657625996012585
