Model: GRU
MSE: 12.98030378074061
MAE: 3.3540446316754378
EVS: 0.15100668963787922
