Model: GRU
MSE: 20.502990251410605
MAE: 3.600049707624647
EVS: -0.22712124475587148
