Model: GRU
MSE: 14.607803320579352
MAE: 2.1382860430964716
EVS: -0.1521019669108623
