Model: GRU
MSE: 4.2728391103321846
MAE: 1.5355794694688585
EVS: 0.08577346619671078
