Model: GRU
MSE: 4.920238919434404
MAE: 1.8379700978597004
EVS: 0.10327166639356045
