Model: GRU
MSE: 3.3516550403044136
MAE: 1.4504595156069156
EVS: 0.2521570196739308
