Model: GRU
MSE: 9.874117078529203
MAE: 2.8771279652913413
EVS: 0.1581394044272717
