Model: GRU
MSE: 9.650536883588892
MAE: 2.809367956938567
EVS: 0.17163012137416378
