Model: GRU
MSE: 5.007060756444338
MAE: 1.8875896665785048
EVS: 0.24627069575265992
