Model: GRU
MSE: 5.278883328797309
MAE: 1.9675644415396232
EVS: 0.18815997548149144
