Model: GRU
MSE: 22.084646328807814
MAE: 2.742731730143229
EVS: -0.7318697386711144
