Model: GRU
MSE: 354.7122009718401
MAE: 18.7118228453177
EVS: -0.06737131094696314
