Model: GRU
MSE: 5.407503487698166
MAE: 2.008684723465531
EVS: -0.030142659427921936
