Model: GRU
MSE: 3.3512108855187495
MAE: 1.2040171093410916
EVS: 0.24617227839239297
