Model: GRU
MSE: 4.503521278391418
MAE: 1.839095362910518
EVS: 0.15851555121932892
