Model: GRU
MSE: 15.449321440521494
MAE: 2.481343728524667
EVS: -0.20980395739698765
