Model: GRU
MSE: 3.988249445944853
MAE: 1.6535263767948858
EVS: 0.1360990979654585
