Model: GRU
MSE: 5.967353408810932
MAE: 2.125369177924262
EVS: 0.1407157525495254
