Model: GRU
MSE: 4.381775281388973
MAE: 1.814539980005335
EVS: 0.23488344749584356
