Model: GRU
MSE: 4.643936713483425
MAE: 1.8454706403944228
EVS: 0.15138639376823204
