Model: GRU
MSE: 18.94376208381802
MAE: 3.21330874937552
EVS: -0.2826258585442327
