Model: GRU
MSE: 4.78191423663564
MAE: 1.7441749925966616
EVS: 0.07613534167734715
