Model: GRU
MSE: 5.10018837016499
MAE: 1.737279008935999
EVS: 0.13626732246673323
