Model: GRU
MSE: 5.212602359420897
MAE: 1.980219770360876
EVS: 0.26636836696900656
