Model: GRU
MSE: 4.611216231432014
MAE: 1.5256627753928855
EVS: -0.013015724779944504
