Model: GRU
MSE: 3.5941334066288215
MAE: 1.51651633227313
EVS: 0.2616053561963463
