Model: GRU
MSE: 370.2201134460617
MAE: 19.132533289768077
EVS: 0.029021556623414768
