Model: GRU
MSE: 4.5393905858824874
MAE: 1.5801445643107097
EVS: 0.037432227350397196
