Model: GRU
MSE: 15.139741329326448
MAE: 1.9771830417491771
EVS: -0.18247990568235828
