Model: GRU
MSE: 4.640719280581362
MAE: 1.8890784934714988
EVS: 0.2105626411131457
