Model: GRU
MSE: 3.9131986278599906
MAE: 1.7027967594288014
EVS: 0.3911513309752689
