Model: GRU
MSE: 4.274693878838055
MAE: 1.6418653417516638
EVS: 0.0490220425527671
