Model: GRU
MSE: 4.04617910912411
MAE: 1.3406603071424696
EVS: 0.25607440227413125
