Model: GRU
MSE: 5.5870258018711425
MAE: 1.708547662805628
EVS: -0.0336637799351609
