Model: GRU
MSE: 6.171707060794318
MAE: 2.241220615528248
EVS: 0.11676868616148761
