Model: GRU
MSE: 8.300190301553812
MAE: 2.656394675925926
EVS: 0.28121821329092767
