Model: GRU
MSE: 4.109800218106506
MAE: 1.4104721634476274
EVS: 0.051179243306525346
