Model: GRU
MSE: 26.80837567037717
MAE: 4.066536996099684
EVS: -0.4973621389973757
