Model: GRU
MSE: 5.126855933633898
MAE: 1.9461938716747142
EVS: 0.30628090684386444
