Model: GRU
MSE: 2224.72136929504
MAE: 47.11772184018736
EVS: -0.08176745483609804
