Model: GRU
MSE: 355.9579041571028
MAE: 18.752314898702835
EVS: -0.00414391966305061
