Model: GRU
MSE: 14.850308234715603
MAE: 2.367178369451452
EVS: -0.17818719425535967
