Model: GRU
MSE: 3.0814499797540553
MAE: 1.1976072523328993
EVS: 0.2874436629383419
