Model: GRU
MSE: 172671.51884089285
MAE: 415.52249032479745
EVS: -2.220446049250313e-16
