Model: GRU
MSE: 17.977128020860853
MAE: 2.479530440436469
EVS: -0.42909114203369736
