Model: GRU
MSE: 3.059958881112497
MAE: 1.1067165092185691
EVS: 0.3066612647499001
