Model: GRU
MSE: 10.828796708523912
MAE: 2.9635402538158275
EVS: 0.14569345996493077
