Model: GRU
MSE: 22.48744718792639
MAE: 3.3444916318964073
EVS: -0.5572871030051116
