Model: GRU
MSE: 11.523390274118086
MAE: 3.099527853506583
EVS: 0.12246862461092811
