Model: GRU
MSE: 3.613605690786682
MAE: 1.297321460865162
EVS: 0.18263943865275367
