Model: GRU
MSE: 19.171187322035756
MAE: 3.4712262330231844
EVS: -0.16137988781865875
