Model: GRU
MSE: 6.856671386188686
MAE: 2.236864266572175
EVS: 0.004672081675256012
