Model: GRU
MSE: 1119.480348567539
MAE: 33.39033868577745
EVS: -0.06404891659548895
