Model: GRU
MSE: 5.133130914188331
MAE: 1.7358464841489438
EVS: 0.013238250379836836
