Model: GRU
MSE: 3.292135223506631
MAE: 1.3265538745456271
EVS: 0.24619973335096546
