Model: GRU
MSE: 5.61495179445181
MAE: 2.0616002965856484
EVS: 0.15378010903288408
