Model: GRU
MSE: 21.57994162363863
MAE: 3.0970483356051974
EVS: -0.6115967962825262
