Model: GRU
MSE: 5.65144150145005
MAE: 2.095830104969166
EVS: 0.27182393093241797
