Model: GRU
MSE: 11.475343155702022
MAE: 3.0524166601675526
EVS: 0.1265724868723912
