Model: GRU
MSE: 17.1807256823968
MAE: 3.8504758764196327
EVS: 0.20229154923881554
