Model: GRU
MSE: 4.355839399711571
MAE: 1.6981114281548395
EVS: 0.2422135461839805
