Model: GRU
MSE: 4.643032097276706
MAE: 1.8189845261750397
EVS: 0.23046592844728853
