Model: GRU
MSE: 20.90563532946305
MAE: 3.2827362837614835
EVS: -0.42437162618209223
