Model: GRU
MSE: 5.703653320444607
MAE: 2.0672567508838795
EVS: 0.19373008545083115
