Model: GRU
MSE: 22.755341735106825
MAE: 3.2305153299261025
EVS: -0.6335892620876831
