Model: GRU
MSE: 6.99238188905501
MAE: 2.266771881668656
EVS: 0.15507338906331924
