Model: GRU
MSE: 18.51997621707109
MAE: 2.603109024189137
EVS: -0.42243621411711074
