Model: GRU
MSE: 4.9883448870077025
MAE: 1.9176128528736256
EVS: 0.1991851588084913
