Model: GRU
MSE: 9.244814657377969
MAE: 2.770074385183829
EVS: 0.2256387681113905
