Model: GRU
MSE: 17.141973398587552
MAE: 2.6244527675487377
EVS: -0.3168910188826035
