Model: GRU
MSE: 7.350915958839795
MAE: 2.385172031543873
EVS: 0.29757785054782393
