Model: GRU
MSE: 6.1785383097580455
MAE: 2.234831774676288
EVS: 0.29671878287877584
