Model: GRU
MSE: 22.49905461083435
MAE: 3.4707390202416315
EVS: -0.4863032152015616
