Model: GRU
MSE: 6.014019915818743
MAE: 2.1855979142365634
EVS: 0.12222912818189091
