Model: GRU
MSE: 33.30179273962245
MAE: 5.435370551215278
EVS: 0.09277063193641455
