Model: GRU
MSE: 20.35049331753709
MAE: 3.7582531328554505
EVS: -0.11472210403123229
