Model: GRU
MSE: 3.411792495397128
MAE: 1.280491758275915
EVS: 0.22287083725531887
