Model: GRU
MSE: 8230.38915989202
MAE: 90.65213888662832
EVS: -2.220446049250313e-16
