Model: GRU
MSE: 350.9311733024409
MAE: 18.614941243772154
EVS: -0.02897506181368459
