Model: GRU
MSE: 9.866415415783566
MAE: 2.8633481838085033
EVS: 0.2666557666188656
