Model: GRU
MSE: 8.008435990573835
MAE: 2.5354263517591686
EVS: 0.14569437291555554
