Model: GRU
MSE: 8.90100325187716
MAE: 2.6326074600219727
EVS: 0.161267537361793
