Model: GRU
MSE: 6.3851714682256935
MAE: 2.0786316483109086
EVS: 0.0119638265505696
