Model: GRU
MSE: 5.269570527344007
MAE: 2.0331714064986617
EVS: 0.06917690316479808
