Model: GRU
MSE: 3.4565533589095003
MAE: 1.5315285435429327
EVS: 0.28289833352346117
