Model: GRU
MSE: 6.2045510495584795
MAE: 2.1552920871310763
EVS: 0.16214522201444315
