Model: GRU
MSE: 12.062582882253857
MAE: 2.066694895426432
EVS: 0.04603631752247794
