Model: GRU
MSE: 3.1895614338016594
MAE: 1.2850396191632305
EVS: 0.2572330111741399
