Model: GRU
MSE: 5.204827888911563
MAE: 1.9854155293217413
EVS: 0.21733680950736534
