Model: GRU
MSE: 14.286082272018508
MAE: 3.4490618175930448
EVS: 0.0771166094416702
