Model: GRU
MSE: 14.75106703090461
MAE: 2.087084593596282
EVS: -0.11098703474544558
