Model: GRU
MSE: 3.496839150801659
MAE: 1.317739451373065
EVS: 0.18524814122817979
