Model: GRU
MSE: 7.751252130173977
MAE: 2.362756446555809
EVS: 0.10699084516402035
