Model: GRU
MSE: 7.955651349905363
MAE: 2.516142138728389
EVS: 0.18628709575771452
