Model: GRU
MSE: 6.411900198065336
MAE: 2.1817750577573425
EVS: 0.1633246914812605
