Model: GRU
MSE: 24.437839513717446
MAE: 4.018079161643982
EVS: -0.31405049816817066
