Model: GRU
MSE: 18.368402290132575
MAE: 4.026129757916486
EVS: 0.20078170250363636
