Model: GRU
MSE: 4.968109424352608
MAE: 1.8429199854532878
EVS: 0.2800742584852467
