Model: GRU
MSE: 4.942276269078657
MAE: 1.8409679907339591
EVS: 0.20553208052712246
