Model: GRU
MSE: 4.166476127169887
MAE: 1.7282693297774703
EVS: 0.165349223244182
