Model: GRU
MSE: 29.808177460471338
MAE: 4.7318455201608165
EVS: -0.2862642587923472
