Model: GRU
MSE: 5.836408582494726
MAE: 2.1043930053710938
EVS: 0.2847068483956753
