Model: GRU
MSE: 10.026951197768001
MAE: 2.8145997435958297
EVS: 0.15112689015530456
