Model: GRU
MSE: 3.933150773384686
MAE: 1.6159598385846172
EVS: 0.22601870287272474
