Model: GRU
MSE: 3.2413411928994686
MAE: 1.375189533940068
EVS: 0.2648049315524784
