Model: GRU
MSE: 11.532163617997934
MAE: 2.9555527015968606
EVS: 0.06361092947495872
