Model: GRU
MSE: 6.326527191413502
MAE: 2.2125864028930664
EVS: 0.2600324335175007
