Model: GRU
MSE: 3.7827228328373232
MAE: 1.584328086287887
EVS: 0.27989966151416346
