Model: GRU
MSE: 7379.59977685088
MAE: 84.39655402854636
EVS: -58.85384698658614
