Model: GRU
MSE: 21.60134954004039
MAE: 3.2886791405854403
EVS: -0.4591475616615037
