Model: GRU
MSE: 4.305107131269526
MAE: 1.3617654023347077
EVS: 0.009917390752259725
