Model: GRU
MSE: 3.396699889607084
MAE: 1.4743213653564453
EVS: 0.31070652263681775
