Model: GRU
MSE: 5.587708949641469
MAE: 2.0849104987250433
EVS: 0.21879466060854735
