Model: GRU
MSE: 5.719225919679923
MAE: 1.9426395628187392
EVS: -0.00592590082164457
