Model: GRU
MSE: 4.266226326702828
MAE: 1.7457644144694011
EVS: 0.23643345770028057
