Model: GRU
MSE: 16.782914025774087
MAE: 2.300143330185502
EVS: -0.334209930143347
