Model: GRU
MSE: 11.012399862777178
MAE: 3.0396018911291054
EVS: 0.08723521591949701
