Model: GRU
MSE: 6.684816175768127
MAE: 2.3003992857756437
EVS: 0.13418288479832263
