Model: GRU
MSE: 5.915937623150057
MAE: 2.14932918548584
EVS: 0.20689942751903623
