Model: GRU
MSE: 20.31592292142324
MAE: 3.1445623680397317
EVS: -0.4249391737144186
