Model: GRU
MSE: 3.5000819125854026
MAE: 1.4707791716964156
EVS: 0.36237805635668874
