Model: GRU
MSE: 4.118594377206136
MAE: 1.7159115473429363
EVS: 0.23262149482711425
