Model: GRU
MSE: 4.646936023002396
MAE: 1.3409716994674117
EVS: -0.05834953038699897
