Model: GRU
MSE: 3.6764999428754286
MAE: 1.4582925019440827
EVS: 0.14537859149217658
