Model: GRU
MSE: 26.322434656362265
MAE: 4.207495813016538
EVS: -0.5450792866565388
