Model: GRU
MSE: 7.366341559089825
MAE: 2.457362104345251
EVS: 0.11137173196080086
