Model: GRU
MSE: 4.031352832690033
MAE: 1.5952729472407587
EVS: 0.16118868080920035
