Model: GRU
MSE: 12.671087092691138
MAE: 3.2335546988028065
EVS: 0.16888806913231302
