Model: GRU
MSE: 3.852081147254332
MAE: 1.3043740237200703
EVS: 0.13467187414210546
