Model: GRU
MSE: 5.660339931016433
MAE: 1.9887490802341037
EVS: 0.04731859653683701
