Model: GRU
MSE: 23.834054723854834
MAE: 3.9852283972280995
EVS: -0.30135978443366196
