Model: GRU
MSE: 6.229125000615938
MAE: 2.210805963586878
EVS: 0.2744596031879154
