Model: GRU
MSE: 15.375182429489609
MAE: 2.617769135369195
EVS: -0.1945526779506359
