Model: GRU
MSE: 3.923045287840102
MAE: 1.7273474446049444
EVS: 0.28002638635335686
