Model: GRU
MSE: 17.074564495359382
MAE: 2.571636058666088
EVS: -0.3298195283310259
