Model: GRU
MSE: 8.878205689091711
MAE: 2.719381155791106
EVS: 0.09143334712130513
