Model: GRU
MSE: 7.276606121622771
MAE: 2.3511427066944264
EVS: 0.24026588867886367
