Model: GRU
MSE: 1015.3332970047505
MAE: 31.704581967106574
EVS: 0.1928706535859026
