Model: GRU
MSE: 4.5770255799310755
MAE: 1.8540592546816226
EVS: 0.3206096064706999
