Model: GRU
MSE: 23.810932596355897
MAE: 3.8182185579229286
EVS: -0.43415861313011384
