Model: GRU
MSE: 24.55079766617296
MAE: 3.569721124790333
EVS: -0.6109827261605267
