Model: GRU
MSE: 11.125136324585045
MAE: 2.9552361876876265
EVS: 0.10452880322821811
