Model: GRU
MSE: 21.736529781949727
MAE: 3.804537190331353
EVS: -0.22355309175527327
