Model: GRU
MSE: 3.534781475872815
MAE: 1.4248024622599285
EVS: 0.19745237510697755
