Model: GRU
MSE: 2802.495950222358
MAE: 52.89994374027959
EVS: 0.04635648313320817
