Model: GRU
MSE: 6.646930506684469
MAE: 2.230714444760923
EVS: 0.17013341560543138
