Model: GRU
MSE: 23.83394074556859
MAE: 4.594991012855813
EVS: 0.0707517531687174
