Model: GRU
MSE: 4.773918651880194
MAE: 1.8156711790296767
EVS: 0.15077607364863976
