Model: GRU
MSE: 7.665283818537318
MAE: 2.429006258646647
EVS: 0.23046563831245914
