Model: GRU
MSE: 3.5289672090887136
MAE: 1.6121990062572338
EVS: 0.30209559408412656
