Model: GRU
MSE: 12.022647640479253
MAE: 3.1686916704531067
EVS: 0.10567005919558281
