Model: GRU
MSE: 4.397431879920919
MAE: 1.3883161191587094
EVS: 0.18246199241280803
