Model: GRU
MSE: 19.55262252483226
MAE: 4.192956500583225
EVS: 0.2698538284565172
