Model: GRU
MSE: 3.466832584953981
MAE: 1.2151282981589988
EVS: 0.1920531402153297
