Model: GRU
MSE: 6.730069077203182
MAE: 2.3407570167824074
EVS: 0.08210737663875878
