Model: GRU
MSE: 10.510794781040643
MAE: 3.0359504134566695
EVS: 0.31687278645847505
