Model: GRU
MSE: 4.505202919710832
MAE: 1.7799166220205802
EVS: 0.16488546243128843
