Model: GRU
MSE: 5937.1203203228115
MAE: 77.00151273939345
EVS: 0.3729680865479803
