Model: GRU
MSE: 5.23531044205922
MAE: 1.9376369405675817
EVS: -0.011887530332124197
