Model: GRU
MSE: 16.899641752100596
MAE: 3.237157839315909
EVS: -0.05107026879779908
