Model: GRU
MSE: 26.732995523574377
MAE: 4.474127327954328
EVS: -0.25745794523499343
