Model: GRU
MSE: 22.60921434233205
MAE: 4.023061443258215
EVS: -0.2676311320019582
