Model: GRU
MSE: 15.324607951591126
MAE: 3.229190773434109
EVS: 0.009679115641043401
