Model: GRU
MSE: 23.237676228206286
MAE: 4.012896811520612
EVS: -0.22347249466651053
