Model: GRU
MSE: 29.07731531564798
MAE: 4.462072672667326
EVS: -0.03707844604769428
