Model: GRU
MSE: 19.805791688548165
MAE: 3.455162428043507
EVS: -0.2706836969142741
