Model: GRU
MSE: 19.38471793412883
MAE: 3.598415657326027
EVS: -0.11536070714897928
