Model: GRU
MSE: 21.828256283297808
MAE: 3.8145405451456713
EVS: -0.0033589637662663208
