Model: GRU
MSE: 37.94447187090222
MAE: 5.290668686230977
EVS: -0.30571501031860926
