Model: GRU
MSE: 185.527154921376
MAE: 13.075980098159224
EVS: -0.02552811007423572
