Model: GRU
MSE: 23.858891609841535
MAE: 4.101892842186822
EVS: -0.15687535447240553
