Model: GRU
MSE: 29.61527916437733
MAE: 4.555948195634065
EVS: -0.0700380355961403
