Model: GRU
MSE: 24.40872212179972
MAE: 3.9317723910013833
EVS: -0.34512840443534487
