Model: GRU
MSE: 25.455893584018558
MAE: 3.8996610906389026
EVS: -0.6491126221441037
