Model: GRU
MSE: 26.132229150026973
MAE: 4.132002300686306
EVS: -0.36556698346926253
