Model: GRU
MSE: 1017.9350932295621
MAE: 31.657906073111075
EVS: -0.10774696513740833
