Model: GRU
MSE: 21.028029323762507
MAE: 3.6786760754055448
EVS: -0.049045183689436556
