Model: GRU
MSE: 26.728904075077846
MAE: 4.237699473345721
EVS: -0.3652019082661313
