Model: GRU
MSE: 22.011183948488217
MAE: 3.5694597473850957
EVS: -0.40682496547404456
