Model: GRU
MSE: 924.2989684325561
MAE: 29.994566882098162
EVS: -0.736128727773341
