Model: GRU
MSE: 21.579957675989167
MAE: 3.707305449026603
EVS: 0.012416104655184168
