Model: GRU
MSE: 21.79122422875291
MAE: 3.6816826573124644
EVS: -0.34295692771084707
