Model: GRU
MSE: 29.12055657360898
MAE: 4.555401899196483
EVS: -0.13264915062567595
