Model: GRU
MSE: 15.86552304852173
MAE: 3.0449544500421593
EVS: 0.1271152533630895
