Model: GRU
MSE: 15.642911164327794
MAE: 3.14520028785423
EVS: -0.07323296705014215
