Model: GRU
MSE: 33.367936628319484
MAE: 4.784637464417352
EVS: -0.14357439708135278
