Model: GRU
MSE: 33.348029777625754
MAE: 4.721154204121342
EVS: -0.47843798632952206
