Model: GRU
MSE: 22.371313917350246
MAE: 3.962791592986495
EVS: -0.23340439018593573
