Model: GRU
MSE: 32.32967704075872
MAE: 4.662873170993946
EVS: -0.2410981878738463
