Model: GRU
MSE: 25.00480925209486
MAE: 4.031527519226075
EVS: -0.08243659012279192
