Model: GRU
MSE: 22.150412688205293
MAE: 3.6868239950250694
EVS: -0.11469148067593293
