Model: GRU
MSE: 21.74865896537854
MAE: 3.7728054788377556
EVS: -0.3303169864338329
