Model: GRU
MSE: 19.469409103325873
MAE: 3.644106838438246
EVS: -0.05371657099730287
