Model: GRU
MSE: 28.801138612483648
MAE: 4.553937020125212
EVS: -0.18791631173483436
