Model: GRU
MSE: 30.944239961982472
MAE: 4.664337387791386
EVS: -0.3907460331698964
