Model: GRU
MSE: 24.128311551773734
MAE: 4.001817279391819
EVS: -0.30925303767910917
