Model: GRU
MSE: 19.06871959529518
MAE: 3.5362974802652993
EVS: 0.22068435252249063
