Model: GRU
MSE: 22.56937945378664
MAE: 3.812571675689133
EVS: -0.15054352501500246
