Model: GRU
MSE: 16.960702932603777
MAE: 3.060954773867572
EVS: 0.13320199515582598
