Model: GRU
MSE: 21.254731116175567
MAE: 3.577292795534487
EVS: -0.27725771350948514
