Model: GRU
MSE: 27.24548160415584
MAE: 4.323585669199626
EVS: -0.26247552570411825
