Model: GRU
MSE: 26.84470888862764
MAE: 4.30695237936797
EVS: -0.44128461245451045
