Model: GRU
MSE: 24.318480466857174
MAE: 4.050832024327032
EVS: -0.19765246760726196
