Model: GRU
MSE: 373.5503930322125
MAE: 18.956309919004088
EVS: -0.0017550882142585156
