Model: GRU
MSE: 1114.2800305394805
MAE: 33.158355712890625
EVS: -0.04368807558760923
