Model: GRU
MSE: 18.644624479392956
MAE: 3.6081994992715343
EVS: 0.1831414383411295
