Model: GRU
MSE: 26.34343382252137
MAE: 4.255930105845134
EVS: -0.07609803840734575
