Model: GRU
MSE: 18.378607790480174
MAE: 3.2750086696059615
EVS: -0.23720180978819205
