Model: GRU
MSE: 18.170822619462815
MAE: 3.448361114219383
EVS: -0.109973267681865
