Model: GRU
MSE: 23.702261928940953
MAE: 3.662138726976183
EVS: -0.586393282169904
