Model: GRU
MSE: 1766.4980222988675
MAE: 41.86061852066605
EVS: -0.00019923577508773604
