Model: GRU
MSE: 24.767124873618847
MAE: 4.011843513559412
EVS: 0.011316551230772354
