Model: GRU
MSE: 23.58057223906971
MAE: 3.9898271207456237
EVS: -0.3315899944833647
