Model: GRU
MSE: 25.458201954352422
MAE: 4.08324397051776
EVS: -0.18673969363792153
