Model: GRU
MSE: 367.1405360729014
MAE: 18.787134488423664
EVS: -2.1175103012582852e-05
