Model: GRU
MSE: 2021.5299953919846
MAE: 44.73657014634874
EVS: -0.36420580571659267
