Model: GRU
MSE: 3464.3910052747033
MAE: 58.51409332840531
EVS: -1.85479553096862
