Model: GRU
MSE: 24.32295127024158
MAE: 3.8737131048131874
EVS: -0.3572526571967052
