Model: GRU
MSE: 28.26518963098146
MAE: 4.37623585595025
EVS: -0.10059225580083142
