Model: GRU
MSE: 25.79579587762764
MAE: 4.040390217745745
EVS: -0.6917239457367319
