Model: GRU
MSE: 23.536890005452364
MAE: 3.508535950272172
EVS: -0.49741691136575183
