Model: GRU
MSE: 15083.252217314315
MAE: 122.75658812346282
EVS: 0.00786275444872031
