Model: GRU
MSE: 23.0942135707677
MAE: 4.054639118689078
EVS: 0.08115918533161648
