Model: GRU
MSE: 17.740327024861944
MAE: 3.577181339263916
EVS: 0.2288987262723431
