Model: GRU
MSE: 23.220003121992292
MAE: 3.4656125792750605
EVS: -0.38633838880634874
