Model: GRU
MSE: 18.076545156813552
MAE: 3.2136115762922497
EVS: -0.2742417208598591
