Model: GRU
MSE: 786.6701728597109
MAE: 27.752208003291376
EVS: -0.16224905720345228
