Model: GRU
MSE: 24.480629591716756
MAE: 3.8455185801894576
EVS: -0.3368510616127438
