Model: GRU
MSE: 22.64044853518872
MAE: 3.7588800236030866
EVS: -0.39871177006006286
