Model: GRU
MSE: 19.737681390835384
MAE: 3.5392369782483137
EVS: -0.17929713530817004
