Model: GRU
MSE: 3343.9608038772253
MAE: 57.51442563092267
EVS: -1.5417457982640217
