Model: GRU
MSE: 1994.3495039030126
MAE: 44.49293009440104
EVS: -0.03841435710282948
