Model: GRU
MSE: 25.333057201633327
MAE: 4.227479550573561
EVS: -0.3418571280642544
