Model: GRU
MSE: 19184.294882405782
MAE: 138.4248730694806
EVS: -0.6109488605211779
