Model: GRU
MSE: 18.05711093975088
MAE: 3.5947617248252586
EVS: -0.06361523566756278
