Model: GRU
MSE: 29.709723790168596
MAE: 4.570673748298928
EVS: -0.23747491630717188
