Model: GRU
MSE: 28.56799197156445
MAE: 4.444798504864728
EVS: -0.2678902828015375
