Model: GRU
MSE: 16.754176711812416
MAE: 3.0852890897680214
EVS: -0.12120511677399337
