Model: GRU
MSE: 21.68699461275868
MAE: 3.763054061819006
EVS: -0.43283531398545083
