Model: GRU
MSE: 30.632190287505303
MAE: 4.660797195775168
EVS: -0.5204182582763679
