Model: GRU
MSE: 24.882053660360814
MAE: 4.170520014233059
EVS: 0.22315292630760586
