Model: GRU
MSE: 25.849560242577937
MAE: 4.078486407244647
EVS: -0.561580918427639
