Model: GRU
MSE: 25.67015500584865
MAE: 4.314277410507202
EVS: -0.019542566727586808
