Model: GRU
MSE: 15.729408581015852
MAE: 3.262364564118562
EVS: 0.08068549862660623
