Model: GRU
MSE: 31.68481188995263
MAE: 4.67147398436511
EVS: -0.4996910165502322
