Model: GRU
MSE: 20.414603290159448
MAE: 3.5244229634602866
EVS: -0.2807343227366965
