Model: GRU
MSE: 30.649936892788
MAE: 4.575157554061325
EVS: -0.6593231523484653
