Model: GRU
MSE: 694.4234743436396
MAE: 26.05107053120931
EVS: -0.06632303973320619
