Model: GRU
MSE: 25.32326207421094
MAE: 3.988276410985876
EVS: -0.36085446324019776
