Model: GRU
MSE: 24.521336518630292
MAE: 4.133518439752084
EVS: -0.4867971281564658
