Model: GRU
MSE: 1192.822972433394
MAE: 34.28211367571795
EVS: -0.1876960500445326
