Model: GRU
MSE: 38.89526913695953
MAE: 5.470326790103206
EVS: 0.006757260839133639
