Model: GRU
MSE: 10011.912643404083
MAE: 99.98864350495515
EVS: -2.220446049250313e-16
