Model: GRU
MSE: 29.2357011854574
MAE: 4.361353150120488
EVS: -0.32172757324315127
