Model: GRU
MSE: 27.33432140066596
MAE: 4.100375166645756
EVS: -0.4771456122411917
