Model: GRU
MSE: 26.19817517486085
MAE: 4.16110599482501
EVS: -0.5691636438274525
