Model: GRU
MSE: 492.3356737302514
MAE: 21.81994773723461
EVS: -0.09746049471001683
