Model: GRU
MSE: 13.42565806704201
MAE: 2.96238374710083
EVS: 0.24716715036474024
