Model: GRU
MSE: 8819.37295190915
MAE: 93.83444948549624
EVS: -0.020109417053197465
