Model: GRU
MSE: 30.64609152598453
MAE: 4.398307025432587
EVS: -0.5352997446488563
