Model: GRU
MSE: 18.499639394579216
MAE: 3.4805550222043644
EVS: 0.07498054297894818
