Model: GRU
MSE: 30.289831911515414
MAE: 4.722587788546527
EVS: -0.6971486986899482
