Model: GRU
MSE: 16.03567725516913
MAE: 3.287964458818789
EVS: 0.07106171322004473
