Model: GRU
MSE: 19.93102943296737
MAE: 3.596457560857137
EVS: 0.14777086544405516
