Model: GRU
MSE: 20.29668173597886
MAE: 3.222258005823408
EVS: -0.22031198039796873
