Model: GRU
MSE: 25.84441553746805
MAE: 3.6209459481415927
EVS: -0.7199483451045436
