Model: GRU
MSE: 29.258369529014367
MAE: 4.5267942128358065
EVS: 0.05203633142816344
