Model: GRU
MSE: 27.472555211374203
MAE: 4.364590636006108
EVS: 0.07939670308569169
