Model: GRU
MSE: 26.706613293909346
MAE: 4.21547168272513
EVS: -0.514879234610164
