Model: GRU
MSE: 18.999265381983335
MAE: 3.7712636523776584
EVS: -0.13535273870438624
