Model: GRU
MSE: 22.874435244224266
MAE: 3.9313959810468893
EVS: 0.0554908555303546
