Model: GRU
MSE: 21.56724990290198
MAE: 3.8584219967877424
EVS: -0.055222221899942525
