Model: GRU
MSE: 19.949667753130726
MAE: 3.708231413805927
EVS: -0.019278441651820577
