Model: GRU
MSE: 21.183733850101184
MAE: 3.6068500854350902
EVS: -0.36175075494757425
