Model: GRU
MSE: 15.198054425932412
MAE: 3.226104771649396
EVS: 0.188086730679626
