Model: GRU
MSE: 15.099212523912797
MAE: 2.904973197866369
EVS: 0.12916302001431845
