Model: GRU
MSE: 22.1899696384478
MAE: 3.755439617015698
EVS: -0.13132519525008246
