Model: GRU
MSE: 19.67630194484737
MAE: 3.7489954630533853
EVS: -0.05316058787967037
