Model: GRU
MSE: 23.001355364445335
MAE: 3.8057148898089377
EVS: -0.4222847977825357
