Model: GRU
MSE: 24.654007293262424
MAE: 4.080583810806275
EVS: 0.01885617274631446
