Model: GRU
MSE: 19.83599123822162
MAE: 3.7070245919404208
EVS: 0.01990100624109059
