Model: GRU
MSE: 17.59997688340443
MAE: 3.5231268582520663
EVS: -0.0363154897955098
