Model: GRU
MSE: 17.890503341259564
MAE: 3.2717646669458467
EVS: 0.05161375481725894
