Model: GRU
MSE: 23.9592361490596
MAE: 4.080933199988472
EVS: -0.19781337913774366
