Model: GRU
MSE: 19.410508676840877
MAE: 3.6165738900502524
EVS: -0.14067960693740034
