Model: GRU
MSE: 17.91753382785818
MAE: 3.32176434552228
EVS: -0.18742632179516527
