Model: GRU
MSE: 497.0396949378931
MAE: 21.958254708184135
EVS: -0.048712687043066305
