Model: GRU
MSE: 23.932244722395012
MAE: 3.976542693597299
EVS: 0.11669857287802865
