Model: GRU
MSE: 20.267560502057293
MAE: 3.536714368396335
EVS: -0.22221427166026375
