Model: GRU
MSE: 28.232635219063976
MAE: 4.202817952191388
EVS: -0.7219695771753565
