Model: GRU
MSE: 131.87896591540738
MAE: 10.851144322642574
EVS: 0.0036788864075884
