Model: GRU
MSE: 19.707867332924074
MAE: 3.620502224674931
EVS: -0.12458690463498812
