Model: GRU
MSE: 16.279656369455594
MAE: 3.2045205963982477
EVS: 0.015397154916939049
