Model: GRU
MSE: 15.565825766920636
MAE: 3.1270620028177896
EVS: 0.07048196711762889
