Model: GRU
MSE: 29.404133635543094
MAE: 4.271335678441184
EVS: -0.6868675179136587
