Model: GRU
MSE: 404.944994019089
MAE: 19.709182456687646
EVS: -0.1155580944510981
