Model: GRU
MSE: 20.03071619561708
MAE: 3.6528471222630254
EVS: -0.13025205187528055
