Model: GRU
MSE: 34.260863064832485
MAE: 5.029726434636999
EVS: 0.07922332064989279
