Model: GRU
MSE: 20.691825241830866
MAE: 3.7890723546346035
EVS: -0.15698003484121936
