Model: GRU
MSE: 26.375458476198723
MAE: 4.243282574194449
EVS: -0.3728595302980915
