Model: GRU
MSE: 16.98550023605374
MAE: 3.1106828495308205
EVS: -0.17003162305652508
