Model: GRU
MSE: 14.857390210491989
MAE: 2.8473688584786876
EVS: 0.1628633811421295
