Model: GRU
MSE: 28.882982381842037
MAE: 4.288236635071891
EVS: -0.6117323964939041
