Model: GRU
MSE: 14.886110786544888
MAE: 2.8723662164476185
EVS: -0.010722700055920242
