Model: GRU
MSE: 29.159273381950513
MAE: 4.594936715232001
EVS: 0.3053381404993609
