Model: GRU
MSE: 20.408606085409154
MAE: 3.4118662057099525
EVS: -0.07175574985688216
