Model: GRU
MSE: 29.150446321554515
MAE: 4.2981406980090675
EVS: -0.5332197337260063
