Model: GRU
MSE: 2003.9463344392161
MAE: 43.81658285635489
EVS: -4.844613649150388
