Model: GRU
MSE: 15.47092347666949
MAE: 2.9943424330817328
EVS: -0.02310048652681629
