Model: GRU
MSE: 19.621655860822244
MAE: 3.5541355874803333
EVS: -0.2997281072835962
