Model: GRU
MSE: 17.96257819308598
MAE: 3.176044676038954
EVS: -0.08801775708187853
