Model: GRU
MSE: 774.0073827013845
MAE: 27.558567612259477
EVS: 0.017038134595421695
