Model: GRU
MSE: 27.495380562578802
MAE: 4.400800961035269
EVS: -0.27817642500134854
