Model: GRU
MSE: 139.5301513372309
MAE: 11.179389829988834
EVS: -0.025915521575052836
