Model: GRU
MSE: 23.693323167974814
MAE: 3.8948420065420644
EVS: -0.30914678390915085
