Model: GRU
MSE: 18.01496507714416
MAE: 3.3795793056488037
EVS: -0.07890367769829298
