Model: GRU
MSE: 28.705582936131147
MAE: 4.456139785272104
EVS: 0.030912158035168114
