Model: GRU
MSE: 24.658569635796
MAE: 4.011661988717538
EVS: -0.13721017387948997
