Model: GRU
MSE: 21.11281228561974
MAE: 3.7496275371975374
EVS: -0.09446376069422713
