Model: GRU
MSE: 19.777688695500302
MAE: 3.5604890982309976
EVS: 0.04344040947828487
