Model: GRU
MSE: 26.665896216407123
MAE: 4.1695717529014305
EVS: -0.26034500028361296
