Model: GRU
MSE: 26.649931456355308
MAE: 4.239948987960815
EVS: -0.29607812207069273
