Model: GRU
MSE: 28.361936078700587
MAE: 4.122114561222218
EVS: -0.5996912236406913
