Model: GRU
MSE: 22.051420777309833
MAE: 3.8064730343995277
EVS: -0.3138209725597325
