Model: GRU
MSE: 25.143573429928626
MAE: 4.1522826883527975
EVS: -0.14875864614059275
