Model: GRU
MSE: 16.909977418754963
MAE: 3.240258225688228
EVS: -0.04315030612965409
