Model: GRU
MSE: 23.263153384802976
MAE: 3.752298708315249
EVS: -0.30158015052518206
