Model: GRU
MSE: 26.42471290451035
MAE: 4.147998809814454
EVS: -0.2689635697822492
