Model: GRU
MSE: 611.8523054389545
MAE: 24.37294225339536
EVS: -0.20476356423486086
