Model: GRU
MSE: 22.662288577366546
MAE: 3.9753573735555015
EVS: -4.440892098500626e-16
