Model: GRU
MSE: 17.973078684236718
MAE: 3.295125714054814
EVS: -0.26100379752864944
