Model: GRU
MSE: 27.4826034491354
MAE: 4.093772464328342
EVS: -0.5271225600961429
