Model: GRU
MSE: 21.705879900731496
MAE: 3.7912279058385785
EVS: -0.220385459840571
