Model: GRU
MSE: 3552.387875693992
MAE: 59.483933766682945
EVS: 0.009469534321146389
