Model: GRU
MSE: 16.508049441663136
MAE: 3.144054306877984
EVS: -0.0459901385350443
