Model: GRU
MSE: 1840.5767080623784
MAE: 42.44325383504232
EVS: -1.6478102446020357
