Model: GRU
MSE: 21.114889118824436
MAE: 3.8382453565244328
EVS: -0.011350229563494851
