Model: GRU
MSE: 22.422031041958988
MAE: 3.918795912354081
EVS: -0.29845647641855466
