Model: GRU
MSE: 16.936507341374075
MAE: 3.326368976522375
EVS: -0.03692479677129379
