Model: GRU
MSE: 19.405763465544208
MAE: 3.4914782753697153
EVS: -0.15964111489368604
