Model: GRU
MSE: 22.6784594386519
MAE: 3.74977426175718
EVS: -0.052657513648323606
