Model: GRU
MSE: 19.52976050830148
MAE: 3.6357787273548268
EVS: -0.21149111313709112
