Model: GRU
MSE: 3662.3123760432354
MAE: 60.29906096281829
EVS: -0.8312351392801065
