Model: GRU
MSE: 28.37692542402598
MAE: 3.9634996908051625
EVS: -0.6263808828734068
