Model: GRU
MSE: 29.110360664792154
MAE: 4.317277184554508
EVS: -0.37889133714899725
