Model: GRU
MSE: 21.076237542777722
MAE: 3.6861461533440485
EVS: -0.08977843658329698
