Model: GRU
MSE: 11262.989305555677
MAE: 106.0472087153682
EVS: -0.14841032772101648
