Model: GRU
MSE: 24.898227875992458
MAE: 4.244866538930823
EVS: 0.04163207632160171
