Model: GRU
MSE: 20.41948121934456
MAE: 3.594091874581796
EVS: -0.10067896135697363
