Model: GRU
MSE: 18.276183325783812
MAE: 3.198487564369484
EVS: -0.26424395222287034
