Model: GRU
MSE: 18.81657834700341
MAE: 3.4482384434452764
EVS: -0.20171765262264274
