Model: GRU
MSE: 23.21853755010454
MAE: 4.037041752426713
EVS: 0.2171708604769057
