Model: GRU
MSE: 19.97827006004766
MAE: 3.65214674561112
EVS: 0.010311366703220082
