Model: GRU
MSE: 21.598766117444207
MAE: 3.2552042537265353
EVS: -0.4587082162026179
