Model: GRU
MSE: 28.776765083741278
MAE: 4.160766358728762
EVS: -0.809694791886189
