Model: GRU
MSE: 17.034259210704096
MAE: 2.9313467078738746
EVS: 0.045527050849824335
