Model: GRU
MSE: 26.697860195217622
MAE: 4.248628483878242
EVS: -0.0822135543287239
