Model: GRU
MSE: 20.501802576132665
MAE: 3.600107510884603
EVS: -0.2864124672174537
