Model: GRU
MSE: 1467.2910721185929
MAE: 38.109390612001775
EVS: -0.055105480661360895
