Model: GRU
MSE: 2068.136440853857
MAE: 45.26253523649993
EVS: -0.3705302101215757
