Model: GRU
MSE: 18.29092435250615
MAE: 3.39949153970789
EVS: -0.16173230653438742
