Model: GRU
MSE: 14.201856058918063
MAE: 2.947016221505624
EVS: 0.14059742924981855
