Model: GRU
MSE: 19.984696318832604
MAE: 3.5790482891930475
EVS: -0.36043860605118394
