Model: GRU
MSE: 23.39570744025352
MAE: 3.722657859325409
EVS: -0.18274007900112776
