Model: GRU
MSE: 20.095943075221427
MAE: 3.7147255120454017
EVS: -0.05059979192076125
