Model: GRU
MSE: 22.72842818335759
MAE: 3.8652528706524114
EVS: 0.13564460472430417
