Model: GRU
MSE: 23.275156926879692
MAE: 3.9036294795848705
EVS: -0.02768057830699866
