Model: GRU
MSE: 13.549769605412951
MAE: 2.8372581093399614
EVS: 0.22740429426197162
