Model: GRU
MSE: 26.29102054293323
MAE: 4.158867323840107
EVS: -0.39212004224131314
