Model: GRU
MSE: 18.516315190917208
MAE: 3.4036827793827764
EVS: -0.16958292249507845
