Model: GRU
MSE: 23.96396303232036
MAE: 4.044450256559584
EVS: -0.28230753232906736
