Model: GRU
MSE: 29.065946715917583
MAE: 4.4820549576370805
EVS: 0.0009755464799243718
