Model: GRU
MSE: 18.71328503579909
MAE: 3.448943500165586
EVS: -0.0458108287652248
