Model: GRU
MSE: 18.12795770835281
MAE: 3.4113071229722767
EVS: -0.0816818329090474
