Model: GRU
MSE: 19.90579457792085
MAE: 3.546495375809846
EVS: -0.10258977062084185
