Model: GRU
MSE: 14.059657118603194
MAE: 3.053260185100414
EVS: 0.08730787333488732
