Model: GRU
MSE: 26.72445264548157
MAE: 3.922541788646153
EVS: -0.5921718786348009
