Model: GRU
MSE: 21.118579778724854
MAE: 3.7523579597473145
EVS: -0.025716349619193224
