Model: GRU
MSE: 19.70938126465898
MAE: 3.7335880420826104
EVS: 0.13103551040750283
