Model: GRU
MSE: 17.292389813993598
MAE: 3.356943448384603
EVS: -0.09396061495399222
