Model: GRU
MSE: 459.0151320377098
MAE: 20.488932874467636
EVS: -1.7650364875902493
