Model: GRU
MSE: 16.783606145149207
MAE: 2.965851139139246
EVS: -0.148520836117489
