Model: GRU
MSE: 27.999783779212564
MAE: 4.170326696501838
EVS: -0.5995610373847313
