Model: GRU
MSE: 24.23114659892843
MAE: 4.054643383732549
EVS: -0.30231283706678624
