Model: GRU
MSE: 1153.7114965024032
MAE: 33.7374245678937
EVS: -0.07762387833599171
