Model: GRU
MSE: 35.94576943494988
MAE: 5.068873564402263
EVS: -0.06206924117083612
