Model: GRU
MSE: 18.87755199257855
MAE: 3.4977439951013642
EVS: 0.033085368214631816
