Model: GRU
MSE: 305.66166164476977
MAE: 17.05693739431876
EVS: -0.037982375483839315
