Model: GRU
MSE: 24.161593162730323
MAE: 3.822188244925605
EVS: -0.49171096188870345
