Model: GRU
MSE: 18.189738268366323
MAE: 3.528020222981771
EVS: -0.06299359615110722
