Model: GRU
MSE: 18.435578923762957
MAE: 3.5078178688331887
EVS: -0.09868178394718474
