Model: GRU
MSE: 24.039090566594517
MAE: 3.6281710730658636
EVS: -0.4087584896187373
