Model: GRU
MSE: 20.67453622295134
MAE: 3.6188193603798195
EVS: -0.2177661203407264
