Model: GRU
MSE: 24.90302451493506
MAE: 3.732366500077424
EVS: -0.5337737478910061
