Model: GRU
MSE: 21.747541729671642
MAE: 3.8785384407749883
EVS: -0.3644789909950332
