Model: GRU
MSE: 17.150784441432215
MAE: 3.2867927198056823
EVS: -0.013446882370981017
