Model: GRU
MSE: 25.324818806033026
MAE: 4.104163275824654
EVS: -0.12061912026445842
