Model: GRU
MSE: 24.15750347121124
MAE: 4.14611452597159
EVS: 0.10745641982317
