Model: GRU
MSE: 23.213041260315194
MAE: 3.9207282331254754
EVS: -0.08833814517753646
