Model: GRU
MSE: 25.034157806339213
MAE: 4.22157730879607
EVS: -0.030083504287032437
