Model: GRU
MSE: 23.15175695007018
MAE: 3.894320540957981
EVS: -0.35581727564743515
