Model: GRU
MSE: 16.975940852118576
MAE: 3.3750944667392306
EVS: -0.031400234069677735
