Model: GRU
MSE: 21.011860104325137
MAE: 3.790647127010204
EVS: -0.23901543384996593
