Model: GRU
MSE: 20.00539680341317
MAE: 3.5583650271097818
EVS: -0.2428744669256666
