Model: GRU
MSE: 15.018891203091975
MAE: 2.836588665291115
EVS: -0.05885253020009795
