Model: GRU
MSE: 27.98310253838071
MAE: 3.873624501404939
EVS: -0.830868714745786
