Model: GRU
MSE: 17.443030414149632
MAE: 3.2287765873803034
EVS: -0.07636291351265201
