Model: GRU
MSE: 22.249096420737228
MAE: 3.9048408137427435
EVS: 0.03815761851310262
