Model: GRU
MSE: 29.655370224401672
MAE: 4.243234908139264
EVS: -0.48771893335078587
