Model: GRU
MSE: 21.3267993058583
MAE: 3.687535647992735
EVS: -0.028716486689126075
