Model: GRU
MSE: 22.61013280883349
MAE: 3.639323870340984
EVS: -0.17099771380042306
