Model: GRU
MSE: 14.97952983817788
MAE: 3.1678965356614857
EVS: 0.15664554065314085
