Model: GRU
MSE: 27.721810848366726
MAE: 4.086008601718479
EVS: -0.7265359814191847
