Model: GRU
MSE: 19.727691990350028
MAE: 3.5314506071585203
EVS: -0.1289956564415058
