Model: GRU
MSE: 21.865088271390366
MAE: 3.767422172758315
EVS: -0.28472633949778525
