Model: GRU
MSE: 27.75223340037172
MAE: 4.366119446577849
EVS: -0.27024482414043294
