Model: GRU
MSE: 20.64889368547627
MAE: 3.6573054172374584
EVS: -0.03229385524207662
