Model: GRU
MSE: 21.623762678766653
MAE: 3.232404620559127
EVS: -0.44759745327041633
