Model: GRU
MSE: 27.04547196043699
MAE: 4.2268527525442625
EVS: -0.121981095212776
