Model: GRU
MSE: 18.27301111704966
MAE: 3.2236233993812844
EVS: -0.1209033820009966
