Model: GRU
MSE: 14.926242132996693
MAE: 3.219680989230121
EVS: 0.1523283469675727
