Model: GRU
MSE: 427.3737701669631
MAE: 20.317002720303005
EVS: -0.02886086937999699
