Model: GRU
MSE: 27.914970997786323
MAE: 4.219810768410012
EVS: -0.6014641519310999
