Model: GRU
MSE: 17.843270062521515
MAE: 3.5074722943482577
EVS: 0.17285747908242
