Model: GRU
MSE: 19.223510858864397
MAE: 3.572249315403126
EVS: -0.29485471716937317
