Model: GRU
MSE: 12.58382240981473
MAE: 2.837476271170157
EVS: 0.194077708860389
