Model: GRU
MSE: 20.533398483413
MAE: 3.695791403452555
EVS: -0.219821932550458
