Model: GRU
MSE: 19.79544378777931
MAE: 3.7246123773080333
EVS: -0.12570146455833986
