Model: GRU
MSE: 19.681932013746046
MAE: 3.549439474388405
EVS: -0.16685934874557273
