Model: GRU
MSE: 17.725224925660754
MAE: 3.317556619644165
EVS: -0.15150240921079505
