Model: GRU
MSE: 23.040494651296896
MAE: 3.8984725298704928
EVS: -0.28909256232166736
