Model: GRU
MSE: 20.818102895608508
MAE: 3.931086398937085
EVS: 0.0027686755915714567
