Model: GRU
MSE: 25.686632056505385
MAE: 4.176412176202844
EVS: 0.18501673886023873
