Model: GRU
MSE: 22.12866422262599
MAE: 3.842788166469998
EVS: -0.15129852969654123
