Model: GRU
MSE: 669.6718848154943
MAE: 25.609736407244647
EVS: 0.0261232620985552
