Model: GRU
MSE: 26.155432382100916
MAE: 4.331717261561641
EVS: -0.47478992799763886
