Model: GRU
MSE: 17.277455025272484
MAE: 3.2436002448753074
EVS: -0.216135511454276
