Model: GRU
MSE: 16.491013032062792
MAE: 3.3180980770676225
EVS: -0.025949125194870026
