Model: GRU
MSE: 30.366875496623987
MAE: 4.609187814924452
EVS: -0.440946784551294
