Model: GRU
MSE: 21.114211956184153
MAE: 3.7028422443955034
EVS: -0.12314961140702874
