Model: GRU
MSE: 18.13000222657234
MAE: 3.189356556645146
EVS: -0.14942595431944783
