Model: GRU
MSE: 18.820827520539577
MAE: 3.4263147336465343
EVS: -0.3248140094743983
