Model: GRU
MSE: 19.591167322101196
MAE: 3.5848470264010963
EVS: -0.16660155970255364
