Model: GRU
MSE: 18.34109306299434
MAE: 3.5975755320654974
EVS: 0.06311906651133192
