Model: GRU
MSE: 1087.6986237315318
MAE: 32.73811227303964
EVS: -0.0764301538244827
