Model: GRU
MSE: 16.41340553867118
MAE: 3.190405986927174
EVS: -0.1448519428953059
