Model: GRU
MSE: 22.012937367911334
MAE: 3.4982022356103966
EVS: -0.407027691460206
