Model: GRU
MSE: 31.148919569607052
MAE: 4.442254658098574
EVS: -0.764440471617506
