Model: GRU
MSE: 437.79191460678095
MAE: 20.55494679345025
EVS: -0.03391631828523933
