Model: GRU
MSE: 16.390034521116558
MAE: 3.332701850820471
EVS: 0.2888851216514722
