Model: GRU
MSE: 20.842858271413427
MAE: 3.7345184043601707
EVS: -0.2203229184301545
