Model: GRU
MSE: 20.222455019598005
MAE: 3.635268379140783
EVS: 0.05086238107410912
