Model: GRU
MSE: 20.14135687637193
MAE: 3.578376125406336
EVS: -0.33633293671616205
