Model: GRU
MSE: 356.55975958451756
MAE: 18.45946071766041
EVS: -0.11451477144113675
