Model: GRU
MSE: 288.1180755199362
MAE: 16.52055275881732
EVS: -0.02737812154182695
