Model: GRU
MSE: 23.541665068414574
MAE: 3.8234885975166604
EVS: -0.3899021728278156
