Model: GRU
MSE: 30.068528923432474
MAE: 4.330935010203609
EVS: -0.8488594496773971
