Model: GRU
MSE: 27.926369086179747
MAE: 4.3649853423789695
EVS: -0.2704052935766674
