Model: GRU
MSE: 24.10113478550167
MAE: 3.583515202557599
EVS: -0.5358489366069348
