Model: GRU
MSE: 19.763911525209025
MAE: 3.5846804601174815
EVS: 0.07980069854551008
