Model: GRU
MSE: 16.95229318847554
MAE: 3.3655982547336154
EVS: -0.011011251357575746
