Model: GRU
MSE: 26.230761237214182
MAE: 4.176064712660653
EVS: -0.2140573584638663
