Model: GRU
MSE: 27.42274028089283
MAE: 4.401041834442704
EVS: 0.10256555458477612
