Model: GRU
MSE: 25.753789051810365
MAE: 4.199404425091214
EVS: -0.21266557886384208
