Model: GRU
MSE: 26.838776202748257
MAE: 3.850857734680176
EVS: -0.810949861278641
