Model: GRU
MSE: 23.267697667127347
MAE: 3.8703204790751147
EVS: 0.07806942796538341
