Model: GRU
MSE: 20.599330305946474
MAE: 3.7259796107256853
EVS: -0.01820846679051491
