Model: GRU
MSE: 20.981797872320517
MAE: 3.698877625995212
EVS: -0.3028978176481718
