Model: GRU
MSE: 25.718289630892027
MAE: 4.047869346759938
EVS: -0.208500552786425
