Model: GRU
MSE: 19.19595616000439
MAE: 3.523221324991297
EVS: 0.13944372692027907
