Model: GRU
MSE: 18.35933626344254
MAE: 3.4771517647637267
EVS: 0.08932380721001165
