Model: GRU
MSE: 25.552439497546747
MAE: 4.2850347271672
EVS: 0.0658905294904486
