Model: GRU
MSE: 18.95896472035264
MAE: 3.5039877361721463
EVS: -0.07602422578538959
