Model: GRU
MSE: 20.77947984917284
MAE: 3.554678475415265
EVS: -0.33317037674866534
