Model: GRU
MSE: 24.140942690373734
MAE: 4.068512819431446
EVS: -0.011907696616064722
