Model: GRU
MSE: 20.945199194622802
MAE: 3.7749752733442516
EVS: -0.1706597893711379
