Model: GRU
MSE: 23.992895424722988
MAE: 4.082101318571302
EVS: -0.2825734906587931
