Model: GRU
MSE: 23.047653912065602
MAE: 3.978280976966576
EVS: -0.02320580341200662
