Model: GRU
MSE: 24.805243116228024
MAE: 3.7988361605891474
EVS: -0.6097572842050729
