Model: GRU
MSE: 24.2307612051555
MAE: 4.0791186226738825
EVS: 0.0755789060339459
