Model: GRU
MSE: 20.59455260077618
MAE: 3.796504338582357
EVS: -0.3272369607649901
