Model: GRU
MSE: 17.90572872096539
MAE: 3.1516656522397644
EVS: -0.15444758133700787
