Model: GRU
MSE: 18.153030853948884
MAE: 3.4235693083869085
EVS: -0.1603264767775492
