Model: GRU
MSE: 5463.160889434859
MAE: 73.3962796529134
EVS: -4.150415609219814
