Model: GRU
MSE: 16.766238358179482
MAE: 3.396859292630796
EVS: -0.09567262368244522
