Model: GRU
MSE: 29.74548092955324
MAE: 4.6294950644175215
EVS: -0.20643183623463468
