Model: GRU
MSE: 21.03947766852798
MAE: 3.5783643457624654
EVS: 0.029309432707616323
