Model: GRU
MSE: 24.777431266633492
MAE: 4.2027857745135275
EVS: -0.25175106764071664
