Model: GRU
MSE: 20.585128667711313
MAE: 3.6514154628471096
EVS: -0.08821109413508421
