Model: GRU
MSE: 21.467126286790563
MAE: 3.7713505515345824
EVS: -0.01808456681363335
