Model: GRU
MSE: 35.92047551499876
MAE: 5.176288657718235
EVS: -0.4888402465989621
