Model: GRU
MSE: 31.37336656907405
MAE: 4.782304675490768
EVS: 0.03910241265340886
