Model: GRU
MSE: 19.72771878561645
MAE: 3.615529590182834
EVS: -0.14574943588231815
