Model: GRU
MSE: 14.960619960301823
MAE: 2.802965694003635
EVS: -0.011104812586159474
