Model: GRU
MSE: 25.372467582856963
MAE: 4.07035466476723
EVS: -0.6208035077460494
