Model: GRU
MSE: 5601.69101586961
MAE: 74.74963011565032
EVS: -2.220446049250313e-16
