Model: GRU
MSE: 26.772963583048245
MAE: 4.279474761750963
EVS: -0.3205628890241199
