Model: GRU
MSE: 15.251755948009476
MAE: 3.143699460559421
EVS: 0.03435472712448073
