Model: GRU
MSE: 14.870424858707501
MAE: 3.1331888746332237
EVS: 0.2796048359201727
