Model: GRU
MSE: 21.375276611222144
MAE: 3.851262463463678
EVS: -0.3009135641619618
