Model: GRU
MSE: 30.65555863465281
MAE: 4.578971642035025
EVS: -0.5088981577978395
