Model: GRU
MSE: 22.492001682418987
MAE: 3.8636816254368536
EVS: -0.15939620109932573
