Model: GRU
MSE: 24.415390808123615
MAE: 3.598815741362395
EVS: -0.6363159993896712
