Model: GRU
MSE: 24.13705583916515
MAE: 3.793431202570597
EVS: -0.585234072452653
