Model: GRU
MSE: 16.27043804874604
MAE: 3.096565087636312
EVS: -0.1098367796500117
