Model: GRU
MSE: 20.403904086335995
MAE: 3.6973659374095775
EVS: -0.07980841315086118
