Model: GRU
MSE: 30.40904577977236
MAE: 3.9702254975283586
EVS: -0.854663473153624
