Model: GRU
MSE: 19.74355142350051
MAE: 3.526296341860736
EVS: -0.05597774920968379
