Model: GRU
MSE: 20.196887302520373
MAE: 3.8473990228441033
EVS: -0.08643815362715834
