Model: GRU
MSE: 26.688109571316755
MAE: 4.155226566173413
EVS: -0.5261186310028789
