Model: GRU
MSE: 16.41517311682092
MAE: 3.2596046129862466
EVS: -0.10653859396557408
