Model: GRU
MSE: 25.42227357794597
MAE: 4.098102569580079
EVS: -0.2684285427600803
