Model: GRU
MSE: 19.26774647871038
MAE: 3.511073902801231
EVS: -0.2765108878332514
