Model: GRU
MSE: 16.288076576990765
MAE: 3.36285102808917
EVS: 0.004298672432242245
