Model: GRU
MSE: 27.903082490966714
MAE: 4.341173039542304
EVS: -0.4321893722754777
