Model: GRU
MSE: 20.450492590676717
MAE: 3.6546013355255127
EVS: -0.15799065246618005
