Model: GRU
MSE: 18.369639647479428
MAE: 3.511316008037991
EVS: -0.2152308212420222
