Model: GRU
MSE: 130.9084347639239
MAE: 10.80126671437864
EVS: -0.004036903470076902
