Model: GRU
MSE: 1468.7805410035614
MAE: 38.13000650759096
EVS: -0.04930488506256947
