Model: GRU
MSE: 15.516693509663318
MAE: 3.235078555566293
EVS: 0.11587917157797312
