Model: GRU
MSE: 25.95782160607103
MAE: 4.180651081932916
EVS: -0.4003841837302915
