Model: GRU
MSE: 29.50260904521294
MAE: 4.4684201699716075
EVS: -0.6241958612086664
