Model: GRU
MSE: 20.314102191386965
MAE: 3.74873846548575
EVS: -0.3036951396995502
