Model: GRU
MSE: 22.37001467851058
MAE: 3.5376312467787
EVS: -0.47295093428654034
