Model: GRU
MSE: 17.352130256472336
MAE: 3.3999965102584273
EVS: -0.006393543720928818
