Model: GRU
MSE: 20.103612431153376
MAE: 3.524490824452153
EVS: -0.18010695862398896
