Model: GRU
MSE: 24.658595863805722
MAE: 3.8518202039930554
EVS: -0.5873036671829799
