Model: GRU
MSE: 24.93445787567705
MAE: 4.176451047261557
EVS: -0.14918504129940668
