Model: GRU
MSE: 22.18144493432305
MAE: 3.527683505305538
EVS: -0.06348036413029545
