Model: GRU
MSE: 19.273827109258903
MAE: 3.113065136803521
EVS: -0.28899602296825777
