Model: GRU
MSE: 30.40433168803653
MAE: 4.581288589371575
EVS: -0.042533479571243316
