Model: GRU
MSE: 21.813111846391696
MAE: 3.80393738216824
EVS: -0.1802819357830625
