Model: GRU
MSE: 1233.0679854628522
MAE: 34.83671258997034
EVS: -0.37279311130278314
