Model: GRU
MSE: 15.872319773740166
MAE: 3.2598597561871565
EVS: 0.09988848909004056
