Model: GRU
MSE: 22.280956201519697
MAE: 3.601666300385087
EVS: -0.43402525088858757
