Model: GRU
MSE: 17.58415777250377
MAE: 3.573280422775834
EVS: -0.04681666802504214
