Model: GRU
MSE: 24.838104358146456
MAE: 3.9441383768011025
EVS: -0.603463143580192
