Model: GRU
MSE: 15.065608077177583
MAE: 2.750640833819354
EVS: -0.06206647746857774
