Model: GRU
MSE: 5635.894616406797
MAE: 74.97971626564309
EVS: 0.01741762281417092
