Model: GRU
MSE: 21.18515511398173
MAE: 3.7879426214430074
EVS: -0.04102347806362916
