Model: GRU
MSE: 22.09491298040689
MAE: 3.455182340410021
EVS: -0.30096303783664813
