Model: GRU
MSE: 368.8217246755812
MAE: 18.82479621745922
EVS: -0.004688556090679086
