Model: GRU
MSE: 23.084500029357187
MAE: 4.127154659341882
EVS: -0.2536803966796646
