Model: GRU
MSE: 28.656413116693624
MAE: 4.13174311319987
EVS: -0.49084546479206415
