Model: GRU
MSE: 20.47257460433372
MAE: 3.8966378282617637
EVS: -0.25773730116644566
