Model: GRU
MSE: 31.981281226422148
MAE: 4.686297557972096
EVS: -0.2964149996135439
