Model: GRU
MSE: 379.97003658067547
MAE: 19.09830665588379
EVS: -0.02976623540979828
