Model: GRU
MSE: 14.428473414041221
MAE: 2.9908760565298573
EVS: 0.04327071869756838
