Model: GRU
MSE: 26.22716230064988
MAE: 4.300387912326389
EVS: -0.06279459159984246
