Model: GRU
MSE: 25.662888620992717
MAE: 4.23191824665776
EVS: -0.25067216929873415
