Model: GRU
MSE: 28.61329543395154
MAE: 4.421981467141046
EVS: -0.1803590499613712
