Model: GRU
MSE: 16.884406988420157
MAE: 3.1261864414921514
EVS: -0.1315147911910357
