Model: GRU
MSE: 16.50155300735358
MAE: 3.454891628689236
EVS: 0.18219507854331685
