Model: GRU
MSE: 21.159202828983418
MAE: 3.4590530307204634
EVS: -0.2126079850048983
