Model: GRU
MSE: 21.5566165627663
MAE: 3.9511892707259566
EVS: -0.008953873252842026
