Model: GRU
MSE: 387.8176371610653
MAE: 19.289683765835232
EVS: -0.10871011087772331
