Model: GRU
MSE: 17.61916937198101
MAE: 3.3321451169473155
EVS: -0.07571185246627721
