Model: GRU
MSE: 23.3583355303764
MAE: 3.510905415923507
EVS: -0.5170622006933929
