Model: GRU
MSE: 24.236106469384705
MAE: 4.0019819118358475
EVS: -0.24257306533355227
