Model: GRU
MSE: 18.23672630923359
MAE: 3.61818383358143
EVS: 0.15760280837016682
