Model: GRU
MSE: 29.587563942753622
MAE: 4.669541562045062
EVS: -0.024785247996469195
