Model: GRU
MSE: 20.286648848689577
MAE: 3.6357601042147043
EVS: -0.16592699715676495
