Model: GRU
MSE: 24.91333089228633
MAE: 3.825017734810158
EVS: -0.624279793984142
