Model: GRU
MSE: 16.19754850216393
MAE: 3.0102893511454263
EVS: -0.10182583848706916
