Model: GRU
MSE: 24.5503098393199
MAE: 4.086359862928037
EVS: 0.07204481336040269
