Model: GRU
MSE: 23.376228723808957
MAE: 4.071944157282512
EVS: -0.31546191358784914
