Model: GRU
MSE: 20.881034387102446
MAE: 3.7852595912085643
EVS: -0.09616783241953075
