Model: GRU
MSE: 26.698914865011407
MAE: 4.020398472036634
EVS: -0.28133007777265107
