Model: GRU
MSE: 24.49317265259947
MAE: 3.619804788518835
EVS: -0.5832361685160072
