Model: GRU
MSE: 19.997589691717685
MAE: 3.8537715099476
EVS: 0.0
