Model: GRU
MSE: 25.03403103846628
MAE: 4.22219494537071
EVS: 0.14606338200207825
