Model: GRU
MSE: 18.483591756909476
MAE: 3.4924182538632995
EVS: -0.16937381112168204
