Model: GRU
MSE: 28.442789624244906
MAE: 4.5620667934417725
EVS: -0.018176079640630505
