Model: GRU
MSE: 23.923066970536023
MAE: 3.943571143680149
EVS: -0.11016735126674781
