Model: GRU
MSE: 18.785602464266827
MAE: 3.4358624352349176
EVS: -0.23906378209006052
