Model: GRU
MSE: 26.003149700263513
MAE: 3.8883417624014394
EVS: -0.652137256900539
