Model: GRU
MSE: 22422.183814013748
MAE: 149.69101234718605
EVS: 2.220446049250313e-16
