Model: GRU
MSE: 20.636711605706676
MAE: 3.840069108539158
EVS: -0.23573061656951588
