Model: GRU
MSE: 24.55872197570164
MAE: 4.013506006311488
EVS: -0.17519542344456362
