Model: GRU
MSE: 28.162673067350337
MAE: 4.422715915573968
EVS: -0.1808438256030056
