Model: GRU
MSE: 19.2318667709264
MAE: 3.691843112309774
EVS: -0.13687022040768082
