Model: GRU
MSE: 18.471222949979353
MAE: 3.476833493621261
EVS: -0.03701893237059406
