Model: GRU
MSE: 28.816091811451223
MAE: 4.401685608757867
EVS: -0.33751511191593453
