Model: GRU
MSE: 25.811178192211514
MAE: 3.872287295482777
EVS: -0.4052695853457693
