Model: GRU
MSE: 20.37881884484118
MAE: 3.7232180877968117
EVS: 0.11891210026453713
