Model: GRU
MSE: 21.47329762995887
MAE: 3.852709893827085
EVS: -0.3120685107914769
