Model: GRU
MSE: 28.211177945219138
MAE: 4.49351230374089
EVS: -0.22495160812301473
