Model: GRU
MSE: 24.941018318647018
MAE: 4.055115805731879
EVS: -0.31814706311645136
