Model: GRU
MSE: 17.790517929614847
MAE: 3.1357585235878274
EVS: -0.1403377564007542
