Model: GRU
MSE: 602.9662406706464
MAE: 24.214879172188894
EVS: 0.0
