Model: GRU
MSE: 15.84653362686873
MAE: 3.265598085191515
EVS: 0.07998858648437723
