Model: GRU
MSE: 20.932633192650165
MAE: 3.6674000791140964
EVS: -0.05896692933667902
