Model: GRU
MSE: 36.07591556251705
MAE: 5.121601925955878
EVS: -0.39914955238797156
