Model: GRU
MSE: 26.351300869918195
MAE: 4.102297484874725
EVS: -0.2505323931965222
