Model: GRU
MSE: 25.81940493085522
MAE: 3.9551490677727594
EVS: -0.394365263322227
