Model: GRU
MSE: 18.69310210756116
MAE: 3.4634450806511774
EVS: 0.04336850467695308
