Model: GRU
MSE: 25.915705978763484
MAE: 3.797342379887899
EVS: -0.5514800877555641
