Model: GRU
MSE: 19.45895928338055
MAE: 3.321682099942808
EVS: -0.315041558042902
