Model: GRU
MSE: 20.779473045672738
MAE: 3.760838605739453
EVS: 0.29929845053245874
