Model: GRU
MSE: 19.403057019995526
MAE: 3.4747335645887594
EVS: 0.004498996097362595
