Model: GRU
MSE: 25.730189759579574
MAE: 4.043822429798268
EVS: -0.303851737716323
