Model: GRU
MSE: 29.202491154794544
MAE: 4.377180421793902
EVS: -0.34607891330615237
