Model: GRU
MSE: 31.666263013704363
MAE: 4.738128921815327
EVS: -0.24049142180923733
