Model: GRU
MSE: 17.03242604710094
MAE: 3.2873395990442345
EVS: 0.22138736897739997
