Model: GRU
MSE: 22.01591239875466
MAE: 3.8335333135392933
EVS: -0.033933041932917574
