Model: GRU
MSE: 19.512134052953986
MAE: 3.5515276061164007
EVS: 0.05029322904147471
