Model: GRU
MSE: 26.74423965704181
MAE: 3.8890131049686008
EVS: -0.7016944542095291
