Model: GRU
MSE: 682.9341812207435
MAE: 25.844934498822248
EVS: -0.012777147692468516
