Model: GRU
MSE: 18.793842008346907
MAE: 3.3484721095473677
EVS: -0.21709352340441157
