Model: GRU
MSE: 19.237462469261043
MAE: 3.6296609419363515
EVS: 0.09955855616175424
