Model: GRU
MSE: 14.632821606151092
MAE: 2.8520640090659812
EVS: -0.005880163440346253
