Model: GRU
MSE: 20.19217263938992
MAE: 3.817970540788439
EVS: -0.17745693429474763
