Model: GRU
MSE: 23.419158042176168
MAE: 4.02508345356694
EVS: -0.28617998724007054
