Model: GRU
MSE: 22.473573667848797
MAE: 3.7518737801799067
EVS: -0.276587853485907
