Model: GRU
MSE: 19.940626244625143
MAE: 3.5006848352926747
EVS: -0.07514872055161281
