Model: GRU
MSE: 19.20983446685837
MAE: 3.634386742556537
EVS: -0.12695842182666128
