Model: GRU
MSE: 18.089394774420498
MAE: 3.179680912582963
EVS: -0.2570017087876506
