Model: GRU
MSE: 20.79230370766647
MAE: 3.7468512941289833
EVS: -0.024241088579005643
