Model: GRU
MSE: 22.520269943401125
MAE: 3.899201852303964
EVS: -0.2185757885336912
