Model: GRU
MSE: 25.55350878831775
MAE: 3.730613249319571
EVS: -0.7002410447057341
