Model: GRU
MSE: 27.826555724277167
MAE: 4.471379324241921
EVS: -0.31622542346807436
