Model: GRU
MSE: 19.372331527916298
MAE: 3.5717829951533564
EVS: -0.21824836447893126
