Model: GRU
MSE: 28.43971307103793
MAE: 4.224126983571936
EVS: -0.7177413083356858
