Model: GRU
MSE: 22.260478964021694
MAE: 3.9840426312552557
EVS: -0.16664245868736072
