Model: GRU
MSE: 21.136365862610223
MAE: 3.746374933807939
EVS: -0.2618002997221174
