Model: GRU
MSE: 21.843135067342686
MAE: 3.9380344814724397
EVS: 0.02902245285584437
