Model: GRU
MSE: 22.741247915361996
MAE: 3.9954413396340835
EVS: -0.0010393779075326126
