Model: GRU
MSE: 31.620872856050255
MAE: 4.569174483970359
EVS: -0.12572642149912183
