Model: GRU
MSE: 128.94067148039923
MAE: 10.709166370056293
EVS: -0.004978470427946968
