Model: GRU
MSE: 5250.636107145714
MAE: 72.36283309371383
EVS: -0.005124175825293342
