Model: GRU
MSE: 21.624953498487972
MAE: 3.799034030349167
EVS: -0.23986582499846953
