Model: GRU
MSE: 19.18856913273747
MAE: 3.65455483507227
EVS: -0.07774703651307391
