Model: GRU
MSE: 23.690652172463857
MAE: 3.9320533275604252
EVS: -0.08238125082328263
