Model: GRU
MSE: 28.374788001954023
MAE: 4.340966780980429
EVS: -0.44860735254586914
