Model: GRU
MSE: 15.36660190207016
MAE: 3.0451415997964366
EVS: -0.04441982614551221
