Model: GRU
MSE: 16.688430854175078
MAE: 3.0370315180884466
EVS: -0.13945519913933158
