Model: GRU
MSE: 13435.17863080488
MAE: 115.80875029387298
EVS: -0.5902985639720655
