Model: GRU
MSE: 21.84219638211345
MAE: 3.501586499037566
EVS: -0.2982220302976122
