Model: GRU
MSE: 38.84581940932411
MAE: 5.3052684707301
EVS: -0.23281276806579432
