Model: GRU
MSE: 20.95793115102515
MAE: 3.086581654018826
EVS: -0.3789203454596515
