Model: GRU
MSE: 20.9606421835013
MAE: 3.687495249289054
EVS: 0.025667586938230347
