Model: GRU
MSE: 18.303631696542
MAE: 3.2068002577181214
EVS: -0.158308403940002
