Model: GRU
MSE: 16.783840115919546
MAE: 3.4438088911551015
EVS: 0.04985067791549869
