Model: GRU
MSE: 29.167124097389078
MAE: 4.328637714739199
EVS: -0.26855184041586644
