Model: GRU
MSE: 17.070473410793426
MAE: 3.218517780303955
EVS: -0.025936287339918707
