Model: GRU
MSE: 24.10989192569099
MAE: 4.125126882835671
EVS: -0.1586332582697254
