Model: GRU
MSE: 23.771820903879625
MAE: 4.124886671702067
EVS: -0.365373074493353
