Model: GRU
MSE: 2593.125514591917
MAE: 50.76579694394712
EVS: -0.12518225806481031
