Model: GRU
MSE: 19.42810481182615
MAE: 3.3600342803531222
EVS: 0.022763043244915848
