Model: GRU
MSE: 21.341471694496658
MAE: 3.778929948806763
EVS: -0.1744128153063258
