Model: GRU
MSE: 20.842034242262816
MAE: 3.6531643337673616
EVS: 0.08431293906798565
