Model: GRU
MSE: 18.498440199952906
MAE: 3.4711371351171425
EVS: -0.11866357119445659
