Model: GRU
MSE: 25.63878290188556
MAE: 3.815676689147949
EVS: -0.6793268856892618
