Model: GRU
MSE: 359.33282769254316
MAE: 18.54951298678363
EVS: -0.03136764016580562
