Model: GRU
MSE: 1361.7521150826085
MAE: 36.71670200206615
EVS: 0.03862884062818939
