Model: GRU
MSE: 1672.3716128029553
MAE: 40.707738664415146
EVS: -0.07528385746529231
