Model: GRU
MSE: 20.31335068564886
MAE: 3.5118638232902244
EVS: -0.24003398561313305
