Model: GRU
MSE: 19.655565023234427
MAE: 3.390446936642682
EVS: -0.1766079372961662
