Model: GRU
MSE: 22.1459339123854
MAE: 3.753038114971585
EVS: -0.24855365597769286
