Model: GRU
MSE: 18.798881115468156
MAE: 3.315506705531368
EVS: -0.036753576123849774
