Model: GRU
MSE: 21.13471408034946
MAE: 3.8232808907826743
EVS: 0.21180708190567266
