Model: GRU
MSE: 1789.7097373462198
MAE: 42.120262145996094
EVS: -0.09936965551420696
