Model: GRU
MSE: 21.80444218746848
MAE: 3.672121621944286
EVS: -0.4596833473563957
