Model: GRU
MSE: 21.45991341542793
MAE: 3.770006250452113
EVS: -0.03396157459246418
