Model: GRU
MSE: 16.54547941423103
MAE: 3.256122182916712
EVS: 0.06666155023885845
