Model: GRU
MSE: 32.78946885256659
MAE: 4.928188783151132
EVS: -0.13593340955602629
