Model: GRU
MSE: 31.595872686624414
MAE: 4.668555449556421
EVS: -0.1722165822504711
