Model: GRU
MSE: 20.03945814692863
MAE: 3.775475952360365
EVS: -0.11796654711650256
