Model: GRU
MSE: 15.944241275528167
MAE: 3.1902638188114874
EVS: 0.06178760211565193
