Model: GRU
MSE: 19.730244730443832
MAE: 3.4525732022744644
EVS: -0.11611236650936974
