Model: GRU
MSE: 28.612299329589423
MAE: 4.528842625794588
EVS: -0.15269618436971943
