Model: GRU
MSE: 23.580340726263437
MAE: 3.868747349138613
EVS: -0.28057070482922475
