Model: GRU
MSE: 30.994313942561682
MAE: 4.660940364555076
EVS: -0.07710955220635807
