Model: GRU
MSE: 19.940558040772295
MAE: 3.6329075495402017
EVS: -0.03646498367973394
