Model: GRU
MSE: 22.92656877654388
MAE: 3.6635758346981473
EVS: -0.5443365471408377
