Model: GRU
MSE: 28.97294994051039
MAE: 4.501987669203016
EVS: 0.0511535561679789
