Model: GRU
MSE: 15.679743755253666
MAE: 3.2836958743907787
EVS: 0.08708434921731567
