Model: GRU
MSE: 24.194565220302835
MAE: 4.101459564986053
EVS: -0.047709027236751966
