Model: GRU
MSE: 19.76733181100213
MAE: 3.5582881856847695
EVS: -0.231868042056399
