Model: GRU
MSE: 15.010638837242109
MAE: 2.914111190372043
EVS: 0.12066146225762997
