Model: GRU
MSE: 29.23920783561617
MAE: 4.196610795127021
EVS: -0.8576737030864123
