Model: GRU
MSE: 1459.331874162424
MAE: 37.97931021231192
EVS: -0.19177187624806113
