Model: GRU
MSE: 26.520290425847225
MAE: 3.63495382114693
EVS: -0.7655355985257206
