Model: GRU
MSE: 28.423783867488652
MAE: 4.440444442960951
EVS: 0.00801200139039282
