Model: GRU
MSE: 23.09236223095209
MAE: 3.4941457642449274
EVS: -0.5612860532244293
