Model: GRU
MSE: 27.173369679128555
MAE: 4.372414235715514
EVS: -0.09547203219729106
