Model: GRU
MSE: 23.325712417799885
MAE: 3.7651332396048085
EVS: -0.3302599659843326
