Model: GRU
MSE: 24.645581260772936
MAE: 4.197612859584668
EVS: -0.07335091227662649
