Model: GRU
MSE: 30.25490744733626
MAE: 4.430410023088808
EVS: -0.5024296446675949
