Model: GRU
MSE: 27.22761520762578
MAE: 3.8604469475922762
EVS: -0.690002536730534
