Model: GRU
MSE: 24.076111693371853
MAE: 3.571318273191099
EVS: -0.58050547747084
