Model: GRU
MSE: 16.18981415675322
MAE: 3.337969091203478
EVS: -0.10559265088195802
