Model: GRU
MSE: 21.092187342074094
MAE: 3.82678923783479
EVS: 0.2969126323826142
