Model: GRU
MSE: 27.261094668338355
MAE: 4.487383533407141
EVS: -0.25401241579457934
