Model: GRU
MSE: 19.765688762166434
MAE: 3.621489595483851
EVS: 0.10713830768215304
