Model: GRU
MSE: 34.69272722982593
MAE: 4.768624376367639
EVS: -0.8776687279782296
