Model: GRU
MSE: 19.487300135829738
MAE: 3.7063931535791466
EVS: -0.11890529190631938
