Model: GRU
MSE: 24.266094507954858
MAE: 3.5975753289681895
EVS: -0.6116484515635783
