Model: GRU
MSE: 863.3227620309726
MAE: 29.137172840259694
EVS: -0.011570052397503972
