Model: GRU
MSE: 16.159540455381247
MAE: 3.004045256861934
EVS: -0.08505525298560168
