Model: GRU
MSE: 22.007741278320342
MAE: 3.51009119881524
EVS: -0.3505634950452905
