Model: GRU
MSE: 27.913135205713896
MAE: 4.082863260198523
EVS: -0.8836033440706224
