Model: GRU
MSE: 16.890513971854507
MAE: 3.359763569302029
EVS: 0.06112703586623758
