Model: GRU
MSE: 934.1385074840738
MAE: 30.296748549849898
EVS: -0.09881191898453712
