Model: GRU
MSE: 22.669345647892186
MAE: 3.928851613291988
EVS: 0.07571303268741214
