Model: GRU
MSE: 1219.7655387011682
MAE: 34.70287139327438
EVS: -0.09112093338943938
