Model: GRU
MSE: 24.406631067748275
MAE: 3.9595316957544395
EVS: -0.43770123363116786
