Model: GRU
MSE: 19.46796259624525
MAE: 3.522892651734529
EVS: 0.17869784187165316
