Model: GRU
MSE: 24.139735934994704
MAE: 4.005494444458574
EVS: -0.08731971195755017
