Model: GRU
MSE: 16.75505894703087
MAE: 3.2488249761086925
EVS: 0.0017866935849996102
