Model: GRU
MSE: 26.200411408915055
MAE: 4.337947598210088
EVS: -0.5757172048496353
