Model: GRU
MSE: 20.358898882083086
MAE: 3.368006397176672
EVS: -0.29463911161245715
