Model: GRU
MSE: 413.2259430984431
MAE: 19.8778174718221
EVS: -0.27598376332326424
