Model: GRU
MSE: 16.333014901111735
MAE: 2.9539664409778736
EVS: -0.09543614106386777
