Model: GRU
MSE: 29.828060323751806
MAE: 4.380027572313945
EVS: -0.5380519600354898
