Model: GRU
MSE: 27.049366090903185
MAE: 4.214197529686822
EVS: -0.3616148173667266
