Model: GRU
MSE: 450.4977877291395
MAE: 20.864292568630642
EVS: -0.07016941534415455
