Model: GRU
MSE: 18.78736138044293
MAE: 3.476937002605862
EVS: -0.23018464553088425
