Model: GRU
MSE: 17.005038450647387
MAE: 3.1252805215341075
EVS: -0.1985768686541256
