Model: GRU
MSE: 24.91978356633118
MAE: 4.000298667837073
EVS: -0.1942603692236633
