Model: GRU
MSE: 21.1818566873302
MAE: 3.8625293131227854
EVS: -0.07523547563015076
