Model: GRU
MSE: 16.698500432969073
MAE: 3.1555838584899902
EVS: -0.04930191704255482
