Model: GRU
MSE: 20.39903936343119
MAE: 3.3175154438725225
EVS: -0.285574461446898
