Model: GRU
MSE: 27.177155927378923
MAE: 4.453932179345025
EVS: -0.3578664600473489
