Model: GRU
MSE: 28.606624499111778
MAE: 4.470718913608128
EVS: -0.1555756884624484
