Model: GRU
MSE: 20.88008547806847
MAE: 3.752991870597557
EVS: -0.24417559014364687
