Model: GRU
MSE: 20.71452685332068
MAE: 3.727924841421622
EVS: -0.08825010030797453
