Model: GRU
MSE: 955.1381614753547
MAE: 30.580874407732928
EVS: -0.3492575180696491
