Model: GRU
MSE: 23.195850553165513
MAE: 3.631636275185479
EVS: -0.42090128341606037
