Model: GRU
MSE: 19.589465319173197
MAE: 3.5908910433451333
EVS: -0.2527547682449851
