Model: GRU
MSE: 25.40839853876268
MAE: 3.9470591721711337
EVS: -0.4401556562896707
