Model: GRU
MSE: 2553.560920536973
MAE: 50.39027263500072
EVS: 0.0
