Model: GRU
MSE: 18.348298813071697
MAE: 3.6165783493607138
EVS: 0.07224423731404717
