Model: GRU
MSE: 16.576080026112503
MAE: 3.31297563623499
EVS: 0.06352068506806141
