Model: GRU
MSE: 18.193189766254527
MAE: 3.2806483727914317
EVS: -0.2387116042446502
