Model: GRU
MSE: 21.075657698429044
MAE: 3.8354649632065385
EVS: 0.011906511915348306
