Model: GRU
MSE: 20.388610789432708
MAE: 3.631510116435864
EVS: 0.0975526563089778
