Model: GRU
MSE: 29.691915781695283
MAE: 4.62798790578489
EVS: -0.29751285743825684
