Model: GRU
MSE: 20.754890443858017
MAE: 3.79071467894095
EVS: -0.0005560034696674432
