Model: GRU
MSE: 19.247647477213658
MAE: 3.7943802851217763
EVS: 0.14451540874034063
