Model: GRU
MSE: 22.99971253433229
MAE: 3.7438725365532775
EVS: -0.5605821278293917
