Model: GRU
MSE: 20.053429236807293
MAE: 3.5844950852570716
EVS: -0.18897393078996672
