Model: GRU
MSE: 20.53063289191461
MAE: 3.5381511935481322
EVS: 0.06957419361312711
