Model: GRU
MSE: 25.482911151847272
MAE: 4.197612356256555
EVS: -0.10580645158002766
