Model: GRU
MSE: 859.0824638604026
MAE: 29.05821849681713
EVS: -0.03656197331177191
