Model: GRU
MSE: 1093.3616752784899
MAE: 32.818889405992294
EVS: -0.14794046756788903
