Model: GRU
MSE: 10.564468965116442
MAE: 2.854645676083035
EVS: 0.40159480534015823
