Model: GRU
MSE: 17.322187038318045
MAE: 3.3927213792447692
EVS: -0.06676561599241704
