Model: GRU
MSE: 15.149976642690872
MAE: 3.3452966301529496
EVS: 0.031118530975982495
