Model: GRU
MSE: 24.517349547077654
MAE: 3.848448912302653
EVS: -0.4687420048282558
