Model: GRU
MSE: 20.506123225641613
MAE: 3.666646189159817
EVS: -0.11979255740348083
