Model: GRU
MSE: 21.56146132198543
MAE: 3.8508469087106216
EVS: -0.19628895559702308
