Model: GRU
MSE: 20.28590091274989
MAE: 3.741478955304182
EVS: -0.21182781437225762
