Model: GRU
MSE: 1386.0482101597331
MAE: 37.03706006650572
EVS: -0.00850112328340935
