Model: GRU
MSE: 26.009042479889153
MAE: 4.06082370546129
EVS: -0.18389098384700264
