Model: GRU
MSE: 2711.343490188752
MAE: 51.92285000836408
EVS: -0.08300474053267082
