Model: GRU
MSE: 17.211960456609766
MAE: 3.3088900601422346
EVS: 0.014823659466142836
