Model: GRU
MSE: 17.232406006355617
MAE: 3.1549398987381547
EVS: -0.18974383901135572
