Model: GRU
MSE: 15.632271334282517
MAE: 3.226008733113607
EVS: 0.044128952606107386
