Model: GRU
MSE: 19.695391933120487
MAE: 3.751840458975898
EVS: -0.08510185196537345
