Model: GRU
MSE: 21.524081799212652
MAE: 3.7402628792656794
EVS: -0.24719108960945446
