Model: GRU
MSE: 15.42848923699768
MAE: 3.172581107528121
EVS: -0.023018185344200415
