Model: GRU
MSE: 125.34950794778992
MAE: 10.542513952211097
EVS: -0.001487193288054689
