Model: GRU
MSE: 25.71651119297417
MAE: 3.754848904079861
EVS: -0.6636841571126044
