Model: GRU
MSE: 22.99527476202912
MAE: 3.6863711498401783
EVS: -0.21507970242707164
