Model: GRU
MSE: 36.70787149615113
MAE: 5.122908662866663
EVS: -0.4103360642302354
