Model: GRU
MSE: 509.4093904803977
MAE: 22.24855543065954
EVS: -0.01602941882360054
