Model: GRU
MSE: 26.240900123324533
MAE: 3.944321067244918
EVS: -0.6038925364494245
