Model: GRU
MSE: 34.28460136253464
MAE: 4.881447297555429
EVS: -0.6855151052281085
