Model: GRU
MSE: 33.462307027932425
MAE: 4.886891877209699
EVS: -0.5161780581493132
