Model: GRU
MSE: 16.224063072289812
MAE: 3.1070133315192328
EVS: -0.11365982895063831
