Model: GRU
MSE: 15.991813330307204
MAE: 3.0731232431199818
EVS: -0.014037775084567494
