Model: GRU
MSE: 24.352050734651012
MAE: 4.057613381633053
EVS: -0.2611796299043625
