Model: GRU
MSE: 17.88641468619379
MAE: 3.427297097665292
EVS: -0.0010239880783204924
