Model: GRU
MSE: 22.53980778640073
MAE: 3.6617424929583513
EVS: -0.36477923522776057
