Model: GRU
MSE: 26.10441184814869
MAE: 3.9588900672064886
EVS: -0.4978648706179729
