Model: GRU
MSE: 19.900716180848704
MAE: 3.3153188316910356
EVS: -0.12949276148898825
