Model: GRU
MSE: 28.22804591577905
MAE: 4.221490974779482
EVS: -0.4815034579745334
