Model: GRU
MSE: 25.77120936960466
MAE: 4.241333776050144
EVS: 0.13308524589302018
