Model: GRU
MSE: 18.770068267875015
MAE: 3.3700747843141907
EVS: -0.10211686689848287
