Model: GRU
MSE: 22.210581105995075
MAE: 3.738652149836223
EVS: -0.2287229169008469
