Model: GRU
MSE: 17.679549311975457
MAE: 3.0319631099700928
EVS: -0.19237869475131708
