Model: GRU
MSE: 18.02476780485877
MAE: 3.1918532053629556
EVS: -0.19593978047578142
