Model: GRU
MSE: 22.759133851028196
MAE: 4.089304667932016
EVS: -0.12534403433656527
