Model: GRU
MSE: 26.236551909468712
MAE: 4.005754046969944
EVS: -0.5098599054999868
