Model: GRU
MSE: 20.731764598076385
MAE: 3.5741518515127675
EVS: -0.16847422665912637
