Model: GRU
MSE: 22.103653685478836
MAE: 4.0223417635317205
EVS: -0.14263321467065615
