Model: GRU
MSE: 23.34538687434495
MAE: 3.680653183548539
EVS: -0.5219793831926711
