Model: GRU
MSE: 24.47141877170247
MAE: 3.979239896491722
EVS: -0.15601890273125418
