Model: GRU
MSE: 31933.432097302648
MAE: 178.65958771882234
EVS: -2.220446049250313e-16
