Model: GRU
MSE: 36.94740597433847
MAE: 5.087929957442814
EVS: -0.8303482154090991
