Model: GRU
MSE: 20.28817595872961
MAE: 3.47799195183648
EVS: -0.13275912529124345
