Model: GRU
MSE: 16.91643733418162
MAE: 3.165235678354899
EVS: -0.06253822509795381
