Model: GRU
MSE: 18.848577799480285
MAE: 3.315767491305316
EVS: -0.012994126774692027
