Model: GRU
MSE: 1341.4305458588578
MAE: 36.42969060827185
EVS: -0.008768770251686986
