Model: GRU
MSE: 14.336641629332481
MAE: 2.7853614047721584
EVS: 0.033760406572077795
