Model: GRU
MSE: 20.49398350271728
MAE: 3.3807834254370794
EVS: -0.3138525444081044
