Model: GRU
MSE: 22.71666580077317
MAE: 3.699979252285428
EVS: 0.05824245244514081
