Model: GRU
MSE: 23.000033367391207
MAE: 3.862001895904541
EVS: -0.4446720532311843
