Model: GRU
MSE: 31.589971724932994
MAE: 4.2478607252792075
EVS: -0.8902912994061185
