Model: GRU
MSE: 16.625310289445142
MAE: 3.211085072270146
EVS: 0.2299344542984525
