Model: GRU
MSE: 18.01016031954793
MAE: 3.355585213060732
EVS: -0.17373335904213083
