Model: GRU
MSE: 26.63064191537399
MAE: 4.24779510498047
EVS: -0.056609464421776945
