Model: GRU
MSE: 120.71173337404873
MAE: 10.290546047466773
EVS: -0.0021481035870958287
