Model: GRU
MSE: 24.27466016987742
MAE: 3.612031618754069
EVS: -0.40906878967859717
