Model: GRU
MSE: 30.063542622106414
MAE: 4.512312209164655
EVS: -0.6737988956969461
