Model: GRU
MSE: 25.74420888999863
MAE: 4.2144724969510685
EVS: -0.5374196582150943
