Model: GRU
MSE: 32.51310746922708
MAE: 4.598232781445539
EVS: -0.4231498748592626
