Model: GRU
MSE: 27.608348662489885
MAE: 4.407221467406662
EVS: -0.008450943873282268
