Model: GRU
MSE: 26.586464468871036
MAE: 4.3610299340000855
EVS: -0.3671906662464248
