Model: GRU
MSE: 26.1369147886869
MAE: 4.197400287345604
EVS: -0.28049837118550025
