Model: GRU
MSE: 30.17709550922838
MAE: 4.384562841168156
EVS: -0.47206541051046025
