Model: GRU
MSE: 23.93324488411352
MAE: 4.011597492076732
EVS: -0.19363158961260174
