Model: GRU
MSE: 26.535658083169114
MAE: 3.947882069481744
EVS: -0.4122309174521912
