Model: GRU
MSE: 22.755079229337667
MAE: 4.095658902768736
EVS: -0.22051437847184796
