Model: GRU
MSE: 20.77911371150526
MAE: 3.5694399056611243
EVS: -0.10189460171889841
