Model: GRU
MSE: 28.559880665246034
MAE: 4.575514060479623
EVS: 0.08935106694035222
