Model: GRU
MSE: 1877.0782326591218
MAE: 43.158972280996814
EVS: 0.0
