Model: GRU
MSE: 21.092987952331764
MAE: 3.483519147943568
EVS: -0.3045678524047031
