Model: GRU
MSE: 25.70897655511815
MAE: 4.181396568263018
EVS: 0.17578453720506315
