Model: GRU
MSE: 22.912131841287508
MAE: 3.763749926178544
EVS: -0.4101751839029353
