Model: GRU
MSE: 33.86034121742422
MAE: 5.035253922144572
EVS: -0.2286113110646324
