Model: GRU
MSE: 22.890826238020992
MAE: 4.0316712326473665
EVS: 0.2817544826911721
