Model: GRU
MSE: 31.27220586070145
MAE: 4.714404741923015
EVS: 0.08589563608235817
