Model: GRU
MSE: 20.531354536761185
MAE: 3.626453593925194
EVS: -0.17743599235676788
