Model: GRU
MSE: 19.672578794082057
MAE: 3.55195399566933
EVS: 0.040474272932602084
