Model: GRU
MSE: 31.895314102629225
MAE: 4.779135050597014
EVS: 0.26422770111336
