Model: GRU
MSE: 677.8698907762996
MAE: 25.727811460141783
EVS: -0.07879610433947892
