Model: GRU
MSE: 17.089715199138755
MAE: 3.319355108119823
EVS: 0.06260084827392642
