Model: GRU
MSE: 20.473075312773986
MAE: 3.361036450774582
EVS: -0.21862890743998742
