Model: GRU
MSE: 22.66431731441966
MAE: 3.8884655722865356
EVS: -0.07960049394987934
