Model: GRU
MSE: 26.867493727893628
MAE: 4.356142776983756
EVS: -0.5700816339863117
