Model: GRU
MSE: 1266.5533378509847
MAE: 35.388258121631765
EVS: -0.0028702806081748466
