Model: GRU
MSE: 20.259099658114536
MAE: 3.707359305134526
EVS: -0.2381086421261298
