Model: GRU
MSE: 21.75649559163858
MAE: 3.8388099935319695
EVS: -0.058139056663515154
