Model: GRU
MSE: 22.70132120675459
MAE: 3.3821192229235613
EVS: -0.5305007401248343
