Model: GRU
MSE: 30.810793584304967
MAE: 4.688779106846562
EVS: -0.2464920219655644
