Model: GRU
MSE: 1257.0899372775664
MAE: 35.2522420529966
EVS: -0.013082100393982055
