Model: GRU
MSE: 19.906463983197728
MAE: 3.713945468266805
EVS: -0.09953103554168785
