Model: GRU
MSE: 1244.5636280536294
MAE: 35.078441266660334
EVS: 0.008264849820023734
