Model: GRU
MSE: 15.223574702325458
MAE: 3.0745636092291937
EVS: -0.04875502469020554
