Model: GRU
MSE: 23.0473012050418
MAE: 3.8168070051405163
EVS: -0.25713526716614554
