Model: GRU
MSE: 20.883774146713094
MAE: 3.527522811183223
EVS: -0.2977926756061051
