Model: GRU
MSE: 27.25054095466367
MAE: 4.329284756271927
EVS: -0.07409623059563253
