Model: GRU
MSE: 18.13943934238234
MAE: 3.4100123423117177
EVS: 0.16929621509477932
