Model: GRU
MSE: 29.928883243322236
MAE: 4.660827204033181
EVS: -0.19998765980070732
