Model: GRU
MSE: 525.5804857812443
MAE: 22.5993840959337
EVS: -0.004307699916272556
