Model: GRU
MSE: 21.81454297079627
MAE: 3.685298160270409
EVS: -0.4134778529811076
