Model: GRU
MSE: 418.7595274755319
MAE: 19.987751837129945
EVS: -0.30198020005572457
