Model: GRU
MSE: 17.44496522931782
MAE: 3.107366853290134
EVS: -0.20845111078156164
