Model: GRU
MSE: 26.221340285280938
MAE: 3.636815212391041
EVS: -0.7709955308352965
