Model: GRU
MSE: 16.11597267552858
MAE: 3.2849523579632796
EVS: 0.1244423303167893
