Model: GRU
MSE: 16.834050431680218
MAE: 3.2881209938614457
EVS: 0.029466527981575674
