Model: GRU
MSE: 17.33167497535828
MAE: 3.0960159213454634
EVS: -0.06077546817993751
