Model: GRU
MSE: 16.62895475505167
MAE: 3.397848305878816
EVS: 0.0002639923306386738
