Model: GRU
MSE: 1353.6679426762878
MAE: 36.5902350390399
EVS: -0.04503929945190577
