Model: GRU
MSE: 28.824971218163963
MAE: 4.485857698652479
EVS: -0.4693162461086098
