Model: GRU
MSE: 18.26733962755155
MAE: 3.5521502229902477
EVS: -0.20347498388871577
