Model: GRU
MSE: 26.06586845436262
MAE: 4.303422592304371
EVS: 0.14087105336226258
