Model: GRU
MSE: 29.782288003669994
MAE: 4.496986406820792
EVS: -0.2714380924209687
