Model: GRU
MSE: 24.9405827601375
MAE: 4.041107380831684
EVS: -0.2600721982762262
