Model: GRU
MSE: 22.71465715109724
MAE: 3.861646793506764
EVS: -0.17360037750617652
