Model: GRU
MSE: 29.550144749158957
MAE: 4.045488852041739
EVS: -0.9513484440464945
