Model: GRU
MSE: 19.864627248152505
MAE: 3.6478930844200983
EVS: 0.019818751817742064
