Model: GRU
MSE: 21.932784844469165
MAE: 3.5314110782411365
EVS: -0.4727974508125732
