Model: GRU
MSE: 2265.812404409881
MAE: 47.39685369420935
EVS: -0.36427797624802816
