Model: GRU
MSE: 31.10720017031349
MAE: 3.9053151022504875
EVS: -1.0947323070041994
