Model: GRU
MSE: 18.45075377639849
MAE: 3.2425439092848034
EVS: -0.221633842884444
