Model: GRU
MSE: 22.50020169433564
MAE: 3.7715410391489663
EVS: -0.4853258682267858
