Model: GRU
MSE: 20.959294944659465
MAE: 3.617930200364855
EVS: -0.29048095523080586
