Model: GRU
MSE: 20.59634921753075
MAE: 3.5892280207739935
EVS: -0.2701624289792417
