Model: GRU
MSE: 22.240988939834875
MAE: 3.840162233070091
EVS: -0.0199557132391186
