Model: GRU
MSE: 26.420731352836633
MAE: 4.060387028588189
EVS: -0.46252155594990163
