Model: GRU
MSE: 24.05440806931733
MAE: 3.977282117914271
EVS: -0.18057259725444386
