Model: GRU
MSE: 141.4386242667871
MAE: 11.266540708365264
EVS: -0.022551854037458297
