Model: GRU
MSE: 18.401976980101036
MAE: 3.289489225105003
EVS: 0.010656375440601384
