Model: GRU
MSE: 31.85404199455452
MAE: 4.712896647276701
EVS: -0.31418117992403416
