Model: GRU
MSE: 18.52996720791135
MAE: 3.3366609237812184
EVS: -0.2978190007192669
