Model: GRU
MSE: 16.962865405053613
MAE: 3.175820756841589
EVS: 0.04819777168901074
