Model: GRU
MSE: 15.844751295699636
MAE: 2.975554042392307
EVS: 0.04606100645363076
