Model: GRU
MSE: 2196.104265905907
MAE: 46.692689683702255
EVS: -0.12078434133352389
