Model: GRU
MSE: 20.84833183103273
MAE: 3.685060660044353
EVS: -0.023162834439931723
