Model: GRU
MSE: 7391.908151464422
MAE: 85.89368043122468
EVS: -2.220446049250313e-16
