Model: GRU
MSE: 29.57629527905229
MAE: 4.398553954230414
EVS: -0.3405865240472894
