Model: GRU
MSE: 27.63169542349012
MAE: 4.535071523101242
EVS: 0.08725392759923067
