Model: GRU
MSE: 34.961556364640536
MAE: 4.861834826292815
EVS: -0.8160616053741341
