Model: GRU
MSE: 2079.9617704236116
MAE: 45.447605556911896
EVS: -0.020664832138862943
