Model: GRU
MSE: 17.826931947647342
MAE: 3.3394355332409895
EVS: -0.17893862432964247
