Model: GRU
MSE: 19.166280029312784
MAE: 3.643237732074879
EVS: 0.06993128330514331
