Model: GRU
MSE: 29.811588800096256
MAE: 4.477842180817215
EVS: -0.618016998810756
