Model: GRU
MSE: 20.46242111682723
MAE: 3.480988537823712
EVS: -0.24213995545400224
