Model: GRU
MSE: 28.61359826917094
MAE: 4.557883942568743
EVS: -0.12963869576469556
