Model: GRU
MSE: 17.85429553358756
MAE: 3.34238600730896
EVS: -0.19011752768713408
