Model: GRU
MSE: 29.36299031692294
MAE: 4.348782547882625
EVS: -0.23355611792529873
