Model: GRU
MSE: 26.82017159182877
MAE: 4.320237517356873
EVS: -0.3022288299250271
