Model: GRU
MSE: 19.641550193311712
MAE: 3.757926243322867
EVS: 0.3229114918563144
