Model: GRU
MSE: 17.08933448031265
MAE: 3.2092515980755842
EVS: -0.02150611865221652
