Model: GRU
MSE: 24.24378921291393
MAE: 3.990234330848412
EVS: -0.1645835718133084
