Model: GRU
MSE: 26.46772603142283
MAE: 4.1317291259765625
EVS: -0.4292786499024275
