Model: GRU
MSE: 877.9994509052106
MAE: 29.337881865324796
EVS: -0.1693313241141292
