Model: GRU
MSE: 23.935376199403507
MAE: 3.9157654709286165
EVS: -0.33073277395219125
