Model: GRU
MSE: 780.5759003966705
MAE: 27.592562322263365
EVS: -0.3004313568240553
