Model: GRU
MSE: 24.60343355806991
MAE: 3.9175869623819985
EVS: -0.41219523460421503
