Model: GRU
MSE: 5227.406882386183
MAE: 72.17210854424371
EVS: -0.25763191261086016
