Model: GRU
MSE: 16.705249077792057
MAE: 3.389394336276584
EVS: -0.016227698083335795
