Model: GRU
MSE: 30.610360608097206
MAE: 4.656296023616084
EVS: -0.19163073456752922
