Model: GRU
MSE: 20.309246913365218
MAE: 3.4824606312645807
EVS: -0.20300778080529502
