Model: GRU
MSE: 19.37762715269308
MAE: 3.6214342382219105
EVS: -0.037806485546235225
