Model: GRU
MSE: 17.466138983659718
MAE: 3.107229612491749
EVS: -0.1745321740524226
