Model: GRU
MSE: 18377.71790164122
MAE: 135.50713743986907
EVS: -0.09516418528768078
