Model: GRU
MSE: 32.17746610916669
MAE: 4.747501108381483
EVS: -0.37074691709036656
