Model: GRU
MSE: 22.79114233456955
MAE: 3.584999508327908
EVS: -0.4451713715958887
