Model: GRU
MSE: 22.873463322742257
MAE: 3.594086382124159
EVS: -0.44065800093303675
