Model: GRU
MSE: 26.682606933819287
MAE: 4.353400980984723
EVS: -0.026266420120708567
