Model: GRU
MSE: 28.560373613267075
MAE: 4.3415863249037
EVS: -0.6992773426894208
