Model: GRU
MSE: 33.911618491547095
MAE: 4.864061057567596
EVS: -0.13119777029961854
