Model: GRU
MSE: 24.06875345485396
MAE: 3.844012984523067
EVS: -0.39659634658586107
