Model: GRU
MSE: 16.43696407406316
MAE: 3.315114904333044
EVS: -0.012082172714431572
