Model: GRU
MSE: 25.658767111312592
MAE: 3.877247174580892
EVS: -0.4984873962677905
