Model: GRU
MSE: 18.345841662042933
MAE: 3.2484665800023964
EVS: -0.18980063710215944
