Model: GRU
MSE: 19.23396774926079
MAE: 3.3386093775431323
EVS: 0.007730009010901262
