Model: GRU
MSE: 19.21666277826661
MAE: 3.5780925044307006
EVS: 0.013630398960434609
