Model: GRU
MSE: 23.658251879032075
MAE: 4.086956315570408
EVS: 0.22070672015744552
