Model: GRU
MSE: 26.926963189725004
MAE: 4.329813224297983
EVS: -0.014822919944635027
