Model: GRU
MSE: 604.2445433515127
MAE: 24.22129503885905
EVS: -0.18862645056670457
