Model: GRU
MSE: 29.25133401087473
MAE: 4.330800286045781
EVS: -0.09202398323476424
