Model: GRU
MSE: 23.12505298531282
MAE: 3.8886666386215776
EVS: 0.022327361223559827
