Model: GRU
MSE: 22.802365883507374
MAE: 3.817933294508193
EVS: -0.0286125920081175
