Model: GRU
MSE: 21.753846288742928
MAE: 3.6641528783021156
EVS: -0.05626655795347024
