Model: GRU
MSE: 27.860797426771395
MAE: 4.33729452557034
EVS: -0.24145056905841122
