Model: GRU
MSE: 28.12499702941164
MAE: 4.514476034376356
EVS: -0.0819518384688005
