Model: GRU
MSE: 25.136913647849497
MAE: 4.100109638991179
EVS: -0.010501307408581573
