Model: GRU
MSE: 19.957843596491607
MAE: 3.4432474683832237
EVS: -0.16677014507554633
