Model: GRU
MSE: 25.605091313217525
MAE: 3.8945409103676125
EVS: -0.5477223335672321
