Model: GRU
MSE: 333.8997035180492
MAE: 17.857131039654767
EVS: -0.016093602470033552
