Model: GRU
MSE: 19.67171831156556
MAE: 3.5581642345145896
EVS: -0.03812683220527724
