Model: GRU
MSE: 26.755526930923494
MAE: 4.0880134017379195
EVS: -0.6346257374122379
