Model: GRU
MSE: 27.490166359071573
MAE: 4.361386201999806
EVS: -0.11177537951265948
