Model: GRU
MSE: 18.9609959536043
MAE: 3.581696872357969
EVS: 0.05318746734971902
