Model: GRU
MSE: 26.685742078776826
MAE: 3.897498024834527
EVS: -0.6617299465592694
