Model: GRU
MSE: 19.029370090082413
MAE: 3.3227691562087447
EVS: -0.3310048669814729
