Model: GRU
MSE: 18.701485966333145
MAE: 3.6423255602518716
EVS: 0.03472631518363389
