Model: GRU
MSE: 19.251683491498575
MAE: 3.4725633550573285
EVS: -0.17133562899959398
