Model: GRU
MSE: 22.630918075681578
MAE: 3.9066367502565735
EVS: -0.34887636074638806
