Model: GRU
MSE: 15.165999236102724
MAE: 2.935158040788439
EVS: 0.03870380088058345
