Model: GRU
MSE: 22.507924356996757
MAE: 3.8785887294345436
EVS: -0.2021143811050241
