Model: GRU
MSE: 28.399924970788604
MAE: 4.422170789153488
EVS: -0.22578950301324796
