Model: GRU
MSE: 1118.8516578292063
MAE: 33.22989852340133
EVS: -0.03114032149085011
