Model: GRU
MSE: 18.819353757602318
MAE: 3.5161885773694075
EVS: 0.09332062512341666
