Model: GRU
MSE: 37.17374071461136
MAE: 4.994814537189625
EVS: -0.3484214408016033
