Model: GRU
MSE: 25.577573630530825
MAE: 3.6289911005232067
EVS: -0.5963942405624296
