Model: GRU
MSE: 18.11015241113025
MAE: 3.229524091438011
EVS: -0.24032375347495738
