Model: GRU
MSE: 40.76498184122658
MAE: 5.493938607198221
EVS: 0.16004662252363444
