Model: GRU
MSE: 16.618141150940595
MAE: 3.2858718501196966
EVS: 0.10152228237672045
