Model: GRU
MSE: 26.283425349995436
MAE: 4.137147753326981
EVS: -0.3627937959700309
