Model: GRU
MSE: 18.61157529188578
MAE: 3.441305708002161
EVS: 0.13042581859432079
