Model: GRU
MSE: 24.599385123527394
MAE: 4.1937990541811345
EVS: 0.0020480224347697584
