Model: GRU
MSE: 32.90469364317136
MAE: 4.8397707674238415
EVS: -0.4193805956532448
