Model: GRU
MSE: 16.78810620729793
MAE: 3.3941599792904324
EVS: -0.08646498395533109
