Model: GRU
MSE: 20.64114158052234
MAE: 3.63932364958304
EVS: 0.11517483938313289
