Model: GRU
MSE: 586.6383836959294
MAE: 23.899711043746382
EVS: -0.08871960163143333
