Model: GRU
MSE: 505.93904433128665
MAE: 22.171738200717503
EVS: -0.01193304238930204
