Model: GRU
MSE: 20.88518158067827
MAE: 3.3061802210631193
EVS: -0.46166791874697477
