Model: GRU
MSE: 20.059671572509128
MAE: 3.510915014478895
EVS: -0.22228359293859756
