Model: GRU
MSE: 18.795739986652467
MAE: 3.56316660951685
EVS: -0.20351815074687463
