Model: GRU
MSE: 27.043647510435783
MAE: 4.435645138775861
EVS: -0.2523551044620016
