Model: GRU
MSE: 22.945466727866418
MAE: 3.9927496910095215
EVS: -0.12111752080488669
