Model: GRU
MSE: 20.373895083767398
MAE: 3.4997381987395113
EVS: -0.26472559239531024
