Model: GRU
MSE: 21.712251495848047
MAE: 3.708879117612486
EVS: -0.001276756392875944
