Model: GRU
MSE: 30.819274161786506
MAE: 4.593836254543728
EVS: -0.7224914488025005
