Model: GRU
MSE: 18.18134517220533
MAE: 3.623814856564557
EVS: -0.0008101761159786669
