Model: GRU
MSE: 20.118243249477153
MAE: 3.6475450021249283
EVS: -0.11920074412996962
