Model: GRU
MSE: 16.250509229398627
MAE: 3.174779388639662
EVS: 0.1427680666201484
