Model: GRU
MSE: 841.3124603500223
MAE: 28.75052049424913
EVS: -0.03780494003691959
