Model: GRU
MSE: 21.643921630224526
MAE: 3.829737504323324
EVS: 0.10429351069186499
