Model: GRU
MSE: 22.347543705941572
MAE: 3.4162863669572054
EVS: -0.5224235335826515
