Model: GRU
MSE: 26.956086452143946
MAE: 4.24965642116688
EVS: -0.22194988927709192
