Model: GRU
MSE: 23.160565815490795
MAE: 4.007854024569194
EVS: -0.013228088716896513
