Model: GRU
MSE: 21.82560278812889
MAE: 3.6534271240234375
EVS: -0.439318708288972
