Model: GRU
MSE: 22.71682206560012
MAE: 3.9092114943045155
EVS: -0.05937255128512442
