Model: GRU
MSE: 17.311817821725107
MAE: 3.1368991004096136
EVS: -0.03037506027330683
