Model: GRU
MSE: 16.817887835910263
MAE: 3.3557189482229726
EVS: -0.0747914630110389
