Model: GRU
MSE: 29.560396522422828
MAE: 4.441475903546369
EVS: -0.5459185039570564
