Model: GRU
MSE: 31.577415619099813
MAE: 4.504165313861988
EVS: -0.6335085195318848
