Model: GRU
MSE: 32.18810501132653
MAE: 4.806237618128459
EVS: -0.2880778900300176
