Model: GRU
MSE: 17.70635631217152
MAE: 3.5320192266393597
EVS: 0.07126088870156932
