Model: GRU
MSE: 24.24206134677259
MAE: 4.0212267769707575
EVS: -0.27156857705438076
