Model: GRU
MSE: 22.766625109769617
MAE: 3.932419061660767
EVS: 0.01241373147514191
