Model: GRU
MSE: 24.8484706286045
MAE: 4.0646797197836415
EVS: -0.3154866771657143
