Model: GRU
MSE: 38.962537026000355
MAE: 5.321807022447939
EVS: -0.493399294788498
