Model: GRU
MSE: 33.36256280266303
MAE: 5.019435423391837
EVS: -0.13713822141157883
