Model: GRU
MSE: 16.276931139262828
MAE: 3.4129109735842103
EVS: 0.13183300779889107
