Model: GRU
MSE: 20.226996095709687
MAE: 3.720244301689996
EVS: 0.04690470233782251
