Model: GRU
MSE: 17.648169569037247
MAE: 3.1880165647577354
EVS: -0.16085834773310514
