Model: GRU
MSE: 15.865288930180107
MAE: 3.328555866524025
EVS: 0.13889124744428616
