Model: GRU
MSE: 21.986628446205025
MAE: 3.7461952809934265
EVS: -0.18832821529551746
