Model: GRU
MSE: 27.02140952347186
MAE: 4.339217221295392
EVS: 0.03302998815800873
