Model: GRU
MSE: 22.07492680882676
MAE: 3.2640580424556025
EVS: -0.41619355149371384
