Model: GRU
MSE: 27.55267801797702
MAE: 4.442620392198916
EVS: 0.0239770164324552
