Model: GRU
MSE: 22.285628573844125
MAE: 3.8632922172546387
EVS: -0.20671129148695622
