Model: GRU
MSE: 24.57537145787632
MAE: 4.0468781877447055
EVS: -0.2575987972495919
