Model: GRU
MSE: 25.002652502538666
MAE: 4.081206418849804
EVS: -0.32631623889801076
