Model: GRU
MSE: 17.858935952627693
MAE: 3.5140021642049155
EVS: 0.3201807573062819
