Model: GRU
MSE: 15.873602180955656
MAE: 3.2519552884278475
EVS: 0.28759666184330335
