Model: GRU
MSE: 27.43506233325058
MAE: 3.9549514982435436
EVS: -0.833434487551731
