Model: GRU
MSE: 17.689238563312976
MAE: 3.4123025470309787
EVS: -0.08451035451367783
