Model: GRU
MSE: 14901.232259629329
MAE: 122.01249299225984
EVS: -2.220446049250313e-16
