Model: GRU
MSE: 29.44383449460329
MAE: 4.450382709503174
EVS: -0.5288069786294742
