Model: GRU
MSE: 16.130492623662697
MAE: 3.140764898724026
EVS: -0.08818400877481403
