Model: GRU
MSE: 15.75622143935785
MAE: 3.2252421467392534
EVS: 0.0994469144093415
