Model: GRU
MSE: 1260.5868238816022
MAE: 35.298456545229314
EVS: 0.012096819716946872
