Model: GRU
MSE: 23.19507323589112
MAE: 4.0664584018565995
EVS: -0.4735188452079002
