Model: GRU
MSE: 27.772349455694272
MAE: 4.336725340949164
EVS: -0.05860158352669376
