Model: GRU
MSE: 23.746068035682352
MAE: 3.890123499764337
EVS: 0.005262034172967445
