Model: GRU
MSE: 14.114063983461506
MAE: 2.966452819329721
EVS: 0.1589383984560454
