Model: GRU
MSE: 20.48416063612164
MAE: 3.529040160002532
EVS: -0.19833019239617622
