Model: GRU
MSE: 19.878489882721087
MAE: 3.5025996190530284
EVS: -0.2296387340766215
