Model: GRU
MSE: 18.689920295889124
MAE: 3.3997849888271756
EVS: -0.23007412700856622
