Model: GRU
MSE: 26.56403106383811
MAE: 4.270040618048774
EVS: -0.23657969221704556
