Model: GRU
MSE: 17.529764844989828
MAE: 3.2557371192508273
EVS: -0.08418045883837766
