Model: GRU
MSE: 671.2610437703917
MAE: 25.62929990556505
EVS: -0.015243903114640966
