Model: GRU
MSE: 22.24055080340324
MAE: 3.8425278751938436
EVS: 0.10387762162271386
