Model: GRU
MSE: 22.150019137140255
MAE: 3.6184619709297468
EVS: -0.07990368036553597
