Model: GRU
MSE: 27.95688048211524
MAE: 4.336265316715947
EVS: -0.4631220511311638
