Model: GRU
MSE: 15.045970958386249
MAE: 3.168991300794813
EVS: 0.19819747338932947
