Model: GRU
MSE: 18.11915140746159
MAE: 3.390174653795031
EVS: 0.12084967257299128
