Model: GRU
MSE: 22.30949032171147
MAE: 3.618479507940787
EVS: -0.23902956547380683
