Model: GRU
MSE: 32.9611622718769
MAE: 4.878721113558169
EVS: -0.3096856032137869
