Model: GRU
MSE: 21.197741824277525
MAE: 3.7904623526114003
EVS: -0.24123890295576422
