Model: GRU
MSE: 21.685304727755188
MAE: 3.5227068353582314
EVS: -0.39545035701596576
