Model: GRU
MSE: 18.7334705018245
MAE: 3.3735092834190086
EVS: -0.14010275143626516
