Model: GRU
MSE: 17.890567290262318
MAE: 3.371728031723588
EVS: -0.12853582475052194
