Model: GRU
MSE: 30.81674731809712
MAE: 4.605689410810117
EVS: -0.23245148419930617
