Model: GRU
MSE: 125.61041032429014
MAE: 10.542745523982578
EVS: -0.019537319697200628
