Model: GRU
MSE: 23.963699551056717
MAE: 3.9779665381820113
EVS: -0.18925963034691207
