Model: GRU
MSE: 18.065524658451803
MAE: 3.450487401750353
EVS: 0.011692809056799147
