Model: GRU
MSE: 18.844066367051386
MAE: 3.386082075260304
EVS: -0.15860377133402048
