Model: GRU
MSE: 30.949587850641212
MAE: 4.298375500573052
EVS: -0.7432058997449593
