Model: GRU
MSE: 17.33335745093584
MAE: 3.186361171581127
EVS: -0.11656927368350023
