Model: GRU
MSE: 20.217997686794995
MAE: 3.510127721009431
EVS: -0.2841891119229798
