Model: GRU
MSE: 19.76996355050646
MAE: 3.6170784455758556
EVS: -0.08327516714232153
