Model: GRU
MSE: 24.75425269301067
MAE: 3.6697040531370373
EVS: -0.5558326631445631
