Model: GRU
MSE: 28.304823842462685
MAE: 4.46858697908896
EVS: -0.2075232984967219
