Model: GRU
MSE: 23.455422166723057
MAE: 3.8870479530758333
EVS: -0.062201737883637476
