Model: GRU
MSE: 19.289703766754958
MAE: 3.497980144288805
EVS: -0.28362361011503867
