Model: GRU
MSE: 18.672605142534103
MAE: 3.582367950015598
EVS: 0.0673051592198225
