Model: GRU
MSE: 27.24368415695228
MAE: 4.398839014547843
EVS: -0.07251485589668505
