Model: GRU
MSE: 17.68173425535194
MAE: 3.284016494397764
EVS: -0.01844122335821652
