Model: GRU
MSE: 24.585226752166186
MAE: 4.125497266098305
EVS: -0.4156422320197046
