Model: GRU
MSE: 20.345527085985417
MAE: 3.725270809950652
EVS: 0.12452793626617786
