Model: GRU
MSE: 30.771005888582952
MAE: 4.6619467823593705
EVS: 0.08970900890317168
