Model: GRU
MSE: 1435.9299287806364
MAE: 37.54122437371148
EVS: -0.7982451800052348
