Model: GRU
MSE: 130.07528251769503
MAE: 10.732099828896699
EVS: -0.00762137723434364
