Model: GRU
MSE: 136.20631746218132
MAE: 11.051287726119712
EVS: 0.0076464899098441785
