Model: GRU
MSE: 19.639005995377662
MAE: 3.4632273691671864
EVS: -0.3039863561439453
