Model: GRU
MSE: 20.831765821887736
MAE: 3.692822482850817
EVS: 0.0009590492704104614
