Model: GRU
MSE: 24.993356813053314
MAE: 4.017058725710268
EVS: -0.5152720071559962
