Model: GRU
MSE: 29.637161105715403
MAE: 4.425612685856996
EVS: -0.32336070545056605
