Model: GRU
MSE: 30610.07786698474
MAE: 174.91682038483796
EVS: -2.220446049250313e-16
