Model: GRU
MSE: 23.345955202374757
MAE: 3.9434368610382085
EVS: -0.05032033749946074
