Model: GRU
MSE: 14.8796055391241
MAE: 3.1683807284743697
EVS: 0.11322778816722356
