Model: GRU
MSE: 22.017142420062008
MAE: 3.3900418193251998
EVS: -0.44119832449928875
