Model: GRU
MSE: 19.12622279057705
MAE: 3.5070484804886357
EVS: -0.04229412631582785
