Model: GRU
MSE: 16.362383996135012
MAE: 2.9524915659869158
EVS: -0.13727102967225102
