Model: GRU
MSE: 20.92394328178812
MAE: 3.403581840020639
EVS: -0.4114339975586301
