Model: GRU
MSE: 29.00715197578067
MAE: 4.411898286254318
EVS: -0.23574081289453797
