Model: GRU
MSE: 23.376717857917416
MAE: 3.5176213405750416
EVS: -0.44379380907785193
