Model: GRU
MSE: 40.95012772646132
MAE: 5.125753094200735
EVS: -0.641091558500335
