Model: GRU
MSE: 18.71346396126609
MAE: 3.3389785378067582
EVS: -0.27662311095729186
