Model: GRU
MSE: 24.869778061512566
MAE: 4.086877390190407
EVS: -0.1886560167340714
