Model: GRU
MSE: 17.379295544604986
MAE: 3.2846379103483976
EVS: -0.11326247593128858
