Model: GRU
MSE: 25.263491281555066
MAE: 3.9120325953872115
EVS: -0.5293611035185666
