Model: GRU
MSE: 28.186356894081648
MAE: 4.258161116529394
EVS: -0.37630643432076627
