Model: GRU
MSE: 25.161060910065007
MAE: 3.9773604251720287
EVS: -0.418590726199199
