Model: GRU
MSE: 223.1181412364492
MAE: 14.454696461006447
EVS: 0.00027651142420637154
