Model: GRU
MSE: 27.273640626486987
MAE: 3.9967340451699718
EVS: -0.6824669635558795
