Model: GRU
MSE: 22.50886924887737
MAE: 3.988487782301726
EVS: 0.008327613528873568
