Model: GRU
MSE: 13.723139606613252
MAE: 3.0270359251234265
EVS: 0.19691908778238099
