Model: GRU
MSE: 648.1071966369689
MAE: 25.13482930925157
EVS: -0.10571215225002795
