Model: GRU
MSE: 25.66446453453735
MAE: 4.116678714752198
EVS: -0.2583454602808828
