Model: GRU
MSE: 16.35666503657745
MAE: 3.275710450278388
EVS: -0.014939604550387342
