Model: GRU
MSE: 16.11261959358279
MAE: 3.124966162222403
EVS: -0.055329259834513866
