Model: GRU
MSE: 22.311700081418856
MAE: 3.6607832555417663
EVS: -0.30649590201846233
