Model: GRU
MSE: 30.266943169697875
MAE: 4.635469966464573
EVS: -0.14531279525477858
