Model: GRU
MSE: 18.69980626656638
MAE: 3.2865871544237497
EVS: 0.10873077480701887
