Model: GRU
MSE: 25.87271545960346
MAE: 4.223623946860985
EVS: -0.06620970073020627
