Model: GRU
MSE: 33.519757376962716
MAE: 4.667422100349709
EVS: -1.187197953924032
