Model: GRU
MSE: 21.7936154808798
MAE: 3.743860871703537
EVS: -0.010126068317898751
