Model: GRU
MSE: 20.233074828622396
MAE: 3.6535799591629594
EVS: 0.02692001901187102
