Model: GRU
MSE: 23.1262636403465
MAE: 3.627053561034026
EVS: -0.484693131692558
