Model: GRU
MSE: 18.61169994424821
MAE: 3.513655415287724
EVS: 0.023947009507808148
