Model: GRU
MSE: 20.5231501098985
MAE: 3.718314550541066
EVS: -0.041148674384445805
