Model: GRU
MSE: 17.96788132907396
MAE: 3.4596146124380605
EVS: -0.06550568769426701
