Model: GRU
MSE: 21.98477028938245
MAE: 3.6842904709003594
EVS: -0.05805338825210349
