Model: GRU
MSE: 30.039916972816762
MAE: 4.610762728585137
EVS: 0.11903478578079785
