Model: GRU
MSE: 17.19317549540519
MAE: 3.418489412025169
EVS: -0.11338683983960163
