Model: GRU
MSE: 26.251863294994305
MAE: 3.69768339616281
EVS: -0.7638476515120833
