Model: GRU
MSE: 19.052582112771557
MAE: 3.347055187931767
EVS: -0.2952206842449512
