Model: GRU
MSE: 18.81679998213879
MAE: 3.5452777191444684
EVS: -0.10934320143391507
