Model: GRU
MSE: 28.10024135384199
MAE: 4.033999937551993
EVS: -0.8381052782723184
