Model: GRU
MSE: 28.029693249991904
MAE: 4.344594169546057
EVS: -0.14679700188504574
