Model: GRU
MSE: 17.384162597765936
MAE: 3.3627363134313515
EVS: -0.0332985548294944
