Model: GRU
MSE: 22.337336929569762
MAE: 3.7591135325255216
EVS: -0.24944482612486274
