Model: GRU
MSE: 24.690241690819853
MAE: 4.117135030251962
EVS: -0.43229259897408023
