Model: GRU
MSE: 18.99487863636168
MAE: 3.5338419719978615
EVS: 0.21857014527816976
