Model: GRU
MSE: 23.334812421104424
MAE: 3.840462163642601
EVS: -0.33723538186074675
