Model: GRU
MSE: 24.836225919628244
MAE: 4.116469374409429
EVS: -0.33870134822645115
