Model: GRU
MSE: 23.817722726000284
MAE: 4.123077887075919
EVS: -0.349720919191959
