Model: GRU
MSE: 975.3654176889128
MAE: 30.952736607304328
EVS: -0.21924292625278174
