Model: GRU
MSE: 20.164216629366585
MAE: 3.5023172166612415
EVS: -0.35098073497573945
