Model: GRU
MSE: 13.84181585552835
MAE: 2.887358683126944
EVS: 0.10829651545998231
