Model: GRU
MSE: 17.946264568261213
MAE: 3.6538841989305286
EVS: 0.034846555155574
