Model: GRU
MSE: 27.058970727045168
MAE: 3.6716589044641563
EVS: -0.7357231546380374
