Model: GRU
MSE: 26.71093917927279
MAE: 4.060377200444539
EVS: -0.39792423901676566
