Model: GRU
MSE: 20.877919095444714
MAE: 3.713508226253368
EVS: 0.10432184952909995
