Model: GRU
MSE: 25.198316632701125
MAE: 4.116520334173132
EVS: -0.31288425928095687
