Model: GRU
MSE: 27.223037629469445
MAE: 4.450996602023089
EVS: 0.0034202007988604066
