Model: GRU
MSE: 23.040129012733747
MAE: 3.616281509399414
EVS: -0.5195933590324493
