Model: GRU
MSE: 21.575797261975072
MAE: 3.7678023620888044
EVS: -0.02199939220998548
