Model: GRU
MSE: 20.614798342227363
MAE: 3.321113427480062
EVS: -0.320956297909502
