Model: GRU
MSE: 24.60289740907855
MAE: 3.8392534255981445
EVS: -0.6980472582270805
