Model: GRU
MSE: 33.32367946807689
MAE: 4.830720132147825
EVS: 0.07658699925110035
