Model: GRU
MSE: 21.317152124813703
MAE: 3.8547458913591175
EVS: -0.22751725463639993
