Model: GRU
MSE: 21.800410663107254
MAE: 3.781857022532711
EVS: -0.07600705583397782
