Model: GRU
MSE: 23.695042134401806
MAE: 4.0662884888825594
EVS: 0.18258911689668
