Model: GRU
MSE: 21.631373698301374
MAE: 3.215559720993042
EVS: -0.4592700029222352
