Model: GRU
MSE: 20.3772972715416
MAE: 3.4199099275800915
EVS: -0.3087578960299462
