Model: GRU
MSE: 16.610137939599664
MAE: 3.2418920199076333
EVS: 0.3124048614345023
