Model: GRU
MSE: 29.579144759419247
MAE: 4.428782789795487
EVS: -0.5129995338701483
