Model: GRU
MSE: 31.291429252040878
MAE: 4.525172008408441
EVS: -0.3603266298805776
