Model: GRU
MSE: 555.1096680031445
MAE: 23.111758708953857
EVS: -0.2619802955431476
