Model: GRU
MSE: 20.150204783720977
MAE: 3.6167110248848244
EVS: -0.11719684516157725
