Model: GRU
MSE: 31.078984021809372
MAE: 4.6221001722194535
EVS: -0.7055961559526169
