Model: GRU
MSE: 289.9253095336398
MAE: 16.597386006955748
EVS: -0.004919078562315438
