Model: GRU
MSE: 23.977689070399904
MAE: 4.131553402653448
EVS: -0.2564455223558797
