Model: GRU
MSE: 20.948399647566653
MAE: 3.6061283659051964
EVS: -0.049724341369117075
