Model: GRU
MSE: 23859.906927516615
MAE: 154.42060456452546
EVS: -2.220446049250313e-16
