Model: GRU
MSE: 17.612486783973583
MAE: 3.0721462920860008
EVS: -0.23085994309035218
