Model: GRU
MSE: 26.39143507993601
MAE: 4.2742350189774125
EVS: -0.3294996980098821
