Model: GRU
MSE: 23.420890230238427
MAE: 3.975935538609823
EVS: -0.159527321970917
