Model: GRU
MSE: 23.821753227782455
MAE: 3.869500239690145
EVS: -0.4925406083872206
