Model: GRU
MSE: 25.68207843431978
MAE: 4.138183072761253
EVS: -0.0447700007049765
