Model: GRU
MSE: 22.27190195384901
MAE: 3.800269797996239
EVS: -0.23575134538185027
