Model: GRU
MSE: 36.900522170564344
MAE: 5.156995508405897
EVS: -0.2940470019936232
