Model: GRU
MSE: 26.43730191240743
MAE: 3.9240287321585194
EVS: -0.6902336511516984
