Model: GRU
MSE: 26.802668943354973
MAE: 3.9883276842258595
EVS: -0.6867914721050727
