Model: GRU
MSE: 24.8873372247845
MAE: 3.998636342861035
EVS: -0.5593672763589068
