Model: GRU
MSE: 24.078431401867366
MAE: 3.972068945566813
EVS: -0.2345771482043364
