Model: GRU
MSE: 23.008668387611465
MAE: 3.965026104891742
EVS: -0.14944536667417063
