Model: GRU
MSE: 24.911494145241228
MAE: 4.098208197840939
EVS: 0.065256384112232
