Model: GRU
MSE: 29.490922649368525
MAE: 4.3647940092616615
EVS: -0.3096383744884037
