Model: GRU
MSE: 23.559242101131808
MAE: 3.7635164437470614
EVS: -0.43486380100405
