Model: GRU
MSE: 15.988002984078568
MAE: 3.165033640684905
EVS: 0.1800194474838014
