Model: GRU
MSE: 17.274659150038318
MAE: 3.255676693386502
EVS: -0.005220335350252903
