Model: GRU
MSE: 284.0913540175112
MAE: 16.402242678183097
EVS: -0.018475439377590996
