Model: GRU
MSE: 18.272375372668005
MAE: 3.6333599355485706
EVS: -0.04367254058579184
