Model: GRU
MSE: 33.82313501438688
MAE: 4.76092016255414
EVS: -0.4739618052714729
