Model: GRU
MSE: 424.74999822522176
MAE: 20.249580030088072
EVS: -0.03671039451395619
