Model: GRU
MSE: 16.63781537552912
MAE: 3.289857776076705
EVS: -0.11891737077360931
