Model: GRU
MSE: 24.29649101036288
MAE: 4.008861082571524
EVS: -0.2655364068651931
