Model: GRU
MSE: 40.53677679221629
MAE: 5.564164068963793
EVS: -0.4136093300688608
