Model: GRU
MSE: 19.999299241067977
MAE: 3.438280291027493
EVS: -0.11106033056902054
