Model: GRU
MSE: 2620.964744676216
MAE: 51.04543926097728
EVS: -0.0806596823635437
