Model: GRU
MSE: 16.51951506660954
MAE: 3.1373130745357938
EVS: -0.14822229701576917
