Model: GRU
MSE: 24.279614238564687
MAE: 4.20091931908219
EVS: -0.02233201501062232
