Model: GRU
MSE: 20.98539791701685
MAE: 3.8814375842059103
EVS: -0.22536674316529348
