Model: GRU
MSE: 21.43921424840879
MAE: 3.4310105553379766
EVS: -0.4500101525612228
