Model: GRU
MSE: 28.57869790331498
MAE: 4.479213379047535
EVS: -0.26279034503445886
