Model: GRU
MSE: 30.485969024542783
MAE: 4.510845979054769
EVS: -0.2774287258189809
