Model: GRU
MSE: 19.694939301827187
MAE: 3.573887348175049
EVS: -0.2693302321453157
