Model: GRU
MSE: 22.4376192460856
MAE: 3.90876939561632
EVS: -0.04256362364660182
