Model: GRU
MSE: 28.569304252101997
MAE: 4.180863380432129
EVS: -0.7540459847183862
