Model: GRU
MSE: 15.839773911320245
MAE: 3.1381806709148266
EVS: 0.14398990264225753
