Model: GRU
MSE: 24.561962236009155
MAE: 3.7961470815870495
EVS: -0.5299520498324102
