Model: GRU
MSE: 26.636767090326867
MAE: 4.213641625863535
EVS: -0.1757286356663348
