Model: GRU
MSE: 25.188097352599836
MAE: 4.051849378479852
EVS: -0.324144351371656
