Model: GRU
MSE: 19.48074072791398
MAE: 3.3452585538228354
EVS: -0.2992227954706561
