Model: GRU
MSE: 15.29377970667518
MAE: 2.8596519540857384
EVS: -0.04234524848200438
