Model: GRU
MSE: 22.16569447692388
MAE: 3.694327628171003
EVS: -0.27523895314751723
