Model: GRU
MSE: 19.3970696227744
MAE: 3.4751656320359974
EVS: -0.06668273713303297
