Model: GRU
MSE: 21.720932743426918
MAE: 3.8341457667174166
EVS: 0.13583439340182957
