Model: GRU
MSE: 25.92149651108825
MAE: 4.246418688032362
EVS: -0.3077571196417057
