Model: GRU
MSE: 22.43841927959029
MAE: 3.786226475680316
EVS: -0.1321291830219098
