Model: GRU
MSE: 27.037592086281048
MAE: 4.187819606728024
EVS: -0.4249143421815369
