Model: GRU
MSE: 21.662761416143827
MAE: 3.6439630874881037
EVS: -0.436213466884257
