Model: GRU
MSE: 22.24429287224905
MAE: 3.7886964303475845
EVS: -0.09056271814865391
