Model: GRU
MSE: 22.181964824353518
MAE: 3.8816590574052605
EVS: -0.11875875387468016
