Model: GRU
MSE: 34.875156474244356
MAE: 4.9523693367286965
EVS: -0.43791198562337974
