Model: GRU
MSE: 29.843950414471298
MAE: 4.514072047339545
EVS: -0.6551582213999492
