Model: GRU
MSE: 19.585673320442474
MAE: 3.62267624007331
EVS: -0.08430889298931299
