Model: GRU
MSE: 28.101250709145447
MAE: 4.534684878808481
EVS: -0.11517487400638782
