Model: GRU
MSE: 21.984480658112393
MAE: 3.789004414169877
EVS: -0.3872968283838134
