Model: GRU
MSE: 22.340727459346
MAE: 3.8382776445812654
EVS: -0.059303714638907934
