Model: GRU
MSE: 128.1550452756064
MAE: 10.65293170346154
EVS: -0.020077892827737864
