Model: GRU
MSE: 19.681907934538142
MAE: 3.5101172394222684
EVS: -0.1380729837265493
