Model: GRU
MSE: 17.834467536164745
MAE: 3.271097501118978
EVS: -0.12055520929921726
