Model: GRU
MSE: 20.73277218832256
MAE: 3.267379875536318
EVS: -0.3900104712790329
