Model: GRU
MSE: 25.626426001970238
MAE: 4.08718909157647
EVS: -0.38326525368028297
