Model: GRU
MSE: 24.734022410896362
MAE: 3.9912158471566666
EVS: -0.05676739947230902
