Model: GRU
MSE: 18.918268750750027
MAE: 3.417369833698979
EVS: -0.2035179305742223
