Model: GRU
MSE: 24.73937861424537
MAE: 3.858709617897316
EVS: -0.41801821789149884
