Model: GRU
MSE: 26.799466086769243
MAE: 4.32096474258988
EVS: 0.06606418850671059
