Model: GRU
MSE: 23.73942200416243
MAE: 4.003576053513421
EVS: -0.11322454745149524
