Model: GRU
MSE: 1268.2163659074452
MAE: 35.36302615978099
EVS: -0.1953453670658576
