Model: GRU
MSE: 18.269443416974145
MAE: 3.4637862841288247
EVS: -0.02601696121011532
