Model: GRU
MSE: 23.46802966711857
MAE: 3.712997242256447
EVS: -0.3692512369278087
