Model: GRU
MSE: 124.13540303139595
MAE: 10.448253012365765
EVS: -0.01249780694920588
