Model: GRU
MSE: 20.89785169440071
MAE: 3.6526470890751597
EVS: -0.0675193081425709
