Model: GRU
MSE: 1069.5737843761349
MAE: 32.418167961968315
EVS: -0.3139040809118707
