Model: GRU
MSE: 29.123137104007778
MAE: 4.48479375132808
EVS: -0.29485878174941993
