Model: GRU
MSE: 21.423355747033096
MAE: 3.7086984139901626
EVS: -0.19909768465244193
