Model: GRU
MSE: 21.321107120584674
MAE: 3.7514620533695933
EVS: 0.08515766638848421
