Model: GRU
MSE: 1211.4997850171076
MAE: 34.53534663165057
EVS: -0.32613264580376655
