Model: GRU
MSE: 23.209813994386483
MAE: 3.779416565541868
EVS: -0.2739454718398229
