Model: GRU
MSE: 5068.6660638526455
MAE: 71.09283616807726
EVS: -0.020509011181442993
