Model: GRU
MSE: 25.63458483495374
MAE: 4.379314555062188
EVS: -0.24339453362829766
