Model: GRU
MSE: 17.834249351733128
MAE: 3.265670564439562
EVS: -0.09663067630038502
