Model: GRU
MSE: 23.23726787208639
MAE: 4.021590232849122
EVS: -0.3195964431540468
