Model: GRU
MSE: 17.787810452579553
MAE: 3.2556524806552463
EVS: -0.07961085230622356
