Model: GRU
MSE: 29.768231915057648
MAE: 4.285495952323631
EVS: -0.4341017898480992
