Model: GRU
MSE: 16.813947038204805
MAE: 3.267741980376067
EVS: 0.05452517058800799
