Model: GRU
MSE: 14.258240427724187
MAE: 2.8377694377192744
EVS: 0.04383555621265778
