Model: GRU
MSE: 21.65403940038825
MAE: 3.7090662055545383
EVS: -0.39701076855081063
