Model: GRU
MSE: 15.187736699153868
MAE: 2.8583475748697915
EVS: -0.05003860323507059
