Model: GRU
MSE: 23.654398121953726
MAE: 3.999208944815177
EVS: -0.271567482480354
