Model: GRU
MSE: 22.395034148148245
MAE: 3.7674555425290714
EVS: -0.004382210500962991
