Model: GRU
MSE: 19.207051671501475
MAE: 3.479967426370692
EVS: -0.12525742695576203
