Model: GRU
MSE: 20.98326505263213
MAE: 3.790017507694386
EVS: -0.09166889572577341
