Model: GRU
MSE: 422.8887905774368
MAE: 20.187414911058212
EVS: -0.08271797622391919
