Model: GRU
MSE: 30.098188802694906
MAE: 4.480187380755389
EVS: -0.31269033315830774
