Model: GRU
MSE: 16.267365539991427
MAE: 3.020863992196542
EVS: -0.06066351989526231
