Model: GRU
MSE: 20.397301626629055
MAE: 3.365955917923539
EVS: -0.3782852281938851
