Model: GRU
MSE: 26.089156396820727
MAE: 3.980463045614737
EVS: -0.3793793981171798
