Model: GRU
MSE: 787.6465606773357
MAE: 27.785342110527885
EVS: -0.10134869870914898
