Model: GRU
MSE: 27.558190453002997
MAE: 4.175499571694268
EVS: -0.271204065255366
