Model: GRU
MSE: 20.32016557143288
MAE: 3.5600658699318215
EVS: -0.33149669643381596
