Model: GRU
MSE: 17.749910557867754
MAE: 3.175920574753373
EVS: -0.22780227439169165
