Model: GRU
MSE: 16.88818363961506
MAE: 3.211065504286024
EVS: -0.05507417792966263
