Model: GRU
MSE: 22.076273055947855
MAE: 3.8728915497108747
EVS: -0.008443630420970294
