Model: GRU
MSE: 21.825830098839745
MAE: 3.9021720533017765
EVS: -0.08303978772463538
