Model: GRU
MSE: 19.295509269238025
MAE: 3.457330315201371
EVS: -0.0029793125446440083
