Model: GRU
MSE: 8290.701824994176
MAE: 90.96084142614293
EVS: -0.18636304050321684
