Model: GRU
MSE: 33.14555021495724
MAE: 4.594985273149279
EVS: -0.9576171818744847
