Model: GRU
MSE: 26.00232105396015
MAE: 4.222747113969591
EVS: -0.13528612348463898
