Model: GRU
MSE: 18.419112504094706
MAE: 3.247364468044705
EVS: -0.2275725231700385
