Model: GRU
MSE: 34.11992052974197
MAE: 4.961004989487784
EVS: -0.7827657525626455
