Model: GRU
MSE: 1016.7854054368802
MAE: 31.657324614348234
EVS: -0.029286218213182558
