Model: GRU
MSE: 610.14158447002
MAE: 24.41238572862413
EVS: 0.0004798382473855112
