Model: GRU
MSE: 19.16306199288305
MAE: 3.4452847374810114
EVS: 0.07543328463510868
