Model: GRU
MSE: 378.3042899759926
MAE: 19.071729765997993
EVS: -0.027467949097740085
