Model: GRU
MSE: 30.002238537615483
MAE: 4.4696550369262695
EVS: -0.4080902778079061
