Model: GRU
MSE: 21.645868684349985
MAE: 3.3904692155343517
EVS: -0.3557470079316476
