Model: GRU
MSE: 819.397385516051
MAE: 28.309884601169163
EVS: -0.21395067093401843
