Model: GRU
MSE: 20.114031889853774
MAE: 3.47050710077639
EVS: -0.09978120922504008
