Model: GRU
MSE: 31.468921341019016
MAE: 4.601089141986988
EVS: -0.3745280175789636
