Model: GRU
MSE: 21.37578939095045
MAE: 4.082272679717453
EVS: -0.22139262161162887
