Model: GRU
MSE: 26.111799894332087
MAE: 4.16166830945898
EVS: -0.08055806420533718
