Model: GRU
MSE: 23.6132971204936
MAE: 4.161521752675375
EVS: -0.27987331938995563
