Model: GRU
MSE: 24.4682575567599
MAE: 4.188874403635661
EVS: -0.06195296735551947
