Model: GRU
MSE: 26.27620083494284
MAE: 3.7326600198392517
EVS: -0.7716559742260487
