Model: GRU
MSE: 20.323997355494367
MAE: 3.7438005782939774
EVS: 0.30505272975778874
