Model: GRU
MSE: 19.213773614977722
MAE: 3.581307993994819
EVS: 0.1603623854156685
