Model: GRU
MSE: 18.044181855133544
MAE: 3.487273481157091
EVS: 0.013868965914024867
