Model: GRU
MSE: 25.153800482821026
MAE: 4.316156837675306
EVS: 0.26990512211784856
