Model: GRU
MSE: 15.313630565656622
MAE: 3.1383710260744446
EVS: 0.09768896624702716
