Model: GRU
MSE: 24.18253351032499
MAE: 3.9216529572451555
EVS: -0.5595820358973558
