Model: GRU
MSE: 25.916609747817844
MAE: 3.643956458127057
EVS: -0.7295941650538778
