Model: GRU
MSE: 24.142709814580662
MAE: 4.160116884443496
EVS: -0.37689496117526433
