Model: GRU
MSE: 22.51519516931701
MAE: 3.7488879627651643
EVS: -0.4220105644644734
