Model: GRU
MSE: 18.552543377181475
MAE: 3.363072430645978
EVS: -0.008265190060366745
