Model: GRU
MSE: 14.24844206588128
MAE: 2.8304171208982116
EVS: -0.0015159031753420038
