Model: GRU
MSE: 17.52607004715274
MAE: 3.3093711181923195
EVS: -0.17278224110357732
