Model: GRU
MSE: 27.863156077897024
MAE: 3.9760913721941136
EVS: -0.6229043009850395
