Model: GRU
MSE: 32.81860883357908
MAE: 4.768270404250534
EVS: -0.4651021225555403
