Model: GRU
MSE: 21.325613882933972
MAE: 3.3297123555783874
EVS: -0.41395344076439566
