Model: GRU
MSE: 21.011366535561862
MAE: 3.6464204037631003
EVS: -0.006429622330086593
