Model: GRU
MSE: 17.7187608190749
MAE: 3.4318031558284052
EVS: 0.24987415404262947
