Model: GRU
MSE: 21.101835938871837
MAE: 3.8558500342898903
EVS: -0.12140918600999928
