Model: GRU
MSE: 25.150667712966648
MAE: 3.680664574658429
EVS: -0.6297535532307976
