Model: GRU
MSE: 1219.171139283464
MAE: 34.671386082967125
EVS: -0.20321142390890334
