Model: GRU
MSE: 22.76706816424524
MAE: 3.544008484593144
EVS: -0.3086089741301843
