Model: GRU
MSE: 24.614068676000965
MAE: 4.127006318834093
EVS: -0.2212438123931353
