Model: GRU
MSE: 26.524715961318982
MAE: 4.076653286262795
EVS: -0.4669006269964231
