Model: GRU
MSE: 22.64506895148095
MAE: 3.656770379455001
EVS: -0.38779973227843656
