Model: GRU
MSE: 15050.73854160168
MAE: 122.62363038239656
EVS: -2.220446049250313e-16
