Model: GRU
MSE: 26.50114418498361
MAE: 4.148312709949635
EVS: -0.30279914344330217
