Model: GRU
MSE: 33.93497598070343
MAE: 4.87802395997224
EVS: -0.8247699192036262
