Model: GRU
MSE: 19.8757922613134
MAE: 3.572668702514084
EVS: -0.04864147752673742
