Model: GRU
MSE: 3137.192573446911
MAE: 55.77523463112967
EVS: -0.5847275387392064
