Model: GRU
MSE: 26.000112926381757
MAE: 4.061575969060263
EVS: -0.06898911411082342
