Model: GRU
MSE: 24.775631620856903
MAE: 4.02326441694189
EVS: -0.20495127045281292
