Model: GRU
MSE: 22.226342990216633
MAE: 3.781826443142361
EVS: -0.339503039941792
