Model: GRU
MSE: 25.101312774150646
MAE: 3.788225862714979
EVS: -0.6093637611655729
