Model: GRU
MSE: 29.166757368467238
MAE: 4.333333368654604
EVS: -0.805749288841829
