Model: GRU
MSE: 20.37164410559704
MAE: 3.6699802875518803
EVS: -0.18879967306033185
