Model: GRU
MSE: 34.98325270629592
MAE: 5.014814677061858
EVS: 0.045274869265376605
