Model: GRU
MSE: 27.978352474212972
MAE: 3.8296571837531195
EVS: -0.5560981951087636
