Model: sequential_10
MSE: 0.0015327869343490091
MAE: 0.039150822907686234
EVS: 1.0
