Model: sequential_10
MSE: 0.07586835514561745
MAE: 0.18995975330471992
EVS: 0.6970209730360093
