Model: sequential_21
MSE: 0.0028699271533696447
MAE: 0.05357170104980469
EVS: 1.0
