Model: sequential_21
MSE: 0.008815732963588138
MAE: 0.053205649058024086
EVS: 0.0
