Model: GRU
MSE: 4.640831551272168
MAE: 1.8883366761384184
EVS: 0.5329416167345069
