Model: GRU
MSE: 5.1510178535121725
MAE: 1.9233622021145294
EVS: 0.27231951646958386
