Model: GRU
MSE: 3.185878318001514
MAE: 1.5182420589305734
EVS: 0.5255914099339428
