Model: GRU
MSE: 11.894010138558649
MAE: 3.2318327868426286
EVS: 0.5586299060207851
