Model: GRU
MSE: 6.432661250238668
MAE: 2.3267876660382303
EVS: 0.6049927271309073
