Model: GRU
MSE: 3.0929036782696815
MAE: 1.4271014001634386
EVS: 0.29793613398821794
