Model: GRU
MSE: 3.924420970279916
MAE: 1.6257661890100548
EVS: 0.19602740386555384
