Model: GRU
MSE: 2.754432865818603
MAE: 1.3209299864592372
EVS: 0.35561868999581525
