Model: GRU
MSE: 2.875546388446511
MAE: 1.3588037137632014
EVS: 0.5239149515916774
