Model: GRU
MSE: 6.401865591750588
MAE: 1.6927643263781513
EVS: 0.13178115418238712
