Model: GRU
MSE: 2.32641055388094
MAE: 1.2518285645378957
EVS: 0.4993301484317013
