Model: GRU
MSE: 3.3646159877093758
MAE: 1.445613101676658
EVS: 0.4217174747721356
