Model: GRU
MSE: 2.611200197913738
MAE: 1.2424530099939415
EVS: 0.4382229264819175
