Model: GRU
MSE: 2.097158090991595
MAE: 1.149903544673213
EVS: 0.5074176521815393
