Model: GRU
MSE: 7.4339490395403
MAE: 2.0797052206816495
EVS: 0.15342391731410143
