Model: GRU
MSE: 4.216325325873656
MAE: 1.720497767130534
EVS: 0.37203035376172466
