Model: GRU
MSE: 2.828148992195051
MAE: 1.3888169924418128
EVS: 0.42049300240679177
