Model: GRU
MSE: 3.298657089504684
MAE: 1.5351448942113803
EVS: 0.39023271006664095
