Model: GRU
MSE: 8.46422363282002
MAE: 2.278600984149509
EVS: 0.09820996895382061
