Model: GRU
MSE: 2.6028345363388485
MAE: 1.2314177972299079
EVS: 0.41246505800044375
