Model: GRU
MSE: 3.7206163466897584
MAE: 1.601706434179235
EVS: 0.5238738563459719
