Model: GRU
MSE: 2.630985382919553
MAE: 1.4009486304389103
EVS: 0.5480339855145855
