Model: GRU
MSE: 3.6740827235249194
MAE: 1.5984456274244518
EVS: 0.19597148993878932
