Model: GRU
MSE: 3.8701401850351638
MAE: 1.647663593292236
EVS: 0.5117709479886572
