Model: GRU
MSE: 5.367580344755087
MAE: 2.0337204403347435
EVS: 0.5182148162558147
