Model: GRU
MSE: 3.7914549610649937
MAE: 1.6063797208997936
EVS: 0.4961199026213373
