Model: GRU
MSE: 7.12656122194925
MAE: 2.1737705204221935
EVS: 0.3108433884877605
