Model: GRU
MSE: 2.6560608456988346
MAE: 1.2752491633097327
EVS: 0.4597161557736924
