Model: GRU
MSE: 5.857246325255135
MAE: 1.7568393106813784
EVS: 0.26237651493103764
