Model: GRU
MSE: 2.6772121462361826
MAE: 1.2617547953570327
EVS: 0.3836728838379809
