Model: GRU
MSE: 7.163371782619159
MAE: 1.807462939509639
EVS: 0.06029691113117952
