Model: GRU
MSE: 3.26063672085703
MAE: 1.5123315563908326
EVS: 0.24062783028347945
