Model: GRU
MSE: 3.013203612272364
MAE: 1.3924020484641744
EVS: 0.3694829104090437
