Model: GRU
MSE: 3.0969038058882914
MAE: 1.3769715627034502
EVS: 0.4217778162867225
