Model: GRU
MSE: 2.6633200644791257
MAE: 1.3494696440520106
EVS: 0.37415665369802764
