Model: GRU
MSE: 5.970738665081103
MAE: 2.1049154069688583
EVS: 0.48474530205877864
