Model: GRU
MSE: 2.282328887025734
MAE: 1.1661086612277558
EVS: 0.49271724551904095
