Model: GRU
MSE: 2.4492568255120735
MAE: 1.2448089387681747
EVS: 0.46438100698801665
