Model: GRU
MSE: 2.799663979135739
MAE: 1.337720129224989
EVS: 0.4038632145802754
