Model: GRU
MSE: 6.231466304068329
MAE: 1.8019851755212855
EVS: 0.21998885051970496
