Model: GRU
MSE: 2.2074285281687813
MAE: 1.1327494515313044
EVS: 0.5441528056742576
