Model: GRU
MSE: 4.159227901985895
MAE: 1.7411042319403751
EVS: 0.5142088556461538
