Model: GRU
MSE: 7.724375704076725
MAE: 1.6691146603337037
EVS: 0.09704525505489847
