Model: GRU
MSE: 2.4849331769600194
MAE: 1.2723561569496435
EVS: 0.4940970193966937
