Model: GRU
MSE: 5.582930091857004
MAE: 1.603624741236369
EVS: 0.23248142865050625
