Model: GRU
MSE: 175.83162104736226
MAE: 13.089633156855902
EVS: 0.011024146276168323
