Model: GRU
MSE: 3.863842675592068
MAE: 1.6691252037330908
EVS: 0.5175024245546856
