Model: GRU
MSE: 2.5611008658438874
MAE: 1.262462086147732
EVS: 0.4469427758862733
