Model: GRU
MSE: 2.624662944870561
MAE: 1.3932547745881254
EVS: 0.5103805786575017
