Model: GRU
MSE: 2.453761415560569
MAE: 1.3003964600739653
EVS: 0.49899574018777204
