Model: GRU
MSE: 2.6081229893117297
MAE: 1.2822932490596062
EVS: 0.4846362275822871
