Model: GRU
MSE: 3.5650451313789895
MAE: 1.546905923772741
EVS: 0.20651074217340148
