Model: GRU
MSE: 2.6647209587803586
MAE: 1.357351815259015
EVS: 0.485398171628704
