Model: GRU
MSE: 6.373419784256968
MAE: 1.960157420900133
EVS: 0.27629285291407624
