Model: GRU
MSE: 2.876210099922866
MAE: 1.375651430200647
EVS: 0.4996439490696398
