Model: GRU
MSE: 3.136021317038075
MAE: 1.445188116144251
EVS: 0.26491032004426296
