Model: GRU
MSE: 2.8013791039535056
MAE: 1.3516493550053346
EVS: 0.4069202277937808
