Model: GRU
MSE: 5.643639636998639
MAE: 1.5786566027888544
EVS: 0.22049032671379099
