Model: GRU
MSE: 5.883338636197112
MAE: 1.7894824345906575
EVS: 0.280273432709904
