Model: GRU
MSE: 3.847616292786976
MAE: 1.5778051658912942
EVS: 0.33485599067171257
