Model: GRU
MSE: 3.763565979494404
MAE: 1.5708451977482545
EVS: 0.3577872538391723
