Model: GRU
MSE: 171.3970725428779
MAE: 12.929505822835145
EVS: 0.005171251941433863
