Model: GRU
MSE: 3.260479399375913
MAE: 1.4981692985252095
EVS: 0.32506902141801886
