Model: GRU
MSE: 5.503947641290508
MAE: 2.1089735737553346
EVS: 0.5816040843838263
