Model: GRU
MSE: 5.9639663105393375
MAE: 2.095306078592936
EVS: 0.3936192537920613
