Model: GRU
MSE: 6117.748489651538
MAE: 78.17834896511502
EVS: -0.3878885522071238
