Model: GRU
MSE: 3.4383687198055153
MAE: 1.5794011928417062
EVS: 0.5123827444170066
