Model: GRU
MSE: 2.6680336704287293
MAE: 1.2981582747565372
EVS: 0.37572419406499225
