Model: GRU
MSE: 3.5572360001811423
MAE: 1.5357749020611797
EVS: 0.2969208233521624
