Model: GRU
MSE: 5.3303054974611666
MAE: 1.5635499247798212
EVS: 0.2749209130769674
