Model: GRU
MSE: 2.084573251423197
MAE: 1.1398122222335247
EVS: 0.5147374463187779
