Model: GRU
MSE: 4.552084356063358
MAE: 1.8141111444543907
EVS: 0.5056135166335723
