Model: GRU
MSE: 2.5796844858589076
MAE: 1.2565420292041918
EVS: 0.41182480359049034
