Model: GRU
MSE: 4.148811144356015
MAE: 1.7697875058209451
EVS: 0.5222082750594347
