Model: GRU
MSE: 2.4497790774897577
MAE: 1.2652419408162432
EVS: 0.42318741686616046
