Model: GRU
MSE: 8.461408250893227
MAE: 1.6577300318965205
EVS: 0.15875449141761633
