Model: GRU
MSE: 2.8238607094846064
MAE: 1.325255959122269
EVS: 0.34287131545827554
