Model: GRU
MSE: 8.632479144136543
MAE: 2.0110112218945115
EVS: -0.1820966413140428
