Model: GRU
MSE: 1.972558597966848
MAE: 1.0923331225359878
EVS: 0.5371080320466907
