Model: GRU
MSE: 5.086144666659366
MAE: 1.3830798643606679
EVS: 0.2973176259075784
