Model: GRU
MSE: 5.181844645463898
MAE: 1.9065614453068482
EVS: 0.39110318784024334
