Model: GRU
MSE: 1305.8026407193659
MAE: 36.07372736047815
EVS: -0.05696406494685369
