Model: GRU
MSE: 7.277189751436928
MAE: 1.9451816346910262
EVS: 0.08200004496056135
