Model: GRU
MSE: 8.513878863745052
MAE: 1.9176955267235083
EVS: 0.04845377795183636
