Model: GRU
MSE: 2.4394650850816566
MAE: 1.2221936473140007
EVS: 0.42588948308191077
