Model: GRU
MSE: 2.881434381652406
MAE: 1.3887477450900605
EVS: 0.5199183794300499
