Model: GRU
MSE: 2.143670322621767
MAE: 1.120322192156756
EVS: 0.5122284052416648
