Model: GRU
MSE: 3.9333465366121763
MAE: 1.6962962856999146
EVS: 0.5252731802725825
