Model: GRU
MSE: 3.112709569881332
MAE: 1.3747278319464786
EVS: 0.45149048574460726
