Model: GRU
MSE: 2.9316400986520383
MAE: 1.4276064413565177
EVS: 0.3595677953011356
