Model: GRU
MSE: 6.8181715917299535
MAE: 1.6312140535425255
EVS: 0.07181389608397049
