Model: GRU
MSE: 2.8773954574950973
MAE: 1.3637302539966722
EVS: 0.5017825856426322
