Model: GRU
MSE: 3.0528897627339866
MAE: 1.4339448787547922
EVS: 0.55071151751651
