Model: GRU
MSE: 3.471618359772609
MAE: 1.4832641813490124
EVS: 0.38985202577209344
