Model: GRU
MSE: 2.776469428565043
MAE: 1.337411456637912
EVS: 0.37623213639211894
