Model: GRU
MSE: 5.8796874051058525
MAE: 1.730363505857962
EVS: 0.2068685970669939
