Model: GRU
MSE: 8.767285349352541
MAE: 2.499811799437911
EVS: 0.22571827411417988
