Model: GRU
MSE: 2.6860394298680172
MAE: 1.3026089491667567
EVS: 0.37521344931598066
