Model: GRU
MSE: 8.413322747177121
MAE: 2.274201658036974
EVS: 0.14677065855848292
