Model: GRU
MSE: 6.461189456179092
MAE: 1.5577917628818085
EVS: 0.16123764811252084
