Model: GRU
MSE: 2.1355195095747717
MAE: 1.1206599694711188
EVS: 0.4981167284603689
