Model: GRU
MSE: 13.812258435174412
MAE: 3.443386678342466
EVS: 0.5106738195866238
