Model: GRU
MSE: 3.142933858834448
MAE: 1.3978434315434205
EVS: 0.32265961645066454
