Model: GRU
MSE: 2.2556409154295
MAE: 1.1867782804701061
EVS: 0.4705732248905009
