Model: GRU
MSE: 2.889796263828395
MAE: 1.4454204418041086
EVS: 0.4628479951584691
