Model: GRU
MSE: 2.591959858877123
MAE: 1.2898835429438835
EVS: 0.42108492824906807
