Model: GRU
MSE: 2.5347926272198245
MAE: 1.2335427248919448
EVS: 0.4131623478396167
