Model: GRU
MSE: 7.656915588586856
MAE: 1.6324274849008629
EVS: -0.05775683069612625
