Model: GRU
MSE: 2.641955147691785
MAE: 1.2690234714084199
EVS: 0.40907269104251254
