Model: GRU
MSE: 3.7239863287255424
MAE: 1.5267793867323132
EVS: 0.37219819410180266
