Model: GRU
MSE: 2.9368934437445744
MAE: 1.3967035434864183
EVS: 0.42624721408625643
