Model: GRU
MSE: 2.133261605425239
MAE: 1.155806329515245
EVS: 0.53144298229686
