Model: GRU
MSE: 4.109357267521064
MAE: 1.7208464233963576
EVS: 0.5007640633406056
