Model: GRU
MSE: 2.8158359276912615
MAE: 1.3244293707388417
EVS: 0.3646043578136191
