Model: GRU
MSE: 3.48173483723065
MAE: 1.571935212170636
EVS: 0.518536453075071
