Model: GRU
MSE: 545.7078893335475
MAE: 23.27486801147461
EVS: 0.06086895656784819
