Model: GRU
MSE: 2.0748505765691494
MAE: 1.1555426209061233
EVS: 0.511483121621426
