Model: GRU
MSE: 3.2390313281732848
MAE: 1.3782491154140895
EVS: 0.23837257461737782
