Model: GRU
MSE: 4.477164604164937
MAE: 1.7461156845092771
EVS: 0.46651853996151893
