Model: GRU
MSE: 7.241534369746734
MAE: 1.7562299481144654
EVS: 0.020006257567831698
