Model: GRU
MSE: 3.4718394036832176
MAE: 1.6156309975518117
EVS: 0.48967146821369967
