Model: GRU
MSE: 6.880825944785589
MAE: 1.6890032732928237
EVS: 0.04986249760249972
