Model: GRU
MSE: 2.8738716704385574
MAE: 1.379451133586742
EVS: 0.4001381221203153
