Model: GRU
MSE: 8.58838673281962
MAE: 2.1500159331730435
EVS: -0.011122296525268416
