Model: GRU
MSE: 1675.242449429377
MAE: 40.862979606345846
EVS: -0.20164977385876393
