Model: GRU
MSE: 9.9468056213515
MAE: 2.896854877471924
EVS: 0.5652926215644145
