Model: GRU
MSE: 2.7133511724012815
MAE: 1.312014791700575
EVS: 0.4400800893276118
