Model: GRU
MSE: 8.506689144486668
MAE: 2.022174720410947
EVS: 0.06769909787377781
