Model: GRU
MSE: 3.3454986326011436
MAE: 1.5723043017917206
EVS: 0.5306009316716721
