Model: GRU
MSE: 9.798508326597508
MAE: 2.404787867157547
EVS: -0.07470268568485361
