Model: GRU
MSE: 2.16435303451807
MAE: 1.1961812619809749
EVS: 0.49798376970067826
