Model: GRU
MSE: 4.855790024153107
MAE: 1.9551178790904855
EVS: 0.5278112426672164
