Model: GRU
MSE: 8.281381473282917
MAE: 2.3084189229541354
EVS: 0.17064063666468465
