Model: GRU
MSE: 2.4081141347526636
MAE: 1.2269124631528499
EVS: 0.4334528479179959
