Model: GRU
MSE: 4.337798902415577
MAE: 1.7007052280284738
EVS: 0.04608757470533398
