Model: GRU
MSE: 4.002037780249725
MAE: 1.7590604358249238
EVS: 0.6036480047401858
