Model: GRU
MSE: 7.669914424832583
MAE: 2.3247842022350858
EVS: 0.26760482267861263
