Model: GRU
MSE: 5.385538995849316
MAE: 2.0636726661964695
EVS: 0.5357477767427252
