Model: GRU
MSE: 2.333023309512605
MAE: 1.1896679489700883
EVS: 0.5186944960779424
