Model: GRU
MSE: 2.7555733978022
MAE: 1.2919613520304358
EVS: 0.3808361989178335
