Model: GRU
MSE: 3.6513588244202015
MAE: 1.5686871563946756
EVS: 0.4434243591523087
