Model: GRU
MSE: 7.877427878903601
MAE: 2.5644661762096264
EVS: 0.5752257149253339
