Model: GRU
MSE: 3.3638242568049463
MAE: 1.4675813604284214
EVS: 0.25125497096098826
