Model: GRU
MSE: 2.540567025721058
MAE: 1.2732303054244427
EVS: 0.44976321860908
