Model: GRU
MSE: 6.614799273200823
MAE: 1.9904609344623707
EVS: 0.26281111193466444
