Model: GRU
MSE: 2.9210421694053643
MAE: 1.3441058794657386
EVS: 0.43623662773985694
