Model: GRU
MSE: 7.264870005972637
MAE: 1.8908710607460564
EVS: 0.0892076795573219
