Model: GRU
MSE: 7.286147742010784
MAE: 1.7209988700018988
EVS: 0.07923838795304905
