Model: GRU
MSE: 7.973483081647292
MAE: 1.8685743058169326
EVS: -0.07130185330983929
