Model: GRU
MSE: 2178.523861844478
MAE: 46.616264201976634
EVS: -0.2827606667882634
