Model: GRU
MSE: 2.5845489603135747
MAE: 1.2908184969866714
EVS: 0.3937303058298618
