Model: GRU
MSE: 2.546246682860226
MAE: 1.2291246343542026
EVS: 0.4866514100041577
