Model: GRU
MSE: 2.6130959545423584
MAE: 1.325960459532561
EVS: 0.5140731616297556
