Model: GRU
MSE: 7.335741451585734
MAE: 2.4153002632988825
EVS: 0.5023465286151365
