Model: GRU
MSE: 8.830693517040803
MAE: 1.794265728305887
EVS: -0.2200986069107127
