Model: GRU
MSE: 2.66901902271992
MAE: 1.2933491954097038
EVS: 0.4776480976569485
