Model: GRU
MSE: 2.998832459349243
MAE: 1.402253398188838
EVS: 0.29431007635396333
