Model: GRU
MSE: 2.421907922522694
MAE: 1.1833594993308736
EVS: 0.5145460622678087
