Model: GRU
MSE: 6.8845092006063755
MAE: 1.8832993860597964
EVS: 0.16340851116984412
