Model: GRU
MSE: 2.7266094579770774
MAE: 1.3443284564548066
EVS: 0.5279284659532149
