Model: GRU
MSE: 2.82134887576696
MAE: 1.380762382789894
EVS: 0.5096729223260899
