Model: GRU
MSE: 2.9008617178608085
MAE: 1.3763790130615232
EVS: 0.3478835538801158
