Model: GRU
MSE: 4.58730127785815
MAE: 1.875087808679651
EVS: 0.5246181052772805
