Model: GRU
MSE: 5.885343484571119
MAE: 1.503983144406919
EVS: 0.21183936855277496
