Model: GRU
MSE: 7.318088797179489
MAE: 1.9523256443164967
EVS: 0.11578926456598593
