Model: GRU
MSE: 176.82010090033023
MAE: 13.135786434014639
EVS: -0.0057222921025141815
