Model: GRU
MSE: 6.15260332851709
MAE: 1.5856867013154206
EVS: 0.15260381593006445
