Model: GRU
MSE: 2.9227240076470804
MAE: 1.4238335291544593
EVS: 0.5370353873183031
