Model: GRU
MSE: 2.327052310553948
MAE: 1.171858293038827
EVS: 0.4707244956441885
