Model: GRU
MSE: 4.553794163017765
MAE: 1.6203368946358008
EVS: -0.039694736064001646
