Model: GRU
MSE: 6.271572658046974
MAE: 2.263067210162127
EVS: 0.5370873055341814
