Model: GRU
MSE: 3.252916175476701
MAE: 1.454834602497242
EVS: 0.34832614571599996
