Model: GRU
MSE: 10.437844237536199
MAE: 2.677661578964304
EVS: 0.1915912283814264
