Model: GRU
MSE: 8.243118362430735
MAE: 1.9607600282739708
EVS: -0.07854964659610864
