Model: GRU
MSE: 2.3934130980656523
MAE: 1.2450706517254861
EVS: 0.5276091895979148
