Model: GRU
MSE: 4.9449318223533165
MAE: 1.8577355985288266
EVS: 0.3013083899564155
