Model: GRU
MSE: 7.289506158480846
MAE: 2.1080037554105124
EVS: 0.23150371482473142
