Model: GRU
MSE: 2.963185733285761
MAE: 1.3666550671612772
EVS: 0.3358487199057745
