Model: GRU
MSE: 2.364168225808372
MAE: 1.2167930779633698
EVS: 0.44366277924876063
