Model: GRU
MSE: 3.8295778098050257
MAE: 1.6744924474645542
EVS: 0.5344949002395297
