Model: GRU
MSE: 4.986472866996302
MAE: 1.8764582386723268
EVS: 0.4505127469666801
