Model: GRU
MSE: 3.3540381888051423
MAE: 1.4782264674151386
EVS: 0.2893822213847793
