Model: GRU
MSE: 6.69089165970683
MAE: 1.7038729808948654
EVS: 0.0822516276156876
