Model: GRU
MSE: 2.5616126987060337
MAE: 1.3009653091430662
EVS: 0.4183797435849067
