Model: GRU
MSE: 2.833123110348558
MAE: 1.3656463269834163
EVS: 0.338442917057728
