Model: GRU
MSE: 7.525237878442483
MAE: 1.784701382672345
EVS: -0.039629715104028795
