Model: GRU
MSE: 2.2916148023877105
MAE: 1.191977394951714
EVS: 0.46075970201867755
