Model: GRU
MSE: 1281.439537859953
MAE: 35.737428453233505
EVS: -0.006788890138079262
