Model: GRU
MSE: 2.4568737191683345
MAE: 1.2170385784573023
EVS: 0.421513818599338
