Model: GRU
MSE: 2.360539298744225
MAE: 1.1657294520625359
EVS: 0.4460035292158506
