Model: GRU
MSE: 3.5534123493120346
MAE: 1.5571891113563818
EVS: 0.4931116669563894
