Model: GRU
MSE: 3.091710996844725
MAE: 1.419664453577112
EVS: 0.3875439210594285
