Model: GRU
MSE: 5698.689935258365
MAE: 75.42811146488896
EVS: -1.18745588369433
