Model: GRU
MSE: 5.367903580381347
MAE: 1.3560594805964716
EVS: 0.270911564992104
