Model: GRU
MSE: 5.072672434884932
MAE: 1.6660036510891385
EVS: 0.37807725789884516
