Model: GRU
MSE: 3.021752183314135
MAE: 1.4378509521484373
EVS: 0.5022294908454927
