Model: GRU
MSE: 3.9127549900183567
MAE: 1.5546507482175473
EVS: 0.2536129600630491
