Model: GRU
MSE: 6.413704747003773
MAE: 1.4789085034970881
EVS: 0.14422905083188076
