Model: GRU
MSE: 467.7393791525509
MAE: 21.49806389985261
EVS: -0.31215943181044215
