Model: GRU
MSE: 2.5289118402920305
MAE: 1.2381381458706326
EVS: 0.4439540174325822
