Model: GRU
MSE: 5.896156396323256
MAE: 1.4972937548602065
EVS: 0.18670182854862205
