Model: GRU
MSE: 6.724647155445315
MAE: 1.568501587267275
EVS: 0.07083722700809414
