Model: GRU
MSE: 320.9816871165679
MAE: 17.794616381327312
EVS: -0.020344510451215658
