Model: GRU
MSE: 6.3373559214902615
MAE: 1.4569436532479743
EVS: 0.13173107517828064
