Model: GRU
MSE: 2.6964471861307096
MAE: 1.36854581479673
EVS: 0.49518922395170595
