Model: GRU
MSE: 2.203471670186074
MAE: 1.205201537520797
EVS: 0.5000609964850968
