Model: GRU
MSE: 3.176143371535713
MAE: 1.4381725876419633
EVS: 0.34891981917401715
