Model: GRU
MSE: 6.401101962493494
MAE: 2.1504111466584384
EVS: 0.33732124925945006
