Model: GRU
MSE: 4.236167680074424
MAE: 1.710748619503445
EVS: 0.4829702623627806
