Model: GRU
MSE: 4.590844952649754
MAE: 1.8825760594120728
EVS: 0.5614844321658441
