Model: GRU
MSE: 3.3548776854249467
MAE: 1.48510417231807
EVS: 0.37253461443025104
