Model: GRU
MSE: 3.104816444295464
MAE: 1.4834786521063907
EVS: 0.36214535367133616
