Model: GRU
MSE: 685.6279522454696
MAE: 25.936055995799876
EVS: -2.0490264008268295
