Model: GRU
MSE: 3.0295774087220764
MAE: 1.4177381727430554
EVS: 0.353600142459805
