Model: GRU
MSE: 3.6785747853422155
MAE: 1.5137706685949253
EVS: 0.22366646017288805
