Model: GRU
MSE: 5.878141197019169
MAE: 2.124059588820846
EVS: 0.5496179706700125
