Model: GRU
MSE: 7.961565899414616
MAE: 1.8287053991247102
EVS: 0.0836246870748587
