Model: GRU
MSE: 6.028060869625437
MAE: 2.108784446009883
EVS: 0.42002093580179467
