Model: GRU
MSE: 2.3516986955707604
MAE: 1.2104673032407405
EVS: 0.45177269341589676
