Model: GRU
MSE: 6.526661108177838
MAE: 1.7057850890689426
EVS: 0.16185279042024991
