Model: GRU
MSE: 6.5950499835579635
MAE: 1.7366747149714716
EVS: 0.1905000741542835
