Model: GRU
MSE: 2.123956673676359
MAE: 1.145909097459581
EVS: 0.5257607414698774
