Model: GRU
MSE: 7.966492720978556
MAE: 2.5367165494848183
EVS: 0.5227243794125731
