Model: GRU
MSE: 2.4877287831629498
MAE: 1.2452854933562099
EVS: 0.5117695484177932
