Model: GRU
MSE: 2.803046072310111
MAE: 1.3212520458080148
EVS: 0.3415846476850093
