Model: GRU
MSE: 3.04568459751014
MAE: 1.388570432309751
EVS: 0.45471763519519603
