Model: GRU
MSE: 2.7099237867664154
MAE: 1.2907800321225764
EVS: 0.38794671692624216
