Model: GRU
MSE: 2.2295132592005884
MAE: 1.1384100384182398
EVS: 0.4765002449229264
