Model: GRU
MSE: 4.021916180926627
MAE: 1.6459513240390355
EVS: 0.3734871877266045
