Model: GRU
MSE: 2.800900889843609
MAE: 1.3291124237908254
EVS: 0.3539534709972073
