Model: GRU
MSE: 3.1830165521769556
MAE: 1.4683293589839226
EVS: 0.29077461246843495
