Model: GRU
MSE: 6.929968077981777
MAE: 2.36758694825349
EVS: 0.5643551184763422
