Model: GRU
MSE: 2.2087229357195803
MAE: 1.145783777590151
EVS: 0.4910479616404658
