Model: GRU
MSE: 2.397709132174592
MAE: 1.2500507213451242
EVS: 0.4608782108645463
