Model: GRU
MSE: 2.8897212424879606
MAE: 1.3690455224778915
EVS: 0.32509755265336904
