Model: GRU
MSE: 3.5145287169014616
MAE: 1.623721988112838
EVS: 0.5485972942219535
