Model: GRU
MSE: 2.669524568832971
MAE: 1.2970839782997412
EVS: 0.39200575950628025
