Model: GRU
MSE: 3.140799423637231
MAE: 1.417756151269983
EVS: 0.2700248327185808
