Model: GRU
MSE: 2.6343396548957947
MAE: 1.2972421822724516
EVS: 0.38275356988543163
