Model: GRU
MSE: 11461.661894452956
MAE: 107.03931511773004
EVS: 0.0
