Model: GRU
MSE: 541.8682707901899
MAE: 23.184507122746222
EVS: -0.02354337647410709
