Model: GRU
MSE: 3.249992459649446
MAE: 1.4402520921495223
EVS: 0.3603228271143828
