Model: GRU
MSE: 7.538130192186195
MAE: 1.7331678602430551
EVS: 0.02498288300498064
