Model: GRU
MSE: 7.081975304993212
MAE: 2.0247442722320557
EVS: 0.26463861206874806
