Model: GRU
MSE: 2.3607815358822735
MAE: 1.2283724678887258
EVS: 0.44766853494873315
