Model: GRU
MSE: 5.578670906293466
MAE: 1.4472819610878271
EVS: 0.2323300042516706
