Model: GRU
MSE: 6.238915312438032
MAE: 1.572230595129507
EVS: 0.14866514490943883
