Model: GRU
MSE: 2.946992002371736
MAE: 1.3802255877742058
EVS: 0.3534705745209886
