Model: GRU
MSE: 7.805274768544218
MAE: 2.0374042325549655
EVS: 0.03852043150323625
