Model: GRU
MSE: 5.523816473825214
MAE: 1.4503629384217434
EVS: 0.237598636225949
