Model: GRU
MSE: 2.352195393544543
MAE: 1.177179866366916
EVS: 0.49805756941853807
