Model: GRU
MSE: 6.047597354286364
MAE: 2.1803815806353533
EVS: 0.481016129115718
