Model: GRU
MSE: 2.705119316132872
MAE: 1.3312057212547017
EVS: 0.4107253142567949
