Model: GRU
MSE: 7.5730049282183085
MAE: 1.734337321034184
EVS: -0.0442594218329615
