Model: GRU
MSE: 3.371127552893792
MAE: 1.5171946419609914
EVS: 0.2948601947226932
