Model: GRU
MSE: 2.3359917565597197
MAE: 1.221139483981662
EVS: 0.4838367800121346
