Model: GRU
MSE: 2.8864109557382385
MAE: 1.3709823290506995
EVS: 0.33505813378231963
