Model: GRU
MSE: 2.5788601189173423
MAE: 1.2461136888574669
EVS: 0.44960569785869764
