Model: GRU
MSE: 5.0811328909589735
MAE: 1.674152135848999
EVS: 0.3493363373030044
