Model: GRU
MSE: 3.12507850563179
MAE: 1.3468057491161203
EVS: 0.3448549753770954
