Model: GRU
MSE: 5.211431698469353
MAE: 1.4477982256147595
EVS: 0.2799459238558144
