Model: GRU
MSE: 4.3794337723966565
MAE: 1.789638731214735
EVS: 0.5041448763388763
