Model: GRU
MSE: 2.043127145779753
MAE: 1.1006057174117474
EVS: 0.5190072861799799
