Model: GRU
MSE: 3.305752373629594
MAE: 1.5147803271258315
EVS: 0.32592880732212537
