Model: GRU
MSE: 3.1964624748981323
MAE: 1.4741292882848667
EVS: 0.40866346434304823
