Model: GRU
MSE: 2.1069696101962845
MAE: 1.1495802844012222
EVS: 0.5186870920403237
