Model: GRU
MSE: 2.4436303613555763
MAE: 1.231782242103859
EVS: 0.4246394106979957
