Model: GRU
MSE: 5.709134852378079
MAE: 1.5111269244441279
EVS: 0.2217052672561638
