Model: GRU
MSE: 3.2977396541389474
MAE: 1.4901551140679254
EVS: 0.23788886182524138
