Model: GRU
MSE: 6.773122893247967
MAE: 1.6500005390908983
EVS: 0.06953799782488979
