Model: GRU
MSE: 3.9897896018585546
MAE: 1.675216957374855
EVS: 0.4839420172665867
