Model: GRU
MSE: 5503.377452476252
MAE: 71.33318145186813
EVS: -56.33547367670181
