Model: GRU
MSE: 6.422222257431282
MAE: 1.8811679239626284
EVS: 0.23446639712414763
