Model: GRU
MSE: 8.232987487494757
MAE: 2.1392406225204468
EVS: 0.06869108997799367
