Model: GRU
MSE: 14.441199212963609
MAE: 2.9544199194226946
EVS: 0.07405688815151013
