Model: GRU
MSE: 2.9829378718515502
MAE: 1.4084603874771682
EVS: 0.3395103111774068
