Model: GRU
MSE: 4.605582126292229
MAE: 1.7688640488518605
EVS: 0.34019165162626797
