Model: GRU
MSE: 2.440678756481685
MAE: 1.2064370755796079
EVS: 0.5005068805066814
