Model: GRU
MSE: 3615.5934314020774
MAE: 60.0756510981807
EVS: 0.1005532047693879
