Model: GRU
MSE: 5.887692968996108
MAE: 2.061240726047092
EVS: 0.4399098402171816
