Model: GRU
MSE: 8.013138543114378
MAE: 1.7834246600115735
EVS: 0.036777108669743486
