Model: GRU
MSE: 4.189110061893323
MAE: 1.7732326013070563
EVS: 0.45871899885432
