Model: GRU
MSE: 8.58721330367106
MAE: 2.487823111670358
EVS: 0.2522626676687163
