Model: GRU
MSE: 2.599416471071721
MAE: 1.2800630993313258
EVS: 0.43879036223372225
