Model: GRU
MSE: 4.708150302752966
MAE: 1.7674673574942128
EVS: 0.21662504320027587
