Model: GRU
MSE: 3.0433192803062674
MAE: 1.3651142826786749
EVS: 0.4295941651606997
