Model: GRU
MSE: 2145.7259001966927
MAE: 46.270626068115234
EVS: -0.11965157084062494
