Model: GRU
MSE: 3.3759489058257555
MAE: 1.4817447838959867
EVS: 0.23041269404894105
