Model: GRU
MSE: 2.3824479976386397
MAE: 1.202250586615668
EVS: 0.4519811422930119
