Model: GRU
MSE: 4.2099035179333235
MAE: 1.8021706121939198
EVS: 0.546108022943044
