Model: GRU
MSE: 2.984987333313424
MAE: 1.4363513169465238
EVS: 0.5531679831523263
