Model: GRU
MSE: 19362.890581210304
MAE: 139.12459620723018
EVS: -2.220446049250313e-16
