Model: GRU
MSE: 7.866582166732304
MAE: 2.52321555879381
EVS: 0.5368693975005107
