Model: GRU
MSE: 7.021680023941842
MAE: 2.231364956608525
EVS: 0.24216150090543775
