Model: GRU
MSE: 11.311530864389377
MAE: 3.0592588671931513
EVS: 0.5139634663891672
