Model: GRU
MSE: 1.961935173406682
MAE: 1.0982157036110205
EVS: 0.5382623538719702
