Model: GRU
MSE: 2.629974200827308
MAE: 1.315755208333333
EVS: 0.39781057658300123
