Model: GRU
MSE: 2.652274414523027
MAE: 1.3287162427549006
EVS: 0.47719480439779716
