Model: GRU
MSE: 8.46209979687053
MAE: 2.5119626875276917
EVS: 0.3848023860379458
