Model: GRU
MSE: 513.9892717261087
MAE: 22.581587650157786
EVS: 0.04373591606876248
