Model: GRU
MSE: 4.0658615724428175
MAE: 1.7136110553035027
EVS: 0.49753930043710104
