Model: GRU
MSE: 5.316935087155411
MAE: 2.0183076152095087
EVS: 0.43161768519138044
