Model: GRU
MSE: 5.461840844114982
MAE: 1.9940783006173592
EVS: 0.0959231137846398
