Model: GRU
MSE: 3.592580228533043
MAE: 1.5047616958618162
EVS: 0.39055271363737076
