Model: GRU
MSE: 6.255886483532721
MAE: 1.6951713252950598
EVS: 0.15559463008347352
