Model: GRU
MSE: 8.571335899817953
MAE: 1.8598298673276543
EVS: 0.00844021945937179
