Model: GRU
MSE: 3.229462379991142
MAE: 1.460640783663149
EVS: 0.4692472019678531
