Model: GRU
MSE: 2.736972559646177
MAE: 1.334038769757306
EVS: 0.42725634380623234
