Model: GRU
MSE: 2.9900059118330713
MAE: 1.4168963608918363
EVS: 0.36453445674103324
