Model: GRU
MSE: 3.1697682861026126
MAE: 1.4994302325778535
EVS: 0.5491210184351982
