Model: GRU
MSE: 7.283899931750646
MAE: 1.6901432673136394
EVS: -0.001243881966919158
