Model: GRU
MSE: 2.56348301956829
MAE: 1.2508064905802405
EVS: 0.4718860443585189
