Model: GRU
MSE: 2.3533708489270175
MAE: 1.2228930084793654
EVS: 0.44632722002190117
