Model: GRU
MSE: 4.304822440537783
MAE: 1.801710905852141
EVS: 0.5303989399618743
