Model: GRU
MSE: 4.651370306160666
MAE: 1.7952481375800236
EVS: 0.3977273840004558
