Model: GRU
MSE: 3.5721678774543077
MAE: 1.483677652147081
EVS: 0.3506829372581547
