Model: GRU
MSE: 7.349635962202742
MAE: 1.684429680859601
EVS: 0.11988000344683714
