Model: GRU
MSE: 10.326689351312288
MAE: 2.792291416062249
EVS: 0.28223934554474206
