Model: GRU
MSE: 7.340680001238745
MAE: 1.8528413706355624
EVS: -0.006576957315194365
