Model: GRU
MSE: 2.8824629637837518
MAE: 1.3481190646136245
EVS: 0.39551448376836607
