Model: GRU
MSE: 2.6294829587903683
MAE: 1.2735778314095954
EVS: 0.48193207396220583
