Model: GRU
MSE: 11.266132982686736
MAE: 3.098210899918168
EVS: 0.5339969381406726
