Model: GRU
MSE: 6.900135418306828
MAE: 1.5631764641514527
EVS: 0.0671006701849185
