Model: GRU
MSE: 1.8246596332586766
MAE: 1.116730866608796
EVS: 0.6117064784061621
