Model: GRU
MSE: 3.5453349118002584
MAE: 1.5247541886788825
EVS: 0.34410329865470635
