Model: GRU
MSE: 2.429433365247388
MAE: 1.2211823993259006
EVS: 0.48436236579275294
