Model: GRU
MSE: 2.7946440989653296
MAE: 1.3607082013730647
EVS: 0.43575272189318104
