Model: GRU
MSE: 8.59980963093189
MAE: 2.5166973982538496
EVS: 0.2661666918246455
