Model: GRU
MSE: 3.454834797064702
MAE: 1.5513067598696106
EVS: 0.35709856943444396
