Model: GRU
MSE: 2.20871371528029
MAE: 1.1867334401165994
EVS: 0.536281842751045
