Model: GRU
MSE: 3.3645027585962444
MAE: 1.4553662406073673
EVS: 0.365946825318746
