Model: GRU
MSE: 2.859659170959696
MAE: 1.3427100711398652
EVS: 0.4386954388688169
