Model: GRU
MSE: 9.119820959145777
MAE: 2.2557168536716037
EVS: -0.03779349682109978
