Model: GRU
MSE: 3.842465599322714
MAE: 1.6545955693280252
EVS: 0.5180121936984676
