Model: GRU
MSE: 7.440136533873355
MAE: 1.6436201996273458
EVS: 0.06569589062624148
