Model: GRU
MSE: 5.798311135849418
MAE: 1.545461928402936
EVS: 0.1988715628453026
