Model: GRU
MSE: 1.8881168056734023
MAE: 1.0931979991771554
EVS: 0.55660209927894
