Model: GRU
MSE: 6.982891711949747
MAE: 1.6256247626410587
EVS: 0.05254583453766404
