Model: GRU
MSE: 5.5470772189786395
MAE: 1.7889484741069652
EVS: 0.34041126554286083
