Model: GRU
MSE: 2.227659214015686
MAE: 1.212504704793294
EVS: 0.5528936598299856
