Model: GRU
MSE: 3.749597481707807
MAE: 1.689316943839744
EVS: 0.5929415902371812
