Model: GRU
MSE: 6.809027954082752
MAE: 1.6307751470141938
EVS: 0.0715699338910124
