Model: GRU
MSE: 2.9334191840687915
MAE: 1.4353172690780072
EVS: 0.4781373540989663
