Model: GRU
MSE: 7.952500462351532
MAE: 1.7050374525564687
EVS: -0.0957648511325695
