Model: GRU
MSE: 4.705617793694053
MAE: 1.867855460555465
EVS: 0.5196344703120325
