Model: GRU
MSE: 7.139459192979458
MAE: 1.8191410479722199
EVS: 0.1387461473564281
