Model: GRU
MSE: 7.86385790044502
MAE: 2.3633398479885526
EVS: 0.30967842894999886
