Model: GRU
MSE: 2.423903549904833
MAE: 1.236364682515462
EVS: 0.44174564555936124
