Model: GRU
MSE: 8.759734842817933
MAE: 2.0347618019139326
EVS: -0.12698874291797302
