Model: GRU
MSE: 7.058816884343361
MAE: 1.7229217070120346
EVS: 0.08603151441138834
