Model: GRU
MSE: 2.3507132761608394
MAE: 1.1976277739913372
EVS: 0.4875940085037388
