Model: GRU
MSE: 2.2423237026868152
MAE: 1.1745934309782802
EVS: 0.4851531465963629
