Model: GRU
MSE: 2.544583883930364
MAE: 1.2610045892220954
EVS: 0.4526048764010917
