Model: GRU
MSE: 9.775341823319657
MAE: 2.406305295449716
EVS: -0.0285796959512441
