Model: GRU
MSE: 3.354592642019648
MAE: 1.5085861594588665
EVS: 0.4692100023795861
