Model: GRU
MSE: 2852.3458920377657
MAE: 53.35041540640372
EVS: 0.16003779882403146
