Model: GRU
MSE: 2.279321349881254
MAE: 1.2484181192186143
EVS: 0.4781394618685687
