Model: GRU
MSE: 3.763305899730387
MAE: 1.63566690021091
EVS: 0.4794600797892511
