Model: GRU
MSE: 1.9311136171184065
MAE: 1.1286624272664385
EVS: 0.5569516355311073
