Model: GRU
MSE: 2.660761720147328
MAE: 1.2446087024830004
EVS: 0.4361805493093037
