Model: GRU
MSE: 6.864560378199299
MAE: 1.6646875540415442
EVS: 0.08158771982470203
