Model: GRU
MSE: 15.105308399523457
MAE: 3.042257582699811
EVS: -0.022126180459574707
