Model: GRU
MSE: 6.480762049925635
MAE: 1.6627935682024275
EVS: 0.10554736405820442
