Model: GRU
MSE: 2.380773599173228
MAE: 1.2308522506996435
EVS: 0.5200053883424467
