Model: GRU
MSE: 7.187333477582519
MAE: 2.4453960877877696
EVS: 0.5326547417081741
