Model: GRU
MSE: 6.420415520098653
MAE: 1.5522047943539088
EVS: 0.12620114368144209
