Model: GRU
MSE: 2.591122905292178
MAE: 1.2508624041521987
EVS: 0.49873807854272756
