Model: GRU
MSE: 6.167489361380272
MAE: 1.9930196404457092
EVS: 0.3500555689655632
