Model: GRU
MSE: 2.0715665432463295
MAE: 1.1188025651154692
EVS: 0.5123433679112612
