Model: GRU
MSE: 7.367826921913454
MAE: 1.6516309137697571
EVS: 0.019108340316797645
