Model: GRU
MSE: 138.676017148106
MAE: 11.463789188199573
EVS: -0.0027970623463482447
