Model: GRU
MSE: 2.6638226678820764
MAE: 1.2720003481264466
EVS: 0.4696702223490383
