Model: GRU
MSE: 8.743494093770199
MAE: 2.1836309168073864
EVS: 0.06627417856022155
