Model: GRU
MSE: 2.841443136459558
MAE: 1.414466893231427
EVS: 0.5229248198244605
