Model: GRU
MSE: 6.228038903275259
MAE: 2.090958683579056
EVS: 0.34140023191465796
