Model: GRU
MSE: 3.071261690069789
MAE: 1.464954058329264
EVS: 0.5060311600212615
