Model: GRU
MSE: 342.8787305433447
MAE: 18.33466386795044
EVS: 0.07163986254396659
