Model: GRU
MSE: 6.713506449349852
MAE: 1.8154524564743042
EVS: 0.14698004610706228
