Model: GRU
MSE: 2.1814320171624106
MAE: 1.1519761615329316
EVS: 0.49144562998345076
