Model: GRU
MSE: 2.9293394741597667
MAE: 1.3930824950889302
EVS: 0.5598002236696895
