Model: GRU
MSE: 6.245153842353914
MAE: 1.8234681729917173
EVS: 0.25022768008515084
