Model: GRU
MSE: 2.413841498258281
MAE: 1.1980203345969869
EVS: 0.4484857917044961
