Model: GRU
MSE: 2.798965288615683
MAE: 1.344502978854709
EVS: 0.5073750612283677
