Model: GRU
MSE: 3.948701575917656
MAE: 1.6729583916840727
EVS: 0.42485056090418083
