Model: GRU
MSE: 150.4522055687439
MAE: 11.97960423540186
EVS: 0.04090240668220313
