Model: GRU
MSE: 7.110651154792085
MAE: 1.6237770054075449
EVS: 0.023401063600750338
