Model: GRU
MSE: 6.460572716961433
MAE: 2.163955935725459
EVS: 0.36860134895484953
