Model: GRU
MSE: 4.917856180770353
MAE: 1.836353302001953
EVS: 0.3406131962524924
