Model: GRU
MSE: 2.872829000361046
MAE: 1.3715506306401002
EVS: 0.3637701605938308
