Model: GRU
MSE: 2.9454792434806683
MAE: 1.439102737991898
EVS: 0.5672380377331212
