Model: GRU
MSE: 2.120928946771359
MAE: 1.1412353162412288
EVS: 0.5008249101765714
