Model: GRU
MSE: 2.672202536443869
MAE: 1.2869159910413952
EVS: 0.44841641656993547
