Model: GRU
MSE: 2.8882952659592696
MAE: 1.350976025616681
EVS: 0.503652026638657
