Model: GRU
MSE: 2.3637104349773255
MAE: 1.2120415722882303
EVS: 0.443741496778419
