Model: GRU
MSE: 2.521227500654108
MAE: 1.261226548088921
EVS: 0.4440314064453781
