Model: GRU
MSE: 2.4643536255077487
MAE: 1.268062079394305
EVS: 0.5342528506738031
