Model: GRU
MSE: 1.8272497363618798
MAE: 1.006258999859845
EVS: 0.5700979288027721
