Model: GRU
MSE: 6.874607460746154
MAE: 1.7589871287345886
EVS: 0.057025415892235976
