Model: GRU
MSE: 7.295780872065135
MAE: 1.756531132592095
EVS: 0.02992051019630837
