Model: GRU
MSE: 4549.444275658501
MAE: 67.39734635529695
EVS: 0.026989506518815487
