Model: GRU
MSE: 2.81563444439087
MAE: 1.3805909863224737
EVS: 0.3371404876028883
