Model: GRU
MSE: 2.792915994442831
MAE: 1.404426504064489
EVS: 0.472717907469834
