Model: GRU
MSE: 2.8264714146140593
MAE: 1.4044041986818665
EVS: 0.4961927946804737
