Model: GRU
MSE: 6.5860424911342195
MAE: 2.215079272234881
EVS: 0.4701239923311247
