Model: GRU
MSE: 2.1827831391094006
MAE: 1.1655744976467555
EVS: 0.5077309275371791
