Model: GRU
MSE: 7.698943486436476
MAE: 2.227661062169958
EVS: 0.2092593011390267
