Model: GRU
MSE: 2.7699652834614112
MAE: 1.3374706197668003
EVS: 0.3486160700996669
