Model: GRU
MSE: 2.284761673224002
MAE: 1.1888009530526618
EVS: 0.46205485055385265
