Model: GRU
MSE: 4.256603078198436
MAE: 1.7056986490885413
EVS: 0.4633183376308273
