Model: GRU
MSE: 2.7645643151197996
MAE: 1.2991285677309388
EVS: 0.4564351991322657
