Model: GRU
MSE: 2.528588447710279
MAE: 1.300981415642632
EVS: 0.4177038638969046
