Model: GRU
MSE: 8.173689542753259
MAE: 2.412063298402009
EVS: 0.251023284685678
