Model: GRU
MSE: 6.849621082427936
MAE: 2.3696793803462275
EVS: 0.4893823851070075
