Model: GRU
MSE: 3.8293504492995543
MAE: 1.682359801398383
EVS: 0.5606343381144934
