Model: GRU
MSE: 2.9699851213527677
MAE: 1.3872450899194786
EVS: 0.30391855367185283
