Model: GRU
MSE: 5.959609256001755
MAE: 1.991902669270833
EVS: 0.24803912147012785
