Model: GRU
MSE: 6.282767312244114
MAE: 1.6290821852507416
EVS: 0.14568947358176443
