Model: GRU
MSE: 2.520280852747418
MAE: 1.280298692208749
EVS: 0.4077056772014468
