Model: GRU
MSE: 2.586622490282976
MAE: 1.2844131434405288
EVS: 0.40224299742767433
