Model: GRU
MSE: 8.797979128502853
MAE: 2.048272132873535
EVS: 0.05395446085532707
