Model: GRU
MSE: 2.9496370877567872
MAE: 1.404513818246347
EVS: 0.45581312761802173
