Model: GRU
MSE: 6.7538834635187985
MAE: 2.070124378910771
EVS: 0.07275096295511163
