Model: GRU
MSE: 3.1649300092896677
MAE: 1.4787170445477518
EVS: 0.4852850139302781
