Model: GRU
MSE: 6.04875496804467
MAE: 1.6806692900481044
EVS: 0.1662737055918474
