Model: GRU
MSE: 1076.052565495355
MAE: 32.69918413515444
EVS: -0.604911958256245
