Model: GRU
MSE: 8.6162814393283
MAE: 2.045501500368118
EVS: -0.11345694990791055
