Model: GRU
MSE: 2.7033330888327183
MAE: 1.3811177854184749
EVS: 0.5217713920334346
