Model: GRU
MSE: 1.9550987565971467
MAE: 1.0455566688820166
EVS: 0.5508440252179108
