Model: GRU
MSE: 6.853630701677333
MAE: 1.5605123307969833
EVS: 0.08363967655362625
