Model: GRU
MSE: 5.745093436413469
MAE: 1.820750321660723
EVS: 0.30530175896774725
