Model: GRU
MSE: 3.9801778712712963
MAE: 1.627529250250922
EVS: 0.4157509363176993
