Model: GRU
MSE: 12.02180110929469
MAE: 2.7208808528052435
EVS: 0.09439341784113597
