Model: GRU
MSE: 2.407508902931298
MAE: 1.2836168077256942
EVS: 0.501639598188536
