Model: GRU
MSE: 9.029184406352568
MAE: 1.9312701755099826
EVS: -0.23474154903785638
