Model: GRU
MSE: 3.848291565899064
MAE: 1.6560846611305517
EVS: 0.4729633086745073
