Model: GRU
MSE: 4.297251157539204
MAE: 1.6050021030284738
EVS: 0.23138362600883755
