Model: GRU
MSE: 2.383336966918528
MAE: 1.1852318975660534
EVS: 0.44382124542050305
