Model: GRU
MSE: 6.566529830435625
MAE: 2.2783996617352518
EVS: 0.4701051957899357
