Model: GRU
MSE: 2.1791018230776014
MAE: 1.165404637654622
EVS: 0.5233369756645813
