Model: GRU
MSE: 2.946887170760082
MAE: 1.3310619990030925
EVS: 0.4084768558584063
