Model: GRU
MSE: 6.092735062529453
MAE: 1.514931758244832
EVS: 0.1582037621524246
