Model: GRU
MSE: 4.019212483932969
MAE: 1.6527311890213576
EVS: 0.1528826706886165
