Model: GRU
MSE: 9.234157568710888
MAE: 2.5360124905904136
EVS: 0.17166449218858948
