Model: GRU
MSE: 8.615129430655172
MAE: 2.683408595897533
EVS: 0.5281490016104833
