Model: GRU
MSE: 5.792980784792683
MAE: 1.7659186875378643
EVS: 0.2911998387641058
