Model: GRU
MSE: 3.348166132783127
MAE: 1.5045813454522028
EVS: 0.2982252892458874
