Model: GRU
MSE: 2.936519043402203
MAE: 1.3938305996082445
EVS: 0.30986215352764546
