Model: GRU
MSE: 3.197720632039346
MAE: 1.4532059210318105
EVS: 0.26747048848248944
