Model: GRU
MSE: 2.34904990326413
MAE: 1.1968128416273327
EVS: 0.46662771325965113
