Model: GRU
MSE: 2.129263644167015
MAE: 1.138581699795193
EVS: 0.5158035928307858
