Model: GRU
MSE: 6.9309674399194146
MAE: 1.6201988237875478
EVS: 0.0500189913075032
