Model: GRU
MSE: 3.040873431047522
MAE: 1.421630435519748
EVS: 0.3221392855694448
