Model: GRU
MSE: 8.20419623225663
MAE: 2.341961179460798
EVS: 0.18639951244629904
