Model: GRU
MSE: 6.641996698349245
MAE: 2.0178114573160806
EVS: 0.2782619220082967
