Model: GRU
MSE: 5.6601881042758935
MAE: 1.5344768100314667
EVS: 0.2320959698938272
