Model: GRU
MSE: 8.800425683052591
MAE: 2.281058841281467
EVS: 0.047443737236728234
