Model: GRU
MSE: 3.1936846649668946
MAE: 1.4788403334441005
EVS: 0.4496283030594491
