Model: GRU
MSE: 2.8294812875322304
MAE: 1.35457851268627
EVS: 0.5301818838911987
