Model: GRU
MSE: 9.999250938470603
MAE: 2.8335645640337908
EVS: 0.45513338644305934
