Model: GRU
MSE: 2.5390136950579403
MAE: 1.3002950350443518
EVS: 0.5207147637359371
