Model: GRU
MSE: 2.888692101457982
MAE: 1.4432155114633063
EVS: 0.5212696695600645
