Model: GRU
MSE: 2.2386002525217235
MAE: 1.1365838227448637
EVS: 0.49726554672197276
