Model: GRU
MSE: 3.4475867146294576
MAE: 1.5246148639255097
EVS: 0.36079518421076995
