Model: GRU
MSE: 3.04287623628239
MAE: 1.3908064100477429
EVS: 0.37536171757005166
