Model: GRU
MSE: 2.137951413078486
MAE: 1.1394695705837672
EVS: 0.5044432024118589
