Model: GRU
MSE: 4.028873830974235
MAE: 1.665019176624439
EVS: 0.47968198925931127
