Model: GRU
MSE: 2.9989517601557134
MAE: 1.3979963549861198
EVS: 0.3077993832114184
