Model: GRU
MSE: 3.480833694239174
MAE: 1.5424907472398544
EVS: 0.43256047320217605
