Model: GRU
MSE: 6.00867534179064
MAE: 2.1933062871297198
EVS: 0.5445218028083851
