Model: GRU
MSE: 4311.699789501278
MAE: 65.63118828667535
EVS: 0.0
