Model: GRU
MSE: 8.772323406286798
MAE: 1.8565174087330145
EVS: -0.19583962383945774
