Model: GRU
MSE: 2.265342123167455
MAE: 1.1241552918045608
EVS: 0.4767396315218396
