Model: GRU
MSE: 2.9474203302315036
MAE: 1.4663903801529494
EVS: 0.4716742955805101
