Model: GRU
MSE: 6121.445832170822
MAE: 78.19340458622685
EVS: -2.220446049250313e-16
