Model: GRU
MSE: 2.8516137491962774
MAE: 1.3519627959639935
EVS: 0.4243779870257194
