Model: GRU
MSE: 2.342454754370009
MAE: 1.2286190810026942
EVS: 0.4495625831366743
