Model: GRU
MSE: 7.416014401904924
MAE: 1.903125718787864
EVS: 0.05158202904631071
