Model: GRU
MSE: 3.3470027194669334
MAE: 1.5235726921646682
EVS: 0.5144245766208759
