Model: GRU
MSE: 4.368672031063126
MAE: 1.719034124303747
EVS: 0.36350355795517175
