Model: GRU
MSE: 3.403582041479542
MAE: 1.5318074756198459
EVS: 0.4979484596100212
