Model: GRU
MSE: 7.453253808243086
MAE: 2.360171830212628
EVS: 0.3484259436117294
