Model: GRU
MSE: 4.88549160385478
MAE: 1.9556130303276906
EVS: 0.5611495647895485
