Model: GRU
MSE: 4.390197798996335
MAE: 1.7551319334242077
EVS: 0.47164418159214794
