Model: GRU
MSE: 5.262510494599803
MAE: 1.4200570671646682
EVS: 0.2728639079222558
