Model: GRU
MSE: 2.5890774289989946
MAE: 1.2891436152988007
EVS: 0.4079554411259275
