Model: GRU
MSE: 2.5126830503727593
MAE: 1.278374707257306
EVS: 0.41451742448432083
