Model: GRU
MSE: 5.761357575244682
MAE: 1.691796267474139
EVS: 0.26480971156645206
