Model: GRU
MSE: 6.348288205268293
MAE: 1.7139360992996782
EVS: 0.15513331120429907
