Model: GRU
MSE: 9.324177430545701
MAE: 2.4840677226031267
EVS: 0.08296006894937813
