Model: GRU
MSE: 7.450256359850987
MAE: 1.5971039975130996
EVS: -0.028613866827579715
