Model: GRU
MSE: 5.534833890808074
MAE: 1.880402476699264
EVS: 0.40370458918170893
