Model: GRU
MSE: 5.8199502202828794
MAE: 1.9982401529947913
EVS: 0.2854620968594077
