Model: GRU
MSE: 3.433597574462476
MAE: 1.513870309900354
EVS: 0.1984805278164541
