Model: GRU
MSE: 3.011108775274384
MAE: 1.4867106896859625
EVS: 0.5303022571236893
