Model: GRU
MSE: 3.942716693229941
MAE: 1.6365293043631095
EVS: 0.11379115172938081
