Model: GRU
MSE: 4961.945371922707
MAE: 70.2491472032335
EVS: -5.358191338465397
