Model: GRU
MSE: 2.943464707647998
MAE: 1.316987284907588
EVS: 0.39125504666167066
