Model: GRU
MSE: 6.788504797476283
MAE: 2.222110289114493
EVS: 0.42506989049036303
