Model: GRU
MSE: 3.018294754075651
MAE: 1.3793656384503397
EVS: 0.4836156091045649
