Model: GRU
MSE: 6.087366097840197
MAE: 1.5250634264062948
EVS: 0.1794246267507944
