Model: GRU
MSE: 897.4031369809613
MAE: 29.876358173511647
EVS: -0.1317299441552846
