Model: GRU
MSE: 6.480889259253124
MAE: 1.8471505023815014
EVS: 0.15537673286761833
