Model: GRU
MSE: 2.247317054802031
MAE: 1.1587575276692705
EVS: 0.4709506980134762
