Model: GRU
MSE: 4.778565465077725
MAE: 1.5288899651280157
EVS: 0.3464224478406386
