Model: GRU
MSE: 5037.4223936221
MAE: 70.90700926604094
EVS: -0.32900604318450966
