Model: GRU
MSE: 6.858573590271641
MAE: 1.6128709139647308
EVS: 0.05893176609369566
