Model: GRU
MSE: 1248.5528239956034
MAE: 35.25344007986563
EVS: 0.20581190654933834
