Model: GRU
MSE: 5.063021463586858
MAE: 1.9658586184183753
EVS: 0.5285988909577204
