Model: GRU
MSE: 6.876418014946069
MAE: 1.64906104405721
EVS: 0.051081928949464284
