Model: GRU
MSE: 7.246089795691079
MAE: 2.055468788853398
EVS: 0.19591144954483242
