Model: GRU
MSE: 3.3218915602299894
MAE: 1.446200335467303
EVS: 0.4412157149900021
