Model: GRU
MSE: 3.182753133456453
MAE: 1.4394755540070707
EVS: 0.46733146749237253
