Model: GRU
MSE: 3.0116918714945844
MAE: 1.407258316322609
EVS: 0.3043949494580067
