Model: GRU
MSE: 5.470842852886966
MAE: 2.057929639463071
EVS: 0.5807072112123801
