Model: GRU
MSE: 3.6133227346368337
MAE: 1.5676710340711804
EVS: 0.4521131308995451
