Model: GRU
MSE: 4.640024004667052
MAE: 1.7924088372124567
EVS: -0.08686614635783196
