Model: GRU
MSE: 3.386162217717709
MAE: 1.514829423692491
EVS: 0.20979098092906967
