Model: GRU
MSE: 2.8104725138215825
MAE: 1.4079389395537196
EVS: 0.5308569676168893
