Model: GRU
MSE: 4.830617931639784
MAE: 1.9867249771400732
EVS: 0.5997648955409657
