Model: GRU
MSE: 2.7682602789246045
MAE: 1.3136669088293003
EVS: 0.4077210705530169
