Model: GRU
MSE: 2.494674103288969
MAE: 1.2532233132256398
EVS: 0.4254266632463779
