Model: GRU
MSE: 2.425515579799374
MAE: 1.316161473592122
EVS: 0.5405888770239762
