Model: GRU
MSE: 2.4717503113790062
MAE: 1.2505265695077399
EVS: 0.4613299712804433
