Model: GRU
MSE: 9.139399354230832
MAE: 2.731242550743951
EVS: 0.5209775708204636
