Model: GRU
MSE: 6.622814423888957
MAE: 2.104718314276801
EVS: 0.21700108296300402
