Model: GRU
MSE: 6.2397200093712275
MAE: 1.5747834797258728
EVS: 0.13795609176964285
