Model: GRU
MSE: 6.850859076092784
MAE: 1.6371085820374665
EVS: 0.0833807995601199
