Model: GRU
MSE: 3.7241143957970935
MAE: 1.6587878509804053
EVS: 0.4693479200786206
