Model: GRU
MSE: 2.20440220457045
MAE: 1.1766249691998514
EVS: 0.49047691436223106
