Model: GRU
MSE: 2.844751998817813
MAE: 1.3601170292607057
EVS: 0.35397090410185306
