Model: GRU
MSE: 3.4159982011354213
MAE: 1.4734291500515406
EVS: 0.4801981621159348
