Model: GRU
MSE: 3843.5839326204637
MAE: 61.963768005371094
EVS: 0.04038847977308013
