Model: GRU
MSE: 2.1937625164909806
MAE: 1.2088754265396682
EVS: 0.5102103749233486
