Model: GRU
MSE: 6.878539259905235
MAE: 2.272125826941596
EVS: 0.3857460688752897
