Model: GRU
MSE: 2.954339446682448
MAE: 1.3255291691532838
EVS: 0.3236279000593141
