Model: GRU
MSE: 3.5166175931587564
MAE: 1.4944385245994285
EVS: 0.4358862269299564
