Model: GRU
MSE: 2.070011448304992
MAE: 1.1113376264218928
EVS: 0.5160467417799578
