Model: GRU
MSE: 2.9984118216680904
MAE: 1.4036267775076405
EVS: 0.3377802771151397
