Model: GRU
MSE: 7.5195722556610285
MAE: 1.6003848314285274
EVS: 0.06433484335248707
