Model: GRU
MSE: 5.182205487118945
MAE: 1.4317860073513455
EVS: 0.28807053246676806
