Model: GRU
MSE: 2.3141647707920194
MAE: 1.2131221912525316
EVS: 0.47957441724835226
