Model: GRU
MSE: 8.015041053615496
MAE: 2.146511713663737
EVS: 0.11614553682778439
