Model: GRU
MSE: 4.576406529375627
MAE: 1.5345401852219194
EVS: 0.4007395007073812
