Model: GRU
MSE: 9.238266711437705
MAE: 2.1524224193007857
EVS: 0.07342735286295787
