Model: GRU
MSE: 2.8565917052128156
MAE: 1.371266718263979
EVS: 0.46246589626394086
