Model: GRU
MSE: 7.941132215296859
MAE: 1.5907655733603012
EVS: -0.03285377810623591
