Model: GRU
MSE: 3.500508215109389
MAE: 1.5318435739587852
EVS: 0.30109412644767186
