Model: GRU
MSE: 3.339134158111728
MAE: 1.497456974453396
EVS: 0.4090323401639804
