Model: GRU
MSE: 2.8407609365412747
MAE: 1.3401794610200102
EVS: 0.5061850110490791
