Model: GRU
MSE: 2.6139665737988516
MAE: 1.3002897191930698
EVS: 0.44931985087541115
