Model: GRU
MSE: 9.97799487654422
MAE: 2.2727676718323315
EVS: -0.14171142608883902
