Model: GRU
MSE: 5.050507854774843
MAE: 1.9592398890742546
EVS: 0.5502024724940617
