Model: GRU
MSE: 2.964754560508565
MAE: 1.354697474726924
EVS: 0.396920628560847
