Model: GRU
MSE: 15.466071820025123
MAE: 3.714860677719116
EVS: 0.2959445558955629
