Model: GRU
MSE: 3.047961625335708
MAE: 1.381875497323495
EVS: 0.4160409243855878
