Model: GRU
MSE: 2.4649204817023582
MAE: 1.2813950291386353
EVS: 0.48216549181534196
