Model: GRU
MSE: 2.920645894396969
MAE: 1.3070333268907333
EVS: 0.36316379802613175
