Model: GRU
MSE: 2.1960922113770778
MAE: 1.1746630492033778
EVS: 0.4849801178409556
