Model: GRU
MSE: 4.04430104668943
MAE: 1.650789773022687
EVS: 0.14463259741048218
