Model: GRU
MSE: 2.4094505943095865
MAE: 1.2134527277063438
EVS: 0.47665654654659595
