Model: GRU
MSE: 2.0320209108155076
MAE: 1.0557337160463687
EVS: 0.5301852977109075
