Model: GRU
MSE: 7.6651319467012895
MAE: 2.061736911535263
EVS: 0.13270015965904614
