Model: GRU
MSE: 6.05238196916596
MAE: 1.702974968486362
EVS: 0.1639612876630181
