Model: GRU
MSE: 4.113091411762053
MAE: 1.7456732855902775
EVS: 0.5125730407801484
