Model: GRU
MSE: 4.236059208858713
MAE: 1.7681970949526185
EVS: 0.5339770286767809
