Model: GRU
MSE: 2.6339435050252975
MAE: 1.2773941181324144
EVS: 0.4579723936144713
