Model: GRU
MSE: 7.508863960445895
MAE: 1.5860391457875567
EVS: -0.02933770362977217
