Model: GRU
MSE: 2.1505060598126664
MAE: 1.18257674464473
EVS: 0.546293379989603
