Model: GRU
MSE: 3.315078364283391
MAE: 1.4399254586961534
EVS: 0.35290765264829305
