Model: GRU
MSE: 2.597907223311915
MAE: 1.3193777755454732
EVS: 0.5239745503649449
