Model: GRU
MSE: 6.826989406738205
MAE: 1.9231047718613237
EVS: 0.2033497924674046
