Model: GRU
MSE: 3.503415892389435
MAE: 1.6049143649913644
EVS: 0.418056831617728
