Model: GRU
MSE: 3.3674163356417575
MAE: 1.5549689398871525
EVS: 0.5353195889670725
