Model: GRU
MSE: 2.6779978816861387
MAE: 1.3833623109040434
EVS: 0.5450103671178483
