Model: GRU
MSE: 3.950044317344926
MAE: 1.684505886501736
EVS: 0.5041650841488918
