Model: GRU
MSE: 2.530892645148359
MAE: 1.2459007015934693
EVS: 0.4320287199324805
