Model: GRU
MSE: 3.411213726952003
MAE: 1.503526828907154
EVS: 0.44934348252469336
