Model: GRU
MSE: 2.6129041313964034
MAE: 1.2283888216371888
EVS: 0.4771825325435457
