Model: GRU
MSE: 6.240989811420359
MAE: 1.517351909920021
EVS: 0.13911489126033372
