Model: GRU
MSE: 6.34422023718837
MAE: 1.750078695791739
EVS: 0.12346461809099785
