Model: GRU
MSE: 3.498164595122472
MAE: 1.5187569370976197
EVS: 0.35979460513610695
