Model: GRU
MSE: 4.543027215692089
MAE: 1.8446814925582318
EVS: 0.4709626050261011
