Model: GRU
MSE: 2.4572450540317052
MAE: 1.2376444428055375
EVS: 0.5394535865329577
