Model: GRU
MSE: 2.810625516910013
MAE: 1.3049871833236126
EVS: 0.47135684666638566
