Model: GRU
MSE: 2.2945873166249324
MAE: 1.1757145634403932
EVS: 0.4790627126110234
