Model: GRU
MSE: 2.4914897944626966
MAE: 1.2776577031170877
EVS: 0.5548740312262308
