Model: GRU
MSE: 7.530573711735356
MAE: 2.1144580487851745
EVS: 0.18211693887835578
