Model: GRU
MSE: 3.725986046473474
MAE: 1.5834422464723938
EVS: 0.46213453462740206
