Model: GRU
MSE: 7.825546423369411
MAE: 2.2002800835503473
EVS: 0.17455703108964027
