Model: GRU
MSE: 13921.569869382032
MAE: 117.95962415422711
EVS: -2.220446049250313e-16
