Model: GRU
MSE: 2.80036327277636
MAE: 1.3513304039284033
EVS: 0.3655358897815295
