Model: GRU
MSE: 5.393205907994781
MAE: 1.9837420075028034
EVS: 0.3144748818315992
