Model: GRU
MSE: 5.7076042120987935
MAE: 1.5768138214393899
EVS: 0.24023987200098684
