Model: GRU
MSE: 5.665818789072722
MAE: 2.1350736088222924
EVS: 0.5542011511600851
