Model: GRU
MSE: 2.412543503383892
MAE: 1.2170222600301104
EVS: 0.4720474321185636
