Model: GRU
MSE: 2.573252053358508
MAE: 1.2646884918212888
EVS: 0.48499264780570894
