Model: GRU
MSE: 6.574495813941127
MAE: 1.9035895312273945
EVS: 0.23896045581858483
