Model: GRU
MSE: 1.9330291782613729
MAE: 1.1069193945990665
EVS: 0.5499866737221599
