Model: GRU
MSE: 2.4318022066639355
MAE: 1.2704136106703015
EVS: 0.5270279070035415
