Model: GRU
MSE: 617.8357747409162
MAE: 24.723852652090567
EVS: 0.09263476049630004
