Model: GRU
MSE: 7.356180527176969
MAE: 1.8612258345992474
EVS: 0.0048250324160943325
