Model: GRU
MSE: 3.701925906358264
MAE: 1.5311231083340113
EVS: 0.43295475145239826
