Model: GRU
MSE: 2.6748227684235757
MAE: 1.2809538841247556
EVS: 0.3874553331856263
