Model: GRU
MSE: 5.334401044298264
MAE: 2.051724522202103
EVS: 0.5844892604106088
