Model: GRU
MSE: 7.4578360103438515
MAE: 2.50893767674764
EVS: 0.5921394640109934
