Model: GRU
MSE: 6.899234148360006
MAE: 1.7357955243852399
EVS: 0.13611622109489652
