Model: GRU
MSE: 2.712442531913438
MAE: 1.3645246647022387
EVS: 0.5141536823705295
