Model: GRU
MSE: 2.514176976267435
MAE: 1.227764288584391
EVS: 0.49195527486697266
