Model: GRU
MSE: 4.9771590286747465
MAE: 1.8822924649273904
EVS: 0.41913913698744276
