Model: GRU
MSE: 2.8833571558213604
MAE: 1.3426265716552732
EVS: 0.3391975512109521
