Model: GRU
MSE: 3.60737238101795
MAE: 1.614479647742377
EVS: 0.47681158824394243
