Model: GRU
MSE: 2.5760700049891216
MAE: 1.337593007970739
EVS: 0.46808432864449867
