Model: GRU
MSE: 10.534849577961094
MAE: 2.7450246899216264
EVS: 0.11401903111590328
