Model: GRU
MSE: 7.755056430571047
MAE: 1.8598052748927358
EVS: 0.10068064752894135
