Model: GRU
MSE: 3.5781099828122924
MAE: 1.5257938879507558
EVS: 0.17995206986216694
