Model: GRU
MSE: 2.319379736821988
MAE: 1.2007785726476596
EVS: 0.4897898329883972
