Model: GRU
MSE: 2.1884426648138517
MAE: 1.1650654828106912
EVS: 0.48545395562184745
