Model: GRU
MSE: 3.4195806226682035
MAE: 1.5843817039772314
EVS: 0.4904497658352839
