Model: GRU
MSE: 9.390673114519148
MAE: 2.158307022518582
EVS: -0.29262221662942833
