Model: GRU
MSE: 4.047856185620081
MAE: 1.6915154810304993
EVS: 0.4812803776524719
