Model: GRU
MSE: 2.6923936354547555
MAE: 1.3171690305074053
EVS: 0.42949974584438866
