Model: GRU
MSE: 7.213653930485305
MAE: 1.8296057913038464
EVS: 0.009395551723165863
