Model: GRU
MSE: 2.8302994656051688
MAE: 1.3927233837268969
EVS: 0.4809738023842134
