Model: GRU
MSE: 2664.7347139630033
MAE: 51.57663529007523
EVS: -0.009287759573739507
