Model: GRU
MSE: 2.1231309629263495
MAE: 1.1904104374073168
EVS: 0.5325560923118321
