Model: GRU
MSE: 6.272900778986526
MAE: 1.3700052897135417
EVS: 0.2092809720227049
