Model: GRU
MSE: 4.064127164994858
MAE: 1.676396811449969
EVS: 0.49339330579848073
