Model: GRU
MSE: 2.3296354160119224
MAE: 1.2294345785070346
EVS: 0.5135118715512645
