Model: GRU
MSE: 844.8806089800345
MAE: 28.9914976755778
EVS: -0.029847069962565254
