Model: GRU
MSE: 3.3880168321896695
MAE: 1.4522906762582282
EVS: 0.40588760710288907
