Model: GRU
MSE: 7.43738651202958
MAE: 1.7142524984147811
EVS: -0.0007319407733090699
