Model: GRU
MSE: 3.0803435123137586
MAE: 1.4312345893294722
EVS: 0.3292944057084275
