Model: GRU
MSE: 2.07668506255804
MAE: 1.1408834457397459
EVS: 0.512263000230278
