Model: GRU
MSE: 2.521523103893303
MAE: 1.2754091333459923
EVS: 0.42797278999025945
