Model: GRU
MSE: 5.973302392874977
MAE: 1.5482826321213332
EVS: 0.22244538245332568
