Model: GRU
MSE: 3.42188567747403
MAE: 1.4803408516777887
EVS: 0.3387627315658863
