Model: GRU
MSE: 8.38504075236829
MAE: 1.802756826082865
EVS: -0.14592849039364753
