Model: GRU
MSE: 5853.065692117617
MAE: 76.47757042778863
EVS: 0.0
