Model: GRU
MSE: 3.0280271148073576
MAE: 1.3886655171712237
EVS: 0.29266960556197663
