Model: GRU
MSE: 7.498455132436127
MAE: 1.6601886749267576
EVS: 0.04416394656672251
