Model: GRU
MSE: 2.9789381039860614
MAE: 1.3986883869877569
EVS: 0.5287849902530906
