Model: GRU
MSE: 6.252366898261597
MAE: 2.2461969940750683
EVS: 0.5061683227106781
