Model: GRU
MSE: 2.863784953168895
MAE: 1.386326366000705
EVS: 0.3905175896903247
