Model: GRU
MSE: 1.870603750899775
MAE: 1.024413638644748
EVS: 0.5696387386747341
