Model: GRU
MSE: 3.310756409918717
MAE: 1.5029462178548174
EVS: 0.27862690886232333
