Model: GRU
MSE: 2.333680260735861
MAE: 1.1936358345879445
EVS: 0.47418194492980104
