Model: GRU
MSE: 8.51248407456486
MAE: 2.4048000839021473
EVS: 0.2321215344039178
