Model: GRU
MSE: 3.43980310167413
MAE: 1.5577023294236922
EVS: 0.470017809951236
