Model: GRU
MSE: 10.430363481364289
MAE: 2.1386391123135886
EVS: -0.2113873481638373
