Model: GRU
MSE: 5.806913554940769
MAE: 1.4477113441184712
EVS: 0.20784825900366233
