Model: GRU
MSE: 6.430131928110455
MAE: 2.2681927680969234
EVS: 0.5312314897991801
