Model: GRU
MSE: 2.5785977703793894
MAE: 1.2832368214925127
EVS: 0.425857418167775
