Model: GRU
MSE: 3.0979820007751857
MAE: 1.4283882776896155
EVS: 0.35714111068337784
