Model: GRU
MSE: 2.560313303009934
MAE: 1.3297125145241064
EVS: 0.5455240035378089
