Model: GRU
MSE: 2.1595705168014043
MAE: 1.1579172699539748
EVS: 0.4928501484003043
