Model: GRU
MSE: 5.721443120558297
MAE: 1.4928879561247645
EVS: 0.22023416720997402
