Model: GRU
MSE: 2.983243273985357
MAE: 1.3891924045704027
EVS: 0.3586860155099896
