Model: GRU
MSE: 4.869561887265069
MAE: 1.971297846900092
EVS: 0.5978789278495464
