Model: GRU
MSE: 3.323816708884266
MAE: 1.5221016142103405
EVS: 0.5004743744968341
