Model: GRU
MSE: 2.992986430210133
MAE: 1.4304591814676917
EVS: 0.3678126669285422
