Model: GRU
MSE: 3.051751659171983
MAE: 1.4233325675681783
EVS: 0.3114539175565072
