Model: GRU
MSE: 3.8977702606449305
MAE: 1.6272124537715202
EVS: 0.5034980573129921
