Model: GRU
MSE: 2.3468900323340565
MAE: 1.2068838190149376
EVS: 0.4498754255703261
