Model: GRU
MSE: 2.4801334888096003
MAE: 1.2291387628625938
EVS: 0.4798700568423112
