Model: GRU
MSE: 2.8044201478335076
MAE: 1.408706082238091
EVS: 0.593842774491628
