Model: GRU
MSE: 5.2061298191491225
MAE: 1.4307519594828284
EVS: 0.35666684481787336
