Model: GRU
MSE: 4.586138344589058
MAE: 1.896846117796721
EVS: 0.5096434585659066
