Model: GRU
MSE: 4.5332418396964265
MAE: 1.7993602046260124
EVS: 0.29623764601668934
