Model: GRU
MSE: 2.420533082657937
MAE: 1.2161437846996164
EVS: 0.43604779596180276
