Model: GRU
MSE: 7.04007403048161
MAE: 1.8866660683243364
EVS: 0.11775232158066029
