Model: GRU
MSE: 14392.16103096112
MAE: 119.9496315850152
EVS: 0.0
