Model: GRU
MSE: 6.65246443591697
MAE: 1.6696747320669667
EVS: 0.11267578134896827
