Model: GRU
MSE: 2.735389561585322
MAE: 1.3620295171384456
EVS: 0.39900263623356813
