Model: GRU
MSE: 3.490748068284388
MAE: 1.4688111411200626
EVS: 0.4048026751914806
