Model: GRU
MSE: 2.9127759469328987
MAE: 1.3779910582083241
EVS: 0.3589793265544642
