Model: GRU
MSE: 5.768451907112513
MAE: 1.5269518604984986
EVS: 0.22018505681275646
