Model: GRU
MSE: 15.442215579801273
MAE: 3.4541970270651357
EVS: -0.5188415167419314
