Model: GRU
MSE: 2.8334864251367398
MAE: 1.3373362576519998
EVS: 0.4067935814653906
