Model: GRU
MSE: 4.671454108433981
MAE: 1.8765965920907477
EVS: 0.532960540813669
