Model: GRU
MSE: 2.4170987400044996
MAE: 1.279283700165925
EVS: 0.46883936337558196
