Model: GRU
MSE: 3.401652227487063
MAE: 1.5092692375183105
EVS: 0.3330034985786756
