Model: GRU
MSE: 1.9952297985636733
MAE: 1.1507701167353874
EVS: 0.5569653440427297
