Model: GRU
MSE: 7.2283098748956585
MAE: 1.876035072185375
EVS: 0.07487066207624671
