Model: GRU
MSE: 6.893999512684862
MAE: 2.3658652305603023
EVS: 0.5412455989535646
