Model: GRU
MSE: 1431.1083545892902
MAE: 37.7692739698622
EVS: -0.08085514151514173
