Model: GRU
MSE: 6.685444246342631
MAE: 1.7338526867054127
EVS: 0.10911756490429247
