Model: GRU
MSE: 6.811307041975353
MAE: 2.005439210821081
EVS: 0.22941667230959817
