Model: GRU
MSE: 2.0263465496843
MAE: 1.0864874875103983
EVS: 0.5234421805968646
