Model: GRU
MSE: 8.61716059989449
MAE: 2.074996736314562
EVS: -0.03747256277028921
