Model: GRU
MSE: 4.518758347525734
MAE: 1.8548060876351813
EVS: 0.5753334982050118
