Model: GRU
MSE: 3.628873845986002
MAE: 1.5245175714846009
EVS: 0.435967534806455
