Model: GRU
MSE: 7.091514288063216
MAE: 2.2085601312142833
EVS: 0.287039207011043
