Model: GRU
MSE: 8.433361975935247
MAE: 2.4018347881458424
EVS: 0.2282460883255797
