Model: GRU
MSE: 8.580390502291788
MAE: 2.2005448164763273
EVS: 0.04084361903531453
