Model: GRU
MSE: 2.4013102067539056
MAE: 1.238126472190574
EVS: 0.4358767792109657
