Model: GRU
MSE: 7.08267242596673
MAE: 2.056014202259205
EVS: 0.23148903400478626
