Model: GRU
MSE: 2.3954616008653886
MAE: 1.1931724195127131
EVS: 0.4563197934299318
