Model: GRU
MSE: 3.7927316325489273
MAE: 1.6930340837549278
EVS: 0.5860246296546165
