Model: GRU
MSE: 3.176233395346681
MAE: 1.4010938891658073
EVS: 0.3451293095181802
