Model: GRU
MSE: 2.5092442283918253
MAE: 1.311531243500886
EVS: 0.5207656734942823
