Model: GRU
MSE: 7.631524451576818
MAE: 2.4306285646226673
EVS: 0.49018378982034905
