Model: GRU
MSE: 2.445615868158989
MAE: 1.2662380536397295
EVS: 0.49958460891739787
