Model: GRU
MSE: 7.928391178663467
MAE: 2.5719115292584456
EVS: 0.5353200530078466
