Model: GRU
MSE: 2.1112508507011607
MAE: 1.1699903452837905
EVS: 0.5389948888742004
