Model: GRU
MSE: 2.8266517437505163
MAE: 1.3981989754570852
EVS: 0.5770074723188511
