Model: GRU
MSE: 4.472532606767454
MAE: 1.3840384483337402
EVS: 0.3826089163680295
