Model: GRU
MSE: 7.2777558586939755
MAE: 2.3701366671809443
EVS: 0.4609108080685622
