Model: GRU
MSE: 6.076944477112083
MAE: 1.9229033611438893
EVS: 0.33585207980481246
