Model: GRU
MSE: 2.7205528381565363
MAE: 1.2925210528903535
EVS: 0.4066253890685585
