Model: GRU
MSE: 7.070506729405931
MAE: 1.878069489090531
EVS: 0.10175063674156859
