Model: GRU
MSE: 2.63044609154679
MAE: 1.2707170557092735
EVS: 0.38984870623512835
