Model: GRU
MSE: 6.533436695602983
MAE: 1.5364888862327288
EVS: 0.14580823544147925
