Model: GRU
MSE: 2.8479044409205176
MAE: 1.349475366097909
EVS: 0.3475086267177111
