Model: GRU
MSE: 6.8617764433628246
MAE: 1.700704318505746
EVS: 0.060495430122430194
