Model: GRU
MSE: 4.779210238650041
MAE: 1.857930642587167
EVS: 0.4377045304417201
