Model: GRU
MSE: 2.4980324455653866
MAE: 1.2644507973282424
EVS: 0.5119837121817357
