Model: GRU
MSE: 9.552848708255077
MAE: 2.2338873633631953
EVS: 0.04725310424816509
