Model: GRU
MSE: 2.072606500182128
MAE: 1.1595515498408562
EVS: 0.5545159110544011
