Model: GRU
MSE: 2.509888790861959
MAE: 1.2317327923244898
EVS: 0.4286940404569092
