Model: GRU
MSE: 3.535925537541987
MAE: 1.514469959117748
EVS: 0.18164056603137213
