Model: GRU
MSE: 5.949191038748461
MAE: 1.5021837199175796
EVS: 0.2845020709499686
