Model: GRU
MSE: 12.57676803816028
MAE: 3.2488884837539107
EVS: 0.19161555097744087
