Model: GRU
MSE: 2.508587230793737
MAE: 1.2405725055270722
EVS: 0.40941418187696177
