Model: GRU
MSE: 6.490664941514389
MAE: 1.7335584958394368
EVS: 0.1143833033185142
