Model: GRU
MSE: 2.356545970048197
MAE: 1.187908808390299
EVS: 0.44703942719319434
