Model: GRU
MSE: 2.6517392518609597
MAE: 1.3044164269058791
EVS: 0.4607261302018232
