Model: GRU
MSE: 6.533199968689654
MAE: 1.6292555067274304
EVS: 0.0991439458023925
