Model: GRU
MSE: 2.5775622038050905
MAE: 1.2227087374086731
EVS: 0.44435782405025315
