Model: GRU
MSE: 2.5323276728876296
MAE: 1.2795814938015406
EVS: 0.44414070183633414
