Model: GRU
MSE: 3.2020562325731126
MAE: 1.4080786705017088
EVS: 0.3432693341642544
