Model: GRU
MSE: 3.575268220536666
MAE: 1.599968592325846
EVS: 0.37555706512003617
