Model: GRU
MSE: 2.8462319733401906
MAE: 1.3042089320995187
EVS: 0.3568806960168327
