Model: GRU
MSE: 4.797884774859126
MAE: 1.7818410484879104
EVS: 0.4094050220133313
