Model: GRU
MSE: 2.3422118786714194
MAE: 1.2263361612955725
EVS: 0.5122215775730767
