Model: GRU
MSE: 6.564978921153609
MAE: 1.6368255703537553
EVS: 0.11188322272565554
