Model: GRU
MSE: 7.273393979749147
MAE: 1.8588303040575096
EVS: 0.06638134185702838
