Model: GRU
MSE: 2.087025179516221
MAE: 1.123535315195719
EVS: 0.553666489264528
