Model: GRU
MSE: 7.588658814837355
MAE: 2.2166833965866655
EVS: 0.21207150532370556
