Model: GRU
MSE: 5.695549866004722
MAE: 1.773436881877758
EVS: 0.3129750208632238
