Model: GRU
MSE: 2.1998849919395127
MAE: 1.1857352786593964
EVS: 0.5339623151039679
