Model: GRU
MSE: 4.888345917458384
MAE: 1.965066627219871
EVS: 0.5688785836770457
