Model: GRU
MSE: 3.086772900539455
MAE: 1.4796481662326386
EVS: 0.49363738162827
