Model: GRU
MSE: 5.691916016557384
MAE: 1.431662983364529
EVS: 0.2692152827556962
