Model: GRU
MSE: 3.148599345372227
MAE: 1.4788376843487772
EVS: 0.481772539434819
