Model: GRU
MSE: 7.156534371995115
MAE: 1.659795187137745
EVS: 0.011222778976388459
