Model: GRU
MSE: 2.4224688062006483
MAE: 1.2327742046780055
EVS: 0.47659625680705087
