Model: GRU
MSE: 2.7503842944169152
MAE: 1.3573312052973991
EVS: 0.3904073224457104
