Model: GRU
MSE: 2.2982262173388697
MAE: 1.1999304382889358
EVS: 0.5149588371106669
