Model: GRU
MSE: 9.900738309960355
MAE: 2.821475929684109
EVS: 0.278473822490235
