Model: GRU
MSE: 6.7324020200616985
MAE: 1.552802931379389
EVS: 0.0762492586174297
