Model: GRU
MSE: 2.5989022003038227
MAE: 1.2683976138079605
EVS: 0.44945019484446846
