Model: GRU
MSE: 5.382191182433213
MAE: 1.9929605060153535
EVS: 0.4746242666431003
