Model: GRU
MSE: 7.2309599671533835
MAE: 1.6074937339182251
EVS: 0.0014296078438023052
