Model: GRU
MSE: 2.413002641264904
MAE: 1.233990916499385
EVS: 0.49222055463856385
