Model: GRU
MSE: 2.6941457644488755
MAE: 1.3043325565479418
EVS: 0.37113954349122247
