Model: GRU
MSE: 5.744611973388053
MAE: 1.507220179946334
EVS: 0.20655932624915807
