Model: GRU
MSE: 6.139712797427011
MAE: 1.6646425812332717
EVS: 0.1705152203868403
