Model: GRU
MSE: 14382.174892926063
MAE: 119.90799797905817
EVS: 0.0
