Model: GRU
MSE: 8.926248605125172
MAE: 2.382864801972
EVS: 0.09024983196660474
