Model: GRU
MSE: 2.205520614407928
MAE: 1.2270596115677443
EVS: 0.5005839729479263
