Model: GRU
MSE: 8.693174902722966
MAE: 2.0916686058044434
EVS: -0.05974869896900037
