Model: GRU
MSE: 2.831109490708925
MAE: 1.3259171556543419
EVS: 0.3956075197631457
