Model: GRU
MSE: 6.196396437696665
MAE: 1.686234774412932
EVS: 0.15705461761951878
