Model: GRU
MSE: 5.469463521204848
MAE: 1.5029783334050857
EVS: 0.22934766646998517
