Model: GRU
MSE: 2.6485387520934895
MAE: 1.2977861475061485
EVS: 0.44328998600851177
