Model: GRU
MSE: 2.263538130867918
MAE: 1.159624241016529
EVS: 0.4885987235391456
