Model: GRU
MSE: 4.729214678759523
MAE: 1.65451176961263
EVS: 0.08903619400267926
