Model: GRU
MSE: 3.673999769394766
MAE: 1.6526030434502492
EVS: 0.5060788050692165
