Model: GRU
MSE: 2.35404812835449
MAE: 1.2864491498028787
EVS: 0.5563545291170906
