Model: GRU
MSE: 3.0345089873770585
MAE: 1.3598862400761358
EVS: 0.32973196060086085
