Model: GRU
MSE: 7.515232605434918
MAE: 2.3909549359922058
EVS: 0.42678101455810824
