Model: GRU
MSE: 3.9937971039717683
MAE: 1.668073548210992
EVS: 0.44267828118884
