Model: GRU
MSE: 3.0088424481568325
MAE: 1.422433782506872
EVS: 0.43207520697830126
