Model: GRU
MSE: 7.764466201839124
MAE: 1.5732489956749804
EVS: 0.007652841517591491
