Model: GRU
MSE: 7.605184776287454
MAE: 2.5020481745402017
EVS: 0.5566211257882716
