Model: GRU
MSE: 8.240770758942022
MAE: 1.827712456385294
EVS: 0.048682447820352914
