Model: GRU
MSE: 3.161963386660974
MAE: 1.4533403891104237
EVS: 0.2818537818869099
