Model: GRU
MSE: 2.491075194132092
MAE: 1.3225520098650894
EVS: 0.49582119308684647
