Model: GRU
MSE: 2.9043278486760746
MAE: 1.3791978270919232
EVS: 0.36123110007997095
