Model: GRU
MSE: 7.103272691729682
MAE: 1.7673126061757405
EVS: 0.07792096955766203
