Model: GRU
MSE: 2.6992973924351196
MAE: 1.219862620035807
EVS: 0.4790473413678564
