Model: GRU
MSE: 2.2009234517904073
MAE: 1.1149578800907842
EVS: 0.5335385302738731
