Model: GRU
MSE: 3.0570474328793273
MAE: 1.3819499192414457
EVS: 0.3990153026394899
