Model: GRU
MSE: 1.9826546814159605
MAE: 1.102069395559805
EVS: 0.541114208938679
