Model: GRU
MSE: 2.3994753241997246
MAE: 1.2250333008942778
EVS: 0.5108244771432393
