Model: GRU
MSE: 4.506047427443701
MAE: 1.8328463236490882
EVS: 0.5055668754235914
