Model: GRU
MSE: 4.227066174175046
MAE: 1.7400384125886137
EVS: 0.4715292650778208
