Model: GRU
MSE: 9.950644332421545
MAE: 2.850893638752125
EVS: 0.4392330957958763
