Model: GRU
MSE: 5.039952263407856
MAE: 1.9575910921450013
EVS: 0.514006004996064
