Model: GRU
MSE: 4.215146854546791
MAE: 1.7354484487462924
EVS: 0.4512381654522408
