Model: GRU
MSE: 2.842688850929401
MAE: 1.3108636361581305
EVS: 0.42242018373791657
