Model: GRU
MSE: 3.2191332214180735
MAE: 1.461295021904839
EVS: 0.26181236616822645
