Model: GRU
MSE: 2.353699236508233
MAE: 1.254811746102792
EVS: 0.45992616791436347
