Model: GRU
MSE: 7.255175360283677
MAE: 1.7466118997997708
EVS: 0.009822929567674055
