Model: GRU
MSE: 9.177528694350046
MAE: 2.4244667291641235
EVS: 0.09553368208614565
