Model: GRU
MSE: 2.112735488854721
MAE: 1.1336122795387549
EVS: 0.5027016900122838
