Model: GRU
MSE: 3.0772189981302183
MAE: 1.488266273781105
EVS: 0.5444317318509415
