Model: GRU
MSE: 5.877504876233936
MAE: 1.5929513242509628
EVS: 0.19537284037278857
