Model: GRU
MSE: 2.5946987223427107
MAE: 1.3099300066630042
EVS: 0.4718712205729655
