Model: GRU
MSE: 2.731173663460914
MAE: 1.3043637099089442
EVS: 0.5065253306542206
