Model: GRU
MSE: 3.458421951852532
MAE: 1.4287139044867618
EVS: 0.39252194599401924
