Model: GRU
MSE: 2.9570287643577835
MAE: 1.4224995507134328
EVS: 0.51623222517136
