Model: GRU
MSE: 6.058213222333724
MAE: 1.6109049055311413
EVS: 0.16294287696750853
