Model: GRU
MSE: 2.4221499114449507
MAE: 1.2418517713193538
EVS: 0.4368494833573552
