Model: GRU
MSE: 9.402277342087286
MAE: 2.729986932542589
EVS: 0.5409728374739724
