Model: GRU
MSE: 2.7674955413814897
MAE: 1.3028567985252095
EVS: 0.4090129215238063
