Model: GRU
MSE: 6.169507003408599
MAE: 1.6375602086385088
EVS: 0.15272681370679642
