Model: GRU
MSE: 3.048165590415245
MAE: 1.499604649013943
EVS: 0.5499125036248569
