Model: GRU
MSE: 2.312052139639018
MAE: 1.2156253390842011
EVS: 0.45589948022081006
