Model: GRU
MSE: 3.3206681750425884
MAE: 1.4914926599573204
EVS: 0.49939276202077576
