Model: GRU
MSE: 6.721087521814037
MAE: 1.7546670613465483
EVS: 0.13835613889477927
