Model: GRU
MSE: 4.48552597364805
MAE: 1.7979045090851957
EVS: 0.4958912275981989
