Model: GRU
MSE: 5.326964464784463
MAE: 2.066467214513708
EVS: 0.5387103422957548
