Model: GRU
MSE: 2.2327824390840756
MAE: 1.2104966552169234
EVS: 0.5184574441321665
