Model: GRU
MSE: 2.9742471418062615
MAE: 1.4267390569051106
EVS: 0.4481501987568519
