Model: GRU
MSE: 3.4607987250202075
MAE: 1.434903957225658
EVS: 0.2801560317870083
