Model: GRU
MSE: 3.1239083246339714
MAE: 1.4221075905693898
EVS: 0.3590157420124692
