Model: GRU
MSE: 6.363757168221647
MAE: 1.7447026797703333
EVS: 0.17226960077304443
