Model: GRU
MSE: 2.520742114048111
MAE: 1.2237792898107456
EVS: 0.44403540999252955
