Model: GRU
MSE: 7.608340640003882
MAE: 1.93335540206344
EVS: 0.04555159443791301
