Model: GRU
MSE: 2.6365182174383865
MAE: 1.2896406738846389
EVS: 0.48918229840167715
