Model: GRU
MSE: 2.6768318637452997
MAE: 1.3091824143021193
EVS: 0.5344594041547479
