Model: GRU
MSE: 6.12703821765507
MAE: 1.7475128438737657
EVS: 0.1774309015087674
