Model: GRU
MSE: 6.527423857188312
MAE: 1.730308975492205
EVS: 0.10447129408653466
