Model: GRU
MSE: 9.158194321478412
MAE: 2.3227822604002775
EVS: 0.0387126875449203
