Model: GRU
MSE: 3.3266814960562536
MAE: 1.5889878449616606
EVS: 0.5085036910609155
