Model: GRU
MSE: 6.636333035553174
MAE: 1.7407165545004384
EVS: 0.12071315397724203
