Model: GRU
MSE: 2.8044000398298663
MAE: 1.3429658501236525
EVS: 0.4247925959709449
