Model: GRU
MSE: 2.7182432444910005
MAE: 1.3143927786085339
EVS: 0.5197852799430035
