Model: GRU
MSE: 7433.547520888321
MAE: 86.19339074028863
EVS: 0.0
