Model: GRU
MSE: 3.834280909888
MAE: 1.6165575981140134
EVS: 0.29440675637749236
