Model: GRU
MSE: 5.489146956357048
MAE: 1.964631433840151
EVS: 0.4029559375480851
