Model: GRU
MSE: 5.960197278815908
MAE: 1.4707960994155316
EVS: 0.1824995597895196
