Model: GRU
MSE: 7.561095473290454
MAE: 1.5947776149820394
EVS: -0.02930294944560874
