Model: GRU
MSE: 6.406272810606904
MAE: 1.6321975036903662
EVS: 0.1413344624580608
