Model: GRU
MSE: 2.4533131681661557
MAE: 1.2383577558729382
EVS: 0.48482177140389004
