Model: GRU
MSE: 2.689508097380725
MAE: 1.300929917229546
EVS: 0.4632047387506185
