Model: GRU
MSE: 2.7534028710827396
MAE: 1.3650567443282513
EVS: 0.4352702855910746
