Model: GRU
MSE: 2.3086820214964514
MAE: 1.2385612240544068
EVS: 0.494304636255545
