Model: GRU
MSE: 6.661150804553187
MAE: 1.9048693003477875
EVS: 0.2230874653958802
