Model: GRU
MSE: 6.971833481508155
MAE: 2.386630570447003
EVS: 0.5378395169842765
