Model: GRU
MSE: 2.6489426275407073
MAE: 1.2948421195701314
EVS: 0.5177710567095692
