Model: GRU
MSE: 2.5595695424697746
MAE: 1.2657812613028065
EVS: 0.41232552411370316
