Model: GRU
MSE: 7.7572166378549685
MAE: 1.6297561636677491
EVS: -0.07127582459070148
