Model: GRU
MSE: 5.254084672033193
MAE: 2.0506532457139754
EVS: 0.4983119019379052
