Model: GRU
MSE: 7.652036162206976
MAE: 1.8338942527770994
EVS: -0.02985166774674819
