Model: GRU
MSE: 2.443009151305684
MAE: 1.264608029966001
EVS: 0.5261516428750381
