Model: GRU
MSE: 3.040944799477756
MAE: 1.4366116876955384
EVS: 0.3030178545250112
