Model: GRU
MSE: 3.3872074443049005
MAE: 1.519150274771231
EVS: 0.43133779405619865
