Model: GRU
MSE: 2.46185942036293
MAE: 1.2076687636198817
EVS: 0.48745662894251673
