Model: GRU
MSE: 7.081514530115378
MAE: 1.987471509862829
EVS: 0.17849239131365258
