Model: GRU
MSE: 5.476700843079789
MAE: 2.073365211486816
EVS: 0.5886401379189812
