Model: GRU
MSE: 8.105623724654404
MAE: 1.9333146810531616
EVS: -0.03278975319968058
