Model: GRU
MSE: 3.473998445628004
MAE: 1.5554718088220667
EVS: 0.3106992027756531
