Model: GRU
MSE: 6.839244898617944
MAE: 2.1957197365937406
EVS: 0.3109379401961825
