Model: GRU
MSE: 5.6728256287208145
MAE: 1.677834113438924
EVS: 0.24290417570234069
