Model: GRU
MSE: 4.968011050768128
MAE: 1.9550022902312099
EVS: 0.49943480932891593
