Model: GRU
MSE: 2.384241983839038
MAE: 1.2047798721878618
EVS: 0.5052288559770564
