Model: GRU
MSE: 5.387664899347546
MAE: 2.0882028650354454
EVS: 0.565865023384936
