Model: GRU
MSE: 4.114511660648606
MAE: 1.6908439530266652
EVS: 0.49714111585528853
