Model: GRU
MSE: 4.997796955047701
MAE: 1.9321384253325282
EVS: 0.4400163792979973
