Model: GRU
MSE: 8.899176056114575
MAE: 1.887260048477738
EVS: 0.24593795939116425
