Model: GRU
MSE: 4.49396167616178
MAE: 1.7085429474159521
EVS: 0.4056356334050518
