Model: GRU
MSE: 8.377047455487904
MAE: 2.0561376677619085
EVS: -0.1435047949447419
