Model: GRU
MSE: 3.734508907340029
MAE: 1.6973746970847798
EVS: 0.5613887534974735
