Model: GRU
MSE: 4.447920492233774
MAE: 1.8352655128196431
EVS: 0.5069224201560638
