Model: GRU
MSE: 2434.1308481112396
MAE: 49.097848892211914
EVS: -4.540984487703398
