Model: GRU
MSE: 2.545959371639186
MAE: 1.2534640100267196
EVS: 0.4218035999032902
