Model: GRU
MSE: 10.265910716900693
MAE: 2.8899252679612903
EVS: 0.3531521135053767
