Model: GRU
MSE: 8.114517733447208
MAE: 2.3163941348040544
EVS: 0.1704672392172173
