Model: GRU
MSE: 3.1165677097355733
MAE: 1.4026450404414421
EVS: 0.4296406432744161
