Model: GRU
MSE: 8.20674527287589
MAE: 1.768595046467251
EVS: -0.1093548696922011
