Model: GRU
MSE: 7.860506699787305
MAE: 2.51492291909677
EVS: 0.4871714911813997
