Model: GRU
MSE: 8.677273224504253
MAE: 2.0005251125053123
EVS: -0.1344106263981919
