Model: GRU
MSE: 7.329973440950483
MAE: 2.4702412287394204
EVS: 0.5310745627434539
