Model: GRU
MSE: 2.8985069057031665
MAE: 1.3295827441745331
EVS: 0.3725350740920148
