Model: GRU
MSE: 5.908124927981824
MAE: 1.6659086602074757
EVS: 0.21511269385214993
