Model: GRU
MSE: 2.2387948681530183
MAE: 1.1866045351381653
EVS: 0.4729808558350176
