Model: GRU
MSE: 2.468999961478983
MAE: 1.2207111959104182
EVS: 0.44955354937434355
