Model: GRU
MSE: 5.8699828422048235
MAE: 1.542866026913678
EVS: 0.19033509421863215
