Model: GRU
MSE: 3.5015494384411046
MAE: 1.5854961960404006
EVS: 0.5301317277686659
