Model: GRU
MSE: 2.1396929387648105
MAE: 1.1837616320009583
EVS: 0.5906658590759943
