Model: GRU
MSE: 3.7312741141627406
MAE: 1.6223434342278371
EVS: 0.4763826582823092
