Model: GRU
MSE: 2.9731105988891975
MAE: 1.476578112001772
EVS: 0.5648706695460268
