Model: GRU
MSE: 2.5964284652858765
MAE: 1.3044346880029747
EVS: 0.38904190078025025
