Model: GRU
MSE: 6.875474268192607
MAE: 1.9198913485915572
EVS: 0.12028477313811903
