Model: GRU
MSE: 2.472096882306164
MAE: 1.282796223958333
EVS: 0.4370977993023536
