Model: GRU
MSE: 4.662670851826717
MAE: 1.7741226620144313
EVS: 0.327403096368976
