Model: GRU
MSE: 5.775150204695321
MAE: 1.544194627691198
EVS: 0.21073411901487615
