Model: GRU
MSE: 2.15425296532592
MAE: 1.1564243811148183
EVS: 0.5092039046605223
