Model: GRU
MSE: 6.242179110770743
MAE: 1.63592145619569
EVS: 0.14104804283281536
