Model: GRU
MSE: 3.0813213098502064
MAE: 1.426455285814073
EVS: 0.27747141828598654
