Model: GRU
MSE: 2.0709421497475438
MAE: 1.1222525349369752
EVS: 0.5148491078937252
