Model: GRU
MSE: 6.127887023405408
MAE: 1.5049636982105394
EVS: 0.16321585051213983
