Model: GRU
MSE: 2.843842188988134
MAE: 1.3497301384254736
EVS: 0.48794983250033064
