Model: GRU
MSE: 3.82668673791199
MAE: 1.5760488863344546
EVS: 0.42324296654998717
