Model: GRU
MSE: 4.883375285657579
MAE: 1.8780545658535426
EVS: 0.4632456448477561
