Model: GRU
MSE: 2.7237833302734633
MAE: 1.302587615119086
EVS: 0.436885569506533
