Model: GRU
MSE: 2.5484677089156467
MAE: 1.2495250525297938
EVS: 0.4327968204118663
