Model: GRU
MSE: 5.401837788039806
MAE: 1.6238800331398293
EVS: 0.30441695927049184
