Model: GRU
MSE: 2.809334752698507
MAE: 1.3063276432178639
EVS: 0.4457433729716772
