Model: GRU
MSE: 2.725675768932559
MAE: 1.3303481031347202
EVS: 0.4025006039042953
