Model: GRU
MSE: 3.1492057150663477
MAE: 1.3916937686778879
EVS: 0.385105327060682
