Model: GRU
MSE: 2.5526154614254173
MAE: 1.2891891090958205
EVS: 0.41026307922990923
