Model: GRU
MSE: 2.3394882158202184
MAE: 1.1729182490596062
EVS: 0.45273416395297694
