Model: GRU
MSE: 6.092888009830296
MAE: 1.7560587724049883
EVS: 0.24330694133442454
