Model: GRU
MSE: 2.7238893171775924
MAE: 1.3507375717163084
EVS: 0.36851913399509795
