Model: GRU
MSE: 4.266533462148328
MAE: 1.793321503533257
EVS: 0.4997880653973684
