Model: GRU
MSE: 3.059327404763793
MAE: 1.3990508362098975
EVS: 0.32833242454224887
