Model: GRU
MSE: 4.510883637133314
MAE: 1.8761037190755205
EVS: 0.5594520820616288
