Model: GRU
MSE: 8.69475311924813
MAE: 2.0469066390284785
EVS: 0.04048574192168597
