Model: GRU
MSE: 6.365430421916035
MAE: 1.8362672328948975
EVS: 0.1653735664457402
