Model: GRU
MSE: 2.504243125153405
MAE: 1.2712330288357203
EVS: 0.4211553544048313
