Model: GRU
MSE: 3.3803451402046627
MAE: 1.4936541274741844
EVS: 0.28995284355508966
