Model: GRU
MSE: 2.1897942949948357
MAE: 1.2375574465151185
EVS: 0.5604122117550085
