Model: GRU
MSE: 2.2752279811380767
MAE: 1.105284055074056
EVS: 0.5022411034424976
