Model: GRU
MSE: 2.2030550323126783
MAE: 1.1324492560492618
EVS: 0.4856315062369648
