Model: GRU
MSE: 4.401304203048791
MAE: 1.7715061152422866
EVS: 0.45326876975759045
