Model: GRU
MSE: 2.6194364937233257
MAE: 1.268164069564254
EVS: 0.44391741922309114
