Model: GRU
MSE: 2.5953586529114485
MAE: 1.2833284272087941
EVS: 0.45069698005762215
