Model: GRU
MSE: 2.79308828943003
MAE: 1.2920488781399195
EVS: 0.3917021184087145
