Model: GRU
MSE: 2.8640299902446906
MAE: 1.317478921678331
EVS: 0.4552498028771711
