Model: GRU
MSE: 3.8085038358442898
MAE: 1.580742588749638
EVS: 0.46099673135874386
