Model: GRU
MSE: 6.392723336257969
MAE: 1.5485758693129925
EVS: 0.11686449312348568
