Model: GRU
MSE: 2.635248118777115
MAE: 1.2929411111054594
EVS: 0.3810102866317825
