Model: GRU
MSE: 3.0010841595403512
MAE: 1.424590569955331
EVS: 0.4437570943355158
