Model: GRU
MSE: 8.385179954889777
MAE: 2.086998286070647
EVS: -0.004931754392914822
