Model: GRU
MSE: 5.251424818791957
MAE: 1.6370849079555936
EVS: 0.3374437687614452
