Model: GRU
MSE: 2.3924237893861227
MAE: 1.229094999807852
EVS: 0.4376530736924956
