Model: GRU
MSE: 6.897231059216186
MAE: 1.8783039958388716
EVS: 0.13229325639913714
