Model: GRU
MSE: 2.6744992643715344
MAE: 1.2816274960835772
EVS: 0.3876462875712897
