Model: GRU
MSE: 3.449725806926843
MAE: 1.5793649708783182
EVS: 0.4861921215794125
