Model: GRU
MSE: 7.563620637973598
MAE: 2.440256224738227
EVS: 0.4457335189910123
