Model: GRU
MSE: 2.5883920344513496
MAE: 1.2487077006587273
EVS: 0.44806267698874735
