Model: GRU
MSE: 4.090341369201177
MAE: 1.6081975830925832
EVS: 0.14559407144641257
