Model: GRU
MSE: 13329.269119534529
MAE: 115.43405999077692
EVS: 0.0
