Model: GRU
MSE: 6.143289343237121
MAE: 2.214392679708975
EVS: 0.5494131736995423
