Model: GRU
MSE: 5.987412752486294
MAE: 1.7180135647455852
EVS: 0.25301041882334574
