Model: GRU
MSE: 2.3261010156557616
MAE: 1.2385335498385956
EVS: 0.5273564918595033
