Model: GRU
MSE: 2.5645771590577615
MAE: 1.2348832201074669
EVS: 0.42083551009676357
