Model: GRU
MSE: 2.2163523166037953
MAE: 1.2249774932861326
EVS: 0.5321917053547511
