Model: GRU
MSE: 3.420861743474948
MAE: 1.4848114472848395
EVS: 0.4716352677361685
