Model: GRU
MSE: 2.640164960182118
MAE: 1.2761921706023036
EVS: 0.41627628542699113
