Model: GRU
MSE: 2.279899866996789
MAE: 1.1520038180881074
EVS: 0.4990868063340065
