Model: GRU
MSE: 3.429394600650269
MAE: 1.5711123148600257
EVS: 0.5027535824451121
