Model: GRU
MSE: 7.770350338783798
MAE: 1.7280414060310076
EVS: -0.06116846868523362
