Model: GRU
MSE: 3.669601060925944
MAE: 1.595010934052644
EVS: 0.4123148643627942
