Model: GRU
MSE: 6.824825866810552
MAE: 2.3104277893348972
EVS: 0.42478807693213594
