Model: GRU
MSE: 2.185632973427278
MAE: 1.2044468632450807
EVS: 0.4943961330735408
