Model: GRU
MSE: 5.2408642263897445
MAE: 2.0218696594238277
EVS: 0.5664432061924829
