Model: GRU
MSE: 2.3719616301919735
MAE: 1.2570137447781031
EVS: 0.4582314146002008
