Model: GRU
MSE: 2.3433756736600215
MAE: 1.2377408698753072
EVS: 0.46893995211044026
