Model: GRU
MSE: 4.91547666254512
MAE: 1.9546683276141128
EVS: 0.5738048059708682
