Model: GRU
MSE: 4.349847821145927
MAE: 1.7177022121570726
EVS: 0.4075921675580034
