Model: GRU
MSE: 5.126846276300881
MAE: 2.002389272054036
EVS: 0.4966368350910525
