Model: GRU
MSE: 8.55717408801307
MAE: 2.626616778197112
EVS: 0.5122722993982235
