Model: GRU
MSE: 2.441214496862542
MAE: 1.2107257843017576
EVS: 0.42751024621267997
