Model: GRU
MSE: 2.4467465531555437
MAE: 1.225773670055248
EVS: 0.4392857757618204
