Model: GRU
MSE: 6.107462883015016
MAE: 1.671264913347032
EVS: 0.18463494575829342
