Model: GRU
MSE: 2.575340675572145
MAE: 1.2822248670789929
EVS: 0.40704403868220784
