Model: GRU
MSE: 2.1136420850113296
MAE: 1.1466000168411818
EVS: 0.5038495413393557
