Model: GRU
MSE: 6.098793228637784
MAE: 2.1363633826926898
EVS: 0.4432301217359065
