Model: GRU
MSE: 4.027857916067423
MAE: 1.6886062268857602
EVS: 0.37993282414705987
