Model: GRU
MSE: 2.8304307276803136
MAE: 1.3315250785262494
EVS: 0.41719108745923894
