Model: GRU
MSE: 6.589906982265961
MAE: 2.3569630340293597
EVS: 0.6130421469184475
