Model: GRU
MSE: 6.508790902315988
MAE: 2.222330941094292
EVS: 0.48535422758672764
