Model: GRU
MSE: 3.937614684096303
MAE: 1.5889141647904006
EVS: 0.40249789651049117
