Model: GRU
MSE: 5.649442883116096
MAE: 1.4987896106861254
EVS: 0.2197579375485661
