Model: GRU
MSE: 2.761249613994398
MAE: 1.3115999786942092
EVS: 0.5238086306797045
