Model: GRU
MSE: 2.4543645689517577
MAE: 1.2223766114976669
EVS: 0.43611220380507065
