Model: GRU
MSE: 3.2102806718541217
MAE: 1.4537016374093512
EVS: 0.5140483088203771
