Model: GRU
MSE: 2536.60862675255
MAE: 50.3189741064001
EVS: -0.08536977381072508
