Model: GRU
MSE: 3.3879639215501465
MAE: 1.433826481854474
EVS: 0.4636831419000236
