Model: GRU
MSE: 2.5339879350809755
MAE: 1.2263477466724535
EVS: 0.42256679715170353
