Model: GRU
MSE: 3.019800221802623
MAE: 1.387005611702248
EVS: 0.2895376017400024
