Model: GRU
MSE: 4.357474881977126
MAE: 1.6788977163809315
EVS: 0.21240419665155008
