Model: GRU
MSE: 3.833020099778759
MAE: 1.6547137013188111
EVS: 0.44632151830528555
