Model: GRU
MSE: 4.875815198439045
MAE: 1.9417192141215003
EVS: 0.5398875262885365
