Model: GRU
MSE: 7.297819344133071
MAE: 1.6478309807954008
EVS: 0.12876520699025074
