Model: GRU
MSE: 2.7188366968685593
MAE: 1.316606627570258
EVS: 0.40169311908791205
