Model: GRU
MSE: 6.954330192311174
MAE: 2.432477933389169
EVS: 0.5922048582967845
