Model: GRU
MSE: 6.157901894328463
MAE: 1.6813440411179148
EVS: 0.25457859546005923
