Model: GRU
MSE: 19.506192875014516
MAE: 4.079029242197673
EVS: 0.36879136244246047
