Model: GRU
MSE: 5.045393571526161
MAE: 1.9203883630258067
EVS: 0.3978772539731519
