Model: GRU
MSE: 8.187039829174648
MAE: 1.933139297697279
EVS: -0.04450654752173855
