Model: GRU
MSE: 1.9365391710248159
MAE: 1.095689844202112
EVS: 0.5478811677479678
