Model: GRU
MSE: 45395.028234084
MAE: 213.0511237250434
EVS: 0.0
