Model: GRU
MSE: 2.517149623213265
MAE: 1.2682751549614797
EVS: 0.4664230739823365
