Model: GRU
MSE: 4.854615802375451
MAE: 1.9683426397818105
EVS: 0.5997011271027786
