Model: GRU
MSE: 6.380391233967505
MAE: 2.1829209151091398
EVS: 0.38504521728318064
