Model: GRU
MSE: 6.04287868331743
MAE: 2.217719855131926
EVS: 0.4943725870918486
