Model: GRU
MSE: 2.219340185152725
MAE: 1.1532499878494826
EVS: 0.4909673760939338
