Model: GRU
MSE: 3.3202530455435952
MAE: 1.5098216268751354
EVS: 0.5025782882349001
