Model: GRU
MSE: 2.6771149986919176
MAE: 1.3301881507590962
EVS: 0.4238274548851775
