Model: GRU
MSE: 2.3855723749144353
MAE: 1.1871077926070601
EVS: 0.5246066698731584
