Model: GRU
MSE: 4.272719626989176
MAE: 1.7173558694344977
EVS: 0.41764387900301525
