Model: GRU
MSE: 3.0331271396852126
MAE: 1.4070586098564997
EVS: 0.4463733814106674
