Model: GRU
MSE: 2.6908833619109918
MAE: 1.3140526171083802
EVS: 0.3814450544173158
