Model: GRU
MSE: 699.6011901655867
MAE: 26.283508088853623
EVS: -0.2129356111980325
