Model: GRU
MSE: 3.30113397851806
MAE: 1.517113968178078
EVS: 0.3267753339021088
