Model: GRU
MSE: 2.326388178359694
MAE: 1.1929757153546365
EVS: 0.46247669714434647
