Model: GRU
MSE: 3.956770290562888
MAE: 1.7160684091073493
EVS: 0.5484809683015355
