Model: GRU
MSE: 8.449383191460518
MAE: 2.107253226968977
EVS: 0.028256610662319992
