Model: GRU
MSE: 3.1113035987732633
MAE: 1.402616500854492
EVS: 0.41487371513165583
