Model: GRU
MSE: 6.206518235546405
MAE: 2.1797183354695635
EVS: 0.47121798052899555
