Model: GRU
MSE: 2.63836540512865
MAE: 1.3985564620406536
EVS: 0.5062952002020562
