Model: GRU
MSE: 2.8917285927706557
MAE: 1.4223233328925236
EVS: 0.3812310069489552
