Model: GRU
MSE: 8.79476741045881
MAE: 2.6374541830133507
EVS: 0.3630224481241766
