Model: GRU
MSE: 6.57952638217062
MAE: 1.8627320748788339
EVS: 0.1824666626385969
