Model: GRU
MSE: 9242.071270991288
MAE: 96.11477971959997
EVS: 0.053338296601872615
