Model: GRU
MSE: 5.952134634506541
MAE: 1.5611372877050327
EVS: 0.1857037814793705
