Model: GRU
MSE: 2.8533074285763638
MAE: 1.3356054447315355
EVS: 0.4620760296033014
