Model: GRU
MSE: 5.996571278852241
MAE: 1.5839634471469453
EVS: 0.18388075094654366
