Model: GRU
MSE: 6.71992668768365
MAE: 2.3122236287152322
EVS: 0.515251155533355
