Model: GRU
MSE: 2.7266473536496614
MAE: 1.3090225149084018
EVS: 0.36208267288257967
