Model: GRU
MSE: 8.31412747312
MAE: 1.7764909532335067
EVS: 0.009157512444628702
