Model: GRU
MSE: 2.89275648382833
MAE: 1.3110770825986506
EVS: 0.4375937832332595
