Model: GRU
MSE: 3.781384344714288
MAE: 1.6593939286691168
EVS: 0.5598192301031764
