Model: GRU
MSE: 2.698662414232987
MAE: 1.3230009078979492
EVS: 0.4331673080342716
