Model: GRU
MSE: 5.064842349797782
MAE: 2.0057057627925166
EVS: 0.5258142355924789
