Model: GRU
MSE: 6.846950100774301
MAE: 1.5490689012739391
EVS: 0.06436618195764865
