Model: GRU
MSE: 3.126230812059003
MAE: 1.4316492080688474
EVS: 0.4116994923870657
