Model: GRU
MSE: 3.671633088745255
MAE: 1.629887616192853
EVS: 0.3100593228192955
