Model: GRU
MSE: 2.496115871095079
MAE: 1.240338290179217
EVS: 0.4157979545555852
