Model: GRU
MSE: 7.363088502636442
MAE: 2.1936225380216325
EVS: 0.2518620141497483
