Model: GRU
MSE: 5.2467791505558
MAE: 1.9747683737013073
EVS: 0.43837738816352867
