Model: GRU
MSE: 4764.343835866258
MAE: 68.98396993566442
EVS: -0.3081800881104959
