Model: GRU
MSE: 161.45305998532123
MAE: 12.448916364599157
EVS: 0.10497959980683247
