Model: GRU
MSE: 6.714225934619951
MAE: 1.6944067124967221
EVS: 0.08321946174461414
