Model: GRU
MSE: 5.172056907791716
MAE: 2.053160897007695
EVS: 0.5161661741662529
