Model: GRU
MSE: 2.420034301966383
MAE: 1.2544947730170353
EVS: 0.4661480909161957
