Model: GRU
MSE: 2.6084553204082104
MAE: 1.3223301569620765
EVS: 0.4120195573345299
