Model: GRU
MSE: 2.256541324781479
MAE: 1.2100334873905885
EVS: 0.4860299687716524
