Model: GRU
MSE: 5.046324781475841
MAE: 1.4054791485821756
EVS: 0.30459256183967764
