Model: GRU
MSE: 3.6092230780925627
MAE: 1.5273793891624166
EVS: 0.37587559233332823
