Model: GRU
MSE: 5.435846350836771
MAE: 2.110371218787299
EVS: 0.5819219990416751
