Model: GRU
MSE: 4.4940679600458076
MAE: 1.5717736526771828
EVS: 0.4038820705499335
