Model: GRU
MSE: 9.127766068151113
MAE: 1.8911330258404766
EVS: -0.0424571973565111
