Model: GRU
MSE: 7.417013747709144
MAE: 1.8865840655786017
EVS: 0.04623254108822916
