Model: GRU
MSE: 6.569174792561263
MAE: 1.786986509958903
EVS: 0.12713748744495024
