Model: GRU
MSE: 8.128806091272654
MAE: 2.3229038715362544
EVS: 0.052894051724714064
