Model: GRU
MSE: 8.21479833187917
MAE: 2.5986978389598705
EVS: 0.535101228093645
