Model: GRU
MSE: 2.3772626373501113
MAE: 1.226342059947826
EVS: 0.5190027637194807
