Model: GRU
MSE: 6.872618767223894
MAE: 1.5680344369676376
EVS: 0.09843007649002922
