Model: GRU
MSE: 4.096769736013339
MAE: 1.6306484363697191
EVS: 0.3639236012153255
