Model: GRU
MSE: 3.4117850110826473
MAE: 1.4957002710413048
EVS: 0.2519981084155902
