Model: GRU
MSE: 10.398252785327486
MAE: 2.267272353172302
EVS: -0.30241201410065677
