Model: GRU
MSE: 7.22691028028068
MAE: 1.7118136794478802
EVS: 0.1340321392867464
