Model: GRU
MSE: 2.915504281578048
MAE: 1.4276165432400172
EVS: 0.4989439258046394
