Model: GRU
MSE: 3.037780533243448
MAE: 1.3223114190278227
EVS: 0.28628736614589345
