Model: GRU
MSE: 2.7389112161075366
MAE: 1.2787339069225168
EVS: 0.4691275097795391
