Model: GRU
MSE: 3.373584979145831
MAE: 1.4448840176617657
EVS: 0.4210664549123535
