Model: GRU
MSE: 5.780405580885758
MAE: 2.1806165730511697
EVS: 0.585447483707409
