Model: GRU
MSE: 6.5890318824113745
MAE: 1.577835612826877
EVS: 0.11254393144535502
