Model: GRU
MSE: 3.0057950937996916
MAE: 1.4005489349365232
EVS: 0.5021874957312823
