Model: GRU
MSE: 4.2371774886573625
MAE: 1.691921587343569
EVS: 0.4484161768548094
