Model: GRU
MSE: 6.048418403317419
MAE: 2.215964635213216
EVS: 0.5721284648188725
