Model: GRU
MSE: 2.6782473638936093
MAE: 1.2877596749199758
EVS: 0.4844361073885002
