Model: GRU
MSE: 4.121047926941578
MAE: 1.645291010538737
EVS: 0.35058072221376513
