Model: GRU
MSE: 743.9605393412197
MAE: 27.19726297590468
EVS: -0.005300880282173459
