Model: GRU
MSE: 5.731119056116784
MAE: 1.7284699192753545
EVS: 0.2977849786466138
