Model: GRU
MSE: 5.4276083648455495
MAE: 1.400226548865989
EVS: 0.2693361912981752
