Model: GRU
MSE: 6.428692123405117
MAE: 2.0007411020773427
EVS: 0.3198298251763121
