Model: GRU
MSE: 2.0421043188250585
MAE: 1.1567020063047053
EVS: 0.5259939262990906
