Model: GRU
MSE: 6.33543454473973
MAE: 1.6627225346035426
EVS: 0.1433903838366093
