Model: GRU
MSE: 3.0692209262736507
MAE: 1.4393987832246
EVS: 0.5218833972224326
