Model: GRU
MSE: 1344.6518935194142
MAE: 36.58775513260453
EVS: -0.3180258096598083
