Model: GRU
MSE: 5.842152969539183
MAE: 1.6211026421299688
EVS: 0.20585074708556883
