Model: GRU
MSE: 2.9111301722097465
MAE: 1.3827647456416374
EVS: 0.4373434355611243
