Model: GRU
MSE: 2.7107039646104
MAE: 1.317685144918936
EVS: 0.4054508824824551
