Model: GRU
MSE: 11.445157877022389
MAE: 2.3371530914748155
EVS: -0.3144726440950185
