Model: GRU
MSE: 3.426163830026375
MAE: 1.568466610378689
EVS: 0.5527845531852151
