Model: GRU
MSE: 4.477689805488739
MAE: 1.7676017549302843
EVS: 0.3450318092444291
