Model: GRU
MSE: 2.368071887485476
MAE: 1.1799017941510233
EVS: 0.4587061677009856
