Model: GRU
MSE: 8.11348997139673
MAE: 1.7455395283522426
EVS: -0.12106376073234815
