Model: GRU
MSE: 6.561558588024976
MAE: 2.3505504219620312
EVS: 0.6205440792225887
