Model: GRU
MSE: 3.5770759114502475
MAE: 1.5304311469749166
EVS: 0.47797197507097966
