Model: GRU
MSE: 6.1787048009499195
MAE: 2.1753478226838285
EVS: 0.39009149119977227
