Model: GRU
MSE: 8.155307384734762
MAE: 2.4536362753974066
EVS: 0.2710895105557215
