Model: GRU
MSE: 2.202853543304997
MAE: 1.2605423397488063
EVS: 0.5263523980451322
