Model: GRU
MSE: 6.3381542702754885
MAE: 2.2462314146536366
EVS: 0.4926930172641574
