Model: GRU
MSE: 5.0840671202023024
MAE: 1.8714453379313154
EVS: 0.2929465439805331
