Model: GRU
MSE: 2.739414939150938
MAE: 1.3328066578617799
EVS: 0.486381385675524
