Model: GRU
MSE: 4.08458137754685
MAE: 1.773062811957465
EVS: 0.538273845175778
