Model: GRU
MSE: 7.0351222240501485
MAE: 2.190330814432215
EVS: 0.3269155181656421
