Model: GRU
MSE: 5.4474488471366405
MAE: 1.6593070560031464
EVS: 0.3035189201172487
