Model: GRU
MSE: 2.773655370088884
MAE: 1.2522237565782333
EVS: 0.4450305772585009
