Model: GRU
MSE: 3.6755288670897066
MAE: 1.4987376177752456
EVS: 0.36222265762310346
