Model: GRU
MSE: 5.497382387767999
MAE: 2.0912130143907333
EVS: 0.5536299327071699
