Model: GRU
MSE: 2.251784656052155
MAE: 1.2072138256496852
EVS: 0.4759591183304078
