Model: GRU
MSE: 5.694137881978391
MAE: 1.3946321452105483
EVS: 0.26892954012918124
