Model: GRU
MSE: 6.66402067312595
MAE: 1.5402714058204932
EVS: 0.14259113252678945
