Model: GRU
MSE: 6.110553179495623
MAE: 1.8617235996105053
EVS: 0.28853456523922016
