Model: GRU
MSE: 7.156761933666346
MAE: 1.5315637676804148
EVS: 0.11750426922728163
