Model: GRU
MSE: 4.326182293699595
MAE: 1.7814640822233974
EVS: 0.4085774094303326
