Model: GRU
MSE: 3.9116667199805386
MAE: 1.5890215944360802
EVS: 0.39977526157494836
