Model: GRU
MSE: 2.651535660962474
MAE: 1.2981122334798174
EVS: 0.37965292502465586
