Model: GRU
MSE: 601.2213100884351
MAE: 24.432957649230957
EVS: -0.0011719143751427463
