Model: GRU
MSE: 3.8526207067251117
MAE: 1.6544986654210971
EVS: 0.15383823887456716
