Model: GRU
MSE: 7.257543247720302
MAE: 2.3186385190045393
EVS: 0.33657502461567457
