Model: GRU
MSE: 5.941989011536414
MAE: 2.130330739197907
EVS: 0.46434851883309225
