Model: GRU
MSE: 2.137760767054041
MAE: 1.202976721304434
EVS: 0.5686734475598256
