Model: GRU
MSE: 2.2186665675411583
MAE: 1.1450387107001407
EVS: 0.5139276263922817
