Model: GRU
MSE: 880.4301510782345
MAE: 29.56256756959138
EVS: 0.10398358918106576
