Model: GRU
MSE: 7.751164247243515
MAE: 1.8112483554416232
EVS: 0.13926876077910744
