Model: GRU
MSE: 3.5106611986507725
MAE: 1.610844117623788
EVS: 0.5447001255777194
