Model: GRU
MSE: 6.8758344399543505
MAE: 1.6160286620811177
EVS: 0.056436069234587105
