Model: GRU
MSE: 5.638798935452313
MAE: 1.9826002297578031
EVS: 0.18264170173722605
