Model: GRU
MSE: 3.4315159780771523
MAE: 1.5516194944028499
EVS: 0.3209524649145321
