Model: GRU
MSE: 3.3116860531363606
MAE: 1.4300484127468533
EVS: 0.41347524452994977
