Model: GRU
MSE: 2.2234228241847322
MAE: 1.098900936267994
EVS: 0.5231913024207981
