Model: GRU
MSE: 5.205876744955184
MAE: 1.6480228459393536
EVS: 0.3320968552683369
