Model: GRU
MSE: 6.550096660084728
MAE: 1.6426774603979926
EVS: 0.10367496837085233
