Model: GRU
MSE: 4.55329686767485
MAE: 1.773933092753092
EVS: 0.3646208488504892
