Model: GRU
MSE: 411.31916989918454
MAE: 20.172010633680557
EVS: -0.0382026407061693
