Model: GRU
MSE: 3.491600416000168
MAE: 1.513409932454427
EVS: 0.45395054979898486
