Model: GRU
MSE: 198.1747057016646
MAE: 13.918351018870318
EVS: -0.04881122090485013
