Model: GRU
MSE: 8.906074191937712
MAE: 1.6891663869222
EVS: -0.20733931138252792
