Model: GRU
MSE: 2.0209059349641993
MAE: 1.1021733460602936
EVS: 0.5389203532402496
