Model: GRU
MSE: 6.161967066558645
MAE: 1.6224276931197552
EVS: 0.16764411441695515
