Model: GRU
MSE: 3.3087518579690762
MAE: 1.4893802360252095
EVS: 0.34651026679938635
