Model: GRU
MSE: 9.776452862529792
MAE: 2.471101384471964
EVS: 0.04205180290882182
