Model: GRU
MSE: 3.6013851229498846
MAE: 1.6437916049250847
EVS: 0.49035472959719417
