Model: GRU
MSE: 4.026825923014206
MAE: 1.5900983457212092
EVS: 0.45586883309495085
