Model: GRU
MSE: 11.607812091557493
MAE: 2.41209935258936
EVS: -0.03764935670428038
