Model: GRU
MSE: 8.827107630006115
MAE: 2.522326906522115
EVS: 0.25903070085923185
