Model: GRU
MSE: 5.425659915727177
MAE: 1.5948459837171767
EVS: 0.2865398505132998
