Model: GRU
MSE: 6.059042749523709
MAE: 2.2086476220024953
EVS: 0.5471588880849423
