Model: GRU
MSE: 400.1956813961738
MAE: 19.893468927454066
EVS: -0.04677793522114815
