Model: GRU
MSE: 2.1867872545388773
MAE: 1.1730237183747465
EVS: 0.5141123900327784
