Model: GRU
MSE: 5.886247242282184
MAE: 2.1543884807162814
EVS: 0.5191696535681796
