Model: GRU
MSE: 4.795843233477423
MAE: 1.9471312275639283
EVS: 0.564413371753931
