Model: GRU
MSE: 2.787501556210995
MAE: 1.3942606184217663
EVS: 0.5561592291630159
