Model: GRU
MSE: 1606.6139042299826
MAE: 40.005484104156494
EVS: 0.12988599487802255
