Model: GRU
MSE: 6.047255807917213
MAE: 1.4574219385782878
EVS: 0.16464444714968984
