Model: GRU
MSE: 2.55753043851698
MAE: 1.3315806035642268
EVS: 0.5532744852106811
