Model: sequential_11
MSE: 1.4233533875085413e-05
MAE: 0.003772735595703125
EVS: 1.0
