Model: sequential_11
MSE: 0.07085705803759386
MAE: 0.16907930374145508
EVS: 0.7167656977121117
