Model: sequential_1
MSE: 0.9453516290559492
MAE: 0.9722919464111328
EVS: 1.0
