Model: sequential_1
MSE: 0.735515646892671
MAE: 0.6158711612224579
EVS: 0.510145723508995
