Model: GRU
MSE: 15.639187636155274
MAE: 3.397026114993625
EVS: -0.5172722561369005
