Model: GRU
MSE: 58.89710472370456
MAE: 7.3070474024172185
EVS: -0.18761962415932998
