Model: GRU
MSE: 12.653045448461869
MAE: 2.913481500413683
EVS: -0.0531305257376431
