Model: GRU
MSE: 9.521397572062563
MAE: 2.4723082648383246
EVS: -0.4171210897063484
