Model: GRU
MSE: 9.796719781302238
MAE: 2.5752506256103516
EVS: -0.3658704753220561
