Model: GRU
MSE: 27.885675891673273
MAE: 4.882701962082474
EVS: -0.6685427819575751
