Model: GRU
MSE: 14.41267283463242
MAE: 3.2643359855369285
EVS: -0.46421852278945885
