Model: GRU
MSE: 44.88337567730106
MAE: 5.707822269863552
EVS: -1.424542679686192
