Model: GRU
MSE: 12.778313742571939
MAE: 3.0168512132432728
EVS: -0.36067344016913827
