Model: GRU
MSE: 13.895029367098282
MAE: 3.0443937513563366
EVS: -0.19929649581119513
