Model: GRU
MSE: 12.277656865173379
MAE: 2.8924669689602323
EVS: -0.5276867555315838
