Model: GRU
MSE: 49.00370355867622
MAE: 5.726275708940294
EVS: -4.049645275748311
