Model: GRU
MSE: 9.446738011207175
MAE: 2.397881790443703
EVS: 0.0493334425888492
