Model: GRU
MSE: 9.485075668886095
MAE: 2.269684826886212
EVS: -0.5920436108732694
