Model: GRU
MSE: 11.970207547638994
MAE: 2.9535210220902055
EVS: -0.43074217703448103
