Model: GRU
MSE: 44.21327943485559
MAE: 5.733294557642053
EVS: -1.6120068655149056
