Model: GRU
MSE: 20.919189579925337
MAE: 4.024724889684607
EVS: -0.9910389051876778
