Model: GRU
MSE: 11.553070098584275
MAE: 2.7295943012943975
EVS: -0.0603841572707573
