Model: GRU
MSE: 18.80145920984291
MAE: 3.9028242605703847
EVS: -0.2088160292051604
