Model: GRU
MSE: 18.246928156571542
MAE: 3.8908828452781394
EVS: 0.05559291989423343
