Model: GRU
MSE: 10.089845141449697
MAE: 2.30075905058119
EVS: -0.68289603922682
