Model: GRU
MSE: 9.148698703236901
MAE: 2.48493516003644
EVS: -0.3275728856874227
