Model: GRU
MSE: 34.77408243579199
MAE: 4.802736600240071
EVS: -2.5899575041781935
