Model: GRU
MSE: 382.55804151820314
MAE: 19.41612528871607
EVS: -0.0024865972852610163
