Model: GRU
MSE: 16.35772846235546
MAE: 3.6571741104125977
EVS: -0.19277466989760916
