Model: GRU
MSE: 14.433183001981956
MAE: 3.226938388965748
EVS: -0.6602750064149199
