Model: GRU
MSE: 10.450205692130684
MAE: 2.606917805141873
EVS: -0.3401678470092977
