Model: GRU
MSE: 18.54217087835719
MAE: 3.907096580222801
EVS: -0.14682658627637712
