Model: GRU
MSE: 15.378791952804367
MAE: 3.362665405979863
EVS: -0.4892579810192115
