Model: GRU
MSE: 12.903705272164391
MAE: 3.154320999428078
EVS: 0.01778098280760687
