Model: GRU
MSE: 18.174635411675517
MAE: 3.912860700062343
EVS: 0.13862939817883102
