Model: GRU
MSE: 16.17350738884822
MAE: 3.5163994188661927
EVS: -0.7625095597060478
