Model: GRU
MSE: 11.462599899977418
MAE: 2.9110104596173323
EVS: 0.03463790854795312
