Model: GRU
MSE: 16.76352838097753
MAE: 3.4781251130280673
EVS: -0.043596023801048656
