Model: GRU
MSE: 20.360690801568026
MAE: 4.040867734838415
EVS: -0.5708986448833477
