Model: GRU
MSE: 12.6173065749045
MAE: 3.126374845151548
EVS: -0.21927978679252202
