Model: GRU
MSE: 11.627530732121933
MAE: 2.5755222815054433
EVS: -0.1291298867929016
