Model: GRU
MSE: 17.74699214231212
MAE: 3.6808099393491394
EVS: -0.4981384256041643
