Model: GRU
MSE: 7.658899013691418
MAE: 1.8455318874782987
EVS: -0.3769025713284697
