Model: GRU
MSE: 14.203322788972905
MAE: 3.0934626261393228
EVS: -0.22109772259433047
