Model: GRU
MSE: 14.71120568762483
MAE: 3.3749494905825013
EVS: -0.32981479508023126
