Model: GRU
MSE: 21.737950436156602
MAE: 4.228905042012532
EVS: -0.2281228989938886
