Model: GRU
MSE: 14.895599653955186
MAE: 3.273943618491844
EVS: -0.49230546737216385
