Model: GRU
MSE: 13.150636878020258
MAE: 3.0598155480844005
EVS: -0.43495440406118724
