Model: GRU
MSE: 17.70082973269254
MAE: 3.7215723814787687
EVS: -0.22675860907834688
