Model: GRU
MSE: 22.643010844534963
MAE: 4.275578498840332
EVS: -0.6890558328071121
