Model: GRU
MSE: 11.82302494387851
MAE: 2.8790952541210033
EVS: -0.43091104633202204
