Model: GRU
MSE: 14.834234850169937
MAE: 3.2184616724650064
EVS: -0.6308004527603659
