Model: GRU
MSE: 30.549478557400814
MAE: 5.165010946768302
EVS: -0.3020469550848297
