Model: GRU
MSE: 9.287358923698102
MAE: 2.306592376143844
EVS: -0.5400714974591756
