Model: GRU
MSE: 9.526826135031754
MAE: 2.4268651185212313
EVS: -0.5146070281286723
