Model: GRU
MSE: 13.370135558940436
MAE: 3.098949767925121
EVS: -0.4518308040657484
