Model: GRU
MSE: 15.3919790569317
MAE: 3.30039769631845
EVS: -0.7598005595259465
