Model: GRU
MSE: 8.628101458148127
MAE: 2.3914315612227828
EVS: -0.3151481707253616
