Model: GRU
MSE: 10.284140221775791
MAE: 2.429563804909035
EVS: -0.6231406650507689
