Model: GRU
MSE: 12.580929147533087
MAE: 2.9725080066257052
EVS: -0.08095597493904405
