Model: GRU
MSE: 17.254574918777237
MAE: 3.6199556986490884
EVS: -0.33416313090211425
