Model: GRU
MSE: 18.204472619587552
MAE: 3.8357485665215387
EVS: 0.08141201519614916
