Model: GRU
MSE: 17.09065004544081
MAE: 3.651781506008572
EVS: 0.10986878920990772
