Model: GRU
MSE: 10.939733394635267
MAE: 2.550945140697338
EVS: -0.6206672327193916
