Model: GRU
MSE: 20.40830869776666
MAE: 4.107254240247938
EVS: -0.27084926306643586
