Model: GRU
MSE: 12.617290947199628
MAE: 3.013332967404966
EVS: -0.4353035062829582
