Model: GRU
MSE: 20.589136673213403
MAE: 4.013874831023039
EVS: -0.44816622321294264
