Model: GRU
MSE: 13.648082145895556
MAE: 3.154888117754901
EVS: -0.4705253224321797
