Model: GRU
MSE: 19.382150692580563
MAE: 3.911603256508156
EVS: -0.020187685755911566
