Model: GRU
MSE: 9.263367180727645
MAE: 2.4935948053995767
EVS: -0.44078140146844547
