Model: GRU
MSE: 391.3229210660888
MAE: 19.640402771808482
EVS: -0.0034544718282574216
