Model: GRU
MSE: 12.709764861543995
MAE: 3.0760634386980974
EVS: 0.028249935368372392
