Model: GRU
MSE: 385.8889970065643
MAE: 19.50071585399133
EVS: -0.009495557597222204
