Model: GRU
MSE: 12.96832832040393
MAE: 3.111631570038972
EVS: -0.0863611468000598
