Model: GRU
MSE: 18.16465247492963
MAE: 3.8618554362544306
EVS: 0.11920222100193567
