Model: GRU
MSE: 21.03191306924819
MAE: 4.135780511079012
EVS: -0.25084358407533114
