Model: GRU
MSE: 15.271467807160265
MAE: 3.3445915822629577
EVS: -0.41857219732781537
