Model: GRU
MSE: 16.43832158573029
MAE: 3.3618170773541487
EVS: -0.7429238903376325
