Model: GRU
MSE: 17.031722977574947
MAE: 3.666840094107169
EVS: -0.285199577036527
