Model: GRU
MSE: 17.966965084983745
MAE: 3.768856543081778
EVS: -0.26051777131849074
