Model: GRU
MSE: 1252.5356216602243
MAE: 35.30975709138093
EVS: -0.03569019347426883
