Model: GRU
MSE: 26.229227671170047
MAE: 4.771698775114836
EVS: -0.1794384724678464
