Model: GRU
MSE: 17.59720680590002
MAE: 3.6593122482299805
EVS: -0.08696176797798372
