Model: GRU
MSE: 53481.94933559938
MAE: 231.2496292679398
EVS: 0.0
