Model: GRU
MSE: 10.254810976705206
MAE: 2.566597585324888
EVS: -0.501621611963762
