Model: GRU
MSE: 7.705436906687249
MAE: 2.2767759252477577
EVS: 0.19991895441209495
