Model: GRU
MSE: 12.071034510651232
MAE: 3.0502500534057617
EVS: -0.21341577453545257
