Model: GRU
MSE: 11.954996568703454
MAE: 2.9075968000623913
EVS: -0.42478371510192825
