Model: GRU
MSE: 13.375261735150398
MAE: 3.1580966666892722
EVS: -0.14074536855872433
