Model: GRU
MSE: 25.138939600681827
MAE: 4.5972384700068725
EVS: -0.1918444053593329
