Model: GRU
MSE: 11.287584669887817
MAE: 2.8824729919433594
EVS: 0.12767604736685534
