Model: GRU
MSE: 14.003224378918654
MAE: 3.234514324753373
EVS: -0.3796036634193489
