Model: GRU
MSE: 9.110620645373071
MAE: 1.9973619249131944
EVS: -0.6281641394445747
