Model: GRU
MSE: 10.218206579587584
MAE: 2.7192885787398726
EVS: -0.3173010071709814
