Model: GRU
MSE: 31.460149596213753
MAE: 5.227845739435266
EVS: -0.22319968926989286
