Model: GRU
MSE: 30.34137938599624
MAE: 5.1177914054305464
EVS: -0.15794167565374062
