Model: GRU
MSE: 10.821767654583205
MAE: 2.7563758426242404
EVS: 0.031004002648544193
