Model: GRU
MSE: 15.489875098972309
MAE: 3.4525163261978715
EVS: -0.3603813870368535
