Model: GRU
MSE: 26.19982825453032
MAE: 4.563008290750009
EVS: -0.5865846153695833
