Model: GRU
MSE: 58.16354322059146
MAE: 6.3950377570258246
EVS: -2.750069178991706
