Model: GRU
MSE: 11.189923506271246
MAE: 2.761225347165708
EVS: -0.5322681098729138
