Model: GRU
MSE: 11.441767296790372
MAE: 2.9333610887880677
EVS: -0.29677128846240786
