Model: GRU
MSE: 8.918928891590811
MAE: 2.232557014182762
EVS: -0.5267199055088578
