Model: GRU
MSE: 8.733047501746249
MAE: 2.1360686973289207
EVS: -0.5159692429227911
