Model: GRU
MSE: 19.034923553270254
MAE: 3.6812245580885143
EVS: -0.29843659235816
