Model: GRU
MSE: 15.996569450763134
MAE: 3.4731100223682545
EVS: -0.5680960302919216
