Model: GRU
MSE: 10.54087656246328
MAE: 2.800570982473868
EVS: 0.18173450593215312
