Model: GRU
MSE: 12.853865389527359
MAE: 2.8283408836082176
EVS: -0.7833530729384843
