Model: GRU
MSE: 16.785470681852868
MAE: 3.6153398443151405
EVS: -0.4123312393103755
