Model: GRU
MSE: 8.789914425726844
MAE: 2.282596305564598
EVS: -0.40175020630868885
