Model: GRU
MSE: 15.15985085960169
MAE: 3.326078255971273
EVS: -0.4563469897046939
