Model: GRU
MSE: 26.473783818535562
MAE: 4.8442196669401945
EVS: 0.1738062144301561
