Model: GRU
MSE: 11.76638506847515
MAE: 2.867655118306478
EVS: -0.5781576924530369
