Model: GRU
MSE: 12.800579135357077
MAE: 2.9334872563680015
EVS: -0.11827420659665999
