Model: GRU
MSE: 38899.98537392732
MAE: 197.21670080114293
EVS: 0.0
