Model: GRU
MSE: 16.909016293519116
MAE: 3.6321065337569625
EVS: -0.6300536930420859
