Model: GRU
MSE: 12.428621834703673
MAE: 2.9661470695778176
EVS: -0.5928682227784838
