Model: GRU
MSE: 8.200555135209504
MAE: 2.318335356535735
EVS: -0.23614600337368552
