Model: GRU
MSE: 16.530425838775987
MAE: 3.6152735816107855
EVS: -0.3241003249937606
