Model: GRU
MSE: 17.11534122688688
MAE: 3.6511997646755643
EVS: 0.16703878378892756
