Model: GRU
MSE: 27.420335612124163
MAE: 4.805074144292761
EVS: -0.3744577810860221
