Model: GRU
MSE: 21.753111509036124
MAE: 4.333622296651204
EVS: -0.04498845544844987
