Model: GRU
MSE: 17.22841362161577
MAE: 3.7341427273220487
EVS: -0.4026513417351745
