Model: GRU
MSE: 17.41131366968636
MAE: 3.499678753040455
EVS: -0.680377878946659
