Model: GRU
MSE: 19.13443390290475
MAE: 3.814392778608534
EVS: -0.716598147045794
