Model: GRU
MSE: 15.138979546908423
MAE: 3.0874959097968206
EVS: -0.3911509210570361
