Model: GRU
MSE: 13.425833995823066
MAE: 2.9202582041422525
EVS: -0.23035644660390564
