Model: GRU
MSE: 13.033797680231963
MAE: 2.9153877011051885
EVS: -0.7374880066866487
