Model: GRU
MSE: 18.645742925552685
MAE: 3.876396161538583
EVS: 0.13958058979315624
