Model: GRU
MSE: 1355.6658486106567
MAE: 36.749055791784215
EVS: 0.06936510864806722
