Model: GRU
MSE: 9.00776552465649
MAE: 2.223290867275662
EVS: -0.4908820146291373
