Model: GRU
MSE: 11.892692058234084
MAE: 2.8011756119904696
EVS: -0.5806527864045992
