Model: GRU
MSE: 7.839390074312582
MAE: 1.9539132294831452
EVS: -0.38739744373248697
