Model: GRU
MSE: 15.430678740776179
MAE: 3.4800472965946905
EVS: 0.015829135658959603
