Model: GRU
MSE: 18.365052906186033
MAE: 3.836910601015444
EVS: 0.06292721378545207
