Model: GRU
MSE: 12.418666180507225
MAE: 3.02157935389766
EVS: -0.31978363513718944
