Model: GRU
MSE: 9.769242934202778
MAE: 2.4139640596177845
EVS: 0.04128142453337391
