Model: GRU
MSE: 18.917782295677608
MAE: 3.9962229905305087
EVS: 0.1585902707545036
