Model: GRU
MSE: 13.061450614745304
MAE: 3.1905495678936995
EVS: -0.34191181720471997
