Model: GRU
MSE: 21.303742032800713
MAE: 4.201171345180935
EVS: -0.17071189611619242
