Model: GRU
MSE: 9.170826982094157
MAE: 2.198400885970504
EVS: -0.5989270765442094
