Model: GRU
MSE: 14.067706095948914
MAE: 3.3604291633323387
EVS: -0.4477722004290776
