Model: GRU
MSE: 18.8879112129617
MAE: 3.837873653129295
EVS: -0.40557224997723895
