Model: GRU
MSE: 13.68886889167236
MAE: 3.3089668485853405
EVS: 0.11102291889760108
