Model: GRU
MSE: 11.458636538217265
MAE: 2.5741354624430337
EVS: -0.10509808162360557
