Model: GRU
MSE: 20.074589384113104
MAE: 3.964901023440891
EVS: -0.5024911896655886
