Model: GRU
MSE: 20.82648349280387
MAE: 3.778726330509892
EVS: -0.6154362882654385
