Model: GRU
MSE: 38.604553796760875
MAE: 5.7133092350429955
EVS: -0.7445375306889177
