Model: GRU
MSE: 11.22595889651964
MAE: 2.7724172450878
EVS: -0.04560176365272173
