Model: GRU
MSE: 14.381675274087213
MAE: 3.2241094377305775
EVS: -0.4238730587120594
