Model: GRU
MSE: 13.947704011084372
MAE: 3.3026694191826715
EVS: -0.06379079140987853
