Model: GRU
MSE: 13.016846750944953
MAE: 3.084198068689417
EVS: -0.10233188930566106
