Model: GRU
MSE: 15.955272158702765
MAE: 3.580127998634621
EVS: -0.4909501161115757
