Model: GRU
MSE: 28.386361977595765
MAE: 4.90835588949698
EVS: -0.5758649596587342
