Model: GRU
MSE: 22.14537954346594
MAE: 4.196355660756429
EVS: -0.36419620757947957
