Model: GRU
MSE: 12.040758008435592
MAE: 3.003532197740343
EVS: -0.4130441368038775
