Model: GRU
MSE: 17.640164330167696
MAE: 3.764605416191949
EVS: -0.031402358127738506
