Model: GRU
MSE: 17.824143288843313
MAE: 3.6334033188996493
EVS: -0.9348328447456364
