Model: GRU
MSE: 13.860257252638938
MAE: 3.041350082114891
EVS: -0.6415303621186588
