Model: GRU
MSE: 17.30845468406423
MAE: 3.707914705629702
EVS: -0.46064625636728973
