Model: GRU
MSE: 11.550541007088281
MAE: 2.9303245191220886
EVS: -0.24403376487819228
