Model: GRU
MSE: 10.955641986488411
MAE: 2.871011168868453
EVS: -0.27900053739642994
