Model: GRU
MSE: 13.570360579870862
MAE: 3.161653483355487
EVS: 0.00933964063870052
