Model: GRU
MSE: 15.895845931678616
MAE: 3.490786905641909
EVS: 0.09843084808732672
