Model: GRU
MSE: 18.657442474752752
MAE: 3.8996216456095376
EVS: -0.4046740243921403
