Model: GRU
MSE: 11.91480971149738
MAE: 2.9716288248697915
EVS: -0.4404467056436798
