Model: GRU
MSE: 18.05548907193891
MAE: 3.738068969161422
EVS: -0.33430870221031395
