Model: GRU
MSE: 23.086177943369403
MAE: 4.3482777984054
EVS: -0.3827094398166475
