Model: GRU
MSE: 28.02680711037795
MAE: 4.874150523432979
EVS: -0.4152046444161386
