Model: GRU
MSE: 13.140520314904414
MAE: 3.1288543983742043
EVS: 0.10909499706321768
