Model: GRU
MSE: 16.311876324424265
MAE: 3.6017895451298467
EVS: -0.28060717330638485
