Model: GRU
MSE: 27.480635358526747
MAE: 4.976940296314381
EVS: 0.04182130267794393
