Model: GRU
MSE: 12.166332811583002
MAE: 2.977225515577528
EVS: -0.3770507239383345
