Model: GRU
MSE: 12.637638327088805
MAE: 2.7851839418764466
EVS: -0.1852624164343808
