Model: GRU
MSE: 9.364936618889764
MAE: 2.38543231398971
EVS: -0.45541679900641374
