Model: GRU
MSE: 9.183104003068602
MAE: 2.1736538145277233
EVS: 0.09109503025906762
