Model: GRU
MSE: 25.66119798679096
MAE: 4.493532533998843
EVS: -1.1002662279206272
