Model: GRU
MSE: 11.654893125505657
MAE: 2.6992884388676397
EVS: -0.6141461719314589
