Model: GRU
MSE: 22.78899860353587
MAE: 4.191476874881321
EVS: -0.8104394895883862
