Model: GRU
MSE: 12.237889177011278
MAE: 2.995155511079011
EVS: -0.31820294183765796
