Model: GRU
MSE: 20.951725370064096
MAE: 4.080452530472367
EVS: 0.0003025938704334097
