Model: GRU
MSE: 12.369789430841255
MAE: 3.0277210164953163
EVS: -0.28775108631434043
