Model: GRU
MSE: 24.57942374116553
MAE: 4.497681529433639
EVS: 0.07416980806371376
