Model: GRU
MSE: 14.758807045183286
MAE: 3.413937639307093
EVS: 0.11209421356330773
