Model: GRU
MSE: 23.59594108201694
MAE: 4.260456438417788
EVS: -0.6226598577455977
