Model: GRU
MSE: 11.825189612912558
MAE: 2.898119891131366
EVS: -0.5815179596848694
