Model: GRU
MSE: 26.651851698885434
MAE: 4.628900527954102
EVS: -0.44137137376128366
