Model: GRU
MSE: 20.180103703810413
MAE: 4.060116767883301
EVS: -0.4338938831639463
