Model: GRU
MSE: 38.69749536619572
MAE: 5.654072584929289
EVS: -1.6113980817606235
