Model: GRU
MSE: 17.66824934414136
MAE: 3.7609255048963757
EVS: -0.23626614358831421
