Model: GRU
MSE: 15.853170988625337
MAE: 3.5518078627409757
EVS: -0.15557211230160606
