Model: GRU
MSE: 8.969282324814602
MAE: 2.198690555713795
EVS: -0.5005006941523449
