Model: GRU
MSE: 30.00134569329263
MAE: 5.036458969116211
EVS: -0.5302025550492191
