Model: GRU
MSE: 10.411390440526533
MAE: 2.6561141543918185
EVS: 0.07683182839337244
