Model: GRU
MSE: 14.028604851128
MAE: 3.214455110055429
EVS: -0.45378287937569506
