Model: GRU
MSE: 18.451996189624307
MAE: 3.899314668443468
EVS: -0.5124489323500325
