Model: GRU
MSE: 18.4372399669455
MAE: 3.785364698480677
EVS: 0.11030977870516578
