Model: GRU
MSE: 17.278993599009954
MAE: 3.623418172200521
EVS: -0.6538160515049327
