Model: GRU
MSE: 29.472575543970347
MAE: 4.88510255460386
EVS: -1.0141490900860748
