Model: GRU
MSE: 12.038662822434162
MAE: 2.7606340690895363
EVS: -0.11673175029739302
