Model: GRU
MSE: 15.748992405516354
MAE: 3.5694797303941517
EVS: -0.011462141973551443
