Model: GRU
MSE: 14.33952306712885
MAE: 3.060655682175248
EVS: -0.888242846813788
