Model: GRU
MSE: 15.87195629773097
MAE: 3.528603959966589
EVS: -0.36953884683964655
