Model: GRU
MSE: 12.840789929430146
MAE: 3.0893965120668763
EVS: -0.03196216131430751
