Model: GRU
MSE: 12.028349538244289
MAE: 2.591123280701814
EVS: -0.21553719321515818
