Model: GRU
MSE: 13.13034283994589
MAE: 2.8367638058132596
EVS: -0.1794398162373667
