Model: GRU
MSE: 16.766669250570683
MAE: 3.686701774597168
EVS: -0.2165266935712511
