Model: GRU
MSE: 13.569937954492431
MAE: 3.238756850913719
EVS: -0.4318877467833242
