Model: GRU
MSE: 17.797931879914728
MAE: 3.757126984772859
EVS: -0.2546286918944638
