Model: GRU
MSE: 20.47409905507946
MAE: 4.044804961593063
EVS: 0.015521665918403982
