Model: GRU
MSE: 11.477910484092346
MAE: 2.4805192947387695
EVS: -0.1452000201690744
