Model: GRU
MSE: 28.47910897886659
MAE: 4.760182910495335
EVS: -0.7951383315019249
