Model: GRU
MSE: 15.855349736052032
MAE: 3.5230282147725425
EVS: 0.11218628697907729
