Model: GRU
MSE: 16.77347710478184
MAE: 3.0737458688241466
EVS: -1.47744338727014
