Model: GRU
MSE: 18.841391976683823
MAE: 3.6733795095373085
EVS: -0.6094320742493582
