Model: GRU
MSE: 17.100659957397585
MAE: 3.605708952303286
EVS: -0.02970919948529982
