Model: GRU
MSE: 14.585586286780469
MAE: 3.3597487343682184
EVS: -0.02395804485483488
