Model: GRU
MSE: 29.796994895645295
MAE: 4.919184737735325
EVS: -1.282791216567856
