Model: GRU
MSE: 16.852539014673077
MAE: 3.4252860104596174
EVS: -0.2846664957864222
