Model: GRU
MSE: 22.380154619974206
MAE: 4.293673444677283
EVS: -0.554505579330707
