Model: GRU
MSE: 24.443768183939568
MAE: 4.473011228773329
EVS: -0.7140310220718658
