Model: GRU
MSE: 12.531184004915657
MAE: 3.007881729691117
EVS: 0.037235410184480955
