Model: GRU
MSE: 10.222001174388627
MAE: 2.4513212133336952
EVS: 0.004287185829069506
