Model: GRU
MSE: 24.59303381328849
MAE: 4.5517317454020185
EVS: -0.20233387111766943
