Model: GRU
MSE: 14.631318952231258
MAE: 3.20927944889775
EVS: 0.003253842619306724
