Model: GRU
MSE: 13.363592067667453
MAE: 3.1893578282109014
EVS: -0.3270935564610489
