Model: GRU
MSE: 34.515342876006336
MAE: 5.442646326842131
EVS: -0.30597312022504375
