Model: GRU
MSE: 11.569753247686432
MAE: 2.8956773546006946
EVS: -0.3340925115725337
