Model: GRU
MSE: 25.005448682730005
MAE: 4.45192089787236
EVS: -0.8411820645559631
