Model: GRU
MSE: 8.52424668498686
MAE: 2.3465391794840493
EVS: -0.3518100832311115
