Model: GRU
MSE: 9.192262730152429
MAE: 2.144460995992025
EVS: -0.6141610862433171
