Model: GRU
MSE: 13.331867237745664
MAE: 3.171984495940032
EVS: -0.36731199532392633
