Model: GRU
MSE: 10.028665425308747
MAE: 1.9339477750990126
EVS: -0.7783350291946523
