Model: GRU
MSE: 19.486333761278097
MAE: 3.8759149092215077
EVS: -0.5290625482723359
