Model: GRU
MSE: 20.399279247006984
MAE: 4.079730546032941
EVS: -0.3920671430633387
