Model: GRU
MSE: 14.368646485240653
MAE: 3.211591120119448
EVS: -0.4632487866062178
