Model: GRU
MSE: 20.53347742959135
MAE: 4.061960679513437
EVS: -0.10669603156913077
