Model: GRU
MSE: 15.813526863715836
MAE: 3.4959953449390553
EVS: -0.5248652982841344
