Model: GRU
MSE: 2232.4098238653305
MAE: 47.13659773932563
EVS: -0.05307537565670173
