Model: GRU
MSE: 10.533540553027334
MAE: 2.7554861351295754
EVS: 0.16421302726047748
