Model: GRU
MSE: 14.130497489503627
MAE: 3.2646923065185547
EVS: -0.32869363880770264
