Model: GRU
MSE: 9.229602134942912
MAE: 2.2363839326081454
EVS: -0.53311736292378
