Model: GRU
MSE: 10.075707951641595
MAE: 2.1713520332618996
EVS: 0.051449247859956415
