Model: GRU
MSE: 8.929211389069982
MAE: 2.1561714808146157
EVS: -0.5162414846385375
