Model: GRU
MSE: 15.73026510824353
MAE: 3.4902177210207337
EVS: -0.45177083278780983
