Model: GRU
MSE: 19.389300286845668
MAE: 3.9452653990851507
EVS: -0.47987125315312595
