Model: GRU
MSE: 10.413758372963828
MAE: 2.559969937359845
EVS: -0.5288104495957779
