Model: GRU
MSE: 10.275106009399678
MAE: 2.5704915082013167
EVS: 0.02799235510353748
