Model: GRU
MSE: 24.910932694789558
MAE: 4.519744661119249
EVS: -0.6535453764732169
