Model: GRU
MSE: 17.413867974300754
MAE: 3.6781043299922236
EVS: -0.43841412108222566
