Model: GRU
MSE: 15.12777769291949
MAE: 3.4505914405540183
EVS: -0.3865488685978202
