Model: GRU
MSE: 25.613020403772445
MAE: 4.587214116696958
EVS: -0.7710802094574913
