Model: GRU
MSE: 12.194388945016827
MAE: 2.952564380787037
EVS: -0.4186818413316189
