Model: GRU
MSE: 13.935680712417673
MAE: 3.2883972591824002
EVS: -0.39177139026049335
