Model: GRU
MSE: 19.462889987731486
MAE: 3.888810987825747
EVS: -0.4493347951823623
