Model: GRU
MSE: 34.40306985368153
MAE: 5.502392945466219
EVS: -0.2885885637937833
