Model: GRU
MSE: 15.034137071369413
MAE: 3.1002012888590493
EVS: -0.7894684992800027
