Model: GRU
MSE: 13.037788132102394
MAE: 2.724900069060149
EVS: -1.0797297000291537
