Model: GRU
MSE: 27.33140237366617
MAE: 4.712455537584093
EVS: -1.1589300534839406
