Model: GRU
MSE: 12.841122198912066
MAE: 2.915366737930863
EVS: -0.7917641641471365
