Model: GRU
MSE: 10.038934677350342
MAE: 2.6376418007744684
EVS: -0.36137424248267225
