Model: GRU
MSE: 16.87578003372212
MAE: 3.556917985280355
EVS: 0.0706994531929227
