Model: GRU
MSE: 1098.4420444756238
MAE: 32.9799488208912
EVS: -0.0744386308978775
