Model: GRU
MSE: 26597.48301740545
MAE: 163.05662762677227
EVS: -2.220446049250313e-16
