Model: GRU
MSE: 19.602839486761393
MAE: 4.00016431455259
EVS: -0.015736598082236597
