Model: GRU
MSE: 8.228915340444473
MAE: 2.3070512347751193
EVS: -0.30725751691431746
