Model: GRU
MSE: 22.04263866288427
MAE: 4.330863599424009
EVS: -0.05401616171341983
