Model: GRU
MSE: 11.769571783102274
MAE: 2.9256680100052446
EVS: 0.017205929915245388
