Model: GRU
MSE: 1340.6762500455834
MAE: 36.489673967714666
EVS: 0.08376519546581451
