Model: GRU
MSE: 17.52779235650619
MAE: 3.6667571597629123
EVS: -0.8014881530563627
