Model: GRU
MSE: 19.429383925355744
MAE: 3.849527359008789
EVS: -0.6617859688227943
