Model: GRU
MSE: 15.43455882455173
MAE: 3.4688571294148765
EVS: -0.16199181794243955
