Model: GRU
MSE: 20.380762176610915
MAE: 4.067293273078071
EVS: -0.22966705324836312
