Model: GRU
MSE: 11.352865756663665
MAE: 2.8198556016992637
EVS: -0.45961072137067593
