Model: GRU
MSE: 10.221617293197099
MAE: 2.5244025301050255
EVS: -0.5283105111190964
