Model: GRU
MSE: 13.083060991391433
MAE: 2.5393474720142506
EVS: -0.3021702485587552
