Model: GRU
MSE: 14.748196051326456
MAE: 3.33808257844713
EVS: -0.3983958686481206
