Model: GRU
MSE: 19.241265799056237
MAE: 3.330998420715332
EVS: -0.7379358761977863
