Model: GRU
MSE: 20.164766056444268
MAE: 4.112957300963225
EVS: -0.08278814488126907
