Model: GRU
MSE: 19.91930791720592
MAE: 3.9256523273609303
EVS: -0.16011295161338102
