Model: GRU
MSE: 21.252499559678967
MAE: 4.1415944805851685
EVS: -0.631189476695027
