Model: GRU
MSE: 12.51234837941286
MAE: 2.952108135929814
EVS: -0.09854462700539357
