Model: GRU
MSE: 10.968484964127802
MAE: 2.7619297592728227
EVS: -0.010541450341209568
