Model: GRU
MSE: 16.36234517981552
MAE: 3.521812986444544
EVS: -0.6588517101180116
