Model: GRU
MSE: 11.45943638073958
MAE: 2.8592221471998425
EVS: 0.08200538112349653
