Model: GRU
MSE: 13.98606362954649
MAE: 3.0848953458997936
EVS: -0.670679634387402
