Model: GRU
MSE: 9.124613654334805
MAE: 2.5615325150666415
EVS: -0.2656635064868811
