Model: GRU
MSE: 825.9473617242546
MAE: 28.559289261146827
EVS: -0.029458849360386674
