Model: GRU
MSE: 13.977553263208156
MAE: 3.3152990341186523
EVS: -0.27220940540811966
