Model: GRU
MSE: 10.162943067026694
MAE: 2.515797226517289
EVS: -0.007065543081796299
