Model: GRU
MSE: 23.029953808037742
MAE: 4.336994135821307
EVS: -0.5977231365082532
