Model: GRU
MSE: 17.87771759806347
MAE: 3.734578768412272
EVS: -0.6130330215028785
