Model: GRU
MSE: 14.822138195854306
MAE: 3.3981901098180702
EVS: -0.05845317875990563
