Model: GRU
MSE: 13.103714261975794
MAE: 3.1454464241310403
EVS: -0.005148292740919658
