Model: GRU
MSE: 14.644424010549368
MAE: 3.387859662373861
EVS: -0.4640054762053223
