Model: GRU
MSE: 373.8359175443959
MAE: 19.189706219567192
EVS: -0.005899954479771541
