Model: GRU
MSE: 20.380973795576548
MAE: 3.9744415989628545
EVS: -0.47411781216792215
