Model: GRU
MSE: 14.368517448580725
MAE: 3.333847575717502
EVS: -0.2672395716631273
