Model: GRU
MSE: 20.652303055240097
MAE: 4.120037573355216
EVS: -0.6779215041439144
