Model: GRU
MSE: 11.41204977655478
MAE: 2.8629881187721535
EVS: -0.4879625943766768
