Model: GRU
MSE: 17.644325032862778
MAE: 3.7222154405381946
EVS: -0.44919311513143967
