Model: GRU
MSE: 11.004016500598043
MAE: 2.903740070484303
EVS: 0.11078973140376347
