Model: GRU
MSE: 17.93031577210732
MAE: 3.7034574438024452
EVS: -0.4234678606260467
