Model: GRU
MSE: 12.91186612584776
MAE: 3.104661235102901
EVS: -0.3306414234250654
