Model: GRU
MSE: 16.45515266342513
MAE: 3.6076311535305448
EVS: -0.4720346377636673
