Model: GRU
MSE: 21.152041821084282
MAE: 3.9900599938851817
EVS: -1.2139738774219593
