Model: GRU
MSE: 14.449400065392721
MAE: 3.336708987200702
EVS: -0.345247112580118
