Model: GRU
MSE: 40.64461102988194
MAE: 5.4576480729239325
EVS: -1.179596859142697
