Model: GRU
MSE: 19.660734589911627
MAE: 3.877647382241708
EVS: -0.5473750711769061
