Model: GRU
MSE: 24.196937732122663
MAE: 4.453277128714102
EVS: -0.45233862854563434
