Model: GRU
MSE: 12.956904929632266
MAE: 3.0707019170125327
EVS: -0.3903667649389275
