Model: GRU
MSE: 21.84878026612343
MAE: 4.082827779981825
EVS: -0.3537208407529262
