Model: GRU
MSE: 15.343005193678504
MAE: 3.3685327106051974
EVS: -0.42975533365327423
