Model: GRU
MSE: 12.323255065510912
MAE: 2.776337093777127
EVS: -0.8254279401096649
