Model: GRU
MSE: 12.672993126327768
MAE: 2.994873152838813
EVS: -0.5061417526885998
