Model: GRU
MSE: 22.23525625066706
MAE: 4.261221903341788
EVS: -0.3984324552392857
