Model: GRU
MSE: 13.737501029581768
MAE: 3.2944172753228083
EVS: 0.017940047955632532
