Model: GRU
MSE: 10.200591223113811
MAE: 2.3810880802295826
EVS: -0.01808491874429463
