Model: GRU
MSE: 10.582468381007866
MAE: 2.52937180907638
EVS: -0.6150089553774796
