Model: GRU
MSE: 11.235292518132626
MAE: 2.8149600205598055
EVS: -0.4108764906178408
