Model: GRU
MSE: 27.021470780255633
MAE: 4.660185548994276
EVS: -0.6853468484860992
