Model: GRU
MSE: 15.623380773164273
MAE: 3.5060543837370695
EVS: -0.39796979644277264
