Model: GRU
MSE: 16.270849874274003
MAE: 3.5632309560422546
EVS: 0.13492819728512018
