Model: GRU
MSE: 15.287883221735987
MAE: 3.190773752000597
EVS: -0.30434744996574215
