Model: GRU
MSE: 15.10516359642878
MAE: 3.3904440491287797
EVS: -0.05879361112839776
