Model: GRU
MSE: 15.977583258773949
MAE: 3.4932222719545716
EVS: -0.10087267703525393
