Model: GRU
MSE: 13.269516690949988
MAE: 3.059731200889305
EVS: -0.015931066856878395
