Model: GRU
MSE: 10.311522251041154
MAE: 2.648926946851942
EVS: -0.40381950962719215
