Model: GRU
MSE: 34.99675233600192
MAE: 5.53708842948631
EVS: -0.327412755755468
