Model: GRU
MSE: 1345.3166174573514
MAE: 36.54786364237467
EVS: 0.04480632756656233
