Model: GRU
MSE: 14.320708469692025
MAE: 3.2571966736404985
EVS: -0.659265823081189
