Model: GRU
MSE: 19.094612194774225
MAE: 3.809160974290636
EVS: -0.8740737022977638
