Model: GRU
MSE: 12.045676261024212
MAE: 2.9150723174766258
EVS: -0.45913506416904015
