Model: GRU
MSE: 17.985397397411127
MAE: 3.6858367566709167
EVS: -0.5125686152067428
