Model: GRU
MSE: 13.229813028325864
MAE: 3.194232128284596
EVS: -0.45006916265306307
