Model: GRU
MSE: 13.869975962405213
MAE: 3.2165730087845414
EVS: -0.4160306447376867
