Model: GRU
MSE: 25.66442501033173
MAE: 4.255438310128671
EVS: -1.017397487666615
