Model: GRU
MSE: 9.616820073065389
MAE: 2.033806836163556
EVS: 0.12528239225942428
