Model: GRU
MSE: 10.074878286025692
MAE: 2.4480723628291376
EVS: -0.5347666005713096
