Model: GRU
MSE: 11.440515376615217
MAE: 2.9035865289193614
EVS: -0.39439964295902397
