Model: GRU
MSE: 15.406342750246175
MAE: 3.4574656309904874
EVS: -0.590490270419568
