Model: GRU
MSE: 18.284750096287098
MAE: 3.723346639562536
EVS: -0.2039634939563657
