Model: GRU
MSE: 19.373898050730194
MAE: 3.750506118491844
EVS: -0.5132940765651188
