Model: GRU
MSE: 14.69272467490895
MAE: 3.4308162618566445
EVS: -0.30422009703464803
