Model: GRU
MSE: 7.8598240634553935
MAE: 2.142952177259657
EVS: -0.3582969375997609
