Model: GRU
MSE: 15.303039436542045
MAE: 3.409963183932834
EVS: -0.6491448535152704
