Model: GRU
MSE: 9.07645550069598
MAE: 2.2647187268292464
EVS: -0.4926371001897709
