Model: GRU
MSE: 16.708963059626175
MAE: 3.6078480967768916
EVS: -0.4069220152344757
