Model: GRU
MSE: 27.813406173997095
MAE: 4.82479046009205
EVS: -0.3642371477585691
