Model: GRU
MSE: 14.59779515671188
MAE: 3.2112512941713685
EVS: -0.6084085666898624
