Model: GRU
MSE: 15.103034863052665
MAE: 3.3516973036306874
EVS: -0.3884062217907924
