Model: GRU
MSE: 12.534691268722815
MAE: 2.809273331253617
EVS: -0.11841564639785829
