Model: GRU
MSE: 12.439659511330026
MAE: 3.0067382199423656
EVS: 0.027693441056278356
