Model: GRU
MSE: 16.472152425103534
MAE: 3.4798732510319463
EVS: -0.47481577540983344
