Model: GRU
MSE: 18.004218469409217
MAE: 3.84892714465106
EVS: -0.35414049636027833
