Model: GRU
MSE: 22.685703628536398
MAE: 4.292906478599265
EVS: -0.2676099772732279
