Model: GRU
MSE: 10.620822592707588
MAE: 2.673018950003165
EVS: -0.468022125992847
