Model: GRU
MSE: 12.981729118788591
MAE: 3.1387231438248246
EVS: 0.11020745190150494
