Model: GRU
MSE: 11.310289308191015
MAE: 2.2777062168827764
EVS: -0.929701730283653
