Model: GRU
MSE: 12.32857837008908
MAE: 3.0467505631623446
EVS: 0.0496403858046961
