Model: GRU
MSE: 12.153068863742226
MAE: 3.021520826551649
EVS: -0.36919977886841715
