Model: GRU
MSE: 9.381410963143496
MAE: 2.3007261841385453
EVS: -0.5225167217230664
