Model: GRU
MSE: 383.1095457860334
MAE: 19.424509633470464
EVS: -0.04311971049968255
