Model: GRU
MSE: 11.228575555247861
MAE: 2.2978879610697427
EVS: -0.2575099315791016
