Model: GRU
MSE: 18.477398365526387
MAE: 3.6948954617535628
EVS: -0.5063606302725172
