Model: GRU
MSE: 21.444059615897263
MAE: 4.167942135422318
EVS: -0.47159715819332404
