Model: GRU
MSE: 15.034700516489567
MAE: 3.2991922519825123
EVS: -0.21339729786945272
