Model: GRU
MSE: 15.60795107656112
MAE: 3.4623729211312755
EVS: -0.17358285950958874
