Model: GRU
MSE: 21.308120092643158
MAE: 3.93800231388637
EVS: -0.5473158579581638
