Model: GRU
MSE: 33.436938786051506
MAE: 5.397547580577709
EVS: 0.15232207661049413
