Model: GRU
MSE: 10.535002282222566
MAE: 2.676709033824779
EVS: -0.4204405297689995
