Model: GRU
MSE: 30.666189314516014
MAE: 5.058235698276096
EVS: -0.8338637253355128
