Model: GRU
MSE: 740.4859109174154
MAE: 27.11031765407986
EVS: 0.007504351093879813
