Model: GRU
MSE: 2128.0172012931407
MAE: 46.064671198527016
EVS: -0.09084966845823117
