Model: GRU
MSE: 9.838812653085707
MAE: 2.5042559659039534
EVS: -0.4568332111075566
