Model: GRU
MSE: 16.48464173066599
MAE: 3.498101269757306
EVS: -0.469139527690136
