Model: GRU
MSE: 14.089170826795149
MAE: 3.129272425616229
EVS: -0.6422378153594561
