Model: GRU
MSE: 19.016436202351247
MAE: 3.8261153433057995
EVS: -0.4886495939295987
