Model: GRU
MSE: 13.323402657063054
MAE: 2.917749864083749
EVS: -0.20689894668448994
