Model: GRU
MSE: 16.52427598250068
MAE: 3.5461913214789496
EVS: -0.3500840828105629
