Model: GRU
MSE: 16.423519799002694
MAE: 3.6506965072066695
EVS: -0.018985121846423647
