Model: GRU
MSE: 12.652128915256542
MAE: 2.894129399900083
EVS: -0.12152190039395872
