Model: GRU
MSE: 9.484070053122878
MAE: 2.341185869993987
EVS: -0.5471693300911689
