Model: GRU
MSE: 17.86530004120262
MAE: 3.7093783484564886
EVS: -0.365525916469263
