Model: GRU
MSE: 12.464849619612535
MAE: 2.9714119699266224
EVS: -0.4237068525108618
