Model: GRU
MSE: 16.188018427266663
MAE: 3.5001036326090493
EVS: -0.5039991511735273
