Model: GRU
MSE: 12.769228053671954
MAE: 3.1627783245510526
EVS: -0.32126505616358614
