Model: GRU
MSE: 15.99468829404254
MAE: 3.4231250904224537
EVS: -0.5912305226985193
