Model: GRU
MSE: 13.57697017974102
MAE: 3.2568002630163124
EVS: 0.04907050972867544
