Model: GRU
MSE: 14.410970944721022
MAE: 3.331584259315773
EVS: -0.3440322327107632
