Model: GRU
MSE: 14.55375750451414
MAE: 3.3191613444575556
EVS: -0.5366916867559861
