Model: GRU
MSE: 8.795353004724246
MAE: 2.2174144321017795
EVS: -0.46246087048951057
