Model: GRU
MSE: 10.088233288552315
MAE: 2.6321564073915833
EVS: -0.41350212730131797
