Model: GRU
MSE: 13.069355754216842
MAE: 3.1288804654721862
EVS: -0.3868080563074576
