Model: GRU
MSE: 18.16658143360534
MAE: 3.7208546532524958
EVS: -0.372250505880765
