Model: GRU
MSE: 18.79723701684847
MAE: 3.846545131118209
EVS: -0.2817056339112036
