Model: GRU
MSE: 13.297229779507123
MAE: 3.1366755344249584
EVS: -0.369232326710931
