Model: GRU
MSE: 27.70918517589787
MAE: 4.875396728515625
EVS: -0.19151313394282776
