Model: GRU
MSE: 15.763944086980768
MAE: 3.265647534970884
EVS: -0.3174083973733246
