Model: GRU
MSE: 14.980027625083494
MAE: 3.3797773078635887
EVS: -0.47833578912329
