Model: GRU
MSE: 16.45179151172572
MAE: 3.5748009505095304
EVS: -0.3517966218496358
