Model: GRU
MSE: 18.739535036198603
MAE: 3.814080167699743
EVS: -0.4597937867072315
