Model: GRU
MSE: 24.025971204846595
MAE: 3.920359249468203
EVS: -1.8445771451852058
