Model: GRU
MSE: 12.600331581889057
MAE: 3.0427909919193814
EVS: -0.0032449627372184153
