Model: GRU
MSE: 13.299541877774
MAE: 3.090269583242911
EVS: -0.1372719590514475
