Model: GRU
MSE: 10.64806948827431
MAE: 2.7643633242006653
EVS: -0.331577604899264
