Model: GRU
MSE: 14.150952541330803
MAE: 3.2881601828115956
EVS: -0.3933828416575458
