Model: GRU
MSE: 12.014600515013255
MAE: 2.9625172791657626
EVS: -0.3860922658882422
