Model: GRU
MSE: 15.434801059176573
MAE: 3.442880453886809
EVS: -0.5245034547244358
