Model: GRU
MSE: 13.521416767227963
MAE: 3.038341663501881
EVS: -0.16226581855180688
