Model: GRU
MSE: 14.359029405219122
MAE: 3.3307627218740956
EVS: -0.06412229578451978
