Model: GRU
MSE: 13.842248209848346
MAE: 3.2199794628002025
EVS: -0.02074962401821079
