Model: GRU
MSE: 14.052582483105517
MAE: 3.2841770030834057
EVS: -0.3359491662329519
