Model: GRU
MSE: 15.611588080505127
MAE: 3.4818859806767217
EVS: -0.3019715753686114
