Model: GRU
MSE: 23.205845539625713
MAE: 4.401677025689019
EVS: -0.4031776558107407
