Model: GRU
MSE: 11.146186757175807
MAE: 2.3129454365483038
EVS: -0.11084049159474851
