Model: GRU
MSE: 12.619762096699189
MAE: 3.116151491800944
EVS: -0.25617508141321155
