Model: GRU
MSE: 13.437563070908187
MAE: 3.197101275126139
EVS: -0.022703005115426667
