Model: GRU
MSE: 19.170846955424334
MAE: 3.936738402755172
EVS: 0.08754494551291281
