Model: GRU
MSE: 20.351280323967263
MAE: 4.120214921456796
EVS: -0.15639063530556796
