Model: GRU
MSE: 14.566753606087534
MAE: 3.326348516676161
EVS: -0.2885684992217774
