Model: GRU
MSE: 13.120882416117874
MAE: 3.10493893093533
EVS: -0.40255261445292145
