Model: GRU
MSE: 18.95783931478997
MAE: 3.8804503168378557
EVS: -0.12224581542959223
