Model: GRU
MSE: 40.53404039494798
MAE: 5.285720021636398
EVS: -1.450404026123838
