Model: GRU
MSE: 9.030451140616437
MAE: 2.3017761089183666
EVS: -0.5067393426820022
