Model: GRU
MSE: 15.340584614809881
MAE: 3.417491171095106
EVS: -0.3066373918217824
