Model: GRU
MSE: 22.010349203519883
MAE: 4.317849441810891
EVS: -0.036345857672405835
