Model: GRU
MSE: 12.149096669539142
MAE: 3.0091510348849826
EVS: -0.36620283408790444
