Model: GRU
MSE: 15.527548637457922
MAE: 3.486645804511176
EVS: -0.45588983055119026
