Model: GRU
MSE: 9.033756754477913
MAE: 2.497009347986292
EVS: -0.27258324116381627
