Model: GRU
MSE: 16.070616950089363
MAE: 3.5005700853135853
EVS: -0.3844296104568763
