Model: GRU
MSE: 22.991461220807146
MAE: 4.249557212547019
EVS: -0.4826730448614378
