Model: GRU
MSE: 9.9183209200951
MAE: 2.5619773158320673
EVS: -0.403799341172862
