Model: GRU
MSE: 29.492499145995613
MAE: 5.039390634607385
EVS: -0.2661980699022306
