Model: GRU
MSE: 9.794076449179826
MAE: 2.0435159471299915
EVS: -0.7443876187139289
