Model: GRU
MSE: 10.291922527560658
MAE: 2.6772373693960683
EVS: 0.10141238560748389
