Model: GRU
MSE: 9.418240929137971
MAE: 2.468669608787254
EVS: -0.4347658776742038
