Model: GRU
MSE: 19.91004629298113
MAE: 3.857064547362151
EVS: -0.46842957020265574
