Model: GRU
MSE: 9.480602802603311
MAE: 2.5419114430745444
EVS: -0.368205402698524
