Model: GRU
MSE: 13.59564129963625
MAE: 3.268322238215694
EVS: -0.38191155728754245
