Model: GRU
MSE: 13.634421918568867
MAE: 3.0789001328604564
EVS: -0.11936551666489303
