Model: GRU
MSE: 11.607401518418555
MAE: 2.6949579450819225
EVS: -0.5649352330021216
