Model: GRU
MSE: 18.84257549122581
MAE: 3.8787899723759405
EVS: 0.0834045323568694
