Model: GRU
MSE: 34.45909857424172
MAE: 5.332393628579599
EVS: -0.75040695135008
