Model: GRU
MSE: 21.444811439205566
MAE: 4.163590254607024
EVS: -0.46768347849697856
