Model: GRU
MSE: 7.002339530026398
MAE: 1.8926020021791812
EVS: -0.258720052521745
