Model: GRU
MSE: 13.611105281920201
MAE: 3.2363879592330367
EVS: -0.06343180027816486
