Model: GRU
MSE: 61.80332786344232
MAE: 6.637128618028429
EVS: -2.375059335190963
