Model: GRU
MSE: 11.495377566566715
MAE: 2.8363504763002747
EVS: -0.3913304735087799
