Model: GRU
MSE: 15.504376559619603
MAE: 3.243722350509078
EVS: -0.836094501093867
