Model: GRU
MSE: 16.6636986340187
MAE: 3.5927094706782587
EVS: 0.042653558298932914
