Model: GRU
MSE: 11.793120494001885
MAE: 2.9223895602756076
EVS: 0.03315426011872069
