Model: GRU
MSE: 30.078231572147875
MAE: 5.126363454041658
EVS: -0.22144129541778867
