Model: GRU
MSE: 14.20973301801964
MAE: 3.2603845596313477
EVS: -0.32524910821275355
