Model: GRU
MSE: 15.98803461480596
MAE: 3.4993807121559426
EVS: -0.12198461388690385
