Model: GRU
MSE: 28.959013510781983
MAE: 4.706559675711173
EVS: -0.6715757748378532
