Model: GRU
MSE: 30.446835271297132
MAE: 4.704716240918195
EVS: -0.876198342927899
