Model: GRU
MSE: 17.838952189730527
MAE: 3.658885214063856
EVS: -0.3789453819162394
