Model: GRU
MSE: 27.04393869721564
MAE: 4.637092660974573
EVS: -0.32785590958763633
