Model: GRU
MSE: 22.39946439085388
MAE: 4.3023594750298395
EVS: -0.12706454886339702
