Model: GRU
MSE: 21.97814084366214
MAE: 4.224227869952166
EVS: -0.48928374471019254
