Model: GRU
MSE: 21.933644193901273
MAE: 4.253717634412977
EVS: -0.03905844829893956
