Model: GRU
MSE: 18.407429077641172
MAE: 3.8009886565031827
EVS: -0.4384085976353591
