Model: GRU
MSE: 14.141401781071384
MAE: 3.291452831692166
EVS: -0.3975889253220459
