Model: GRU
MSE: 8.753416223448832
MAE: 2.4704371179853166
EVS: 0.23438601653612134
