Model: GRU
MSE: 14.405577196753997
MAE: 3.4160531008685076
EVS: -0.23031267239793496
