Model: GRU
MSE: 12.652283069026453
MAE: 3.1653704466643156
EVS: -0.1853886059745855
