Model: GRU
MSE: 21.6224283759537
MAE: 4.145379260734275
EVS: 0.14263685259822312
