Model: GRU
MSE: 17.402301809290865
MAE: 3.623402383592394
EVS: -0.42219924012895405
