Model: GRU
MSE: 22.484730294156922
MAE: 4.251365379050926
EVS: -0.3654726289179422
