Model: GRU
MSE: 24.643802582252444
MAE: 4.4867195200037076
EVS: -0.336371014517856
