Model: GRU
MSE: 27.333669160612065
MAE: 4.515127287970649
EVS: -1.5313188466847794
