Model: GRU
MSE: 16.875134384292224
MAE: 3.606128727948224
EVS: -0.39822953358780255
