Model: GRU
MSE: 22.720111056498993
MAE: 4.214698897467719
EVS: -0.6918184515225059
