Model: GRU
MSE: 10.584113311791986
MAE: 2.526710828145345
EVS: -0.6118082938881637
