Model: GRU
MSE: 14.576263088010247
MAE: 2.982460763719347
EVS: -1.2019588029855588
