Model: GRU
MSE: 898.6037992607596
MAE: 29.847498505203813
EVS: 0.22841855081230877
