Model: GRU
MSE: 23.591856481297093
MAE: 4.510601043701172
EVS: 0.0846378730933719
