Model: GRU
MSE: 12.080912218202279
MAE: 2.96310696778474
EVS: -0.4519828418486813
