Model: GRU
MSE: 2720.944159268248
MAE: 52.10876196402091
EVS: -0.01129604669093931
