Model: GRU
MSE: 18.346691927823652
MAE: 3.8491910651878074
EVS: -0.21044988051714175
