Model: GRU
MSE: 12.859551218372635
MAE: 3.0131604583175093
EVS: -0.4702017638935734
