Model: GRU
MSE: 14.255795257140974
MAE: 3.2796712981330023
EVS: -0.6050057490927119
