Model: GRU
MSE: 9.178033695808658
MAE: 1.8136287971779153
EVS: -0.6083830981220428
