Model: GRU
MSE: 11.31920424478159
MAE: 2.920329694394712
EVS: -0.31422829766020643
