Model: GRU
MSE: 14.353765154398253
MAE: 3.301653367501718
EVS: -0.36253660932285037
