Model: GRU
MSE: 7.996004019358629
MAE: 2.235044973867911
EVS: 0.1465721301640044
