Model: GRU
MSE: 11.512111883127545
MAE: 2.91886043548584
EVS: 0.021617050721903563
