Model: GRU
MSE: 8.551122640077025
MAE: 2.068931261698405
EVS: -0.5118565963879289
