Model: GRU
MSE: 26.30227056687454
MAE: 4.639105938099049
EVS: -0.4791364355658845
