Model: GRU
MSE: 11.080645186286448
MAE: 2.8562418973004378
EVS: -0.29305848920703337
