Model: GRU
MSE: 77.73798186619705
MAE: 8.226761058524803
EVS: -1.5780174660068775
