Model: GRU
MSE: 15.23438532482339
MAE: 3.370723830329047
EVS: -0.3931020131821821
