Model: GRU
MSE: 11.419164247515548
MAE: 2.9101530143192837
EVS: 0.10887202561240861
