Model: GRU
MSE: 10.970218458923531
MAE: 2.742894066704644
EVS: -0.39634384079543294
