Model: GRU
MSE: 59.89437665528102
MAE: 7.371300944575557
EVS: 0.0
