Model: GRU
MSE: 8.240084962844978
MAE: 2.286961732087312
EVS: -0.32980620205077416
