Model: GRU
MSE: 17.276829896606074
MAE: 3.4859189280757197
EVS: -0.6722285399473797
