Model: GRU
MSE: 20.59048722500369
MAE: 4.163319623028791
EVS: -0.1752556369808056
