Model: GRU
MSE: 617.965533027133
MAE: 24.667130170045077
EVS: 0.05199835916430373
