Model: GRU
MSE: 13.627735168679127
MAE: 3.239247957865397
EVS: -0.4298557636795517
