Model: GRU
MSE: 17.543697831666787
MAE: 3.464899363341155
EVS: -1.1625580020561022
