Model: GRU
MSE: 22.352722979448227
MAE: 4.1936630143059626
EVS: -0.34891126884274004
