Model: GRU
MSE: 21.06117469904021
MAE: 4.012611989621763
EVS: -0.23764847600678563
