Model: GRU
MSE: 65.50179221214901
MAE: 7.815853931285717
EVS: -0.1620960342971316
