Model: GRU
MSE: 14.611575585118064
MAE: 3.2951584215517395
EVS: -0.11414225401608302
