Model: GRU
MSE: 10.777305248662607
MAE: 2.76068115234375
EVS: -0.395088288077563
