Model: GRU
MSE: 21.12967950481386
MAE: 4.238117253338849
EVS: -0.23253826683614376
