Model: GRU
MSE: 23.37096881637936
MAE: 4.241037368774414
EVS: -0.5460430767264959
