Model: GRU
MSE: 12.662980125741216
MAE: 2.906373465502704
EVS: -0.06244001150811607
