Model: GRU
MSE: 14.722006715764312
MAE: 3.252120300575539
EVS: -0.4882447290734111
