Model: GRU
MSE: 19.596272087509565
MAE: 3.967227582578306
EVS: -0.22954073027247612
