Model: GRU
MSE: 11.771858047670994
MAE: 2.954732894897461
EVS: 0.05489540529860715
