Model: GRU
MSE: 11.12828535877489
MAE: 2.755893106813784
EVS: -0.06747106954014126
