Model: GRU
MSE: 14.941454493785791
MAE: 3.4632989035712347
EVS: 0.053782148056244705
