Model: GRU
MSE: 17.867920700766195
MAE: 3.7151400954635054
EVS: -0.3126447574678901
