Model: GRU
MSE: 11.094269375679923
MAE: 1.8774498127124928
EVS: -0.897688893365268
