Model: GRU
MSE: 51.62839282863459
MAE: 6.105702470850061
EVS: -1.9954960308839778
