Model: GRU
MSE: 2068.333340855801
MAE: 45.41569292986834
EVS: -0.03416108319611699
