Model: GRU
MSE: 9.294078452774018
MAE: 2.3779142874258534
EVS: -0.47120709695420704
