Model: GRU
MSE: 9.797799721481608
MAE: 1.9486237278691045
EVS: 0.10100823332670295
