Model: GRU
MSE: 14.182229953124484
MAE: 3.285231660913538
EVS: 0.048582914950453415
