Model: GRU
MSE: 8.022175045299196
MAE: 2.10719253398754
EVS: -0.3839830206753094
