Model: GRU
MSE: 8.989489731995187
MAE: 2.420879611262569
EVS: -0.33825606222891214
