Model: GRU
MSE: 14.620218664986101
MAE: 3.0936689023618347
EVS: -1.1195604689401941
