Model: GRU
MSE: 2623.807713730063
MAE: 51.14284423545555
EVS: 0.17985531400635024
