Model: GRU
MSE: 13.474003785789945
MAE: 3.1036963639435946
EVS: -0.5637268192786578
