Model: GRU
MSE: 9.838860176566177
MAE: 2.402382320827908
EVS: -0.040904948980089006
