Model: GRU
MSE: 22.64651664256703
MAE: 4.274545846162019
EVS: -0.727947422757721
