Model: GRU
MSE: 13.559233588161819
MAE: 3.12349651477955
EVS: -0.4442671264342355
