Model: GRU
MSE: 17.275417266568958
MAE: 3.5702571515683776
EVS: -0.46827021410487335
