Model: GRU
MSE: 11.647700975083925
MAE: 2.9433654149373374
EVS: 0.06238797038871158
