Model: GRU
MSE: 10.234860440714867
MAE: 2.6559180506953486
EVS: -0.35436569065538803
