Model: GRU
MSE: 23.492455971542398
MAE: 4.472080230712891
EVS: -0.1440244360947296
