Model: GRU
MSE: 22.555352874530467
MAE: 4.343340732433178
EVS: -0.11547178264288904
