Model: GRU
MSE: 13.881272990705737
MAE: 3.245106485154894
EVS: -0.5051917117727756
