Model: GRU
MSE: 25.71640619795936
MAE: 4.259423361884223
EVS: -0.9475175405735603
