Model: GRU
MSE: 22.149660795428375
MAE: 4.293358061048719
EVS: -0.6359762576145978
