Model: GRU
MSE: 16.463029017007372
MAE: 3.625391606931333
EVS: -0.5085447892746868
