Model: GRU
MSE: 16.511475492867348
MAE: 3.574126950016728
EVS: -0.3464861614882042
