Model: GRU
MSE: 14.778419915754595
MAE: 3.368341092710142
EVS: -0.09673925773631464
