Model: GRU
MSE: 352.39977650596495
MAE: 18.497020842852415
EVS: -0.024033051538910444
