Model: GRU
MSE: 24.259772209140802
MAE: 4.50100725668448
EVS: -0.3625045491431236
