Model: GRU
MSE: 8.552331156551089
MAE: 2.3904252935338905
EVS: 0.0985534110269447
