Model: GRU
MSE: 26.744932261221273
MAE: 4.579997981036151
EVS: -1.2780412546325568
