Model: GRU
MSE: 13.637980659259988
MAE: 3.116432790403013
EVS: -0.09971555317579428
