Model: GRU
MSE: 19.580024938246904
MAE: 3.919909954071045
EVS: -0.7909481801673617
