Model: GRU
MSE: 13.941118592856448
MAE: 3.243408132482458
EVS: 0.13171137250883513
