Model: GRU
MSE: 23.35846624652098
MAE: 4.3806718190511065
EVS: -0.4956561049829469
