Model: GRU
MSE: 39.59007019014013
MAE: 5.954747270654749
EVS: -0.3327453900405717
