Model: GRU
MSE: 31.34555680410486
MAE: 5.171574663232874
EVS: -0.6369481287293273
