Model: GRU
MSE: 10.252737242138615
MAE: 2.61844250007912
EVS: -0.40814457848095675
