Model: GRU
MSE: 25.762842214234734
MAE: 4.630070509733977
EVS: -0.34934223587494495
