Model: GRU
MSE: 14.202086292490565
MAE: 3.0891897060253
EVS: -0.23537050705228113
