Model: GRU
MSE: 9.942681030098061
MAE: 2.0708717240227594
EVS: -0.7679050552072986
