Model: GRU
MSE: 18.0113834118871
MAE: 3.801105428625036
EVS: -0.12249021546863559
