Model: GRU
MSE: 16.474830673792834
MAE: 3.4396688496624983
EVS: -0.9110044321958901
