Model: GRU
MSE: 18.88768820245353
MAE: 3.8625344347070762
EVS: -0.3285906982432585
