Model: GRU
MSE: 28.723466704044515
MAE: 4.32762382711683
EVS: -1.0946959845463495
