Model: GRU
MSE: 11.406519359356363
MAE: 2.7156413042986833
EVS: -0.583262561223628
