Model: GRU
MSE: 9.401666339061059
MAE: 2.3229762889720775
EVS: -0.5036880129303212
