Model: GRU
MSE: 27.64647598486917
MAE: 4.762401192276566
EVS: -0.7245721202702453
