Model: GRU
MSE: 10.537346486830588
MAE: 2.7514429445619935
EVS: -0.3460338852263076
