Model: GRU
MSE: 9.018609769430542
MAE: 2.2689973336678966
EVS: 0.10008067920952579
