Model: GRU
MSE: 14.008178375679092
MAE: 3.3482597492359303
EVS: 0.11793845218844623
