Model: GRU
MSE: 11.951017234333584
MAE: 3.129207151907462
EVS: 0.20014289893106485
