Model: GRU
MSE: 18.021896235234735
MAE: 3.5520238523130065
EVS: -1.1350266335483261
