Model: GRU
MSE: 88.19056021532379
MAE: 8.199228710598415
EVS: -3.9871656231544357
