Model: GRU
MSE: 10.043481755170003
MAE: 2.152578018329762
EVS: -0.7521391670024757
