Model: GRU
MSE: 8.474781176004061
MAE: 2.503175311618381
EVS: -0.20666587624941402
