Model: GRU
MSE: 17.193299368482368
MAE: 3.6898144439414695
EVS: -0.5344782135581294
