Model: GRU
MSE: 21.052668606386927
MAE: 4.046365737915039
EVS: -0.41984681483205777
