Model: GRU
MSE: 13.267097063851772
MAE: 2.8710445827907987
EVS: -0.2176930444251468
