Model: GRU
MSE: 13.160790115347043
MAE: 3.14863180231165
EVS: -0.3962210124712824
