Model: GRU
MSE: 19.469408995430967
MAE: 4.000786640025951
EVS: -0.35838303559551843
