Model: GRU
MSE: 10.839886375531663
MAE: 2.4458019821732133
EVS: -0.07222908389023064
