Model: GRU
MSE: 17.321112863396426
MAE: 3.6859354796233
EVS: -0.4353292630313086
