Model: GRU
MSE: 19.885009710790527
MAE: 3.9432764936376503
EVS: -0.4038092383282499
