Model: GRU
MSE: 13.235129243395123
MAE: 3.124203434696904
EVS: 0.07434915008361254
