Model: GRU
MSE: 8.30045767815766
MAE: 2.28819031185574
EVS: -0.33944778650934815
