Model: GRU
MSE: 14.946228223828054
MAE: 3.3461025026109485
EVS: -0.37416511671757857
