Model: GRU
MSE: 21.321958359344837
MAE: 4.122697406344944
EVS: -0.5333142163697087
