Model: GRU
MSE: 22.76708475330438
MAE: 4.265928339075159
EVS: 0.05577884752401374
