Model: GRU
MSE: 10.689463569731506
MAE: 2.537632800914623
EVS: -0.5742258211540963
