Model: GRU
MSE: 26.552190011907484
MAE: 4.0873429863541215
EVS: -2.2099098529883565
