Model: GRU
MSE: 348.0603435882839
MAE: 18.40489083307761
EVS: 0.06975278191970713
