Model: GRU
MSE: 11.310307745799138
MAE: 2.1722759670681424
EVS: -0.03140876770794909
