Model: GRU
MSE: 10.923148228672803
MAE: 2.7072240511576333
EVS: -0.4900463117396239
