Model: GRU
MSE: 13.330327306104934
MAE: 2.866374686912254
EVS: -0.8791260180920493
