Model: GRU
MSE: 13.112882672743918
MAE: 2.906409228289569
EVS: -0.16748288070880757
