Model: GRU
MSE: 17.418643763068218
MAE: 3.651439525462963
EVS: -0.5524326343577173
