Model: GRU
MSE: 10.967031850973804
MAE: 2.7884897655910916
EVS: -0.36624133179169593
