Model: GRU
MSE: 20.080240331985166
MAE: 4.041155426590531
EVS: -0.01155245248465242
