Model: GRU
MSE: 27.95333537021248
MAE: 4.691272170455368
EVS: -0.4951548165683606
