Model: GRU
MSE: 24.48744014738256
MAE: 4.501331452970152
EVS: -0.6735228029340468
