Model: GRU
MSE: 11.100571113183328
MAE: 2.893023208335594
EVS: -0.2652440174608659
