Model: GRU
MSE: 13.65990891203638
MAE: 3.1351592982256853
EVS: -0.023534428797062024
