Model: GRU
MSE: 9.063330112866096
MAE: 2.136480313760263
EVS: -0.010982619945153926
