Model: GRU
MSE: 11.539795118827426
MAE: 2.828403119687681
EVS: -0.02276188554251135
