Model: GRU
MSE: 10.87678464963988
MAE: 2.7623995674981012
EVS: -0.403162256532972
