Model: GRU
MSE: 11.624061638071096
MAE: 2.778261968067714
EVS: 0.014029710261209472
