Model: GRU
MSE: 13.700717308739412
MAE: 3.037229891176577
EVS: -0.8271520159292844
