Model: GRU
MSE: 11.9591906125895
MAE: 2.9556710631759078
EVS: -0.3758210697970532
