Model: GRU
MSE: 12.393469634223981
MAE: 2.9911334073102034
EVS: 0.06093752803800334
