Model: GRU
MSE: 14.578168838466977
MAE: 3.337135632832845
EVS: -0.4623190482577133
