Model: GRU
MSE: 15.524927467061524
MAE: 3.4701383731983326
EVS: -0.26346971723571033
