Model: GRU
MSE: 13.822560119557508
MAE: 3.293804239343714
EVS: 0.07280224751959119
