Model: GRU
MSE: 15.660471509035737
MAE: 3.4625191158718533
EVS: -0.3664223787229819
