Model: GRU
MSE: 3537.5621273782463
MAE: 59.43074063901548
EVS: 0.0016380125277669633
