Model: GRU
MSE: 13.500514971359372
MAE: 3.0091730223761664
EVS: -0.5894337003059786
