Model: GRU
MSE: 7.757406374471396
MAE: 2.3015608610930265
EVS: -0.25609698690676774
