Model: GRU
MSE: 15.719136207221506
MAE: 3.422385639614529
EVS: 0.08807721687631154
