Model: GRU
MSE: 12.509512667276727
MAE: 3.0696103837754993
EVS: -0.3312142007935315
