Model: GRU
MSE: 21.104258048259606
MAE: 4.003863511262117
EVS: -0.5723706644078634
