Model: GRU
MSE: 11532.200802595484
MAE: 107.36220239709925
EVS: 0.0
