Model: GRU
MSE: 12.211033942909697
MAE: 2.901178889804416
EVS: -0.6425286591069843
