Model: GRU
MSE: 30.170929143679032
MAE: 5.068323559231228
EVS: -0.5154322396255677
