Model: GRU
MSE: 22.62135017998386
MAE: 4.328536563449436
EVS: -0.6198404394930974
