Model: GRU
MSE: 20.795385724163847
MAE: 4.159152560763889
EVS: -0.2732716652142957
