Model: GRU
MSE: 17.91261253362774
MAE: 3.750971935413502
EVS: -0.42945098286237005
