Model: GRU
MSE: 9.095422816114782
MAE: 2.410906403153031
EVS: -0.4167809923159249
