Model: GRU
MSE: 13.746284392931726
MAE: 3.289618421483923
EVS: 0.0352006434598523
