Model: GRU
MSE: 9.972709151471294
MAE: 2.5014200563783997
EVS: -0.4558470800992642
