Model: GRU
MSE: 1502.6736761481034
MAE: 38.69756691544144
EVS: 0.06950113046826778
