Model: GRU
MSE: 19.77421076556338
MAE: 3.9584790688973888
EVS: -0.4358303833360011
