Model: GRU
MSE: 20.683668953925817
MAE: 3.998528162638346
EVS: -0.36791532530680526
