Model: GRU
MSE: 10.290751575190143
MAE: 2.4582301069189003
EVS: -0.5659949262854524
