Model: GRU
MSE: 11.608954444055193
MAE: 2.8343982343320495
EVS: -0.03889969995088283
