Model: GRU
MSE: 7.6863897048320995
MAE: 2.0677535798814564
EVS: -0.32747749759363365
