Model: GRU
MSE: 27.072351091871766
MAE: 4.818499565124512
EVS: -0.06655712323126961
