Model: GRU
MSE: 13.393282418769694
MAE: 3.223485134266041
EVS: -0.4466391808101342
