Model: GRU
MSE: 9.51120972808645
MAE: 2.4868479834662542
EVS: -0.3999838432084124
