Model: GRU
MSE: 15.519278889930556
MAE: 3.4215310414632163
EVS: -0.5958959743581587
