Model: GRU
MSE: 29.204884476000096
MAE: 4.944779095826326
EVS: -0.3445212216618865
