Model: GRU
MSE: 16.100122132277882
MAE: 3.4717621273464627
EVS: -0.23456330696658312
