Model: GRU
MSE: 11.170944731016284
MAE: 2.7178336602670177
EVS: -0.028379349529453757
