Model: GRU
MSE: 23.104822638468452
MAE: 4.426287474455656
EVS: -0.2901223638319812
