Model: GRU
MSE: 9.901904884601079
MAE: 2.468564442225865
EVS: 0.0808992961538616
