Model: GRU
MSE: 39.85203328261657
MAE: 5.926729378876863
EVS: -0.6278136514692749
