Model: GRU
MSE: 26.942665831079466
MAE: 4.676317146846226
EVS: -0.33654985854389885
