Model: GRU
MSE: 14.346448194089506
MAE: 3.0676177695945457
EVS: -0.2431100399617392
