Model: GRU
MSE: 9.576158073884
MAE: 2.3123668741296837
EVS: -0.01876169947518158
