Model: GRU
MSE: 10.224992017202297
MAE: 2.705956388402868
EVS: -0.30977515067421946
