Model: GRU
MSE: 10.23010086615014
MAE: 2.7061419310393156
EVS: 0.1113308693966999
