Model: GRU
MSE: 10.56146682181687
MAE: 2.4935788578457303
EVS: -0.6158345576310431
