Model: GRU
MSE: 11.815699651978287
MAE: 3.0506869422064886
EVS: -0.24359060760165563
