Model: GRU
MSE: 13.539838118307468
MAE: 3.253130382961697
EVS: -0.11219503074520665
