Model: GRU
MSE: 12.420061200121559
MAE: 2.9374698532952204
EVS: -0.503581468610115
