Model: GRU
MSE: 12.194481649577366
MAE: 2.929261984648528
EVS: -0.5341419015328046
