Model: GRU
MSE: 10.276021397934057
MAE: 2.441130037660952
EVS: -0.05927021698898338
