Model: GRU
MSE: 20.91959200478107
MAE: 4.115896966722277
EVS: -0.7165389157956255
