Model: GRU
MSE: 12.686442723858422
MAE: 2.8541435488948115
EVS: -0.6782966575824227
