Model: GRU
MSE: 12.294425796587186
MAE: 2.792512927736555
EVS: -0.08488891379823738
