Model: GRU
MSE: 10.45280169114068
MAE: 2.738139929594817
EVS: -0.39778087213499425
