Model: GRU
MSE: 18.05968341059007
MAE: 3.7184727280228227
EVS: -0.2513928605131406
