Model: GRU
MSE: 9.712994132090696
MAE: 1.8291664123535156
EVS: -0.7281267712428754
