Model: GRU
MSE: 15.710717091732485
MAE: 3.482605704554805
EVS: 0.0931696664582643
