Model: GRU
MSE: 12.704440331128117
MAE: 2.9664249773378724
EVS: -0.5653088495763603
