Model: GRU
MSE: 8.752924082563906
MAE: 2.2064695358276367
EVS: -0.4896830395718561
