Model: GRU
MSE: 8.793136817562164
MAE: 2.3459048447785555
EVS: 0.13976782831543344
