Model: GRU
MSE: 23.430288181440844
MAE: 4.338969336615668
EVS: -0.585892738987873
