Model: GRU
MSE: 30.72609625233222
MAE: 5.100344410649052
EVS: -0.5537054647300155
