Model: GRU
MSE: 23.14853456638611
MAE: 4.25507296456231
EVS: -0.29872626739290364
