Model: GRU
MSE: 16.384015573104147
MAE: 3.4466792565804942
EVS: -0.6181548816841524
