Model: GRU
MSE: 32.971573874000235
MAE: 5.207165718078613
EVS: -0.4760386416483917
