Model: GRU
MSE: 15.278703687112754
MAE: 3.4613379019278065
EVS: -0.4789080904763199
