Model: GRU
MSE: 20.146803886700557
MAE: 3.9137367848996765
EVS: 0.07287881086383308
