Model: GRU
MSE: 38.674493383598794
MAE: 5.428708005834509
EVS: -1.8792233732377555
