Model: GRU
MSE: 12.795253959485821
MAE: 2.9902725043120206
EVS: 0.026085442619340204
