Model: GRU
MSE: 12.778827139980827
MAE: 3.0419363798918546
EVS: -0.4122428894951726
