Model: GRU
MSE: 12.47693008899034
MAE: 2.9788627801118075
EVS: 0.04175810569956606
