Model: GRU
MSE: 9.785999959377342
MAE: 2.4704378975762262
EVS: -0.5041788514486987
