Model: GRU
MSE: 9.885240673759249
MAE: 2.5460711938363536
EVS: 0.06126380359181527
