Model: GRU
MSE: 17.040390721474036
MAE: 3.6889286041259766
EVS: -0.358724710838521
