Model: GRU
MSE: 24.754665728797903
MAE: 4.664575806370488
EVS: 0.19277119176106183
