Model: GRU
MSE: 10.83128217489823
MAE: 2.5411022857383445
EVS: -0.6300280923820121
