Model: GRU
MSE: 18.77185563498484
MAE: 3.813752880802861
EVS: -0.3301696151316327
