Model: GRU
MSE: 15.82664933985217
MAE: 3.4871592345061124
EVS: -0.12258380878691466
