Model: GRU
MSE: 12.666330877768544
MAE: 3.00564557534677
EVS: -0.47779067316938595
