Model: GRU
MSE: 14.467307404490452
MAE: 3.180541674296061
EVS: -0.2703036954499838
