Model: GRU
MSE: 9.555094580288689
MAE: 2.4614155734026872
EVS: 0.06553000834801304
