Model: GRU
MSE: 10.345489711754825
MAE: 2.725127749972873
EVS: -0.39691370331581344
