Model: GRU
MSE: 12.902105349667325
MAE: 3.061985563348841
EVS: -0.5112132313457503
