Model: GRU
MSE: 8.774171202052592
MAE: 2.2841764379430702
EVS: -0.42053754015880207
