Model: GRU
MSE: 16.324785815396993
MAE: 3.5336986824318215
EVS: -0.36897515743673925
