Model: GRU
MSE: 21.954497682982787
MAE: 4.272933659730135
EVS: -0.4648826901263514
