Model: GRU
MSE: 39.68470809544016
MAE: 5.674072901407878
EVS: -1.3496455519825705
