Model: GRU
MSE: 8.949550772013565
MAE: 2.1304391931604454
EVS: -0.5853418390365208
