Model: GRU
MSE: 9.785052850488412
MAE: 2.324994581717032
EVS: -0.622050226678097
