Model: GRU
MSE: 20.799548345607576
MAE: 4.030362376460323
EVS: -0.44948852760911184
