Model: GRU
MSE: 22.142036277402575
MAE: 4.210417570891203
EVS: -0.5272818480618078
