Model: GRU
MSE: 13.45130041939309
MAE: 3.0317844814724393
EVS: -0.6572756160949369
