Model: GRU
MSE: 15.551126838291877
MAE: 3.4462467299567328
EVS: -0.36810427872396256
