Model: GRU
MSE: 10.17242282433886
MAE: 2.7695141898261175
EVS: -0.21369039486676944
