Model: GRU
MSE: 16.518457921811038
MAE: 3.4543578889634876
EVS: -0.11697646437588305
