Model: GRU
MSE: 17.305174153946776
MAE: 3.469369958948206
EVS: -0.8852275246999595
