Model: GRU
MSE: 10.575370904668658
MAE: 2.4347668400517217
EVS: -0.6748433440235684
