Model: GRU
MSE: 9.313300445257685
MAE: 2.3348801930745444
EVS: 0.02392093221210201
