Model: GRU
MSE: 13.603347612495511
MAE: 3.172925383956344
EVS: -0.38849022311915316
