Model: GRU
MSE: 20.444477913525084
MAE: 4.014343049791124
EVS: -0.7738804798196715
