Model: GRU
MSE: 11.699985652254057
MAE: 2.891598595513238
EVS: 0.06969877560569404
