Model: GRU
MSE: 11.613036962583262
MAE: 3.0072142636334456
EVS: -0.1784715186735375
