Model: GRU
MSE: 12.02724844363682
MAE: 2.892785672788267
EVS: -0.4288632790355602
