Model: GRU
MSE: 10.111213986998674
MAE: 2.402979815447772
EVS: 0.010942101625629364
