Model: GRU
MSE: 13.909598412826645
MAE: 3.2083061889365867
EVS: -0.3867131830109696
