Model: GRU
MSE: 24.034496446823184
MAE: 4.422487665105749
EVS: -0.391180604668687
