Model: GRU
MSE: 20.852305852997503
MAE: 3.833735713252315
EVS: -0.7962044531560932
