Model: GRU
MSE: 26.140531783320014
MAE: 4.451218057561804
EVS: -1.10258354274493
