Model: GRU
MSE: 16.00698623035492
MAE: 3.451295570090965
EVS: -0.3781891100420196
