Model: GRU
MSE: 14.168780383158602
MAE: 3.2736165435225875
EVS: -0.1030964030927628
