Model: GRU
MSE: 15.842247966610465
MAE: 3.415735474339238
EVS: -0.6190236025352465
