Model: GRU
MSE: 11.62402416218952
MAE: 2.878662144696271
EVS: -0.46761645902009796
