Model: GRU
MSE: 14.583659178321897
MAE: 3.3720499674479165
EVS: -0.4135531681701874
