Model: GRU
MSE: 12.133540079850954
MAE: 2.8923056920369468
EVS: -0.5059617589939924
