Model: GRU
MSE: 18.38339395821822
MAE: 3.7662873444733798
EVS: -0.3598535372403717
