Model: GRU
MSE: 9.59218282266819
MAE: 2.4263894116436995
EVS: 0.06576133502450421
