Model: GRU
MSE: 9.537144743856986
MAE: 2.4012874673914024
EVS: -0.48208423127473155
