Model: GRU
MSE: 16.845700332626386
MAE: 3.2049631189416954
EVS: -1.4160216064602018
