Model: GRU
MSE: 16.117236642105937
MAE: 3.569761558815285
EVS: -0.39436129831039346
