Model: GRU
MSE: 17.62141456629767
MAE: 3.7504186630249023
EVS: 0.16759990135726677
