Model: GRU
MSE: 12.029270730171245
MAE: 2.8002548570986145
EVS: -0.6490236597256449
