Model: GRU
MSE: 15.010380325376673
MAE: 3.3210868305630155
EVS: -0.4716069553771862
