Model: GRU
MSE: 21.42790472280228
MAE: 4.108940442403157
EVS: -0.3919659064613583
