Model: GRU
MSE: 19.01692372401047
MAE: 3.8404209172284163
EVS: -0.34158118007218796
