Model: GRU
MSE: 10.924455721177033
MAE: 2.817687158231382
EVS: 0.14366823408166562
