Model: GRU
MSE: 21.225435555306326
MAE: 4.101974169413249
EVS: -0.6643964114680918
