Model: GRU
MSE: 29.908821282224693
MAE: 4.61180105915776
EVS: -0.9770015920931441
