Model: GRU
MSE: 7.262758210238509
MAE: 1.9933082086068612
EVS: -0.3042193952501464
