Model: GRU
MSE: 12.020223837004778
MAE: 2.9408278641877352
EVS: -0.42252060389320656
