Model: GRU
MSE: 46.011343263872305
MAE: 6.2723479977360475
EVS: -0.23327754321277583
