Model: GRU
MSE: 15.001993721157238
MAE: 3.3127421273125544
EVS: -0.6561173845920267
