Model: GRU
MSE: 14.571371996219298
MAE: 2.9233103504887334
EVS: -1.2011729529082849
