Model: GRU
MSE: 1177.2738086054464
MAE: 34.18936856587728
EVS: 0.16551401219554085
