Model: GRU
MSE: 21.920279259892368
MAE: 4.219057559967041
EVS: -0.5704013227419282
