Model: GRU
MSE: 22.692547041378493
MAE: 4.308243610240795
EVS: -0.0124161616673657
