Model: GRU
MSE: 12.534454206312317
MAE: 3.066185809947826
EVS: 0.17321312884830342
