Model: GRU
MSE: 15.056652260535218
MAE: 3.370303984041567
EVS: -0.4217281563868265
