Model: GRU
MSE: 13.653197937703967
MAE: 3.1916718659577548
EVS: -0.3972444253038667
