Model: GRU
MSE: 12.564869605957417
MAE: 3.0589980397905623
EVS: -0.025083790372390835
