Model: GRU
MSE: 14.178284252250133
MAE: 3.2652721405029297
EVS: -0.4503068219613884
