Model: GRU
MSE: 14.332967152392046
MAE: 3.162573496500651
EVS: -0.1813321407311821
