Model: GRU
MSE: 18.339221935898937
MAE: 3.838247458140055
EVS: 0.050605994615980365
