Model: GRU
MSE: 346.0984247459698
MAE: 18.342217807416564
EVS: 0.035704804933064826
