Model: GRU
MSE: 14.504883880807668
MAE: 3.177258844728823
EVS: -0.24214462021423433
