Model: GRU
MSE: 14.4637150009897
MAE: 3.31364847112585
EVS: 0.15406039824918039
