Model: GRU
MSE: 11.708284334314234
MAE: 2.8807342140762895
EVS: -0.44735196800890353
