Model: GRU
MSE: 11.310103795343686
MAE: 2.9159413090458624
EVS: 0.15731696579669419
