Model: GRU
MSE: 9.68058263231975
MAE: 2.2805501090155706
EVS: -0.5972882858064243
