Model: GRU
MSE: 26.211063733056008
MAE: 4.642550291838469
EVS: -0.25644199354876873
