Model: GRU
MSE: 17.627633934645186
MAE: 3.651834346629955
EVS: -0.14736131296567612
