Model: GRU
MSE: 14.56871803686954
MAE: 3.278787683557581
EVS: -0.42370452307588224
