Model: GRU
MSE: 11.724540735242515
MAE: 2.9841365107783564
EVS: 0.0953604545587109
