Model: GRU
MSE: 12.183705334786055
MAE: 3.003803835974799
EVS: 0.09315162172247815
