Model: GRU
MSE: 17.121105128131973
MAE: 3.7155785384001554
EVS: -0.2137610839362516
