Model: GRU
MSE: 13.655712900534532
MAE: 3.013519287109375
EVS: -0.2737936031988031
