Model: GRU
MSE: 27.110520247100826
MAE: 4.747979305408619
EVS: -0.31476045393698615
