Model: GRU
MSE: 15.662648448194448
MAE: 3.52483661086471
EVS: -0.4191042366581692
