Model: GRU
MSE: 16.136063763234134
MAE: 3.5221184624565973
EVS: -0.40315094048996136
