Model: GRU
MSE: 12.535351316725812
MAE: 2.8926456945913808
EVS: -0.6880459229620355
