Model: GRU
MSE: 21.45779795892315
MAE: 4.167136068697329
EVS: -0.4716025730659883
