Model: GRU
MSE: 26.69993224339598
MAE: 4.58577894281458
EVS: -0.9801520278030371
