Model: GRU
MSE: 19.16038619780991
MAE: 3.8888891361377858
EVS: -0.5601686646840423
