Model: GRU
MSE: 8.99292607588918
MAE: 2.1438287099202475
EVS: 0.007787269565701527
