Model: GRU
MSE: 13.16490083716336
MAE: 3.11225375422725
EVS: -0.3910377542230443
