Model: GRU
MSE: 12.468377111772227
MAE: 3.054574401290328
EVS: -0.3594985635372683
