Model: GRU
MSE: 13.23826833123857
MAE: 3.0977034745392977
EVS: -0.38789048833592976
