Model: GRU
MSE: 20.06271435007636
MAE: 4.025699297587077
EVS: -0.17590189374472098
