Model: GRU
MSE: 17.736968230109806
MAE: 3.7743020764103643
EVS: -0.34820182276428646
