Model: GRU
MSE: 13.562119575025429
MAE: 3.2824906949643737
EVS: -0.3488276480322079
