Model: GRU
MSE: 16.522403725662656
MAE: 3.608695383425112
EVS: -0.09865493976838358
