Model: GRU
MSE: 11.734361628274772
MAE: 2.9070924476340965
EVS: 0.006883327352332991
