Model: GRU
MSE: 8.665189578763703
MAE: 2.347939138059263
EVS: -0.3489019749531477
