Model: GRU
MSE: 12.002377076415852
MAE: 2.813269950725414
EVS: -0.6263805593490983
