Model: GRU
MSE: 17.03961316265011
MAE: 3.6776595998693398
EVS: 0.05476667538991431
