Model: GRU
MSE: 14.866117996598211
MAE: 3.3918251991271973
EVS: -0.38549666313873554
