Model: GRU
MSE: 11.703218131860652
MAE: 2.8985039746319807
EVS: -0.42331560685515823
