Model: GRU
MSE: 18.93317554017331
MAE: 3.8681166966756186
EVS: -0.688676946483977
