Model: GRU
MSE: 22.327191699862894
MAE: 4.414506647321913
EVS: 0.15351278223217246
