Model: GRU
MSE: 20.64613954452748
MAE: 3.9850626345033997
EVS: -0.35252666676491473
