Model: GRU
MSE: 18.86834089397696
MAE: 3.897672829804597
EVS: -0.3767731472304534
