Model: GRU
MSE: 10.07556569307902
MAE: 2.7830431196424694
EVS: 0.1919103679221098
