Model: GRU
MSE: 14.027325968696493
MAE: 3.237821614300763
EVS: -0.5437516187880658
