Model: GRU
MSE: 16.12332049893508
MAE: 3.5153042475382485
EVS: -0.1448295452127799
