Model: GRU
MSE: 11.447173148164067
MAE: 2.8502846117372864
EVS: 0.011905163686658504
