Model: GRU
MSE: 23.125498270877163
MAE: 4.3037614822387695
EVS: -0.3310839914621764
