Model: GRU
MSE: 1408.5587382365889
MAE: 37.46021426165545
EVS: 0.048074659246286844
