Model: GRU
MSE: 17.31659447110326
MAE: 3.6998249336525246
EVS: -0.33956602565517313
