Model: GRU
MSE: 18.204596978391574
MAE: 3.831859553301776
EVS: -0.37982300294524096
