Model: GRU
MSE: 30.60272303059564
MAE: 4.587675801029912
EVS: -2.406491113039524
