Model: GRU
MSE: 21.962902817857024
MAE: 4.231346130371094
EVS: 0.04112985286315329
