Model: GRU
MSE: 15.801088909666456
MAE: 3.4298632586443865
EVS: -0.3986236379333381
