Model: GRU
MSE: 17.671331415532425
MAE: 3.789791142499005
EVS: -0.2458470645777755
