Model: GRU
MSE: 8.390328434155284
MAE: 2.319275326199002
EVS: -0.3474524499262557
