Model: GRU
MSE: 12.89944002450779
MAE: 3.0760572574756764
EVS: -0.06619175060446048
