Model: GRU
MSE: 31.20867629068003
MAE: 5.045727535530373
EVS: -0.8624345535740345
