Model: GRU
MSE: 15.88456482066313
MAE: 3.418938848707411
EVS: -0.497987231098447
