Model: GRU
MSE: 23.152614419882244
MAE: 4.435356281421803
EVS: -0.11871448044071364
