Model: GRU
MSE: 13.216075946760027
MAE: 3.102285930088588
EVS: -0.010194121475568751
