Model: GRU
MSE: 10.80279340697817
MAE: 2.6225480326899775
EVS: -0.5896426029196062
