Model: GRU
MSE: 13.64420237245062
MAE: 3.168592188093397
EVS: -0.3806790321763902
