Model: GRU
MSE: 10.098567908335268
MAE: 2.7027706216882774
EVS: -0.2990258759819999
