Model: GRU
MSE: 13.523517957664707
MAE: 3.1682010579992226
EVS: -0.11422101456282352
