Model: GRU
MSE: 19.55366112593711
MAE: 4.062599394056532
EVS: -0.25751069838036345
