Model: GRU
MSE: 9.545226760148141
MAE: 2.5380675351178206
EVS: -0.35049496189739626
