Model: GRU
MSE: 15.739203213836676
MAE: 3.5320233945493347
EVS: -0.1500919683751447
