Model: GRU
MSE: 9.757736785216231
MAE: 2.310548464457194
EVS: -0.6045924732215082
