Model: GRU
MSE: 10.399684895070028
MAE: 2.62291540922942
EVS: -0.43925715553484834
