Model: GRU
MSE: 16.334349425806717
MAE: 3.5460333824157715
EVS: -0.49275091051231246
