Model: GRU
MSE: 10.275160533935816
MAE: 2.4512251394766347
EVS: -0.5876150770749431
