Model: GRU
MSE: 15.221578816092444
MAE: 3.3783835305107965
EVS: -0.0612047088090395
