Model: GRU
MSE: 9.30058740316114
MAE: 2.394582819055628
EVS: -0.4730062849077463
