Model: GRU
MSE: 21.36675524129657
MAE: 4.055155118306478
EVS: -0.28289333496275937
