Model: GRU
MSE: 30.72992083145605
MAE: 4.864809813322844
EVS: -1.611319298090777
