Model: GRU
MSE: 21.28346727517056
MAE: 4.181217034657796
EVS: -0.4158923657181466
