Model: GRU
MSE: 1143.028007546469
MAE: 33.73280094288014
EVS: 0.07774877569441419
