Model: GRU
MSE: 15.111549498597789
MAE: 3.412735868383337
EVS: -0.009358438323362694
