Model: GRU
MSE: 18.81126312035688
MAE: 3.827303586182771
EVS: -0.8485957556980341
