Model: GRU
MSE: 368.2093752507892
MAE: 19.04264224017108
EVS: -0.005190926874265145
