Model: GRU
MSE: 17.39613272342949
MAE: 3.7388065832632558
EVS: -0.12249369272909183
