Model: GRU
MSE: 773.0572959002485
MAE: 27.70096757676866
EVS: -0.027956785010490703
