Model: GRU
MSE: 13.447417992063391
MAE: 2.876597616407606
EVS: -0.2394396639316374
