Model: GRU
MSE: 16.479357986415085
MAE: 3.580599131407561
EVS: -0.38077370872681815
