Model: GRU
MSE: 18.59687269482863
MAE: 3.905017852783203
EVS: -0.5211903284860668
