Model: GRU
MSE: 9.143667019059043
MAE: 2.2715910452383534
EVS: -0.49357880602899407
