Model: GRU
MSE: 10.759631757694816
MAE: 2.6767493000736944
EVS: 0.04938849832310277
