Model: GRU
MSE: 10.114438303624647
MAE: 2.6291066982128
EVS: -0.41708237261461867
