Model: GRU
MSE: 23.075951244400635
MAE: 4.3582128242210105
EVS: -0.8308390314921332
