Model: GRU
MSE: 10.361559882947976
MAE: 2.653384773819535
EVS: -0.4192910181697824
