Model: GRU
MSE: 42.4282024664038
MAE: 5.5176562733120385
EVS: -2.2671266841450994
