Model: GRU
MSE: 19.321321553492723
MAE: 3.9951548399748624
EVS: 0.05640650300975081
