Model: GRU
MSE: 34.59604050136467
MAE: 5.5668004707053855
EVS: -0.34898556610980647
