Model: GRU
MSE: 18.298956378457095
MAE: 3.830970040074101
EVS: -0.5951248227518648
