Model: GRU
MSE: 12.711160179338279
MAE: 3.158458780359339
EVS: 0.07142811545220018
