Model: GRU
MSE: 11.958723298258958
MAE: 2.948814038877134
EVS: 0.08973265748359194
