Model: GRU
MSE: 16.50403442476936
MAE: 3.5784011770177773
EVS: -0.4207507125597707
