Model: GRU
MSE: 17.09953498823705
MAE: 3.6666218086525246
EVS: -0.602436429852911
