Model: GRU
MSE: 884.5661990110661
MAE: 29.588503378408927
EVS: 0.09307501038659816
