Model: GRU
MSE: 29.20340674164577
MAE: 4.929784633495189
EVS: -0.6473148304296121
