Model: GRU
MSE: 10.976884658800643
MAE: 2.828426396405255
EVS: 0.035224332664820834
