Model: GRU
MSE: 10.781623377006797
MAE: 2.755614245379413
EVS: -0.4089453136054928
