Model: GRU
MSE: 37.8660564995928
MAE: 5.4210784523575395
EVS: -1.5146622812042128
