Model: GRU
MSE: 12.725711568303504
MAE: 2.4474498607494213
EVS: -0.2694543677649608
