Model: GRU
MSE: 11.222435977114097
MAE: 2.1911819599292897
EVS: -0.9632075427283082
