Model: GRU
MSE: 14.307547695684256
MAE: 3.026618003845215
EVS: -0.36309579727537633
