Model: GRU
MSE: 29.178672081664285
MAE: 4.699606136039451
EVS: -1.5581323272253056
