Model: GRU
MSE: 20.945912447308896
MAE: 4.103039953443739
EVS: -0.5498756616562419
