Model: GRU
MSE: 10.852547303754935
MAE: 2.5084525920726635
EVS: -0.05354053380506607
