Model: GRU
MSE: 11.016713525115847
MAE: 2.845960334495262
EVS: 0.05288570627302036
