Model: GRU
MSE: 13.956144151392547
MAE: 3.1041356369301125
EVS: -0.6259376823534157
