Model: GRU
MSE: 14.389292831575673
MAE: 3.3139016539962203
EVS: -0.2845900732791138
