Model: GRU
MSE: 9.544545928979527
MAE: 2.384516574718334
EVS: 0.019374074411964592
