Model: GRU
MSE: 19.089410544333244
MAE: 3.7701045495492442
EVS: -0.9825012009258574
