Model: GRU
MSE: 20.02749209553626
MAE: 4.053284486134847
EVS: -0.47146432506007874
