Model: GRU
MSE: 16.212773896541606
MAE: 3.589755482143826
EVS: -0.4138435574356094
