Model: GRU
MSE: 15.236221292012967
MAE: 2.8089865755151817
EVS: -1.3651171370127924
