Model: GRU
MSE: 777.3345822732794
MAE: 27.717216668305575
EVS: 0.09269418189113487
