Model: GRU
MSE: 18.93450844716221
MAE: 3.849879264831543
EVS: -0.3378612638943417
