Model: GRU
MSE: 16.264788614301022
MAE: 3.578904469807943
EVS: 0.16677057838413367
