Model: GRU
MSE: 14.417024144394587
MAE: 3.175008420591001
EVS: -0.1907876178600214
