Model: GRU
MSE: 8.646514978683424
MAE: 1.947704032615379
EVS: -0.5549700086798981
