Model: GRU
MSE: 10.441967061395795
MAE: 2.6067287303783275
EVS: -0.47740327900693913
