Model: GRU
MSE: 18.25453236983211
MAE: 3.788638980300338
EVS: -0.5906459605213727
