Model: GRU
MSE: 26.200500672529458
MAE: 4.622988824491148
EVS: -0.649114285706307
