Model: GRU
MSE: 22.892187875819015
MAE: 4.293786790635851
EVS: -0.2975846983808872
