Model: GRU
MSE: 15.081219850744176
MAE: 3.3113606947439687
EVS: -0.7254750777390018
