Model: GRU
MSE: 13.640492307636123
MAE: 3.2102021464595087
EVS: -0.3342603441015184
