Model: GRU
MSE: 17.23870418775254
MAE: 3.6665201540346497
EVS: -0.3345998085895028
