Model: GRU
MSE: 29.552701446875492
MAE: 4.798604894567419
EVS: -0.8390142943232985
