Model: GRU
MSE: 16.050125559739953
MAE: 3.487538390689426
EVS: -0.4117431061844632
