Model: GRU
MSE: 10.74814645134285
MAE: 2.7880032150833696
EVS: 0.05251217455550783
