Model: GRU
MSE: 10.643457138596542
MAE: 2.631044105247215
EVS: -0.013241500155036778
