Model: GRU
MSE: 20.829890992147437
MAE: 3.923188598067672
EVS: -0.36735212129164885
