Model: GRU
MSE: 14.40308879515622
MAE: 3.2943459616767035
EVS: -0.30103963409563406
