Model: GRU
MSE: 18.188978158493732
MAE: 3.6380380701135704
EVS: -1.0028781639561983
