Model: GRU
MSE: 12.846747289337987
MAE: 2.6103036315352828
EVS: -1.0302526529701153
