Model: GRU
MSE: 17.082248760798933
MAE: 3.5666620466444225
EVS: -0.59657542522629
