Model: GRU
MSE: 23.300215675513787
MAE: 4.439147913897479
EVS: -0.5105792699178573
