Model: GRU
MSE: 9.221831808754898
MAE: 2.227971394856771
EVS: 0.09229510738890667
