Model: GRU
MSE: 394.49538437128126
MAE: 19.714659178698504
EVS: -0.048449858010908065
