Model: GRU
MSE: 24.091160979408862
MAE: 4.399491680992974
EVS: -0.15196574639626315
