Model: GRU
MSE: 35.31992600447541
MAE: 5.499370468987359
EVS: -0.40446822697644635
