Model: GRU
MSE: 18.54587040801236
MAE: 3.806743851414433
EVS: -0.37029731116206577
