Model: GRU
MSE: 26.829772971840654
MAE: 4.763073161796287
EVS: 0.11138843503439222
