Model: GRU
MSE: 9.44740899174731
MAE: 2.435239721227575
EVS: -0.45572914121317654
