Model: GRU
MSE: 374.7898708244564
MAE: 19.214083086561274
EVS: -0.009100432890313925
