Model: GRU
MSE: 10.538204948000695
MAE: 2.6137104917455605
EVS: 0.0007623045409622664
