Model: GRU
MSE: 10.114271296189616
MAE: 2.6730373170640735
EVS: -0.3196218034720597
