Model: GRU
MSE: 8.892793295596743
MAE: 1.9057856312504522
EVS: -0.0401050264420757
