Model: GRU
MSE: 10.115130603478402
MAE: 1.9692686222217701
EVS: -0.8196026454987859
