Model: GRU
MSE: 16.801183392699485
MAE: 3.6539523160016096
EVS: -0.3772823253098472
