Model: GRU
MSE: 19.150070589385603
MAE: 4.007772728248879
EVS: -0.05189473689032731
