Model: GRU
MSE: 21.368873547054044
MAE: 4.091932173128481
EVS: -0.33701798313396725
