Model: GRU
MSE: 17.10285690440883
MAE: 3.55175311477096
EVS: -0.39801284916095203
