Model: GRU
MSE: 27.48228830770835
MAE: 4.567698196128562
EVS: -0.6745585204383915
