Model: GRU
MSE: 9.867916950293404
MAE: 2.4729332394070096
EVS: 0.058235143193848926
