Model: GRU
MSE: 11.827393884633475
MAE: 2.96293251602738
EVS: -0.324963324959169
