Model: GRU
MSE: 10.821217287690194
MAE: 2.715586944862648
EVS: -0.4595761051540983
