Model: GRU
MSE: 15.390336350872564
MAE: 3.463152532224302
EVS: -0.31987296648861063
