Model: GRU
MSE: 13.698947999358266
MAE: 2.8013940740514687
EVS: -1.0477304548373403
