Model: GRU
MSE: 13.663303338764578
MAE: 3.2031597561306424
EVS: -0.46251791356602534
