Model: GRU
MSE: 14.257154499526964
MAE: 3.331863615247938
EVS: -0.44913261656402903
