Model: GRU
MSE: 11.725142973264392
MAE: 2.908585619043421
EVS: -0.4898687637120702
