Model: GRU
MSE: 15.910132342102365
MAE: 3.4841608471340604
EVS: -0.33902931746268616
