Model: GRU
MSE: 11.588655771708511
MAE: 2.8252651779739946
EVS: -0.5429425347857035
