Model: GRU
MSE: 12.498401355101562
MAE: 2.9195013399477356
EVS: -0.5568542588387373
