Model: GRU
MSE: 48.052637949479134
MAE: 5.903931299845378
EVS: -1.5129983638400266
