Model: GRU
MSE: 10.217597656168572
MAE: 2.5066831376817493
EVS: -0.01202633326106839
