Model: GRU
MSE: 17857.79098024074
MAE: 133.59693852177372
EVS: 0.03694969430995976
