Model: GRU
MSE: 13.421665744403754
MAE: 3.0625406724435313
EVS: -0.6798318220775694
