Model: GRU
MSE: 27.076685381754185
MAE: 4.2927793926662865
EVS: -0.7133535155791977
