Model: GRU
MSE: 11.956465345431718
MAE: 3.024791223031503
EVS: -0.25901823124601897
