Model: GRU
MSE: 15.589176031705595
MAE: 3.4475608755041054
EVS: -0.5768144678006015
