Model: GRU
MSE: 13.601716979322495
MAE: 3.183608373006185
EVS: -0.07055244797022175
