Model: GRU
MSE: 25.73037510346447
MAE: 4.619302136557443
EVS: -0.10473285304122304
