Model: GRU
MSE: 19.55984387094405
MAE: 3.9603470343130605
EVS: 0.1169409246220322
