Model: GRU
MSE: 12.50463874238553
MAE: 3.051996831540708
EVS: -0.020102354932560962
