Model: GRU
MSE: 25.761949149790418
MAE: 4.5420840051439075
EVS: -0.8304913713947162
