Model: GRU
MSE: 9.200012409439902
MAE: 2.182209226820204
EVS: -0.5732850185956686
