Model: GRU
MSE: 12.25199485009883
MAE: 2.619431177775065
EVS: -0.9440878620574504
