Model: GRU
MSE: 15.074538452057014
MAE: 3.3099056526466653
EVS: -0.456640489622554
