Model: GRU
MSE: 32.237575239096934
MAE: 5.340545371726707
EVS: 0.003593098014374352
