Model: GRU
MSE: 9.912976537538876
MAE: 2.543478012084961
EVS: -0.42687955804310374
