Model: GRU
MSE: 18.51463138073908
MAE: 3.6923166204381874
EVS: -0.26939090526169274
