Model: GRU
MSE: 7.9283893183873495
MAE: 2.207667174162688
EVS: -0.29491730113695724
