Model: GRU
MSE: 15.490025322058264
MAE: 3.408580744708026
EVS: -0.36134752924492153
