Model: GRU
MSE: 14.547570927894412
MAE: 3.327962310225875
EVS: -0.5881990952353882
