Model: GRU
MSE: 61.19208663905072
MAE: 6.583113122869421
EVS: -3.971167462317183
