Model: GRU
MSE: 18.571470756876774
MAE: 3.8248891124018916
EVS: -0.3534325068968327
