Model: GRU
MSE: 29.637990522051016
MAE: 4.979457449029993
EVS: -0.9683289143289211
