Model: GRU
MSE: 14.36670881406843
MAE: 3.2991645601060657
EVS: -0.3063645032481288
