Model: GRU
MSE: 13.716349559701214
MAE: 3.273577160305447
EVS: 0.006393098746541259
