Model: GRU
MSE: 29.892182775754378
MAE: 4.831732290762442
EVS: -0.7236968451573877
