Model: GRU
MSE: 26.499864568249137
MAE: 4.592193267963551
EVS: -0.9342722461706572
