Model: GRU
MSE: 23.857498693305192
MAE: 4.170790160143817
EVS: -1.252391338175899
