Model: GRU
MSE: 19.35629207806118
MAE: 3.963457531399197
EVS: -0.4105478842124257
