Model: GRU
MSE: 12.03656183927042
MAE: 2.8725850493819625
EVS: -0.6179241294286857
