Model: GRU
MSE: 26.481796305948528
MAE: 4.58951336996896
EVS: -0.4404839994919787
