Model: GRU
MSE: 65.822756896368
MAE: 6.885835559279831
EVS: -3.9302092057991738
