Model: GRU
MSE: 22.292279076821455
MAE: 4.295346242410165
EVS: -0.2855339500152878
