Model: GRU
MSE: 14.711040047761848
MAE: 3.197940225954409
EVS: -0.17774944476495413
