Model: GRU
MSE: 15.390146900841906
MAE: 3.5243768338803894
EVS: -0.25490075081696273
