Model: GRU
MSE: 17.759614134431036
MAE: 3.7146582426848234
EVS: -0.48045897563820983
