Model: GRU
MSE: 12.7512169956961
MAE: 3.0968588369864003
EVS: -0.3158138861563158
