Model: GRU
MSE: 574.6243567840754
MAE: 23.801341674945974
EVS: 0.18950737595441447
