Model: GRU
MSE: 19.220033522114843
MAE: 3.9872418862802013
EVS: -0.28573104941332494
