Model: GRU
MSE: 10.109989228912767
MAE: 2.432043852629485
EVS: 0.002730619188348715
