Model: GRU
MSE: 25.59127252437887
MAE: 4.578431376704463
EVS: -0.5495184794542114
