Model: GRU
MSE: 19.866815575970545
MAE: 4.0292562555383755
EVS: -0.49717218955864695
