Model: GRU
MSE: 14.946178460412941
MAE: 3.4251570878205477
EVS: 0.03501301398853629
