Model: GRU
MSE: 22.302888442702717
MAE: 4.2115555692602085
EVS: -0.39333309165754415
