Model: GRU
MSE: 16.491604106299846
MAE: 3.627280906394676
EVS: 0.019602584530851064
