Model: GRU
MSE: 28.028052881187527
MAE: 4.680735217200385
EVS: -1.1421789356852927
