Model: GRU
MSE: 32.058106947842084
MAE: 5.03663773006863
EVS: -0.4999785669932004
