Model: GRU
MSE: 12.061744520636037
MAE: 2.929308538083677
EVS: -0.4173585978851406
