Model: GRU
MSE: 25.669423719683166
MAE: 4.665710060684769
EVS: -0.4119395177663736
