Model: GRU
MSE: 43.76909421607776
MAE: 5.379565927717421
EVS: -3.2514030881155955
