Model: GRU
MSE: 9.779107190120628
MAE: 2.4160387604324907
EVS: -0.47988616048408606
