Model: GRU
MSE: 15.413758660983014
MAE: 3.629389868842231
EVS: 0.13879504980106472
