Model: GRU
MSE: 8.02932631754774
MAE: 1.6923696376659252
EVS: -0.4054286247193699
