Model: GRU
MSE: 30.095354313103734
MAE: 4.971632922137225
EVS: -0.8375748251105253
