Model: GRU
MSE: 10.74851623384836
MAE: 2.7048172774138273
EVS: -0.5046553046053146
