Model: GRU
MSE: 23.952508221607516
MAE: 4.45269415113661
EVS: -0.493702717971104
