Model: GRU
MSE: 18.514110516562855
MAE: 3.809418625301785
EVS: -0.40116530158807007
