Model: GRU
MSE: 14.10535146447846
MAE: 3.3036395532113536
EVS: -0.05815032600819725
