Model: GRU
MSE: 14.59855247596648
MAE: 3.4302377347592956
EVS: -0.0346816388754001
