Model: GRU
MSE: 27.320272634820935
MAE: 4.662371388188115
EVS: -1.1209115992830658
