Model: GRU
MSE: 12.597463221166858
MAE: 3.1149395874568393
EVS: 0.15484486390411534
