Model: GRU
MSE: 8.383942035577025
MAE: 2.3153021423904985
EVS: -0.3177611015282058
