Model: GRU
MSE: 21.166942029842623
MAE: 4.172359025036847
EVS: -0.5233702594424361
