Model: GRU
MSE: 13.884523029553007
MAE: 3.236088576140227
EVS: -0.016568142343213577
