Model: GRU
MSE: 24.757852676507422
MAE: 4.581866123058178
EVS: -0.23884833148861206
