Model: GRU
MSE: 13.223286518397025
MAE: 3.102687941657172
EVS: -0.4084804127195978
