Model: GRU
MSE: 11.702924284125098
MAE: 2.8876058437206127
EVS: -0.4839289995874265
