Model: GRU
MSE: 14.52744305524909
MAE: 3.3096885681152344
EVS: -0.05543981776292517
