Model: GRU
MSE: 14.159776904295102
MAE: 3.366981365062572
EVS: 0.08945786496302222
