Model: GRU
MSE: 10.17719731345278
MAE: 2.5185833683720342
EVS: -0.01542625008176457
