Model: GRU
MSE: 11.309092943023575
MAE: 2.6081822713216147
EVS: -0.08078404746769019
