Model: GRU
MSE: 2620.040307100506
MAE: 51.129139794243706
EVS: -0.05272691507106875
