Model: GRU
MSE: 12.92881135924125
MAE: 3.1227526134914823
EVS: -0.40176846696643254
