Model: GRU
MSE: 13.898581287609616
MAE: 3.2031629703663014
EVS: -0.39216237379538454
