Model: GRU
MSE: 10.853062961806346
MAE: 2.7907787605568215
EVS: 0.05820449020306617
