Model: GRU
MSE: 20.09252511252776
MAE: 4.054478256790726
EVS: -0.7271301790326639
