Model: GRU
MSE: 14.566806792829555
MAE: 3.3698132832845054
EVS: -0.549522014020762
