Model: GRU
MSE: 17.94746763723604
MAE: 3.8610009440669306
EVS: 0.0679970731951296
