Model: GRU
MSE: 21.4562557794579
MAE: 4.13367423304805
EVS: -0.33355121979680913
