Model: GRU
MSE: 10.884831180885831
MAE: 2.8561730561433016
EVS: -0.2801073917886796
