Model: GRU
MSE: 16.484634020140557
MAE: 3.48715407760055
EVS: -0.3872596476023775
