Model: GRU
MSE: 9.86392949041635
MAE: 2.484112103780111
EVS: 0.03451873777796988
