Model: GRU
MSE: 14.128996412900623
MAE: 3.273305751659252
EVS: -0.6169283526727343
