Model: GRU
MSE: 12.157707364805102
MAE: 2.968521135824698
EVS: 0.061314675779998384
