Model: GRU
MSE: 372.7614718921922
MAE: 19.1615239293487
EVS: -0.007047759958330291
