Model: GRU
MSE: 10.627605441756343
MAE: 2.741826163397895
EVS: -0.3087585469915448
