Model: GRU
MSE: 10.385882029623813
MAE: 2.610065742775246
EVS: -0.44596454613113634
