Model: GRU
MSE: 16.453862092981094
MAE: 3.6820123876844133
EVS: 0.021027844650958638
