Model: GRU
MSE: 14.582864020163706
MAE: 2.7636309376469366
EVS: -0.43551751438342245
