Model: GRU
MSE: 13.90256862437814
MAE: 2.9675528914840132
EVS: -0.28514302663952007
