Model: GRU
MSE: 9.893591556215815
MAE: 2.4809199792367442
EVS: -0.4628597211883403
