Model: GRU
MSE: 18.988776820412667
MAE: 3.9389589804190175
EVS: -0.2641747815816975
