Model: GRU
MSE: 411.71761237418224
MAE: 20.147012141015793
EVS: -0.046275870068001046
