Model: GRU
MSE: 15.448861102092316
MAE: 3.3623947920622648
EVS: -0.617947568249948
