Model: GRU
MSE: 35.18811295356358
MAE: 5.141828395702221
EVS: -0.9017898884639985
