Model: GRU
MSE: 18.595482786065286
MAE: 3.885621123843723
EVS: -0.4349001849076535
