Model: GRU
MSE: 20.145978862718206
MAE: 4.034062597486708
EVS: -0.5623663507936716
