Model: GRU
MSE: 24.398166245259038
MAE: 4.617948108249241
EVS: 0.07290866929292117
