Model: GRU
MSE: 11.485030696666163
MAE: 2.846877345332393
EVS: -0.39852527784212266
