Model: GRU
MSE: 10.378427804906972
MAE: 2.531436143098054
EVS: -0.5449647349394986
