Model: GRU
MSE: 11.10954307520448
MAE: 2.850529176217538
EVS: -0.3603244055933752
