Model: GRU
MSE: 13.917586973666907
MAE: 3.1843896441989474
EVS: -0.035305774794812894
