Model: GRU
MSE: 20.283320387411415
MAE: 4.101656348616989
EVS: -0.18794817433556377
