Model: GRU
MSE: 9.640075680655274
MAE: 2.6551356139006437
EVS: -0.19960704426428877
