Model: GRU
MSE: 1447.62790653988
MAE: 37.97104545875832
EVS: -0.04845264119140369
