Model: GRU
MSE: 21.219460208913922
MAE: 4.153934673026756
EVS: -0.4116870952637026
