Model: GRU
MSE: 20.073161089580633
MAE: 4.054229948255751
EVS: -0.4243844507225516
