Model: GRU
MSE: 11.677752955352945
MAE: 3.0063883110328957
EVS: -0.2016502092606589
