Model: GRU
MSE: 9.306504344331087
MAE: 2.5701003957677773
EVS: -0.29050076214142506
