Model: GRU
MSE: 9.535427073944918
MAE: 2.326216521086516
EVS: -0.5991892442672522
