Model: GRU
MSE: 11.166732582673124
MAE: 2.724744372897678
EVS: -0.498285582779473
