Model: GRU
MSE: 11.229539415594816
MAE: 2.5321918063693576
EVS: -0.08938369351174957
