Model: GRU
MSE: 11.789736658509254
MAE: 2.9421041629932545
EVS: -0.3283752048533597
