Model: GRU
MSE: 21.14302007512985
MAE: 3.8751827522560403
EVS: -0.4191093499620884
