Model: GRU
MSE: 11.18047842019149
MAE: 2.8395557403564453
EVS: -0.35684168310301856
