Model: GRU
MSE: 21.501091282664643
MAE: 4.168669100160952
EVS: -0.6135106946596884
