Model: GRU
MSE: 8.602252150197003
MAE: 2.2252346674601235
EVS: 0.059824280960909304
