Model: GRU
MSE: 13.961954431664143
MAE: 3.2691119688528554
EVS: 0.15440705739239902
