Model: GRU
MSE: 16.716036636711756
MAE: 3.5648258880332664
EVS: 0.012435762621216373
