Model: GRU
MSE: 14.99855322728416
MAE: 3.4181153685958297
EVS: -0.22509961398143186
