Model: GRU
MSE: 9.919598185609814
MAE: 2.77663732458044
EVS: -0.11734312854853912
