Model: GRU
MSE: 12.336790868550587
MAE: 2.9196864940502025
EVS: -0.09263977871246643
