Model: GRU
MSE: 9717.740823490964
MAE: 98.53274197048611
EVS: 0.09777434244438576
