Model: GRU
MSE: 17.843581515115314
MAE: 3.848761346605089
EVS: -0.4277354991634663
