Model: GRU
MSE: 24.028417971476134
MAE: 4.444008756566931
EVS: -0.4663434968077589
