Model: GRU
MSE: 19.54263207803838
MAE: 3.916231596911395
EVS: -0.40407016706460386
