Model: GRU
MSE: 10.378439401873038
MAE: 2.471471009431062
EVS: -0.020001535386765523
