Model: GRU
MSE: 15.120754135698142
MAE: 3.4954146632441767
EVS: -0.0301613513296759
