Model: GRU
MSE: 363.65308163718146
MAE: 18.92751488862214
EVS: 0.028072843957327454
