Model: GRU
MSE: 9.46740822676606
MAE: 2.4485579243412725
EVS: 0.08108112075492668
