Model: GRU
MSE: 24.161356568628914
MAE: 4.438031108291061
EVS: -0.4973160886009862
