Model: GRU
MSE: 11.389494646073823
MAE: 2.7562443768536604
EVS: -0.5007889559952226
