Model: GRU
MSE: 13.566949942426895
MAE: 3.194776764622441
EVS: -0.39242129016630334
