Model: GRU
MSE: 17.577678392067522
MAE: 3.564896406950774
EVS: -0.24323014215552052
