Model: GRU
MSE: 13.433811575546887
MAE: 3.1003270325837313
EVS: -0.4146784763835747
