Model: GRU
MSE: 12.321417677924021
MAE: 3.0742949733027705
EVS: -0.28185237146965414
