Model: GRU
MSE: 16.41635153056124
MAE: 3.541413395493119
EVS: -0.584872590420138
