Model: GRU
MSE: 16.210937621895635
MAE: 3.1040959888034396
EVS: -1.4469981970707315
