Model: GRU
MSE: 16.9678771618388
MAE: 3.6000727194326894
EVS: -0.2846537339633852
