Model: GRU
MSE: 11.231687077523524
MAE: 2.8338212260493525
EVS: -0.35176107986726124
