Model: GRU
MSE: 15.048074454575195
MAE: 3.3701450383221663
EVS: -0.5314580289404554
