Model: GRU
MSE: 9.195574576061686
MAE: 2.2612216384322554
EVS: -0.5620823088349394
