Model: GRU
MSE: 20.90480172942973
MAE: 4.075059060697202
EVS: -0.41138098525719347
