Model: GRU
MSE: 22.35583640030641
MAE: 4.201064533657497
EVS: -0.3011338488153539
