Model: GRU
MSE: 10.279958967383209
MAE: 2.6216297856083624
EVS: -0.4339476795603776
