Model: GRU
MSE: 32.72082667582928
MAE: 4.930604811067934
EVS: -1.8728462054801644
