Model: GRU
MSE: 10.329919890401031
MAE: 2.276732903939706
EVS: -0.7323656256213815
