Model: GRU
MSE: 8.875115469098798
MAE: 2.4470432069566517
EVS: -0.3511921127995714
