Model: GRU
MSE: 21.32059966832097
MAE: 3.9574417891325773
EVS: -1.266104256596409
