Model: GRU
MSE: 77.27244068307448
MAE: 7.3096644701781095
EVS: -4.765632054988075
