Model: GRU
MSE: 34.00162162459531
MAE: 4.932980714020906
EVS: -2.0527395461719
