Model: GRU
MSE: 17.514804761100702
MAE: 3.5628704494900174
EVS: -0.5268868080497335
