Model: GRU
MSE: 11.97249836932847
MAE: 2.9020818074544272
EVS: -0.05454638334522999
