Model: GRU
MSE: 11.38266041698868
MAE: 2.848679507220233
EVS: -0.4046267449088041
