Model: GRU
MSE: 10.801316426295434
MAE: 2.761269286826805
EVS: -0.3834948260293809
