Model: GRU
MSE: 15.378085719460252
MAE: 3.4055401660777904
EVS: -0.4220650609520331
