Model: GRU
MSE: 11.214655573371097
MAE: 2.784312848691587
EVS: -0.4209481028341622
