Model: GRU
MSE: 17.40858581310133
MAE: 3.7216884118539317
EVS: -0.34808984189972736
