Model: GRU
MSE: 9.759417834940702
MAE: 2.4808781941731772
EVS: -0.45927502592515057
