Model: GRU
MSE: 12.09225031881401
MAE: 2.964031872925935
EVS: -0.4130859848437112
