Model: GRU
MSE: 13.706719500436892
MAE: 3.236413496511954
EVS: 0.026167969443962824
