Model: GRU
MSE: 9.566255946643954
MAE: 2.2175722828617803
EVS: -0.6000934282749615
