Model: GRU
MSE: 24.714392193052575
MAE: 4.456995222303602
EVS: -0.3726608329286938
