Model: GRU
MSE: 11.623611793078622
MAE: 2.6853501001993814
EVS: -0.07340729796651058
