Model: GRU
MSE: 11.992300284209401
MAE: 2.981940198827673
EVS: -0.334399775995456
