Model: GRU
MSE: 18.645945086206364
MAE: 3.7769993676079645
EVS: -0.26838374231327533
