Model: GRU
MSE: 14.438994441370191
MAE: 3.2133334830955222
EVS: -0.4849253610522477
