Model: GRU
MSE: 15.909450309822617
MAE: 3.50302486066465
EVS: -0.4126089004303948
