Model: GRU
MSE: 16.924244300167192
MAE: 3.54896103894269
EVS: -0.4334262724640603
