Model: GRU
MSE: 12.555551505788538
MAE: 3.013938338668258
EVS: -0.39434871998431187
