Model: GRU
MSE: 19.791425873375754
MAE: 3.9769014252556696
EVS: -0.62730743401081
