Model: GRU
MSE: 9.599659351223771
MAE: 2.6004420739633067
EVS: -0.31543978371373793
