Model: GRU
MSE: 9.851281351084127
MAE: 2.3577506277296276
EVS: -0.6034822278926733
