Model: GRU
MSE: 9.10345437768491
MAE: 2.4973202458134405
EVS: -0.3031594021450892
