Model: GRU
MSE: 18.10915919126226
MAE: 3.744057266800492
EVS: -0.39348080002546504
