Model: GRU
MSE: 11.006101305053798
MAE: 2.228707207573785
EVS: -0.05269384630368368
