Model: GRU
MSE: 14.543414049451375
MAE: 3.246803319012677
EVS: -0.12643097899850875
