Model: GRU
MSE: 9.899506645108213
MAE: 2.670021586947971
EVS: -0.24996428105680057
