Model: GRU
MSE: 35.55405509769802
MAE: 5.130432094846453
EVS: -1.2312687901354846
