Model: GRU
MSE: 11.759226997116254
MAE: 2.816690692195186
EVS: -0.6076550341935223
