Model: GRU
MSE: 46.45878640280521
MAE: 6.500077141655816
EVS: -0.31527017059231666
