Model: GRU
MSE: 10.63710176152418
MAE: 2.719717202363191
EVS: -0.4113557116123143
