Model: GRU
MSE: 18.536932149616245
MAE: 3.837260016688594
EVS: -0.015400436412947194
