Model: GRU
MSE: 40.001371831646665
MAE: 5.410165945688884
EVS: -1.2833047040936458
