Model: GRU
MSE: 10.601356105442669
MAE: 2.4903096622890897
EVS: -0.6116586629831535
