Model: GRU
MSE: 14.601338591347956
MAE: 3.3669142899689852
EVS: -0.15911255722504714
