Model: GRU
MSE: 21.18932822993611
MAE: 3.9785552201447665
EVS: -0.3611913591931224
