Model: GRU
MSE: 23.505279809702692
MAE: 4.264643174630624
EVS: -0.9318904877728402
