Model: GRU
MSE: 13.96104285447065
MAE: 3.309257048147696
EVS: -0.43796627453330106
