Model: GRU
MSE: 29.810286566045054
MAE: 4.952546826115361
EVS: -0.21973135007832512
