Model: GRU
MSE: 14.015243940738435
MAE: 3.085273601390697
EVS: -0.5861162195325358
