Model: GRU
MSE: 16.37913958661149
MAE: 3.619036462571886
EVS: -0.30083601072317934
