Model: GRU
MSE: 8.689708305278517
MAE: 2.4837344134295427
EVS: -0.22799758388967728
