Model: GRU
MSE: 16.271676171017774
MAE: 3.518896879973235
EVS: -0.610742251892072
