Model: GRU
MSE: 25.817307149507442
MAE: 4.346909523010254
EVS: -1.5386660815126603
