Model: GRU
MSE: 13.919467803343819
MAE: 3.1699581499452942
EVS: -0.12624813496768228
