Model: GRU
MSE: 17.524835477527226
MAE: 3.692742418359827
EVS: -0.4339524646866686
