Model: GRU
MSE: 18.209138634979016
MAE: 3.7684492535061307
EVS: -0.22857611026720281
