Model: GRU
MSE: 14.077822486863397
MAE: 3.193156295352512
EVS: -0.42223857150787003
