Model: GRU
MSE: 23.425948652233476
MAE: 4.261586436518916
EVS: -0.5559224027540004
