Model: GRU
MSE: 8.322865786145924
MAE: 1.9589240815904405
EVS: -0.4814426433175325
