Model: GRU
MSE: 42.18853755661158
MAE: 6.082628391407154
EVS: -0.8126229883140872
