Model: GRU
MSE: 12.013332890861925
MAE: 2.965873188442654
EVS: 0.15456564925930105
