Model: GRU
MSE: 11159.869765891202
MAE: 105.59984164767795
EVS: -2.220446049250313e-16
