Model: GRU
MSE: 21.06913611478073
MAE: 3.9847568229392722
EVS: -0.737019355043963
