Model: GRU
MSE: 24.732112461632116
MAE: 4.5700182031702115
EVS: -0.3003602072687437
