Model: GRU
MSE: 8.766921968145281
MAE: 1.9429358729609736
EVS: -0.5714317327830243
