Model: GRU
MSE: 10.425988950384669
MAE: 2.6821573398731373
EVS: 0.04965627940516659
