Model: GRU
MSE: 13.424282224686067
MAE: 3.2200257689864547
EVS: -0.4325760032729917
