Model: GRU
MSE: 10.810270634622746
MAE: 2.8004577424791126
EVS: 0.060831531061595
