Model: GRU
MSE: 40.76268715859146
MAE: 6.0029415377864135
EVS: -0.5313497851050526
