Model: GRU
MSE: 11.666990806860634
MAE: 2.760669920179579
EVS: -0.5834014453430418
