Model: GRU
MSE: 18.135101726397775
MAE: 3.624368526317455
EVS: -0.4940229238014251
