Model: GRU
MSE: 13.09869538777349
MAE: 2.479510271990741
EVS: -0.3063995567322164
