Model: GRU
MSE: 12.398274402958089
MAE: 3.1177793785377785
EVS: -0.23629670262676816
