Model: GRU
MSE: 12.387682019652452
MAE: 3.0107781445538557
EVS: -0.45466298339575006
