Model: GRU
MSE: 17.963085494936053
MAE: 3.8922930117006653
EVS: 0.28455812059213825
