Model: GRU
MSE: 9.592583469848453
MAE: 2.613697052001953
EVS: -0.2945164336529442
