Model: GRU
MSE: 32.219106096543975
MAE: 5.174040882675736
EVS: -0.8205798668836968
