Model: GRU
MSE: 16.278952344104894
MAE: 3.497878145288538
EVS: -0.4021809420932152
