Model: GRU
MSE: 21.11920147675142
MAE: 4.040764455442075
EVS: -0.6274205428337187
