Model: GRU
MSE: 24.096675829787685
MAE: 4.457910202167652
EVS: -0.5003029328351125
