Model: GRU
MSE: 28.137702810263868
MAE: 4.898758605674461
EVS: -0.48660773467769847
