Model: GRU
MSE: 19.37806293872624
MAE: 4.0503852279097945
EVS: -0.008423099483556795
