Model: GRU
MSE: 28.82804410336781
MAE: 4.971827365733959
EVS: -0.39836469688197784
