Model: GRU
MSE: 24.585062391504305
MAE: 4.319451879571985
EVS: -0.5715847438021322
