Model: GRU
MSE: 9.480119482269679
MAE: 2.2088700577064797
EVS: -0.5838262401296048
