Model: GRU
MSE: 14.269045603805992
MAE: 3.219460063510471
EVS: -0.07584457554407353
