Model: GRU
MSE: 15.049222499944268
MAE: 3.3257595698038735
EVS: -0.6441955375362818
