Model: GRU
MSE: 22.273508318650446
MAE: 4.248787420767325
EVS: -0.36871761970506434
