Model: GRU
MSE: 17.13674233968596
MAE: 3.637331732997188
EVS: -0.3819045407743158
