Model: GRU
MSE: 15.154815920914391
MAE: 3.222381521154333
EVS: -0.6552591282013218
