Model: GRU
MSE: 20.02720481892956
MAE: 3.9397045418068215
EVS: -0.48685740321778415
