Model: GRU
MSE: 11.323727112516751
MAE: 2.81871004457827
EVS: -0.4547505249024566
