Model: GRU
MSE: 11.975057901671605
MAE: 2.5919808635005244
EVS: 0.5920843544700738
