Model: GRU
MSE: 16.801798834290427
MAE: 2.8563539893538863
EVS: 0.46288695419396897
