Model: GRU
MSE: 23.176544925352076
MAE: 3.404565440283881
EVS: 0.2056896860396471
