Model: GRU
MSE: 10.41299149691221
MAE: 2.5143543172765663
EVS: 0.5567171712402244
