Model: GRU
MSE: 13.167458444898498
MAE: 2.4248919310393156
EVS: 0.554737002920892
