Model: GRU
MSE: 27.041921935048745
MAE: 3.3528274253562644
EVS: 0.11384618075603659
