Model: GRU
MSE: 15.171881005865089
MAE: 3.1308637548376015
EVS: 0.33246298613996983
