Model: GRU
MSE: 22.732060974299984
MAE: 3.4001655402006925
EVS: 0.21796329771723943
