Model: GRU
MSE: 23.414104683310455
MAE: 3.7184274284927934
EVS: 0.22147817668905134
