Model: GRU
MSE: 12.800254191044369
MAE: 2.5322433754249856
EVS: 0.5540633387636891
