Model: GRU
MSE: 23.716008255148793
MAE: 3.155369855739452
EVS: 0.18295457638997636
