Model: GRU
MSE: 15.186920894270365
MAE: 2.639155953018754
EVS: 0.49021169300926115
