Model: GRU
MSE: 14.41533077517909
MAE: 2.773204061720106
EVS: 0.4970620391549412
