Model: GRU
MSE: 22.34734243185746
MAE: 3.1542774306403265
EVS: 0.2245741471659638
