Model: GRU
MSE: 21.88049743212428
MAE: 2.958739678064982
EVS: 0.23980898886541946
