Model: GRU
MSE: 26.909276386332394
MAE: 3.3350937454788774
EVS: 0.09518916067691496
