Model: GRU
MSE: 18.05551499951005
MAE: 3.097741727475767
EVS: 0.37779175557749656
