Model: GRU
MSE: 27.888352456106784
MAE: 3.324063301086426
EVS: 0.07959186368546123
