Model: GRU
MSE: 8.860335205317977
MAE: 2.0241128073798285
EVS: 0.6101691971963646
