Model: GRU
MSE: 11.614430891744396
MAE: 2.3634349328500255
EVS: 0.5932909787074052
