Model: GRU
MSE: 11.388497128993869
MAE: 2.427086900781702
EVS: 0.6107987938145907
