Model: GRU
MSE: 15.311134677489841
MAE: 3.259803436420582
EVS: 0.4983812754804843
