Model: GRU
MSE: 26.713621664314477
MAE: 3.7821260734840676
EVS: 0.07518290086617552
