Model: GRU
MSE: 21.76229708685819
MAE: 3.2797941631740994
EVS: 0.27156335150595157
