Model: GRU
MSE: 11.59817487849895
MAE: 2.457214320147479
EVS: 0.592637684463794
