Model: GRU
MSE: 24.25376765989659
MAE: 3.209674605616817
EVS: 0.15716538277753445
