Model: GRU
MSE: 13.071938414325823
MAE: 3.0664431783888073
EVS: 0.6011841172159397
