Model: GRU
MSE: 10.547115007112838
MAE: 2.214727013199418
EVS: 0.635529585580253
