Model: GRU
MSE: 22.286587915902796
MAE: 3.375726505562111
EVS: 0.24859182539903557
