Model: GRU
MSE: 21.88455035668046
MAE: 3.034233234546803
EVS: 0.2488668460873108
