Model: GRU
MSE: 25.932897456824026
MAE: 3.8168799259044506
EVS: 0.14855820145145981
