Model: GRU
MSE: 16.851439749471055
MAE: 2.799500677320692
EVS: 0.47528996179584093
