Model: GRU
MSE: 29.929494977747943
MAE: 4.014503408361365
EVS: 0.10471385105915998
