Model: GRU
MSE: 18.712010466559317
MAE: 2.966180130287453
EVS: 0.4317348056607899
