Model: GRU
MSE: 22.404497095272443
MAE: 3.0878150728013782
EVS: 0.22138716188725138
