Model: GRU
MSE: 15.361887108623739
MAE: 2.6611178009598344
EVS: 0.5106606227327939
