Model: GRU
MSE: 26.44936584916989
MAE: 4.122701600745872
EVS: 0.1905289976189375
