Model: GRU
MSE: 25.1346676729608
MAE: 3.379880604920564
EVS: 0.1304241560566053
