Model: GRU
MSE: 11.692079109608198
MAE: 2.4378812224776656
EVS: 0.5897136236086519
