Model: GRU
MSE: 10.790155805853761
MAE: 2.617534036989565
EVS: 0.5755745455945966
