Model: GRU
MSE: 12.89319532691305
MAE: 2.551408608754476
EVS: 0.5471868180470044
