Model: GRU
MSE: 13.960340151370348
MAE: 3.018547181729917
EVS: 0.5192223149715468
