Model: GRU
MSE: 25.01271205514694
MAE: 3.227348627867522
EVS: 0.14499365600442848
