Model: GRU
MSE: 9.748190488912542
MAE: 2.3567554509198225
EVS: 0.6586935285278112
