Model: GRU
MSE: 22.362656947891598
MAE: 3.218482494354248
EVS: 0.22266945327067866
