Model: GRU
MSE: 25.818859433818883
MAE: 3.5508177898548268
EVS: 0.15015153325465247
