Model: GRU
MSE: 14.011529726381518
MAE: 2.7222372690836587
EVS: 0.5097356705594401
