Model: GRU
MSE: 22.575192641188224
MAE: 3.7100610909638583
EVS: 0.23528659610071456
