Model: GRU
MSE: 21.613661346141708
MAE: 3.023617214626736
EVS: 0.25311826266701487
