Model: GRU
MSE: 13.42796297365902
MAE: 2.5370968359488026
EVS: 0.548391701291172
