Model: GRU
MSE: 10.599099828435682
MAE: 2.2602107966387712
EVS: 0.5458968421709504
