Model: GRU
MSE: 18.257104860441434
MAE: 2.932832700234872
EVS: 0.402292082296691
