Model: GRU
MSE: 16.071681010029536
MAE: 2.761420038011339
EVS: 0.47956462026112867
