Model: GRU
MSE: 13.173055983689382
MAE: 2.4559320873684354
EVS: 0.5375033053716034
