Model: GRU
MSE: 14.967774288586186
MAE: 3.129334432107431
EVS: 0.4830730296905399
