Model: GRU
MSE: 23.42252129093113
MAE: 3.366007345694083
EVS: 0.1858360648332832
