Model: GRU
MSE: 30.42809983058673
MAE: 4.0492991518091275
EVS: 0.1155251839021173
