Model: GRU
MSE: 16.28266459170704
MAE: 3.3881263732910156
EVS: 0.45343809110893896
