Model: GRU
MSE: 14.556837658393786
MAE: 3.1315662066141763
EVS: 0.5295864163151287
