Model: GRU
MSE: 14.157958685248062
MAE: 2.9311067263285318
EVS: 0.5099531859182272
