Model: GRU
MSE: 16.69784984520354
MAE: 2.873713970184326
EVS: 0.4549392482673267
