Model: GRU
MSE: 17.089627300819842
MAE: 2.86526867195412
EVS: 0.4532491194489584
