Model: GRU
MSE: 12.78038469149307
MAE: 2.8858991905494973
EVS: 0.5870674072877025
