Model: GRU
MSE: 11.761296736306088
MAE: 2.448039443404586
EVS: 0.5868859238605315
