Model: GRU
MSE: 13.557660089108266
MAE: 2.684582374714039
EVS: 0.5242369126548603
