Model: GRU
MSE: 14.267733620653628
MAE: 2.705915715959337
EVS: 0.4990141136544154
