Model: GRU
MSE: 15.540309381458293
MAE: 3.309100963451244
EVS: 0.5365712859130247
