Model: GRU
MSE: 12.935524293054893
MAE: 2.4828815813417786
EVS: 0.5580202958147311
