Model: GRU
MSE: 14.73338361582039
MAE: 3.0830053753323026
EVS: 0.49555103102861087
