Model: GRU
MSE: 27.738058770699876
MAE: 3.8948535919189453
EVS: 0.045111085079233226
