Model: GRU
MSE: 12.802612715044612
MAE: 2.7235382751182273
EVS: 0.5539895779881439
