Model: GRU
MSE: 21.461616532118224
MAE: 2.9815021974069102
EVS: 0.2606626739303729
