Model: GRU
MSE: 18.088714322312356
MAE: 3.776881147314001
EVS: 0.42042288455148513
