Model: GRU
MSE: 12.01803916193364
MAE: 2.55100515153673
EVS: 0.5786135267125453
