Model: GRU
MSE: 24.013199421284693
MAE: 3.836782967602765
EVS: 0.21517342374314974
