Model: GRU
MSE: 11.780639431286545
MAE: 2.5445678145797164
EVS: 0.5895696723421123
