Model: GRU
MSE: 15.372235055024762
MAE: 2.696031411488851
EVS: 0.4853534551496195
