Model: GRU
MSE: 13.0876932180586
MAE: 2.8311168352762857
EVS: 0.5543793747390493
