Model: GRU
MSE: 13.421816107044597
MAE: 2.7157751012731484
EVS: 0.5321244670845664
