Model: GRU
MSE: 13.963081246323444
MAE: 2.9856825228090638
EVS: 0.5331530368267647
