Model: GRU
MSE: 23.94725749485799
MAE: 3.1856785350375705
EVS: 0.18461316042503007
