Model: GRU
MSE: 16.370617872631094
MAE: 3.0312381143923157
EVS: 0.42601323040279115
