Model: GRU
MSE: 896.2474516622168
MAE: 29.454342241640443
EVS: -0.0077290358790567115
