Model: GRU
MSE: 17.020823607950938
MAE: 3.271581455513283
EVS: 0.4021935454606781
