Model: GRU
MSE: 12.950164907428466
MAE: 2.8874573001155146
EVS: 0.5687145242718297
