Model: GRU
MSE: 12.774433761268096
MAE: 2.6468736860487194
EVS: 0.5526385654580381
