Model: GRU
MSE: 25.946304853038598
MAE: 3.607757047370628
EVS: 0.10209903024554001
