Model: GRU
MSE: 14.562621899984185
MAE: 2.8898548196863243
EVS: 0.4890656814428116
