Model: GRU
MSE: 14.999379629118645
MAE: 3.1055732479801885
EVS: 0.4749550003096822
