Model: GRU
MSE: 23.723542478483278
MAE: 3.6236121742813676
EVS: 0.2205124777744356
