Model: GRU
MSE: 16.19064627126402
MAE: 3.386999801353172
EVS: 0.4852962436999537
