Model: GRU
MSE: 15.522873849464178
MAE: 2.670118066999647
EVS: 0.5294467812300012
