Model: GRU
MSE: 15.183860207420981
MAE: 3.3756422290095576
EVS: 0.48074787372690486
