Model: GRU
MSE: 16.26228139928656
MAE: 3.288358282159876
EVS: 0.443491912249132
