Model: GRU
MSE: 13.217254955714562
MAE: 2.7355237713566534
EVS: 0.5376867720181644
