Model: GRU
MSE: 13.799359074338032
MAE: 2.6445382082903826
EVS: 0.5178647885987657
