Model: GRU
MSE: 262.33924795064337
MAE: 15.223722560538185
EVS: -0.06289393507746022
