Model: GRU
MSE: 28.645697653994535
MAE: 3.360153639758075
EVS: 0.052849795599974936
