Model: GRU
MSE: 14.241515520093378
MAE: 2.673042721218533
EVS: 0.5036350137936436
