Model: GRU
MSE: 11.995359922443809
MAE: 2.5153899016203702
EVS: 0.5789474566944354
