Model: GRU
MSE: 20.903210314481274
MAE: 3.2169301244947643
EVS: 0.2913768604743455
