Model: GRU
MSE: 19.853090837083908
MAE: 3.1493495835198297
EVS: 0.31881053901821865
