Model: GRU
MSE: 21.843767631616284
MAE: 3.49770540661282
EVS: 0.30701970683467084
