Model: GRU
MSE: 26.89919680469868
MAE: 3.408547048215513
EVS: 0.07405688261756493
