Model: GRU
MSE: 13.232680618899023
MAE: 2.888145128885905
EVS: 0.5533466758166838
