Model: GRU
MSE: 11.299268369152244
MAE: 2.5963940267209655
EVS: 0.5045175136703555
