Model: GRU
MSE: 12.19504586344805
MAE: 2.707710689968533
EVS: 0.5813359254669128
