Model: GRU
MSE: 12.014698157027581
MAE: 2.466231416772913
EVS: 0.578498518146847
