Model: GRU
MSE: 11.635338966558004
MAE: 2.436765193939209
EVS: 0.5933560672969801
