Model: GRU
MSE: 23.781686398279977
MAE: 3.6156588836952492
EVS: 0.26757341740336693
