Model: GRU
MSE: 16.08832371586489
MAE: 3.232731960437916
EVS: 0.44644091294464316
