Model: GRU
MSE: 21.727686694710975
MAE: 3.141380645610668
EVS: 0.24937659928426825
