Model: GRU
MSE: 17.687877264747705
MAE: 3.5462704764472113
EVS: 0.389121472151317
