Model: GRU
MSE: 12.782659476258164
MAE: 2.49551663575349
EVS: 0.553379768539608
