Model: GRU
MSE: 12.413027257598346
MAE: 2.6315132776896157
EVS: 0.5645768748196267
