Model: GRU
MSE: 11.886062346182152
MAE: 2.5517002741495767
EVS: 0.5828314204653249
