Model: GRU
MSE: 21.137998156040744
MAE: 3.2899528785988137
EVS: 0.27935112387124106
