Model: GRU
MSE: 18.584377003307154
MAE: 3.1560457017686634
EVS: 0.37395040752906705
