Model: GRU
MSE: 17.972033385724597
MAE: 3.0794698927137585
EVS: 0.49005220973410524
