Model: GRU
MSE: 11.203333150432972
MAE: 2.8049154105009855
EVS: 0.6080819489898233
