Model: GRU
MSE: 13.74463395758669
MAE: 2.7001975024188005
EVS: 0.5698201898975166
