Model: GRU
MSE: 27.795690653090592
MAE: 3.925145890031542
EVS: 0.10408515656743667
