Model: GRU
MSE: 14.538647328095681
MAE: 2.706085787879096
EVS: 0.5029473951073269
