Model: GRU
MSE: 27.146728989827157
MAE: 3.8903247868573225
EVS: 0.09925292421821197
