Model: GRU
MSE: 26.65182681474997
MAE: 3.92918277669836
EVS: 0.369819399984319
