Model: GRU
MSE: 15.327867325809166
MAE: 3.07517507341173
EVS: 0.4648785736211464
