Model: GRU
MSE: 14.872641627184926
MAE: 3.1247687692995423
EVS: 0.48166883954935236
