Model: GRU
MSE: 14.97745168574489
MAE: 2.9033484635529696
EVS: 0.47498673416948145
