Model: GRU
MSE: 18.391453145182762
MAE: 2.877850620834916
EVS: 0.4700986082738142
