Model: GRU
MSE: 12.605565754424156
MAE: 2.692645267204002
EVS: 0.557566207694641
