Model: GRU
MSE: 14.776948025334681
MAE: 2.695711789307771
EVS: 0.5239795310981215
