Model: GRU
MSE: 13.562212060804464
MAE: 2.912214190871627
EVS: 0.5332195376471578
