Model: GRU
MSE: 12.028756092558448
MAE: 2.500097186477096
EVS: 0.5837877910858883
