Model: GRU
MSE: 21.48902546564768
MAE: 2.899485384976422
EVS: 0.25820822597903204
