Model: GRU
MSE: 24.427340772290716
MAE: 3.255001015133328
EVS: 0.15194580952167858
