Model: GRU
MSE: 17.011565800127553
MAE: 3.424737400478787
EVS: 0.4153464930821573
