Model: GRU
MSE: 23.48133799019037
MAE: 3.6164261323434337
EVS: 0.21082858376703284
