Model: GRU
MSE: 14.760738230828254
MAE: 2.8103630631058305
EVS: 0.4829201985965359
