Model: GRU
MSE: 16.31841053267046
MAE: 2.807426064102738
EVS: 0.46572171702644305
