Model: GRU
MSE: 23.586020732925423
MAE: 3.426624050846806
EVS: 0.1837351217479558
