Model: GRU
MSE: 25.81807047349464
MAE: 3.3146478864881725
EVS: 0.13536550729633556
