Model: GRU
MSE: 22.364160493643062
MAE: 3.4466885637353966
EVS: 0.23972929452247005
