Model: GRU
MSE: 13.474929093081712
MAE: 2.668080029664216
EVS: 0.5559930906662052
