Model: GRU
MSE: 10.740824639805211
MAE: 2.26982053120931
EVS: 0.6229814889889531
