Model: GRU
MSE: 12.685378400249226
MAE: 2.6076849831475153
EVS: 0.5568895686568281
