Model: GRU
MSE: 24.016938970171513
MAE: 3.629081160933883
EVS: 0.22310639080278316
