Model: GRU
MSE: 15.119464064570584
MAE: 2.993784304018374
EVS: 0.4689179419273215
