Model: GRU
MSE: 13.75369223964804
MAE: 2.5921074902569807
EVS: 0.5277749482093302
