Model: GRU
MSE: 13.088025788290208
MAE: 2.6388901427940086
EVS: 0.5413495374260389
