Model: GRU
MSE: 12.342062323770195
MAE: 2.472814771864149
EVS: 0.5782832912612678
