Model: GRU
MSE: 25.05028738643779
MAE: 3.238658693101671
EVS: 0.13495822373829025
