Model: GRU
MSE: 10.809965500992972
MAE: 2.5385970362910517
EVS: 0.6270822356558818
