Model: GRU
MSE: 10.046262454176688
MAE: 2.294088045756022
EVS: 0.5579864351115745
