Model: GRU
MSE: 11.45914710765509
MAE: 2.740949365827772
EVS: 0.5295640673292351
