Model: GRU
MSE: 12.232844681815154
MAE: 2.62610748079088
EVS: 0.5751616197173866
