Model: GRU
MSE: 5094.5184128205465
MAE: 71.17618476019965
EVS: -2.220446049250313e-16
