Model: GRU
MSE: 25.496487053803826
MAE: 3.259230649029767
EVS: 0.1257514130248476
