Model: GRU
MSE: 14.487543373357296
MAE: 2.621641724197953
EVS: 0.5041624300729692
