Model: GRU
MSE: 13.106926350543139
MAE: 2.5419932824594005
EVS: 0.5448092813572085
