Model: GRU
MSE: 25.329061166529595
MAE: 3.449307989191126
EVS: 0.1403072105584986
