Model: GRU
MSE: 13.287274740649528
MAE: 2.504700289832221
EVS: 0.5430368704328337
