Model: GRU
MSE: 12.841814096233723
MAE: 2.706395325837312
EVS: 0.5533422525330662
