Model: GRU
MSE: 15.642207372322959
MAE: 2.9754991354765714
EVS: 0.4532089210643655
