Model: GRU
MSE: 12.90315887067948
MAE: 2.40559811062283
EVS: 0.5799788933512215
