Model: GRU
MSE: 13.509160097777702
MAE: 2.65379919829192
EVS: 0.5314712001124318
