Model: GRU
MSE: 12.964585318500726
MAE: 2.564198723545781
EVS: 0.551332711496122
