Model: GRU
MSE: 10.614685442322854
MAE: 2.2776414023505316
EVS: 0.6338105395291478
