Model: GRU
MSE: 11.204918644042504
MAE: 2.4193271177786366
EVS: 0.5217067924470371
