Model: GRU
MSE: 21.85552577325313
MAE: 3.3604732442785195
EVS: 0.25259032228184586
