Model: GRU
MSE: 15.88553021690614
MAE: 2.6113939815097384
EVS: 0.49145184790502416
