Model: GRU
MSE: 25.999373456033204
MAE: 3.9393108597508184
EVS: 0.17351478060112024
