Model: GRU
MSE: 24.62789412037401
MAE: 3.594464690596969
EVS: 0.15698328259768735
