Model: GRU
MSE: 14.385789780547098
MAE: 3.137380423369231
EVS: 0.58924737674071
