Model: GRU
MSE: 13.347475907131091
MAE: 3.040175720497414
EVS: 0.6003548328991466
