Model: GRU
MSE: 16.97225173348074
MAE: 2.771519731592249
EVS: 0.44043349583531255
