Model: GRU
MSE: 14.392642748306512
MAE: 3.264245792671486
EVS: 0.5515564557581927
