Model: GRU
MSE: 14.32161855656287
MAE: 2.621659172905816
EVS: 0.517132221039702
