Model: GRU
MSE: 29.05656921746375
MAE: 3.5067445380347118
EVS: -0.03897106777080017
