Model: GRU
MSE: 13.4928021213687
MAE: 2.5925982969778554
EVS: 0.5271034018467029
