Model: GRU
MSE: 12.199419731768321
MAE: 2.808923368100767
EVS: 0.5886875905542999
