Model: GRU
MSE: 15.240775555733148
MAE: 2.7526875072055392
EVS: 0.4728007824202832
