Model: GRU
MSE: 28.495203570810972
MAE: 4.454692505024098
EVS: 0.10659866845473775
