Model: GRU
MSE: 14.241216834273583
MAE: 2.985342502593994
EVS: 0.5387039963071343
