Model: GRU
MSE: 15.963620881142772
MAE: 3.358163674672445
EVS: 0.507803543531067
