Model: GRU
MSE: 12.974304770732866
MAE: 2.524185410252324
EVS: 0.5471219621038604
