Model: GRU
MSE: 27.432957527412
MAE: 3.485337769543683
EVS: 0.1233872811598512
