Model: GRU
MSE: 12.67240907326026
MAE: 2.701446639166938
EVS: 0.5590438991274449
