Model: GRU
MSE: 12.215352166206719
MAE: 3.035845579924407
EVS: 0.5884764437006786
