Model: GRU
MSE: 24.02026590346119
MAE: 3.5416812190303095
EVS: 0.16923234863686898
