Model: GRU
MSE: 22.196347685965968
MAE: 3.312762984523067
EVS: 0.2488554761870524
