Model: GRU
MSE: 13.335998171812484
MAE: 3.002232145380091
EVS: 0.5523686099854728
