Model: GRU
MSE: 11.845770194857609
MAE: 2.453764456289786
EVS: 0.5945293539281693
