Model: GRU
MSE: 14.508280997653047
MAE: 2.635360505845812
EVS: 0.5501504171600049
