Model: GRU
MSE: 13.176172918484461
MAE: 2.57484409544203
EVS: 0.553053739086177
