Model: GRU
MSE: 14.220070214356586
MAE: 3.120529457374855
EVS: 0.5205103395868946
