Model: GRU
MSE: 12.929815633038414
MAE: 2.6236026375382036
EVS: 0.5461520441019407
