Model: GRU
MSE: 19.569817648412986
MAE: 3.9389352092036494
EVS: 0.4893751381912471
