Model: GRU
MSE: 18.161313263065807
MAE: 2.905496120452881
EVS: 0.41344089064178113
