Model: GRU
MSE: 12.963771600292342
MAE: 2.603874754022669
EVS: 0.5457071637842328
