Model: GRU
MSE: 11.754063292993738
MAE: 2.470727796907778
EVS: 0.5906878412153143
