Model: GRU
MSE: 13.083841908706896
MAE: 2.5867059142501265
EVS: 0.6129585685181111
