Model: GRU
MSE: 26.437091806572898
MAE: 3.562213727406093
EVS: 0.06882380776245056
