Model: GRU
MSE: 15.543866709156722
MAE: 3.2729504726551197
EVS: 0.49970584786703887
