Model: GRU
MSE: 13.597221429428904
MAE: 2.932584250414813
EVS: 0.5404669379203638
