Model: GRU
MSE: 13.798945894547817
MAE: 2.676079608775951
EVS: 0.5211467658163076
