Model: GRU
MSE: 15.52583786018345
MAE: 2.781203199315954
EVS: 0.5026132299095863
