Model: GRU
MSE: 13.037457133304803
MAE: 2.652476293069345
EVS: 0.5430583926598483
