Model: GRU
MSE: 12.556414745270937
MAE: 2.473632053092674
EVS: 0.5646558755056394
