Model: GRU
MSE: 14.82358890769235
MAE: 2.701513678939254
EVS: 0.49277125720891224
