Model: GRU
MSE: 24.2704694466691
MAE: 3.2522260171395763
EVS: 0.15679545818939922
