Model: GRU
MSE: 24.580498694393295
MAE: 3.3117837022852012
EVS: 0.14589971387614853
