Model: GRU
MSE: 19.833329277389467
MAE: 3.9067172650937683
EVS: 0.38850436709283087
