Model: GRU
MSE: 18.43949882431487
MAE: 3.0205432220741555
EVS: 0.39848142943964215
