Model: GRU
MSE: 12.094916138818142
MAE: 2.455086248892325
EVS: 0.4971537043791795
