Model: GRU
MSE: 17.99348130082803
MAE: 3.1552533750180847
EVS: 0.4909166962671865
