Model: GRU
MSE: 33.271659330629184
MAE: 4.005115332426848
EVS: -0.4573972346857911
