Model: GRU
MSE: 28.687519698858353
MAE: 3.4971953630447388
EVS: -0.030767839022268983
