Model: GRU
MSE: 13.88868045536721
MAE: 3.065660865218551
EVS: 0.5718151184718099
