Model: GRU
MSE: 14.018373402010605
MAE: 2.9023284205683955
EVS: 0.5109051748879487
