Model: GRU
MSE: 13.42462317295177
MAE: 2.587394608391656
EVS: 0.5517601193564259
