Model: GRU
MSE: 13.952340379224552
MAE: 2.8303851374873408
EVS: 0.5142311093047093
