Model: GRU
MSE: 17.72472099422586
MAE: 3.605660880053485
EVS: 0.4254715415818072
