Model: GRU
MSE: 20.975933955297858
MAE: 3.025782920696117
EVS: 0.27294249738189513
