Model: GRU
MSE: 23.49211395259759
MAE: 3.0965576348481356
EVS: 0.18587474887075006
