Model: GRU
MSE: 12.469217575653568
MAE: 2.5607655489886247
EVS: 0.5658418832120113
