Model: GRU
MSE: 27.216748475438326
MAE: 3.510305574962071
EVS: 0.023314068954681244
