Model: GRU
MSE: 14.133626254011283
MAE: 2.6670550593623408
EVS: 0.40577440523243735
