Model: GRU
MSE: 24.263911589835946
MAE: 3.5721757500259965
EVS: 0.18225365866708965
