Model: GRU
MSE: 15.04011268944421
MAE: 2.6896354534007885
EVS: 0.5166080512078111
