Model: GRU
MSE: 25.720231458695302
MAE: 3.2355649029767073
EVS: 0.11355522326739631
