Model: GRU
MSE: 9.669499903978863
MAE: 2.4401206087183067
EVS: 0.5858864469740401
