Model: GRU
MSE: 22.745778404024865
MAE: 3.4329695348386413
EVS: 0.23278369699323997
