Model: GRU
MSE: 11.154097278910816
MAE: 2.290353227544714
EVS: 0.6131360254642062
