Model: GRU
MSE: 12.534498535357468
MAE: 2.69813745993155
EVS: 0.5599543495437507
