Model: GRU
MSE: 9.837209860066245
MAE: 2.3250389099121094
EVS: 0.5723986900535769
