Model: GRU
MSE: 16.98439169836916
MAE: 3.0201804549605757
EVS: 0.4144155958371273
