Model: GRU
MSE: 21.623171006710116
MAE: 3.2038619076764143
EVS: 0.2493013498941754
