Model: GRU
MSE: 12.414930190665716
MAE: 2.9357858763800726
EVS: 0.5821536595610499
