Model: GRU
MSE: 12.20584150038795
MAE: 2.5794739899811923
EVS: 0.5713152415953717
