Model: GRU
MSE: 26.504390507815
MAE: 3.757965776655409
EVS: 0.09496155423922958
