Model: GRU
MSE: 21.88943074970357
MAE: 3.07087356072885
EVS: 0.23971865395273495
