Model: GRU
MSE: 14.298530258171551
MAE: 2.8358251783582897
EVS: 0.4979123528153232
