Model: GRU
MSE: 14.093466115638977
MAE: 2.7706387484515154
EVS: 0.5050908380590715
