Model: GRU
MSE: 12.19978492720782
MAE: 2.640913627765797
EVS: 0.5727022656009807
