Model: GRU
MSE: 14.079560462866302
MAE: 2.630043453640408
EVS: 0.5079215159698625
