Model: GRU
MSE: 13.514598703547673
MAE: 2.7575233424151384
EVS: 0.5407834452621577
