Model: GRU
MSE: 18.678207968264797
MAE: 3.7828520315664784
EVS: 0.48713116181908
