Model: GRU
MSE: 263.6950797006612
MAE: 15.32221304928815
EVS: -0.016007903210623953
