Model: GRU
MSE: 13.012092625260973
MAE: 2.6381476013748735
EVS: 0.5429835017091276
