Model: GRU
MSE: 14.515677190207574
MAE: 2.906331327226427
EVS: 0.5630865620755623
