Model: GRU
MSE: 14.934778635793414
MAE: 2.813219529611093
EVS: 0.4754536492453889
