Model: GRU
MSE: 27.013740435862154
MAE: 3.2960324199111373
EVS: 0.08982937751477205
