Model: GRU
MSE: 20.390137992776477
MAE: 2.9390399014508284
EVS: 0.2942655741926101
