Model: GRU
MSE: 253.36454770263222
MAE: 14.976702511310577
EVS: -0.020857457422890358
