Model: GRU
MSE: 11.706461309279398
MAE: 2.6660047107272677
EVS: 0.6149370781426735
