Model: GRU
MSE: 1189.7150178225875
MAE: 34.12093551070602
EVS: 0.10510884933082709
