Model: GRU
MSE: 12.19105865900996
MAE: 2.601443749886972
EVS: 0.5723297800355984
