Model: GRU
MSE: 24.778880162618535
MAE: 3.724199030134413
EVS: 0.14493706161534115
