Model: GRU
MSE: 24.10586993525031
MAE: 3.165094022397642
EVS: 0.17598301210327738
