Model: GRU
MSE: 12.252165023953316
MAE: 2.8493831245987504
EVS: 0.6031419106504154
