Model: GRU
MSE: 25.82859055283873
MAE: 3.54238169281571
EVS: 0.10309603906476739
