Model: GRU
MSE: 12.234636582425184
MAE: 2.648270783600984
EVS: 0.5867394840090322
