Model: GRU
MSE: 16.2489493215289
MAE: 3.0549799777843334
EVS: 0.4309776075593874
