Model: GRU
MSE: 19.96302330524773
MAE: 3.1420992568687156
EVS: 0.3471967300114921
