Model: GRU
MSE: 13.195891560160362
MAE: 2.59104241265191
EVS: 0.5367976134887786
