Model: GRU
MSE: 24.571441715795313
MAE: 4.155045350392659
EVS: 0.26699863007509295
