Model: GRU
MSE: 13.021976309905371
MAE: 2.587907632191976
EVS: 0.5426011115124467
