Model: GRU
MSE: 12.733651134766626
MAE: 2.684668858846029
EVS: 0.5533113995232011
