Model: GRU
MSE: 21.469389899567254
MAE: 3.1498011306480125
EVS: 0.26948352259639197
