Model: GRU
MSE: 14.01159951680012
MAE: 2.7736824176929615
EVS: 0.5112037155309865
