Model: GRU
MSE: 11.334094833194033
MAE: 2.282327475371184
EVS: 0.5226922982791461
