Model: GRU
MSE: 11.711262292336178
MAE: 2.604905375727901
EVS: 0.5922941290003328
