Model: GRU
MSE: 12.89789574967155
MAE: 2.684040422792788
EVS: 0.5682037897535746
