Model: GRU
MSE: 25.345255169408027
MAE: 3.9778131025808827
EVS: 0.1796872808292197
