Model: GRU
MSE: 12.03306601745048
MAE: 2.6738696098327637
EVS: 0.5830013014689046
