Model: GRU
MSE: 12.536011162202772
MAE: 2.7408240106370716
EVS: 0.5809379095686771
