Model: GRU
MSE: 10.666734127726023
MAE: 2.272480152271412
EVS: 0.6253964797443157
