Model: GRU
MSE: 21.8966755501993
MAE: 3.3127414562084057
EVS: 0.24421553318414058
