Model: GRU
MSE: 23.54171174166332
MAE: 3.4644023047553167
EVS: 0.22721723679445194
