Model: GRU
MSE: 10.115028323347259
MAE: 2.4332252431798866
EVS: 0.5701834331768907
