Model: GRU
MSE: 12.731909653097555
MAE: 2.6925759845309787
EVS: 0.5557808326947947
