Model: GRU
MSE: 25.46323302750473
MAE: 3.5990402080394603
EVS: 0.13037864291545476
