Model: GRU
MSE: 13.736019340883272
MAE: 3.1849262096263744
EVS: 0.4634019350891664
