Model: GRU
MSE: 11.932276501721894
MAE: 2.439224455091688
EVS: 0.582230256680533
