Model: GRU
MSE: 12.187612761042963
MAE: 2.494568595179805
EVS: 0.5735636206995767
