Model: GRU
MSE: 20.094454505563167
MAE: 3.799959076775445
EVS: 0.309072460563493
