Model: GRU
MSE: 11.675895504475958
MAE: 2.634062820010715
EVS: 0.603810684745237
