Model: GRU
MSE: 14.7454270159294
MAE: 3.0217338138156467
EVS: 0.48840765021181265
