Model: GRU
MSE: 23.007446702637573
MAE: 3.156469080183241
EVS: 0.20788252537978247
