Model: GRU
MSE: 16.128125573261507
MAE: 2.8460896986502187
EVS: 0.5006972352136759
