Model: GRU
MSE: 16.714760434352893
MAE: 3.110728175551803
EVS: 0.4128905746253969
