Model: GRU
MSE: 15.63610738414691
MAE: 3.04196329470034
EVS: 0.45119890922269
