Model: GRU
MSE: 16.235364804727766
MAE: 3.0182521254928023
EVS: 0.4314798060779871
