Model: GRU
MSE: 276.0732454071205
MAE: 15.669816034811515
EVS: -0.07239331232655655
