Model: GRU
MSE: 21.280609721575907
MAE: 3.104853285683526
EVS: 0.3276612627482153
