Model: GRU
MSE: 16.03424004143547
MAE: 2.7231385619552047
EVS: 0.4801186998736727
