Model: GRU
MSE: 17.601562604544437
MAE: 2.7728480056480125
EVS: 0.4611786127421865
