Model: GRU
MSE: 16.36001748145583
MAE: 2.6751107816342956
EVS: 0.5081564571770998
