Model: GRU
MSE: 24.398511786758657
MAE: 3.456526032200566
EVS: 0.154057725914721
