Model: GRU
MSE: 16.71139818145222
MAE: 2.899263717510082
EVS: 0.4355740369024278
