Model: GRU
MSE: 26.527757061232403
MAE: 3.8332163757748074
EVS: 0.10774678305155161
