Model: GRU
MSE: 10.146699773344178
MAE: 2.2559382297374584
EVS: 0.6581192229165549
