Model: GRU
MSE: 24.161810970366755
MAE: 3.2134230225174516
EVS: 0.16877937305929813
