Model: GRU
MSE: 13.02767225200727
MAE: 2.6395255901195385
EVS: 0.5425267908658444
