Model: GRU
MSE: 249.77240162733275
MAE: 14.864836634309203
EVS: -0.01193916325810096
