Model: GRU
MSE: 12.458366913610345
MAE: 2.3785892769142434
EVS: 0.5721209202233268
