Model: GRU
MSE: 26.01334986564251
MAE: 3.399996851171766
EVS: 0.11149311377858451
