Model: GRU
MSE: 12.949629806489021
MAE: 2.5029864134611906
EVS: 0.5672241297405123
