Model: GRU
MSE: 16.14880012779873
MAE: 2.713401582505968
EVS: 0.5062463930104604
