Model: GRU
MSE: 16.074423597113856
MAE: 2.7738214951974376
EVS: 0.4490725106650221
