Model: GRU
MSE: 8.906582391474247
MAE: 2.0706055252640336
EVS: 0.6091746603538397
