Model: GRU
MSE: 14.311873798328339
MAE: 2.8622305304915816
EVS: 0.4991465909772642
