Model: GRU
MSE: 14.794210430209482
MAE: 2.688013235727946
EVS: 0.49070166544341787
