Model: GRU
MSE: 17.860851536282613
MAE: 2.9880452862492315
EVS: 0.39287077867501785
