Model: GRU
MSE: 13.894183787714542
MAE: 2.59405337439643
EVS: 0.5429563329133006
