Model: GRU
MSE: 14.130166739364817
MAE: 2.836912667309796
EVS: 0.5067738410035818
