Model: GRU
MSE: 279.2717385064894
MAE: 15.77896562991319
EVS: -0.05310752394116269
