Model: GRU
MSE: 14.428290832471568
MAE: 3.2188969011659974
EVS: 0.5448313000471305
