Model: GRU
MSE: 27.76138648622757
MAE: 4.255933620311596
EVS: 0.10850377031477143
