Model: GRU
MSE: 27.176263162432086
MAE: 3.601880108868634
EVS: 0.055358152585325726
