Model: GRU
MSE: 14.574460837788811
MAE: 2.8375932198983653
EVS: 0.488196639659385
