Model: GRU
MSE: 12.917190683339674
MAE: 2.5433537695142956
EVS: 0.5495735614885282
