Model: GRU
MSE: 11.775314476219238
MAE: 2.411568076522262
EVS: 0.5865896865817997
