Model: GRU
MSE: 11.035334134805327
MAE: 2.642319096459283
EVS: 0.5511184453811298
