Model: GRU
MSE: 15.572336181348604
MAE: 3.054973461009838
EVS: 0.4530314178853023
