Model: GRU
MSE: 13.057770077823896
MAE: 2.940341931802255
EVS: 0.5586769588076064
