Model: GRU
MSE: 12.107661530071642
MAE: 2.7557235293918185
EVS: 0.5835233949300852
