Model: GRU
MSE: 9.67450563695827
MAE: 2.303463759245696
EVS: 0.578514044965238
