Model: GRU
MSE: 13.650643581271357
MAE: 2.600361912338822
EVS: 0.5243936302405132
