Model: GRU
MSE: 12.083815502362759
MAE: 2.4381798991450556
EVS: 0.575663023900929
