Model: GRU
MSE: 25.246813442679148
MAE: 3.436041902612757
EVS: 0.12316623116533698
