Model: GRU
MSE: 27.147791910067276
MAE: 3.5530799759758844
EVS: 0.06055198114343796
