Model: GRU
MSE: 13.315330461878636
MAE: 2.6931108192161277
EVS: 0.5327885827049244
