Model: GRU
MSE: 12.366842368507353
MAE: 2.542142974005805
EVS: 0.5664104907252175
