Model: GRU
MSE: 15.22752257217324
MAE: 2.9917189986617476
EVS: 0.4652424935190389
