Model: GRU
MSE: 15.450133290081466
MAE: 2.6947486488907426
EVS: 0.48713087571909663
