Model: GRU
MSE: 12.866546700406408
MAE: 2.483510238152963
EVS: 0.5480558061970369
