Model: GRU
MSE: 13.63796114775798
MAE: 2.8234157915468567
EVS: 0.5226001568542925
