Model: GRU
MSE: 14.44745918445642
MAE: 2.575529345759639
EVS: 0.5287508486030805
