Model: GRU
MSE: 14.728820566519971
MAE: 3.1545241673787436
EVS: 0.5012366314682881
