Model: GRU
MSE: 18.702073665949836
MAE: 2.8136747501514576
EVS: 0.35263235950953187
