Model: GRU
MSE: 22.337499151443335
MAE: 3.2096507107770003
EVS: 0.22943953712117382
