Model: GRU
MSE: 12.807084268189042
MAE: 2.5411972999572754
EVS: 0.5501491517825684
