Model: GRU
MSE: 12.077329437381835
MAE: 2.4726056346186884
EVS: 0.5814435138536537
