Model: GRU
MSE: 12.819494424214714
MAE: 2.941315527315493
EVS: 0.6052968356255002
