Model: GRU
MSE: 22.452849113324966
MAE: 3.1963667339748807
EVS: 0.21963080453296235
