Model: GRU
MSE: 14.763468932111007
MAE: 2.6584165361192493
EVS: 0.5099819503846785
