Model: GRU
MSE: 15.926538983897856
MAE: 3.3059402924996837
EVS: 0.4702693730769181
