Model: GRU
MSE: 1670.674051543383
MAE: 40.54233176619918
EVS: 0.051836814081343
