Model: GRU
MSE: 20.575486199201166
MAE: 3.996454874674479
EVS: 0.4415774891890648
