Model: GRU
MSE: 11.459534820808862
MAE: 2.383965333302816
EVS: 0.6074193861329672
