Model: GRU
MSE: 8.99538582238645
MAE: 2.16067052770544
EVS: 0.6043079760470011
