Model: GRU
MSE: 13.380420985654954
MAE: 2.532822291056315
EVS: 0.5435212925154416
