Model: GRU
MSE: 13.070852683631225
MAE: 2.645531725000452
EVS: 0.5409102364542239
