Model: GRU
MSE: 14.078055175141959
MAE: 3.176348739200168
EVS: 0.5894774382400789
