Model: GRU
MSE: 17.25193967099924
MAE: 2.818709408795392
EVS: 0.4319724794897456
