Model: GRU
MSE: 12.399803465682696
MAE: 2.78863615459866
EVS: 0.5789067731705171
