Model: GRU
MSE: 21.444765285987447
MAE: 3.108571582370334
EVS: 0.2552344049956248
