Model: GRU
MSE: 13.426900333964753
MAE: 2.5500236793800637
EVS: 0.5379871341361326
