Model: GRU
MSE: 14.120623749536275
MAE: 2.546463683799461
EVS: 0.5228850406954582
