Model: GRU
MSE: 13.640254069853418
MAE: 2.590931221290871
EVS: 0.5357039556362646
