Model: GRU
MSE: 15.901417992141061
MAE: 3.3091200722588434
EVS: 0.45208246748963155
