Model: GRU
MSE: 13.688893431387408
MAE: 2.612748110735858
EVS: 0.5237800407788895
