Model: GRU
MSE: 13.840120074972758
MAE: 3.009438338103118
EVS: 0.5515313936755839
