Model: GRU
MSE: 14.781276662096287
MAE: 3.072935598867911
EVS: 0.4889444073650535
