Model: GRU
MSE: 22.421787353608547
MAE: 3.3088562576859086
EVS: 0.2324930660635952
