Model: GRU
MSE: 15.286933866435009
MAE: 2.9500542040224427
EVS: 0.4635726480573086
