Model: GRU
MSE: 13.553169250064423
MAE: 2.9701669127852828
EVS: 0.5478951206480934
