Model: GRU
MSE: 16.35935607165156
MAE: 3.4676390047426575
EVS: 0.5922765730276238
