Model: GRU
MSE: 15.754320991632094
MAE: 2.976833396487766
EVS: 0.4466212736617168
