Model: GRU
MSE: 14.021963954779157
MAE: 2.5976008662471064
EVS: 0.5297898261300489
