Model: GRU
MSE: 15.546330443230865
MAE: 2.7529508802625866
EVS: 0.47979327605214195
