Model: GRU
MSE: 268.76228340012517
MAE: 15.470882201636279
EVS: -0.022452300402757475
