Model: GRU
MSE: 11.771258646280844
MAE: 2.5169849219145597
EVS: 0.5938761771724264
