Model: GRU
MSE: 13.525128975217951
MAE: 3.014882705829762
EVS: 0.5567951287757649
