Model: GRU
MSE: 22.598038372616767
MAE: 3.5106479503490307
EVS: 0.2587051915814004
