Model: GRU
MSE: 12.486190788011577
MAE: 2.988772339291043
EVS: 0.548610326049872
