Model: GRU
MSE: 13.713027237043283
MAE: 2.8102353237293385
EVS: 0.5270022711269768
