Model: GRU
MSE: 15.536483971696835
MAE: 2.8758350478278265
EVS: 0.46083064196073376
