Model: GRU
MSE: 10.982388186959
MAE: 2.481283187866211
EVS: 0.6229837960377491
