Model: GRU
MSE: 18.652542211523908
MAE: 2.8985802685772932
EVS: 0.353655092621586
