Model: GRU
MSE: 23.176896138566388
MAE: 3.7309860829953796
EVS: 0.2819765415323393
