Model: GRU
MSE: 13.754324474062127
MAE: 3.133979249883581
EVS: 0.5740199168562401
