Model: GRU
MSE: 13.603621066109183
MAE: 3.074715190463596
EVS: 0.5578301194995487
