Model: GRU
MSE: 14.22963533797747
MAE: 3.0681372395268194
EVS: 0.5158678322818617
