Model: GRU
MSE: 22.306713729404457
MAE: 3.3447130697744862
EVS: 0.22590910306114753
