Model: GRU
MSE: 33.939691257317044
MAE: 3.890753145571108
EVS: -0.03789018132066002
