Model: GRU
MSE: 14.871967320689237
MAE: 3.064928619949906
EVS: 0.4921401124492326
