Model: GRU
MSE: 23.085059256562477
MAE: 3.53766229417589
EVS: 0.22354386331644904
