Model: GRU
MSE: 15.073316002712065
MAE: 3.0210030343797474
EVS: 0.4731520060533593
