Model: GRU
MSE: 10.928534677224105
MAE: 2.2875653549476906
EVS: 0.6212644048287534
