Model: GRU
MSE: 15.320374426208488
MAE: 2.715931362575955
EVS: 0.49386678350206337
