Model: GRU
MSE: 14.668143330116184
MAE: 3.0893812532778138
EVS: 0.4945166283246437
