Model: GRU
MSE: 15.66559611322969
MAE: 2.73627178757279
EVS: 0.5300528987093773
