Model: GRU
MSE: 15.952221616834263
MAE: 3.074974784144649
EVS: 0.4431501529655568
