Model: GRU
MSE: 10.449678028480717
MAE: 2.3194944770247847
EVS: 0.6331803218460503
