Model: GRU
MSE: 23.56524433620537
MAE: 3.413142133642126
EVS: 0.18612804710071928
