Model: GRU
MSE: 23.434409095876642
MAE: 3.2184678007055214
EVS: 0.1866439812997558
