Model: GRU
MSE: 10.973391944117271
MAE: 2.5963060944168657
EVS: 0.5508798974802948
