Model: GRU
MSE: 269.7940622497493
MAE: 15.53183185171198
EVS: -0.0030603590509350465
