Model: GRU
MSE: 15.052595361040842
MAE: 2.627726025051541
EVS: 0.5021987032523669
