Model: GRU
MSE: 13.394721386265262
MAE: 2.5045765064380787
EVS: 0.5391464614808603
