Model: GRU
MSE: 25.287436431291813
MAE: 3.7594414640355995
EVS: 0.14084161033821585
