Model: GRU
MSE: 24.530010385794203
MAE: 3.6819266743130155
EVS: 0.164934886238427
