Model: GRU
MSE: 14.906195257310005
MAE: 2.565742951852304
EVS: 0.534054736691834
