Model: GRU
MSE: 13.545004191687314
MAE: 2.6800150518064147
EVS: 0.5242687748481849
