Model: GRU
MSE: 14.296464795504157
MAE: 3.0407512806080006
EVS: 0.5011481009245642
