Model: GRU
MSE: 23.685333381676855
MAE: 3.664345547004982
EVS: 0.23414911681847694
