Model: GRU
MSE: 13.319070477521311
MAE: 2.61221691414162
EVS: 0.53456879977375
