Model: GRU
MSE: 14.891022392804222
MAE: 3.1329414226390697
EVS: 0.48695660953022246
