Model: GRU
MSE: 26.45971194600482
MAE: 3.3694469310619213
EVS: 0.08749706101585752
