Model: GRU
MSE: 14.319662440422631
MAE: 2.9853118084095143
EVS: 0.5170098804663779
