Model: GRU
MSE: 12.508741933133058
MAE: 2.916195198341652
EVS: 0.49230742154761353
