Model: GRU
MSE: 16.260842564703445
MAE: 3.262926631503635
EVS: 0.431406382517573
