Model: GRU
MSE: 13.230905258075381
MAE: 2.400824334886339
EVS: 0.556569341132759
