Model: GRU
MSE: 16.038890752656545
MAE: 2.894635800962095
EVS: 0.44158187371259583
