Model: GRU
MSE: 10.765667121443895
MAE: 2.4096729667098433
EVS: 0.5684865180630827
