Model: GRU
MSE: 16.026965750242923
MAE: 3.4089766608344183
EVS: 0.5164235814644023
