Model: GRU
MSE: 16.291345696372968
MAE: 2.6310960628368236
EVS: 0.5041919946195389
