Model: GRU
MSE: 16.155444355725844
MAE: 3.0637669916506165
EVS: 0.5436256811144995
