Model: GRU
MSE: 23.32899104464338
MAE: 3.2381001881190707
EVS: 0.16552989643802662
