Model: GRU
MSE: 27.119179609979433
MAE: 3.8380203247070312
EVS: 0.10433243655826241
