Model: GRU
MSE: 19.677741083546465
MAE: 2.986222673345495
EVS: 0.3196007870980837
