Model: GRU
MSE: 15.672737722406325
MAE: 3.224326486940737
EVS: 0.45673982584048456
