Model: GRU
MSE: 13.941521507986433
MAE: 2.6107630553068937
EVS: 0.5222673474644111
