Model: GRU
MSE: 12.947657913036588
MAE: 2.647923469543457
EVS: 0.5475434494973697
