Model: GRU
MSE: 22.421688864718824
MAE: 3.08595863978068
EVS: 0.22827325090019623
