Model: GRU
MSE: 10.86430604275255
MAE: 2.229844746766267
EVS: 0.5707643726197897
