Model: GRU
MSE: 23.55892686219811
MAE: 3.276643911997477
EVS: 0.1811466939977272
