Model: GRU
MSE: 13.602034178453357
MAE: 2.845168396278664
EVS: 0.5320135561655601
