Model: GRU
MSE: 22.267726633957377
MAE: 3.219721794128418
EVS: 0.2275318382666448
