Model: GRU
MSE: 272.93199245832113
MAE: 15.654359406895107
EVS: 0.031116035229008965
