Model: GRU
MSE: 23.78205876547116
MAE: 3.7063785482335976
EVS: 0.211870410270931
