Model: GRU
MSE: 25.261384476400636
MAE: 3.357771467279505
EVS: 0.1219072111570082
