Model: GRU
MSE: 14.302412572755614
MAE: 2.9146005312601724
EVS: 0.4986832210212807
