Model: GRU
MSE: 11.247201253875186
MAE: 2.7271369651511863
EVS: 0.6245495085631869
