Model: GRU
MSE: 13.890121190936556
MAE: 2.604023845107467
EVS: 0.5405969488937787
