Model: GRU
MSE: 9.022922375407191
MAE: 2.1019129046687373
EVS: 0.6092845424275888
