Model: GRU
MSE: 12.54335412088778
MAE: 2.782133120077628
EVS: 0.5781349521757633
