Model: GRU
MSE: 22.429752376377042
MAE: 3.455765724182129
EVS: 0.24385808662766006
