Model: GRU
MSE: 17.59912888017455
MAE: 3.5790041817559137
EVS: 0.43093688195097657
