Model: GRU
MSE: 15.283284442857486
MAE: 3.226158283374928
EVS: 0.49700983820679767
