Model: GRU
MSE: 15.276243341111357
MAE: 2.7092579029224537
EVS: 0.5106654369874406
