Model: GRU
MSE: 41533.967187868526
MAE: 203.72898186577692
EVS: -2.220446049250313e-16
