Model: GRU
MSE: 22.43944156112281
MAE: 3.1848048545696117
EVS: 0.23486097002563988
