Model: GRU
MSE: 13.313864281327538
MAE: 2.5558913902000144
EVS: 0.5418334037260393
