Model: GRU
MSE: 15.12632208021519
MAE: 2.7399374114142523
EVS: 0.5064272730496324
