Model: GRU
MSE: 12.556571131841338
MAE: 2.8971895288538048
EVS: 0.5859072144206726
