Model: GRU
MSE: 24.426139312504702
MAE: 3.6651931692052773
EVS: 0.18542714998665533
