Model: GRU
MSE: 13.640213642473917
MAE: 2.5064728171737105
EVS: 0.5498019762535143
