Model: GRU
MSE: 25.671039009658358
MAE: 3.3752453327178955
EVS: 0.14547891743151675
