Model: GRU
MSE: 13.303839096984701
MAE: 2.6095743002714933
EVS: 0.5336813973652393
