Model: GRU
MSE: 21.72630241201864
MAE: 3.360108004675971
EVS: 0.24559779004999926
