Model: GRU
MSE: 24.814387189416376
MAE: 3.6971903730321816
EVS: 0.14886229323174682
