Model: GRU
MSE: 26.364350289817704
MAE: 3.3267971497994884
EVS: 0.08450132565665369
