Model: GRU
MSE: 23.841195107563795
MAE: 3.865007241566976
EVS: 0.25862333939579596
