Model: GRU
MSE: 25.137515498771958
MAE: 3.2041777151602284
EVS: 0.14365797543584702
