Model: GRU
MSE: 10.252433344264372
MAE: 2.418275488747491
EVS: 0.5840467518504958
