Model: GRU
MSE: 12.539688141107742
MAE: 2.57136094128644
EVS: 0.6072564523665893
