Model: GRU
MSE: 21.726997951647196
MAE: 3.43949392106798
EVS: 0.27646840402534045
