Model: GRU
MSE: 11.039990839600318
MAE: 2.2427372049402305
EVS: 0.6216668728541608
