Model: GRU
MSE: 15220.989105450806
MAE: 123.26534271240234
EVS: 0.06409553034293258
