Model: GRU
MSE: 10.633107055915152
MAE: 2.4162302017211914
EVS: 0.6466186020831185
