Model: GRU
MSE: 15.446173142169586
MAE: 2.775854463930483
EVS: 0.48788657399884017
