Model: GRU
MSE: 15.60399894565011
MAE: 2.7140016202573425
EVS: 0.4936785621270605
