Model: GRU
MSE: 12.213106099655862
MAE: 2.7205563651190863
EVS: 0.5783813923595584
