Model: GRU
MSE: 15.688054488784852
MAE: 2.6639177710921675
EVS: 0.5148445294391292
