Model: GRU
MSE: 23.732605290643978
MAE: 3.2208124973155834
EVS: 0.18061509736451753
