Model: GRU
MSE: 14.822478094780966
MAE: 3.124787966410319
EVS: 0.49549967546494333
