Model: GRU
MSE: 9.363940452138936
MAE: 2.216079005488643
EVS: 0.5896498918600851
