Model: GRU
MSE: 12.350212175328496
MAE: 2.7666331043949834
EVS: 0.5757768310913589
