Model: GRU
MSE: 16.43246414607685
MAE: 2.7174850569831
EVS: 0.4916203561502902
