Model: GRU
MSE: 21.31584954453327
MAE: 3.6639007462395563
EVS: 0.33729529145975035
