Model: GRU
MSE: 24.940121215460092
MAE: 3.22471410256845
EVS: 0.1409441799001535
