Model: GRU
MSE: 13.386046078151425
MAE: 2.778968740392614
EVS: 0.5309532245702671
