Model: GRU
MSE: 14.559495074825943
MAE: 3.0320883680272988
EVS: 0.5126340607996178
