Model: GRU
MSE: 13.298394467794289
MAE: 2.8602067452889903
EVS: 0.536224102877519
