Model: GRU
MSE: 12.332269930657073
MAE: 2.825895168163158
EVS: 0.5756327829746177
