Model: GRU
MSE: 8.53011934228356
MAE: 2.040941768222385
EVS: 0.6247609551132134
