Model: GRU
MSE: 15.335819392184627
MAE: 2.8307571057920105
EVS: 0.5363896767073444
