Model: GRU
MSE: 23.82220788259394
MAE: 3.231198752367938
EVS: 0.1803885527484873
