Model: GRU
MSE: 10.141871880942963
MAE: 2.4007396697998047
EVS: 0.662583144466391
