Model: GRU
MSE: 24.210643301720673
MAE: 3.3684339699921786
EVS: 0.16882077058560163
