Model: GRU
MSE: 23.731181180599894
MAE: 3.262137360042996
EVS: 0.17732420586687592
