Model: GRU
MSE: 15.033808925136505
MAE: 3.241277429792616
EVS: 0.5002765287902569
