Model: GRU
MSE: 11.600426631019301
MAE: 2.5134410858154297
EVS: 0.6023270209363665
