Model: GRU
MSE: 23.782220508834143
MAE: 3.3437009740758827
EVS: 0.18948028353340884
