Model: GRU
MSE: 14.939268644566154
MAE: 2.732963526690448
EVS: 0.4876043267959903
