Model: GRU
MSE: 11.821502645144982
MAE: 2.818834905271177
EVS: 0.5328028800839955
