Model: GRU
MSE: 15.130095833600981
MAE: 3.4034966186240867
EVS: 0.6518133706252164
