Model: GRU
MSE: 12.111579490651282
MAE: 2.9098836051093206
EVS: 0.6141686436963838
