Model: GRU
MSE: 14.320968925167824
MAE: 3.2251171712522155
EVS: 0.5296539402254836
