Model: GRU
MSE: 13.188710069293242
MAE: 2.617894596523709
EVS: 0.5444542435818059
