Model: GRU
MSE: 11.326903973907688
MAE: 2.4189608891805015
EVS: 0.6027405789655178
