Model: GRU
MSE: 10.869285689753285
MAE: 2.3545974095662436
EVS: 0.6182176426500976
