Model: GRU
MSE: 15.371573881529137
MAE: 2.697069203412091
EVS: 0.49987276622180155
