Model: GRU
MSE: 30.720573520540274
MAE: 3.8518549714769637
EVS: -0.058495213312024896
