Model: GRU
MSE: 25.882524928326802
MAE: 3.348980364976106
EVS: 0.10359064023762166
