Model: GRU
MSE: 12.344046018921299
MAE: 2.8752535890649864
EVS: 0.4942100300562414
