Model: GRU
MSE: 14.761343726856104
MAE: 2.651160717010498
EVS: 0.5027364714522824
