Model: GRU
MSE: 13.644613446939907
MAE: 3.027347441072817
EVS: 0.5401762613971387
