Model: GRU
MSE: 9.374236147354269
MAE: 2.084068121733489
EVS: 0.6707337843059735
