Model: GRU
MSE: 14.654437751171406
MAE: 3.4220537962736906
EVS: 0.6169253510067141
