Model: GRU
MSE: 13.910401221194526
MAE: 2.96806381366871
EVS: 0.5224351906911759
