Model: GRU
MSE: 14.764730840280933
MAE: 2.780373961837203
EVS: 0.4830920085502455
