Model: GRU
MSE: 22.986885020644944
MAE: 3.140597767300076
EVS: 0.2010119779325542
