Model: GRU
MSE: 15.804712391090545
MAE: 2.778744238394278
EVS: 0.5100398079083099
