Model: GRU
MSE: 13.259317383747733
MAE: 3.038968245188395
EVS: 0.5953225305729926
