Model: GRU
MSE: 23.139429515852186
MAE: 3.7605837186177573
EVS: 0.22048207340126003
