Model: GRU
MSE: 22.422554601613868
MAE: 3.221037511472349
EVS: 0.22653840909320122
