Model: GRU
MSE: 15.156000412038136
MAE: 2.6152350107828775
EVS: 0.4783757237085511
