Model: GRU
MSE: 13.47055736850474
MAE: 2.723783016204834
EVS: 0.5284924384163632
