Model: GRU
MSE: 13.335726621467286
MAE: 3.1346755734196416
EVS: 0.5379740817841892
