Model: GRU
MSE: 13.901580693781499
MAE: 2.6779797871907554
EVS: 0.5183830424338204
