Model: GRU
MSE: 17.525399259069033
MAE: 3.424775900664153
EVS: 0.39810802872153517
