Model: GRU
MSE: 13.402603279351853
MAE: 2.539873864915636
EVS: 0.45230958287027956
