Model: GRU
MSE: 16.571186672066958
MAE: 2.89772097269694
EVS: 0.43239653141676404
