Model: GRU
MSE: 22.642666247075734
MAE: 3.302115104816578
EVS: 0.22823035628290012
