Model: GRU
MSE: 13.684459258769435
MAE: 2.592882244675248
EVS: 0.5221910777830513
