Model: GRU
MSE: 22.46113506187105
MAE: 3.1129908385100187
EVS: 0.21975866339989225
