Model: GRU
MSE: 16.34946059916578
MAE: 2.8173051940070257
EVS: 0.4544087690751918
