Model: GRU
MSE: 274.2244981504594
MAE: 15.626641887205619
EVS: -0.054916513373247655
