Model: GRU
MSE: 24.605293992213074
MAE: 3.4853820977387606
EVS: 0.16464522419918437
