Model: GRU
MSE: 14.504809916807972
MAE: 3.098534654687952
EVS: 0.5223007191472984
