Model: GRU
MSE: 23.167990585875025
MAE: 3.6837410220393427
EVS: 0.24503660877972022
