Model: GRU
MSE: 13.84702710468183
MAE: 2.4939971499972873
EVS: 0.5441952153151828
