Model: GRU
MSE: 21.581666214422437
MAE: 3.0650996367136636
EVS: 0.24998090673160644
