Model: GRU
MSE: 12.930350790280155
MAE: 2.5001072177180537
EVS: 0.5458490551462762
