Model: GRU
MSE: 12.2339338686263
MAE: 2.494673799585413
EVS: 0.5702778714598007
