Model: GRU
MSE: 15.47846090106451
MAE: 3.1349141156231917
EVS: 0.4572715260670335
