Model: GRU
MSE: 23.79051376427274
MAE: 3.3182593804818614
EVS: 0.17544598357456265
