Model: GRU
MSE: 12.515650084129497
MAE: 2.5211334581728333
EVS: 0.5614491405443279
