Model: GRU
MSE: 24.465542141006658
MAE: 3.2901985304696217
EVS: 0.1406418544013659
