Model: GRU
MSE: 12.836948777589534
MAE: 2.66343715455797
EVS: 0.5492533885249085
