Model: GRU
MSE: 11.450735350695377
MAE: 2.3090373145209417
EVS: 0.6015324810986726
