Model: GRU
MSE: 11.758685998157473
MAE: 2.373892996046278
EVS: 0.5879671929347474
