Model: GRU
MSE: 12.818987717676414
MAE: 2.562517766599302
EVS: 0.5573560274336227
