Model: GRU
MSE: 15.055737164592925
MAE: 2.696827076099537
EVS: 0.5195795876086838
