Model: GRU
MSE: 11.40433598663527
MAE: 2.5100893444485135
EVS: 0.6027041569959105
