Model: GRU
MSE: 30.377217336685
MAE: 4.768526713053386
EVS: 2.220446049250313e-16
