Model: GRU
MSE: 14.658860159181316
MAE: 2.8886550973962852
EVS: 0.48517956011164864
