Model: GRU
MSE: 10.759002124407946
MAE: 2.2797496583726673
EVS: 0.5346409976008023
