Model: GRU
MSE: 23.641090493086715
MAE: 3.1456379890441895
EVS: 0.1869511977142383
