Model: GRU
MSE: 26.98095306175726
MAE: 4.0657768955937135
EVS: 0.09374030319381577
