Model: GRU
MSE: 19.38992504565404
MAE: 3.1553384286385997
EVS: 0.3447080401909648
