Model: GRU
MSE: 21.708078683127084
MAE: 3.0426077842712402
EVS: 0.2454663825997695
