Model: GRU
MSE: 12.290244049390056
MAE: 2.416342541023537
EVS: 0.5811259175405312
