Model: GRU
MSE: 25.220811524964617
MAE: 3.8852603523819536
EVS: 0.17589834097837564
