Model: GRU
MSE: 13.870883571202318
MAE: 2.9031878224125616
EVS: 0.5129305988688364
