Model: GRU
MSE: 15.952307843871504
MAE: 3.2618072474444353
EVS: 0.4556186969058029
