Model: GRU
MSE: 23.835591590954763
MAE: 3.135823779635959
EVS: 0.17653569921013113
