Model: GRU
MSE: 34.03818772662128
MAE: 4.165845226358484
EVS: -0.03495605849256256
