Model: GRU
MSE: 13.66579385113846
MAE: 2.5212875295568398
EVS: 0.5536754915299973
