Model: GRU
MSE: 12.349521989044904
MAE: 2.592133469051785
EVS: 0.5774155311072122
