Model: GRU
MSE: 13.356681995566928
MAE: 2.721543029502586
EVS: 0.5308393910373888
