Model: GRU
MSE: 16.470099578971148
MAE: 3.2297615298518427
EVS: 0.43129893867253044
