Model: GRU
MSE: 24.892099002128546
MAE: 3.4914418679696544
EVS: 0.13586665655507957
