Model: GRU
MSE: 15.118264104310928
MAE: 2.5919553438822427
EVS: 0.5240411826182201
