Model: GRU
MSE: 14.101765476813263
MAE: 2.5388429783008717
EVS: 0.5336933810627456
