Model: GRU
MSE: 23.124903228671243
MAE: 3.0749944051106772
EVS: 0.19905329396839289
