Model: GRU
MSE: 12.146304096043322
MAE: 2.5660023159450955
EVS: 0.5739482420985069
