Model: GRU
MSE: 14.369850243164743
MAE: 2.869719664255778
EVS: 0.4952481648206525
