Model: GRU
MSE: 16.152108568352947
MAE: 3.3752800623575845
EVS: 0.4558754489755318
