Model: GRU
MSE: 25.246813255915725
MAE: 3.3739664289686413
EVS: 0.12256382219365625
