Model: GRU
MSE: 26.82060584644334
MAE: 3.9534045117241994
EVS: 0.12051988711359285
