Model: GRU
MSE: 11.413697068601037
MAE: 2.5877084732055664
EVS: 0.6041169784015205
