Model: GRU
MSE: 16.600188688232553
MAE: 3.4686385613900645
EVS: 0.4739921709299635
