Model: GRU
MSE: 25.19422805469547
MAE: 3.250936437536169
EVS: 0.1251680190408373
