Model: GRU
MSE: 9.747851060883916
MAE: 2.283224353083858
EVS: 0.5775885911029155
