Model: GRU
MSE: 15.824482661821035
MAE: 3.331951900764748
EVS: 0.4805058939110266
