Model: GRU
MSE: 22.03237953503238
MAE: 3.3560967798586243
EVS: 0.24216357338938266
