Model: GRU
MSE: 13.346964808130535
MAE: 2.4909325352421514
EVS: 0.5689049222759499
