Model: GRU
MSE: 11.888860658451803
MAE: 2.369573063320584
EVS: 0.5858991639925424
