Model: GRU
MSE: 12.679818063251062
MAE: 2.807703406722457
EVS: 0.5832325459364838
