Model: GRU
MSE: 22.338944414553705
MAE: 3.5809839213335954
EVS: 0.27608321507730926
