Model: GRU
MSE: 21.06245129352542
MAE: 3.0546499534889504
EVS: 0.27006829401589916
