Model: GRU
MSE: 15.939557313421169
MAE: 2.7270674175686307
EVS: 0.48835052576319915
