Model: GRU
MSE: 12.980676820771132
MAE: 2.598332546375416
EVS: 0.544914858344552
