Model: GRU
MSE: 28.543320728187062
MAE: 3.8980230578669794
EVS: 0.008756167648202307
