Model: GRU
MSE: 13.234023981036781
MAE: 2.771675533718533
EVS: 0.5388662712195887
