Model: GRU
MSE: 25.050072407797416
MAE: 3.805372873942057
EVS: 0.17658579896316595
