Model: GRU
MSE: 12.488474827665042
MAE: 2.4258585329408997
EVS: 0.5712302959856945
