Model: GRU
MSE: 16.71080157655492
MAE: 3.2108881208631725
EVS: 0.41378912955140745
