Model: GRU
MSE: 12.965926469222975
MAE: 2.6941728238706237
EVS: 0.544631452926464
