Model: GRU
MSE: 12.56808786990948
MAE: 2.655339894471345
EVS: 0.5613238612987459
