Model: GRU
MSE: 14.052321544532898
MAE: 2.854794873131646
EVS: 0.5133516376209235
