Model: GRU
MSE: 273.0582807722874
MAE: 15.59834752921705
EVS: -0.03412310746760738
