Model: GRU
MSE: 17.155213713650088
MAE: 3.5053449030275696
EVS: 0.4361282474083009
