Model: GRU
MSE: 20.769096455869423
MAE: 2.968152611343949
EVS: 0.27808633173381714
