Model: GRU
MSE: 14193.260973191016
MAE: 119.01593102349176
EVS: -2.220446049250313e-16
