Model: GRU
MSE: 13.583045786340486
MAE: 2.571556232593678
EVS: 0.5270220376540884
