Model: GRU
MSE: 14.437241832349047
MAE: 2.992303653999611
EVS: 0.5207007590550412
