Model: GRU
MSE: 14.21999825173939
MAE: 3.154288892392759
EVS: 0.5424439338215616
