Model: GRU
MSE: 13.133348072323113
MAE: 2.4631161513151945
EVS: 0.5470454318260742
