Model: GRU
MSE: 263.06994580853
MAE: 15.303356651906613
EVS: -0.01433430201176189
