Model: GRU
MSE: 13.353445321673226
MAE: 2.5902632960566767
EVS: 0.5315061482182988
