Model: GRU
MSE: 23.88074484690101
MAE: 3.2119106186760797
EVS: 0.1712268410805441
