Model: GRU
MSE: 12.398190945369514
MAE: 2.6301508479648166
EVS: 0.5651443624354497
