Model: GRU
MSE: 16.908030086244775
MAE: 3.2759263073956526
EVS: 0.4086740330382197
