Model: GRU
MSE: 13.380585922316211
MAE: 2.697513386055275
EVS: 0.5302197604791983
