Model: GRU
MSE: 14.020486806672075
MAE: 2.814928443343551
EVS: 0.5079575654930527
