Model: GRU
MSE: 10.541476756127159
MAE: 2.2956071076569735
EVS: 0.5415464296100463
