Model: GRU
MSE: 12.708157484948751
MAE: 2.4724165245338723
EVS: 0.5605564287828102
