Model: GRU
MSE: 9.139348187404359
MAE: 2.1032280215510615
EVS: 0.5997295506579253
