Model: GRU
MSE: 23.247000520158483
MAE: 3.564448692180492
EVS: 0.21378611695117644
