Model: GRU
MSE: 11.053947522767531
MAE: 2.309424365008319
EVS: 0.6126822697559242
