Model: GRU
MSE: 10.892863631620608
MAE: 2.3255717312848128
EVS: 0.5265784125520386
