Model: GRU
MSE: 11.718232162710963
MAE: 2.559060061419452
EVS: 0.5981464483284746
