Model: GRU
MSE: 13.476763814981942
MAE: 2.5850862750300654
EVS: 0.5434716602615418
