Model: GRU
MSE: 33.63370938148773
MAE: 3.830791916166033
EVS: -0.18355379242543735
