Model: GRU
MSE: 12.938415028647864
MAE: 2.591069327460395
EVS: 0.5521775757435524
