Model: GRU
MSE: 21.651166391370698
MAE: 3.018029636806912
EVS: 0.25388695965018415
