Model: GRU
MSE: 16.36470925176804
MAE: 2.684689274540654
EVS: 0.5065619765519622
