Model: GRU
MSE: 21.91500428806748
MAE: 3.3215746261455394
EVS: 0.26995013931191336
