Model: GRU
MSE: 11.357827211056904
MAE: 2.5676357481214733
EVS: 0.5035037323454478
