Model: GRU
MSE: 582.4004666956446
MAE: 23.55658866741039
EVS: 0.03447729355757345
