Model: GRU
MSE: 18.06603244508918
MAE: 3.720802695662887
EVS: 0.4856465520076151
