Model: GRU
MSE: 28.16341800753508
MAE: 3.4168097001534923
EVS: 0.03686622027092745
