Model: GRU
MSE: 22.745842655475027
MAE: 3.454566408086706
EVS: 0.2236238453720759
