Model: GRU
MSE: 24.32771449132176
MAE: 3.316874345143636
EVS: 0.15439375275367218
