Model: GRU
MSE: 8.954659126255509
MAE: 2.280829217698839
EVS: 0.6432806410789635
