Model: GRU
MSE: 14.369108770556052
MAE: 2.7737673653496637
EVS: 0.49995436466368004
