Model: GRU
MSE: 16.029752226847425
MAE: 3.054664240943061
EVS: 0.4370618446024267
