Model: GRU
MSE: 11.206407862689527
MAE: 2.4012579211482294
EVS: 0.6063697780128812
