Model: GRU
MSE: 13.54803607738751
MAE: 2.8154857423570423
EVS: 0.5250168556752959
