Model: GRU
MSE: 26.14374556685697
MAE: 4.026925528490985
EVS: 0.21477786723479797
