Model: GRU
MSE: 18.519378444163085
MAE: 2.861114466631854
EVS: 0.4373845019069248
