Model: GRU
MSE: 14.310165977657915
MAE: 2.8020525685063116
EVS: 0.49932750082111754
