Model: GRU
MSE: 13.22200476589761
MAE: 2.455751242461028
EVS: 0.5910862227123616
