Model: GRU
MSE: 10.866784234700626
MAE: 2.4607823336565935
EVS: 0.6270159999303483
