Model: GRU
MSE: 13.820616132054695
MAE: 2.7310821038705333
EVS: 0.5146193408798287
