Model: GRU
MSE: 16.264320553611956
MAE: 3.214948159677011
EVS: 0.4314871877436205
