Model: GRU
MSE: 14.451579012327212
MAE: 2.6616844247888634
EVS: 0.5053596549924653
