Model: GRU
MSE: 12.366076402691155
MAE: 2.675800817984122
EVS: 0.5747028939876299
