Model: GRU
MSE: 22.54760211996597
MAE: 3.52346134185791
EVS: 0.22688648517111853
