Model: GRU
MSE: 16.348229337853482
MAE: 2.8255474125897444
EVS: 0.43914993485912324
