Model: GRU
MSE: 14.109453694038722
MAE: 2.715747515360514
EVS: 0.5074973557347375
