Model: GRU
MSE: 13.695296512998471
MAE: 2.9693868425157337
EVS: 0.5321413855674642
