Model: GRU
MSE: 15.786375695318897
MAE: 3.3529281086391873
EVS: 0.46899166206982357
