Model: GRU
MSE: 15.071625237192377
MAE: 3.122406765266701
EVS: 0.47730073943367834
