Model: GRU
MSE: 13.473435178710849
MAE: 2.760767530511927
EVS: 0.5290270363947919
