Model: GRU
MSE: 23.70304189409033
MAE: 3.903786058779116
EVS: 0.26580246536436436
