Model: GRU
MSE: 22.821770117332335
MAE: 3.7479730358830206
EVS: 0.2928598281293763
