Model: GRU
MSE: 12.122493695089226
MAE: 2.457551391036422
EVS: 0.5763044947066429
