Model: GRU
MSE: 24.75350593238182
MAE: 3.7746024131774902
EVS: 0.21336204363325684
