Model: GRU
MSE: 12.223629590767848
MAE: 2.9100993474324546
EVS: 0.5193305410439528
