Model: GRU
MSE: 10.76572356759916
MAE: 2.359197740201597
EVS: 0.6220321590254075
