Model: GRU
MSE: 16.521466840140597
MAE: 2.8243267712769686
EVS: 0.4204716876676795
