Model: GRU
MSE: 12.89738186640214
MAE: 2.8571588374950267
EVS: 0.562974614265234
