Model: GRU
MSE: 13.92197454428973
MAE: 2.737924611126935
EVS: 0.5125592697173149
