Model: GRU
MSE: 25.62212525254665
MAE: 3.669725612357811
EVS: 0.136449269646855
