Model: GRU
MSE: 14.524264513545463
MAE: 2.9554630385504828
EVS: 0.489846188638869
