Model: GRU
MSE: 9.14126536600846
MAE: 2.2940538547657154
EVS: 0.6246866884129963
