Model: GRU
MSE: 24.483235317307507
MAE: 3.2115387386745877
EVS: 0.1572669800548071
