Model: GRU
MSE: 16.018098944016856
MAE: 2.907965165597421
EVS: 0.44627191450887405
