Model: GRU
MSE: 10.241932903936899
MAE: 2.356302199540315
EVS: 0.5735306600573977
