Model: GRU
MSE: 14.21789456953347
MAE: 3.2230020099216037
EVS: 0.5972182885045306
