Model: GRU
MSE: 25.723306787748975
MAE: 3.306247905448631
EVS: 0.12849966204148344
