Model: GRU
MSE: 20.138758972021815
MAE: 3.9200341789810746
EVS: 0.34767089368273474
