Model: GRU
MSE: 13.673108265690315
MAE: 2.7862086296081543
EVS: 0.5213130539271047
