Model: GRU
MSE: 24.92210888352658
MAE: 3.488898065355089
EVS: 0.1342074587379356
