Model: GRU
MSE: 11.92094587118877
MAE: 2.4392226537068686
EVS: 0.5813063712203388
