Model: GRU
MSE: 14.164715323827808
MAE: 2.72277452327587
EVS: 0.5047819837289291
