Model: GRU
MSE: 11.756680903924057
MAE: 2.412369162948043
EVS: 0.5880922508931343
