Model: GRU
MSE: 14.746045512150213
MAE: 2.6811906320077403
EVS: 0.48548085288628096
