Model: GRU
MSE: 12.197123997301855
MAE: 2.4946044286092124
EVS: 0.571676955234802
