Model: GRU
MSE: 14.68282527008791
MAE: 2.697683899490922
EVS: 0.48447383419036905
