Model: GRU
MSE: 27.950585359419865
MAE: 3.537431921277727
EVS: -0.0026354243051558424
