Model: GRU
MSE: 10.796478485062202
MAE: 2.454772472381592
EVS: 0.6360771750634122
