Model: GRU
MSE: 14.204065368562228
MAE: 2.705951072551586
EVS: 0.5062147413745862
