Model: GRU
MSE: 28.852405662496267
MAE: 3.369304957213225
EVS: -2.945688146138714e-05
