Model: GRU
MSE: 26.227406694347387
MAE: 3.260608258070769
EVS: 0.10736074342894097
