Model: GRU
MSE: 10.76275337198132
MAE: 2.5058651676884405
EVS: 0.6219529342502912
