Model: GRU
MSE: 28.707644449260357
MAE: 4.9093466599782305
EVS: 0.4984429385183793
