Model: GRU
MSE: 15.794932051360169
MAE: 3.360785413671423
EVS: 0.46029694798338017
