Model: GRU
MSE: 12.186913108558521
MAE: 2.508084120573821
EVS: 0.6095941009784605
