Model: GRU
MSE: 13.33887469991182
MAE: 3.0185570187038846
EVS: 0.5651791930864146
