Model: GRU
MSE: 17.898063856031747
MAE: 2.8798885698671692
EVS: 0.47626595303564934
