Model: GRU
MSE: 24.372076036107686
MAE: 3.0999347192269786
EVS: 0.15698621228391219
