Model: GRU
MSE: 2807.975266635642
MAE: 52.70631239149306
EVS: -0.054471794798354845
