Model: GRU
MSE: 1851.163675951709
MAE: 42.73318735758463
EVS: 0.12050810439050919
