Model: GRU
MSE: 15.673457078753877
MAE: 3.2933211856418185
EVS: 0.49055778326694743
