Model: GRU
MSE: 13.080286177319657
MAE: 2.760012979860659
EVS: 0.5416844555053218
