Model: GRU
MSE: 12.784824742365783
MAE: 2.7750444765444153
EVS: 0.555425662912407
