Model: GRU
MSE: 10.925998069146317
MAE: 2.3844082090589733
EVS: 0.6166862073664696
