Model: GRU
MSE: 14.734310351563012
MAE: 2.620124004505299
EVS: 0.5432736484132826
