Model: GRU
MSE: 23.57346692749415
MAE: 3.209763373647417
EVS: 0.1599878062752701
