Model: GRU
MSE: 25.16363760480161
MAE: 3.232138991355896
EVS: 0.13653781893624617
