Model: GRU
MSE: 10.126314173875253
MAE: 2.4136895780210144
EVS: 0.5685895942841238
