Model: GRU
MSE: 21.79672469806465
MAE: 4.044416816146286
EVS: 0.33818748232763696
