Model: GRU
MSE: 11.810304011674605
MAE: 2.400889520291929
EVS: 0.6000245449741506
