Model: GRU
MSE: 20.013727879188426
MAE: 3.0455210120589644
EVS: 0.37425404611403235
