Model: GRU
MSE: 12.467196471550105
MAE: 2.639546782882125
EVS: 0.562207869948166
