Model: GRU
MSE: 13.940248051424701
MAE: 2.6029992280183016
EVS: 0.5168361437375886
