Model: GRU
MSE: 13.861838535043253
MAE: 2.9486070385685674
EVS: 0.5267585675639512
