Model: GRU
MSE: 12.742684307759848
MAE: 2.518612614384404
EVS: 0.5672726499800582
