Model: GRU
MSE: 21.620669029345773
MAE: 3.545240737773754
EVS: 0.27483518256158
