Model: GRU
MSE: 11.83225963531568
MAE: 2.341209023087113
EVS: 0.5941162216474057
