Model: GRU
MSE: 14.196826810347375
MAE: 2.7321273309213145
EVS: 0.5027646121909557
