Model: GRU
MSE: 14.39650791974109
MAE: 3.020651481769703
EVS: 0.5015203880015447
