Model: GRU
MSE: 15.068456612934293
MAE: 3.061625604276304
EVS: 0.47140359123460973
