Model: GRU
MSE: 14.37830564396724
MAE: 2.6507745142336243
EVS: 0.5030557953093473
