Model: GRU
MSE: 14.607778813351446
MAE: 2.697096683360912
EVS: 0.5010799177288071
