Model: GRU
MSE: 27.6908185448342
MAE: 3.6336837344699435
EVS: 0.12422821420961205
