Model: GRU
MSE: 15.76160278294182
MAE: 3.2383625595657914
EVS: 0.45828647943910383
