Model: GRU
MSE: 14.794603337393541
MAE: 2.887833665918421
EVS: 0.480438049076616
