Model: GRU
MSE: 24.41312890013456
MAE: 3.271121943438495
EVS: 0.15262688794578638
