Model: GRU
MSE: 21.236679402811493
MAE: 3.1502757955480507
EVS: 0.2734266657230209
