Model: GRU
MSE: 28.352819860152596
MAE: 3.426661968231201
EVS: 0.023945077504234247
