Model: GRU
MSE: 11.799339483146923
MAE: 2.335946860136809
EVS: 0.5971850789848798
