Model: GRU
MSE: 22.488689658503787
MAE: 3.1903649789315685
EVS: 0.22134373029483334
