Model: GRU
MSE: 15.855474487418489
MAE: 3.0247423913743763
EVS: 0.4431660464847982
