Model: GRU
MSE: 26.210190756551736
MAE: 3.3582403748123735
EVS: 0.09029712654227118
