Model: GRU
MSE: 13.362022891675602
MAE: 2.543565414569996
EVS: 0.532426583971383
