Model: GRU
MSE: 14.421207514270842
MAE: 3.1831372402332447
EVS: 0.5340372036012965
