Model: GRU
MSE: 22.732489620594
MAE: 3.143755700853136
EVS: 0.21179056302050858
