Model: GRU
MSE: 10.966866413210212
MAE: 2.559872768543385
EVS: 0.5259655543250367
