Model: GRU
MSE: 13.24930383104705
MAE: 3.144023542050962
EVS: 0.46802179557931267
