Model: GRU
MSE: 23.876016611852382
MAE: 3.221347702874078
EVS: 0.2068332632191885
