Model: GRU
MSE: 20.43703550858601
MAE: 2.96249661622224
EVS: 0.2900697701741455
