Model: GRU
MSE: 285.1618634764663
MAE: 15.992582400639852
EVS: -0.021933822337817155
