Model: GRU
MSE: 33.23314024740551
MAE: 3.9473772048950195
EVS: -0.019428733723398706
