Model: GRU
MSE: 12.73412901581649
MAE: 2.785096910264757
EVS: 0.5562900719142585
