Model: GRU
MSE: 24.57236076967791
MAE: 3.5848569163569697
EVS: 0.17457361059758003
