Model: GRU
MSE: 10.101523476886642
MAE: 2.2813886713098595
EVS: 0.5557814279983625
