Model: GRU
MSE: 22.709862302196985
MAE: 3.4772892351503724
EVS: 0.23180031028464465
