Model: GRU
MSE: 17.282317809347568
MAE: 2.772723745416712
EVS: 0.4955596622879146
