Model: GRU
MSE: 10.755750401599007
MAE: 2.5325734350416393
EVS: 0.5372883949911057
