Model: GRU
MSE: 15.511382562152903
MAE: 2.6864136943110712
EVS: 0.4932761698099217
