Model: GRU
MSE: 13.297253139157007
MAE: 3.027646506274188
EVS: 0.5653059631716665
