Model: GRU
MSE: 14.933781020978408
MAE: 2.6794354297496654
EVS: 0.5067691804751862
