Model: GRU
MSE: 12.534543363735876
MAE: 2.6461748900236906
EVS: 0.5597587176589285
