Model: GRU
MSE: 14.233090119106826
MAE: 2.7000930927417897
EVS: 0.5053736223291195
