Model: GRU
MSE: 15.588349652387917
MAE: 3.2236268432052047
EVS: 0.4871681482485939
