Model: GRU
MSE: 25.19322369792182
MAE: 3.2846677744830095
EVS: 0.13269581872691327
