Model: GRU
MSE: 13.403910959133505
MAE: 2.5037818131623446
EVS: 0.5684495245706453
