Model: GRU
MSE: 13.257048116932765
MAE: 2.653558519151476
EVS: 0.5345229802009162
