Model: GRU
MSE: 259.060032518555
MAE: 15.353212449285719
EVS: -0.02692286963550239
