Model: GRU
MSE: 13.179467045164245
MAE: 2.6042930020226374
EVS: 0.5370677184982153
