Model: GRU
MSE: 11.19437164762527
MAE: 2.365068824202926
EVS: 0.5126687088945237
