Model: GRU
MSE: 12.62503577520289
MAE: 2.682148668501112
EVS: 0.44743790387036897
