Model: GRU
MSE: 26.197986086978904
MAE: 3.3679890985842103
EVS: 0.08969398491355485
