Model: GRU
MSE: 14.04416247827212
MAE: 2.8496397336324057
EVS: 0.5078819712386515
