Model: GRU
MSE: 10.57979534810329
MAE: 2.3839104617083513
EVS: 0.6327359406706925
