Model: GRU
MSE: 16.676390817053086
MAE: 2.901865323384603
EVS: 0.4347876123066009
