Model: GRU
MSE: 13.737060309452671
MAE: 2.821591094688133
EVS: 0.5183961218799394
