Model: GRU
MSE: 24.573075807705216
MAE: 3.8775392285099737
EVS: 0.1873973542121804
