Model: GRU
MSE: 16.545174852716155
MAE: 2.727139190391258
EVS: 0.49076184729451366
