Model: GRU
MSE: 16.889099028628262
MAE: 3.1536219031722457
EVS: 0.407247081421512
