Model: GRU
MSE: 14.0233777304445
MAE: 3.0727582154450594
EVS: 0.523070613034442
