Model: GRU
MSE: 13.225897773324615
MAE: 2.4915835592481823
EVS: 0.5530399076572574
