Model: GRU
MSE: 9.578615283609569
MAE: 2.3702735194453486
EVS: 0.5833618249401468
