Model: GRU
MSE: 25.482623175070536
MAE: 3.437769571940104
EVS: 0.11691712291121614
