Model: GRU
MSE: 12.666662640482922
MAE: 2.414436357992667
EVS: 0.560649555597519
