Model: GRU
MSE: 15.083100196369843
MAE: 2.9782057161684388
EVS: 0.470332240713066
