Model: GRU
MSE: 31.746939595276732
MAE: 3.428046213255988
EVS: -0.08460151920907144
