Model: GRU
MSE: 12.973285319549724
MAE: 2.536416248038963
EVS: 0.5496355774179846
