Model: GRU
MSE: 10.538913148440997
MAE: 2.1820341569406017
EVS: 0.5367958444906268
