Model: GRU
MSE: 15.239049128947887
MAE: 2.8534438521773726
EVS: 0.46566158085164877
