Model: GRU
MSE: 20.773874605951537
MAE: 3.7614197024592646
EVS: 0.3808664699367583
