Model: GRU
MSE: 13.429016170061038
MAE: 3.0516891832704895
EVS: 0.5565398709782055
