Model: GRU
MSE: 14.003190262959059
MAE: 3.052946620517307
EVS: 0.5265002362282593
