Model: GRU
MSE: 21.58582632169453
MAE: 3.150412012029577
EVS: 0.3287369069485473
