Model: GRU
MSE: 16.21116499518701
MAE: 3.2103381863346807
EVS: 0.44576893966279785
