Model: GRU
MSE: 13.824970771807818
MAE: 2.867795131824635
EVS: 0.5151359885416673
