Model: GRU
MSE: 11.664215339280451
MAE: 2.559207457083243
EVS: 0.4884042595406942
