Model: GRU
MSE: 10.793353862393277
MAE: 2.457679854498969
EVS: 0.6237565150120365
