Model: GRU
MSE: 22.868086154424216
MAE: 3.435338090967249
EVS: 0.20517915219028737
