Model: GRU
MSE: 11.366360641683867
MAE: 2.310066717642325
EVS: 0.525437362480853
