Model: GRU
MSE: 12.145740877057404
MAE: 2.5899120613380715
EVS: 0.5754499964202981
