Model: GRU
MSE: 12.971782331827027
MAE: 2.499353938632541
EVS: 0.5496629755160936
