Model: GRU
MSE: 14.20481283079096
MAE: 3.0029463414792663
EVS: 0.518006491459698
