Model: GRU
MSE: 12.222494853884639
MAE: 2.400922739947284
EVS: 0.5728584748676491
