Model: GRU
MSE: 13.805998963155153
MAE: 3.0590257114834256
EVS: 0.5632971695786861
