Model: GRU
MSE: 10.595266531738279
MAE: 2.6523112191094294
EVS: 0.6327159091364467
