Model: GRU
MSE: 14.812865314734507
MAE: 3.217670687922725
EVS: 0.5014829110621519
