Model: GRU
MSE: 29.19633762523983
MAE: 3.4898777891088417
EVS: 0.02300924307354313
