Model: GRU
MSE: 11.428352547045447
MAE: 2.3501268492804632
EVS: 0.599067381496343
