Model: GRU
MSE: 13.96451386705222
MAE: 3.1305375275788485
EVS: 0.5571944941822409
