Model: GRU
MSE: 26.097406401074572
MAE: 3.3585251525596336
EVS: 0.09283762943007456
