Model: GRU
MSE: 10.696450310744897
MAE: 2.325143248946578
EVS: 0.5343345574062949
