Model: GRU
MSE: 17.116986642921372
MAE: 2.8077564062895597
EVS: 0.49540480956911437
