Model: GRU
MSE: 22.48164793061299
MAE: 3.428287912298132
EVS: 0.2365967163971867
