Model: GRU
MSE: 10.606737151322351
MAE: 2.3159722928647644
EVS: 0.5339237271460726
