Model: GRU
MSE: 27.408821270293906
MAE: 3.477123260498047
EVS: 0.01962941281392283
