Model: GRU
MSE: 12.587827489652572
MAE: 2.5565764992325395
EVS: 0.5578573956173498
