Model: GRU
MSE: 14.1391352525281
MAE: 3.0290587566517018
EVS: 0.5391923520838926
