Model: GRU
MSE: 15.250575375123558
MAE: 2.931015968322754
EVS: 0.46523362218707576
