Model: GRU
MSE: 10.566765498809024
MAE: 2.5417111184861927
EVS: 0.5579438688957062
