Model: GRU
MSE: 13.223290151959965
MAE: 2.7591990011709706
EVS: 0.5393644284656314
