Model: GRU
MSE: 13.853168154033627
MAE: 2.720075872209337
EVS: 0.5142645906012663
