Model: GRU
MSE: 14.254570593483633
MAE: 2.6689288881089954
EVS: 0.5120170332227738
