Model: GRU
MSE: 14.716451457895523
MAE: 2.6484015959280507
EVS: 0.507232748063233
