Model: GRU
MSE: 13.13455060694263
MAE: 2.9873921782882125
EVS: 0.5929414562274972
