Model: GRU
MSE: 33.82378242683077
MAE: 3.862054313932146
EVS: -0.20661981701904897
