Model: GRU
MSE: 21.90552108519124
MAE: 3.0265657990067094
EVS: 0.2442290310727484
