Model: GRU
MSE: 14.93175686327265
MAE: 3.0668425383391202
EVS: 0.47568324706634013
