Model: GRU
MSE: 12.096131338417687
MAE: 2.410704595071298
EVS: 0.5769386905074863
