Model: GRU
MSE: 13.688464430582977
MAE: 2.586914486355252
EVS: 0.51936112594527
