Model: GRU
MSE: 13.263807660515475
MAE: 2.531706032929597
EVS: 0.560463328699365
