Model: GRU
MSE: 13.432911883680255
MAE: 2.5599389606051974
EVS: 0.5393796854374009
