Model: GRU
MSE: 16.496960325883947
MAE: 2.8053604231940374
EVS: 0.5084069589287546
