Model: GRU
MSE: 13.243674899977426
MAE: 2.8737306594848633
EVS: 0.5506083465565093
