Model: GRU
MSE: 17.934937345673816
MAE: 3.6380738152398004
EVS: 0.44578108451961407
