Model: GRU
MSE: 25.279948387901726
MAE: 3.8722849951850042
EVS: 0.22550005721058664
