Model: GRU
MSE: 13.316774374374779
MAE: 2.824367064016837
EVS: 0.5445064509843438
