Model: GRU
MSE: 11.239148153624615
MAE: 2.3549169257835105
EVS: 0.6054688223328636
