Model: GRU
MSE: 16.148768723198717
MAE: 3.2979689527440956
EVS: 0.4405409374541206
