Model: GRU
MSE: 12.411808837207833
MAE: 2.546331935458713
EVS: 0.5642386914697093
