Model: GRU
MSE: 14.51039671012645
MAE: 2.7040496049103915
EVS: 0.5020563898941786
