Model: GRU
MSE: 15.026967038034114
MAE: 3.3077839745415583
EVS: 0.5346833983333233
