Model: GRU
MSE: 27.782262790597855
MAE: 3.470165411631266
EVS: 0.051779206424943935
