Model: GRU
MSE: 12.157181633070834
MAE: 2.3463018558643483
EVS: 0.5763577712120569
