Model: GRU
MSE: 13.610193391501559
MAE: 2.910880583303946
EVS: 0.52197410701817
