Model: GRU
MSE: 23.55170627078342
MAE: 3.098714316332782
EVS: 0.1874345188946649
