Model: GRU
MSE: 22.07243383134415
MAE: 3.333699756198459
EVS: 0.2536191263972499
