Model: GRU
MSE: 25.144631832720794
MAE: 3.6808134891368725
EVS: 0.18139570345078926
