Model: GRU
MSE: 13.104845443607035
MAE: 2.473491827646891
EVS: 0.5647846426403851
