Model: GRU
MSE: 23.542011047669476
MAE: 3.3220422356216996
EVS: 0.18238001355263966
