Model: GRU
MSE: 14.307200240117346
MAE: 3.301822715335422
EVS: 0.5950964317193934
