Model: GRU
MSE: 14.924754737407293
MAE: 2.7830880129778826
EVS: 0.4778584154564598
