Model: GRU
MSE: 14.019968575815929
MAE: 2.641522266246654
EVS: 0.524789438619619
