Model: GRU
MSE: 15.101698139458078
MAE: 2.7052836771364563
EVS: 0.4927754570863091
