Model: GRU
MSE: 14.193721728023421
MAE: 2.598159189577456
EVS: 0.5451849430052353
