Model: GRU
MSE: 15.828800007519122
MAE: 2.751503732469347
EVS: 0.4944607873755703
