Model: GRU
MSE: 11.493763365327174
MAE: 2.4941834343804254
EVS: 0.5974519801471088
