Model: GRU
MSE: 12.533869113926661
MAE: 2.475882141678422
EVS: 0.5762647113535909
