Model: GRU
MSE: 15.301473091177126
MAE: 2.7795184276722096
EVS: 0.47405373375097404
