Model: GRU
MSE: 14.530877397987213
MAE: 3.0213659427784108
EVS: 0.5000984896088381
