Model: GRU
MSE: 25.090116628684612
MAE: 3.7411845525105796
EVS: 0.14380265856269336
