Model: GRU
MSE: 14.269302859493177
MAE: 2.8929410863805702
EVS: 0.49877993634814355
