Model: GRU
MSE: 12.358704511553494
MAE: 2.813495741950141
EVS: 0.5826342597387109
