Model: GRU
MSE: 22.93103350885621
MAE: 2.981726134264911
EVS: 0.21262076427465826
