Model: GRU
MSE: 23.564152288147902
MAE: 3.1559664761578596
EVS: 0.18280896288023996
