Model: GRU
MSE: 26.71505792711689
MAE: 4.315858452408402
EVS: 0.2800205341589399
