Model: GRU
MSE: 16.127781966079276
MAE: 2.7362934395118996
EVS: 0.49184915891938163
