Model: GRU
MSE: 15.202750794229301
MAE: 3.188890156922517
EVS: 0.47725095615415525
