Model: GRU
MSE: 17.863449859853844
MAE: 3.240776044351083
EVS: 0.3746316706622146
