Model: GRU
MSE: 15.263324471676386
MAE: 3.0281683427316173
EVS: 0.4649824109023951
