Model: GRU
MSE: 11.922792416048347
MAE: 2.38822513156467
EVS: 0.4878185819583932
