Model: GRU
MSE: 16.27313694150605
MAE: 2.811499666284632
EVS: 0.4477304243877236
