Model: GRU
MSE: 11.968853803514472
MAE: 2.565823449028863
EVS: 0.5841702909733444
