Model: GRU
MSE: 15.15772518966004
MAE: 2.854631459271466
EVS: 0.47756931618735377
