Model: GRU
MSE: 21.447616684923535
MAE: 3.1052903599209256
EVS: 0.25616507451597237
