Model: GRU
MSE: 26.831228655385548
MAE: 3.468606878209997
EVS: 0.06863037129329541
