Model: GRU
MSE: 29.144983400620976
MAE: 4.003699426297788
EVS: 0.0992443122543254
