Model: GRU
MSE: 11.875067954949852
MAE: 2.676188345308657
EVS: 0.6008023633483779
