Model: GRU
MSE: 14.275460320877418
MAE: 2.8250939404522932
EVS: 0.5079848872612369
