Model: GRU
MSE: 12.149312153599643
MAE: 2.4925006407278554
EVS: 0.5737610533111099
