Model: GRU
MSE: 10.741267924342132
MAE: 2.317186638160988
EVS: 0.6247270807847866
