Model: GRU
MSE: 15.100549735191196
MAE: 3.0036207834879556
EVS: 0.4695822844434301
