Model: GRU
MSE: 16.691018250080838
MAE: 3.500124525140833
EVS: 0.4475057125088452
