Model: GRU
MSE: 13.336354283142681
MAE: 3.178629680916115
EVS: 0.49566776455942285
