Model: GRU
MSE: 11.015753727175538
MAE: 2.619354671902127
EVS: 0.6323179749846803
