Model: GRU
MSE: 14.529308910591487
MAE: 2.4642463083620423
EVS: 0.517664688803956
