Model: GRU
MSE: 23.253499770622735
MAE: 3.121123790740967
EVS: 0.2053558746039953
