Model: GRU
MSE: 13.123255820573966
MAE: 2.5095427477801286
EVS: 0.5519715471464279
