Model: GRU
MSE: 13.138021797185333
MAE: 2.5969665315416126
EVS: 0.5386225930495259
