Model: GRU
MSE: 26.382350009906894
MAE: 3.5402000038712114
EVS: 0.09502916948193141
