Model: GRU
MSE: 9.4648126619639
MAE: 2.2443960507710776
EVS: 0.5836541644698656
