Model: GRU
MSE: 11.860972384596675
MAE: 2.330903795030382
EVS: 0.6007290253233877
