Model: GRU
MSE: 12.952215152758072
MAE: 2.6418825078893593
EVS: 0.5452970491863245
