Model: GRU
MSE: 21.928512311658114
MAE: 3.2703490963688604
EVS: 0.24076089509409715
