Model: GRU
MSE: 12.665380321486552
MAE: 2.6037359590883606
EVS: 0.557168671707315
