Model: GRU
MSE: 14.190656645689202
MAE: 3.0120863914489746
EVS: 0.5065194390566609
