Model: GRU
MSE: 13.598156335015624
MAE: 2.832067772194191
EVS: 0.5230100433129086
