Model: GRU
MSE: 19.222378366766762
MAE: 2.99527609789813
EVS: 0.4067496480644901
