Model: GRU
MSE: 26.32885929855954
MAE: 3.3319682898344816
EVS: 0.08525261324865396
