Model: GRU
MSE: 13.714574025973855
MAE: 2.9755466602466725
EVS: 0.5468641835132777
