Model: GRU
MSE: 13.459234587662422
MAE: 2.621646792800338
EVS: 0.5275375068640005
