Model: GRU
MSE: 12.381044283046961
MAE: 2.4071097903781467
EVS: 0.5741143157153581
