Model: GRU
MSE: 13.536852196310907
MAE: 3.0880687501695423
EVS: 0.5538186826112874
