Model: GRU
MSE: 10.916261187269752
MAE: 2.5551874902513294
EVS: 0.5300712364558305
