Model: GRU
MSE: 13.60823493887899
MAE: 3.190421563607675
EVS: 0.5980118362517574
