Model: GRU
MSE: 13.473181423823219
MAE: 2.5180314205310963
EVS: 0.5579400364402456
