Model: GRU
MSE: 13.055959283572216
MAE: 2.7920722608213073
EVS: 0.5459673737404662
