Model: GRU
MSE: 19.720795648080564
MAE: 3.0030420268023454
EVS: 0.34468555979406257
