Model: GRU
MSE: 14.413586168577417
MAE: 2.9322511708294905
EVS: 0.4969319262003028
