Model: GRU
MSE: 17.88368579482166
MAE: 3.001065077605071
EVS: 0.3968215778234544
