Model: GRU
MSE: 15.96468682984088
MAE: 3.4564766883850098
EVS: 0.5535144123542369
