Model: GRU
MSE: 17.86629375377949
MAE: 2.8456695521319353
EVS: 0.4425090680767474
