Model: GRU
MSE: 28.32208462442728
MAE: 3.57393969808306
EVS: -0.01127761998928345
