Model: GRU
MSE: 28.824541466527013
MAE: 3.452600682223285
EVS: 0.03379230351715401
