Model: GRU
MSE: 23.47820181385808
MAE: 3.3710886990582503
EVS: 0.33040900671317464
