Model: GRU
MSE: 12.531125568462947
MAE: 2.687228132177282
EVS: 0.5683906324730543
