Model: GRU
MSE: 12.749250370381324
MAE: 2.4165759263215243
EVS: 0.5695683982245283
