Model: GRU
MSE: 26.639257333826713
MAE: 3.354448812979239
EVS: 0.08548380386752852
