Model: GRU
MSE: 27.186561808059068
MAE: 3.581001228756375
EVS: 0.055117810046388827
