Model: GRU
MSE: 14.482741214010654
MAE: 2.6140988137986927
EVS: 0.4558331898575032
