Model: GRU
MSE: 13.57087671513009
MAE: 3.0128044022454157
EVS: 0.5607834857190879
