Model: GRU
MSE: 23.119824085456827
MAE: 3.7940221009431063
EVS: 0.2722207046105879
