Model: GRU
MSE: 23.236654431670374
MAE: 3.623749768292462
EVS: 0.2739096975766039
