Model: GRU
MSE: 15.362618620242326
MAE: 2.8452549157319247
EVS: 0.5029282913835086
