Model: GRU
MSE: 11.950029200363907
MAE: 2.942013387326841
EVS: 0.5304428456531431
