Model: GRU
MSE: 26.71482994134541
MAE: 3.3339043193393283
EVS: 0.0866099864637524
