Model: GRU
MSE: 39.45463335877776
MAE: 4.047018386699535
EVS: -0.22195368628975243
