Model: GRU
MSE: 13.899458621030574
MAE: 3.1230148386072227
EVS: 0.583670218035438
