Model: GRU
MSE: 12.794553115823739
MAE: 2.7189065438729747
EVS: 0.5516450778785534
