Model: GRU
MSE: 12.774094330076212
MAE: 2.4262111628497087
EVS: 0.5712734887069024
