Model: GRU
MSE: 13.081474397916626
MAE: 2.6214155091179743
EVS: 0.5453121726934576
