Model: GRU
MSE: 12.808406043213937
MAE: 2.6866651111178927
EVS: 0.5505084006827514
