Model: GRU
MSE: 12.53254867546253
MAE: 2.4999576144748263
EVS: 0.5755155000818983
