Model: GRU
MSE: 17.292264946268148
MAE: 2.8630029360453286
EVS: 0.4160737374779373
