Model: GRU
MSE: 32.717376834568555
MAE: 3.781794141840052
EVS: -0.06522512655255386
