Model: GRU
MSE: 14.940323384886428
MAE: 3.0853648362336337
EVS: 0.48459925250798375
