Model: GRU
MSE: 14.070594250695793
MAE: 3.0804925671330206
EVS: 0.532902566269446
