Model: GRU
MSE: 21.83114829034035
MAE: 3.054334622842294
EVS: 0.24113808235172352
