Model: GRU
MSE: 11.024261773089476
MAE: 2.6452143457200794
EVS: 0.5397957964201476
