Model: GRU
MSE: 26.478945710610738
MAE: 4.1539743476443824
EVS: 0.23464063438965876
