Model: GRU
MSE: 15.616810065178605
MAE: 3.0608049675270363
EVS: 0.4522201368462341
