Model: GRU
MSE: 14.287201867897238
MAE: 2.69866653724953
EVS: 0.5057968470265729
