Model: GRU
MSE: 12.874845316077897
MAE: 2.5259326299031577
EVS: 0.5500294757991213
