Model: GRU
MSE: 14.240555459457541
MAE: 2.6136444409688315
EVS: 0.500066933575378
