Model: GRU
MSE: 21.996436470214256
MAE: 3.4456814659966364
EVS: 0.28189341742603513
