Model: GRU
MSE: 13.322341999006278
MAE: 2.7491208182440863
EVS: 0.5354303740534745
