Model: GRU
MSE: 24.212440757489816
MAE: 3.5401456267745406
EVS: 0.17443067496483533
