Model: GRU
MSE: 15.013874907687624
MAE: 2.7344138004161693
EVS: 0.49636564372159964
