Model: GRU
MSE: 14.805601326804005
MAE: 2.8358773478755244
EVS: 0.5652669140692481
