Model: GRU
MSE: 17.371945577615506
MAE: 3.57070290600812
EVS: 0.4265087616853076
