Model: GRU
MSE: 19.366009309201058
MAE: 3.4809570842319064
EVS: 0.49989099414741955
