Model: GRU
MSE: 13.90768434215963
MAE: 3.1121275513260453
EVS: 0.5732392520230736
