Model: GRU
MSE: 12.664862520871667
MAE: 2.6151706730877913
EVS: 0.5573440444457202
