Model: GRU
MSE: 14.207857162397692
MAE: 3.2090131441752114
EVS: 0.5428133499598712
