Model: GRU
MSE: 9.184588410031152
MAE: 2.2841477394104004
EVS: 0.6135425217795347
