Model: GRU
MSE: 9.982151327103
MAE: 2.212063701064498
EVS: 0.583130226618009
