Model: GRU
MSE: 15251.280912390901
MAE: 123.38075934516058
EVS: -2.220446049250313e-16
