Model: GRU
MSE: 30.55678837421135
MAE: 4.0742447801998685
EVS: -0.0418741870131174
