Model: GRU
MSE: 13.314121732752264
MAE: 2.766292112844962
EVS: 0.5323338728535494
