Model: GRU
MSE: 28.668656479655095
MAE: 3.706322584833418
EVS: -0.019444920951895872
