Model: GRU
MSE: 13.280938666989076
MAE: 2.530357661070647
EVS: 0.5385659977840163
