Model: GRU
MSE: 22.68453744376217
MAE: 3.36525657441881
EVS: 0.24279349718598042
