Model: GRU
MSE: 14.976111744981178
MAE: 2.582103040483263
EVS: 0.504923416982934
