Model: GRU
MSE: 11.808180699061436
MAE: 2.354813151889377
EVS: 0.5971967535255567
