Model: GRU
MSE: 13.181029544242442
MAE: 2.537162498191551
EVS: 0.5512604597206876
