Model: GRU
MSE: 18.05784963180125
MAE: 2.8821208035504378
EVS: 0.4122891360489318
