Model: GRU
MSE: 26.54037207203599
MAE: 3.315459887186686
EVS: 0.09114714861449114
