Model: GRU
MSE: 23.069287921876022
MAE: 3.1190442862334073
EVS: 0.20897084284090328
