Model: GRU
MSE: 28.319111820620897
MAE: 3.8478092352549234
EVS: 0.0829334318328997
