Model: GRU
MSE: 19.621659939559844
MAE: 3.339603035538285
EVS: 0.3588515699080853
