Model: GRU
MSE: 16.344467128968645
MAE: 3.39760520723131
EVS: 0.4518503392712756
