Model: GRU
MSE: 9.589619568786677
MAE: 2.3432918477941445
EVS: 0.5844440238971367
