Model: GRU
MSE: 12.506578031269177
MAE: 2.437518261097096
EVS: 0.6046690613557555
