Model: GRU
MSE: 12.230945910978713
MAE: 2.8715440785443342
EVS: 0.5970884661076138
