Model: GRU
MSE: 27.62510510570011
MAE: 3.6478418597468623
EVS: 0.043604595136459534
