Model: GRU
MSE: 10.316577938036305
MAE: 2.2758768046343767
EVS: 0.5628706436175533
