Model: GRU
MSE: 25.015891844397352
MAE: 3.192777121508563
EVS: 0.13441325848578078
