Model: GRU
MSE: 12.623769107195889
MAE: 2.8663913585521557
EVS: 0.5725547642499267
