Model: GRU
MSE: 14.1627198873662
MAE: 2.594942975927282
EVS: 0.5406893940894044
