Model: GRU
MSE: 56073.94360364849
MAE: 236.73862259476275
EVS: -2.220446049250313e-16
