Model: GRU
MSE: 20.650572334810764
MAE: 3.1104877259996204
EVS: 0.299070443585723
