Model: GRU
MSE: 22.483808412175012
MAE: 3.128791756100125
EVS: 0.21869946254649386
