Model: GRU
MSE: 21.998463179824544
MAE: 3.1833074534380876
EVS: 0.23958323363018952
