Model: GRU
MSE: 23.00137582347329
MAE: 3.3481261641890914
EVS: 0.24276669426883446
