Model: GRU
MSE: 13.569173230623644
MAE: 2.546559280819363
EVS: 0.5273904110439753
