Model: GRU
MSE: 13.761324928831122
MAE: 2.60304323832194
EVS: 0.5278167688134234
