Model: GRU
MSE: 13.01126776394234
MAE: 3.0083233692027904
EVS: 0.5818469038056697
