Model: GRU
MSE: 13.107148402913177
MAE: 2.5833281057852284
EVS: 0.5426335522191126
