Model: GRU
MSE: 10.945234360999772
MAE: 2.3642749786376953
EVS: 0.5202775764106571
