Model: GRU
MSE: 25.819086254959764
MAE: 3.524035418475116
EVS: 0.10330271854335471
