Model: GRU
MSE: 11.389304131132828
MAE: 2.4064049897370516
EVS: 0.601429344713728
