Model: GRU
MSE: 23.32587172290115
MAE: 3.127413409096854
EVS: 0.17637843763271366
