Model: GRU
MSE: 21.21688627038239
MAE: 3.4569244031552917
EVS: 0.460510542655608
