Model: GRU
MSE: 13.54094916727807
MAE: 2.727002179181134
EVS: 0.5257610244885886
