Model: GRU
MSE: 15.606321548970671
MAE: 2.6571373056482384
EVS: 0.5028469693072783
