Model: GRU
MSE: 13.03359337887902
MAE: 3.059020342650237
EVS: 0.6284388110285897
