Model: GRU
MSE: 10.24557341130525
MAE: 2.403601575780798
EVS: 0.6454534517178083
