Model: GRU
MSE: 23.291068689217102
MAE: 3.1685514096860534
EVS: 0.19440445804164075
