Model: GRU
MSE: 11.141441362246168
MAE: 2.557104057735867
EVS: 0.6166064694873064
