Model: GRU
MSE: 14.294708840237044
MAE: 3.0277083538196705
EVS: 0.5118480878243526
