Model: GRU
MSE: 23.638841986895386
MAE: 3.561245565061216
EVS: 0.20884272893674583
