Model: GRU
MSE: 12.095914440086373
MAE: 2.4564730326334634
EVS: 0.5759531935163461
