Model: GRU
MSE: 25.94312430055306
MAE: 4.0558291364599155
EVS: 0.17157236102949713
