Model: GRU
MSE: 12.599246006905643
MAE: 2.6811579951533564
EVS: 0.5694222597680072
