Model: GRU
MSE: 16.9177674878421
MAE: 2.8279474929527
EVS: 0.4545497912193309
