Model: GRU
MSE: 20.58584521710332
MAE: 3.1077049749868886
EVS: 0.2997932845818124
