Model: GRU
MSE: 21.765737723170037
MAE: 3.20954903849849
EVS: 0.2579042388058165
