Model: GRU
MSE: 16.418453884342792
MAE: 2.752636538611518
EVS: 0.4587282145993704
