Model: GRU
MSE: 15.924054331131579
MAE: 3.225855650725188
EVS: 0.4474458022694452
