Model: GRU
MSE: 13.736570712286671
MAE: 2.584729300604926
EVS: 0.5454941804554606
