Model: GRU
MSE: 15.358344026545739
MAE: 2.705458817658601
EVS: 0.530209945893652
