Model: GRU
MSE: 12.714679534266326
MAE: 2.612730926937527
EVS: 0.5534868040537255
