Model: GRU
MSE: 25.54755629933523
MAE: 3.4448482990264893
EVS: 0.1211817250928171
