Model: GRU
MSE: 26.656352596024952
MAE: 3.3327908869142884
EVS: 0.08137789766130876
