Model: GRU
MSE: 25.0947894006804
MAE: 4.038439609386303
EVS: 0.23129562332285425
