Model: GRU
MSE: 16.501843536501593
MAE: 3.5028606520758734
EVS: 0.5662694780610229
