Model: GRU
MSE: 17.64892320738523
MAE: 3.5799315064041703
EVS: 0.4174357661473701
