Model: GRU
MSE: 28.65334905565057
MAE: 3.354184733496772
EVS: 0.02811928170870792
