Model: GRU
MSE: 24.364046709557854
MAE: 3.324621571434869
EVS: 0.15326625327373122
