Model: GRU
MSE: 12.909137405864797
MAE: 2.9282945173758046
EVS: 0.5627496855398206
