Model: GRU
MSE: 13.545520626635724
MAE: 2.8552739178692854
EVS: 0.533768578902825
