Model: GRU
MSE: 27.324299339809066
MAE: 3.423548760237517
EVS: 0.05135777373581463
