Model: GRU
MSE: 12.904126793953916
MAE: 2.4723212983873157
EVS: 0.5523217137335811
