Model: GRU
MSE: 16.401440221391432
MAE: 2.8150337713736073
EVS: 0.45028718581630967
