Model: GRU
MSE: 14.203797272534462
MAE: 2.761412602883798
EVS: 0.501149877325229
