Model: GRU
MSE: 14.967287401385859
MAE: 2.892018035606102
EVS: 0.47529032727224085
