Model: GRU
MSE: 11.236144925233946
MAE: 2.700839537161368
EVS: 0.6200378619181663
