Model: GRU
MSE: 23.484457900394588
MAE: 3.58861004864728
EVS: 0.23220674093111993
