Model: GRU
MSE: 15.125154702731118
MAE: 2.6338354216681585
EVS: 0.5123691976369873
