Model: GRU
MSE: 16.18021302992802
MAE: 2.7686299747890897
EVS: 0.4583965939654532
