Model: GRU
MSE: 11.558505654536871
MAE: 2.5927174709461354
EVS: 0.5940060515468664
