Model: GRU
MSE: 12.151482061456901
MAE: 2.7398989112288863
EVS: 0.5794130511898824
