Model: GRU
MSE: 22.928754080333597
MAE: 3.787735038333469
EVS: 0.27503169324853494
