Model: GRU
MSE: 21.462310708866713
MAE: 3.062988846390336
EVS: 0.2543279870521161
