Model: GRU
MSE: 14.722713016105596
MAE: 2.683882995888039
EVS: 0.5307498779031932
