Model: GRU
MSE: 14.67885112776934
MAE: 3.191883228443287
EVS: 0.5387123069802142
