Model: GRU
MSE: 22.782522102293907
MAE: 3.6345944934421115
EVS: 0.47209421885581515
