Model: GRU
MSE: 12.565120753753085
MAE: 2.841279489022714
EVS: 0.5936102265938366
