Model: GRU
MSE: 24.954825353421963
MAE: 3.729485864992495
EVS: 0.14581879096318673
