Model: GRU
MSE: 28.23891683823874
MAE: 3.657277725361012
EVS: 0.0192628584829333
