Model: GRU
MSE: 30.779326905264515
MAE: 4.779971652560764
EVS: 0.16662913403433177
