Model: GRU
MSE: 20.72723935479664
MAE: 3.0397847140276872
EVS: 0.28633150368872873
