Model: GRU
MSE: 25.7280055662987
MAE: 3.4676359317920826
EVS: 0.11430094091261667
