Model: GRU
MSE: 10.408608310608626
MAE: 2.3690302107069225
EVS: 0.5428954450167047
