Model: GRU
MSE: 12.112075194943836
MAE: 2.469714147073251
EVS: 0.5751807060708527
