Model: GRU
MSE: 12.915352812672062
MAE: 2.720057964324951
EVS: 0.5625887381784005
