Model: GRU
MSE: 15.607066482194812
MAE: 3.29668339976558
EVS: 0.5610152711940826
