Model: GRU
MSE: 22.044180630170263
MAE: 3.3285024607623064
EVS: 0.2849364466100893
