Model: GRU
MSE: 17.66872805837565
MAE: 2.9101554022894964
EVS: 0.40037817823415744
