Model: GRU
MSE: 15.901066838022972
MAE: 3.313987555327239
EVS: 0.4940980758640877
