Model: GRU
MSE: 13.422319444683092
MAE: 2.4532783649585865
EVS: 0.5422336977700768
