Model: GRU
MSE: 14.49991218751712
MAE: 3.1767998271518283
EVS: 0.5640213145400201
