Model: GRU
MSE: 25.826141036482163
MAE: 3.286450421368634
EVS: 0.10657190464637778
