Model: GRU
MSE: 13.684965648786712
MAE: 2.7500887093720614
EVS: 0.5201828259263765
