Model: GRU
MSE: 20.57913157788555
MAE: 3.069605650725188
EVS: 0.34781998889723387
