Model: GRU
MSE: 22.258352002671288
MAE: 3.0373876712940358
EVS: 0.22631677867097622
