Model: GRU
MSE: 15.252130628226285
MAE: 2.685193821235939
EVS: 0.4784411189471306
