Model: GRU
MSE: 90.54277058633491
MAE: 4.3150019292478206
EVS: -2.0874433932982366
