Model: GRU
MSE: 1022.6852102731514
MAE: 31.583511069968896
EVS: 0.11598866432324606
