Model: GRU
MSE: 8.87823091626016
MAE: 2.174559610861319
EVS: 0.6176932593559844
