Model: GRU
MSE: 26.222143578558263
MAE: 4.088317111686424
EVS: 0.2008892048841645
