Model: GRU
MSE: 15.029309158325953
MAE: 2.936825805240207
EVS: 0.4720942197279475
