Model: GRU
MSE: 13.286422323582023
MAE: 2.7264489421138056
EVS: 0.5333074582878162
