Model: GRU
MSE: 24.84291608665691
MAE: 3.5143048145152904
EVS: 0.16745668302457162
