Model: GRU
MSE: 15.81570024060511
MAE: 2.7856474629154913
EVS: 0.5113883281356966
