Model: GRU
MSE: 16.240772458829927
MAE: 3.4270792360658997
EVS: 0.4398179319387977
