Model: GRU
MSE: 19.346264977433325
MAE: 3.777999065540455
EVS: 0.4332572421364407
