Model: GRU
MSE: 16.64558069190824
MAE: 3.2872396575080023
EVS: 0.4153766540387964
