Model: GRU
MSE: 15.17698519032375
MAE: 3.203908779003002
EVS: 0.4948999777516957
