Model: GRU
MSE: 21.30783305714014
MAE: 3.0574036527563027
EVS: 0.39691673039177766
