Model: GRU
MSE: 26.99290737966043
MAE: 3.3534251672250255
EVS: 0.08971711479389166
