Model: GRU
MSE: 12.225483000677858
MAE: 2.476627067283348
EVS: 0.5705826523709847
