Model: GRU
MSE: 15.273674984529256
MAE: 3.3695783968325013
EVS: 0.5138705586290506
