Model: GRU
MSE: 16.018287726357222
MAE: 2.920275511565032
EVS: 0.4515056108408855
