Model: GRU
MSE: 22.791134719325697
MAE: 3.49121923799868
EVS: 0.222316317810617
