Model: GRU
MSE: 19.6627213796494
MAE: 3.354321497457999
EVS: 0.35088124845151325
