Model: GRU
MSE: 13.691536689084396
MAE: 2.6298872806407787
EVS: 0.524379134999008
