Model: GRU
MSE: 25.69307749248447
MAE: 3.304932294068513
EVS: 0.11784917006199902
