Model: GRU
MSE: 12.9749469154156
MAE: 2.529271690933793
EVS: 0.44533392731101196
