Model: GRU
MSE: 45627.68876916322
MAE: 213.53903763382525
EVS: -2.220446049250313e-16
