Model: GRU
MSE: 13.700902491661239
MAE: 2.536126066137243
EVS: 0.5290115454743647
