Model: GRU
MSE: 15.546158606067264
MAE: 3.239179328635887
EVS: 0.4651846141742868
