Model: GRU
MSE: 14.138491633974203
MAE: 2.542576789855957
EVS: 0.5061365350562725
