Model: GRU
MSE: 14.323728513380821
MAE: 2.6025110527321145
EVS: 0.5114563131535733
