Model: GRU
MSE: 8.230922129723062
MAE: 1.9748851811444317
EVS: 0.6529458086314337
