Model: GRU
MSE: 25.60943019481801
MAE: 3.26003016365899
EVS: 0.20828229211364513
