Model: GRU
MSE: 20.23065849547172
MAE: 3.403282889613399
EVS: 0.34250923760338936
