Model: GRU
MSE: 13.492229100597545
MAE: 2.9854278917665833
EVS: 0.5478271584613509
