Model: GRU
MSE: 24.13208102456042
MAE: 3.1281286963710078
EVS: 0.18276528856231
