Model: GRU
MSE: 15.394224386133398
MAE: 3.307921603873924
EVS: 0.5040431158719756
