Model: GRU
MSE: 12.238248317357913
MAE: 2.6440162658691406
EVS: 0.5754297043791856
