Model: GRU
MSE: 14.706704053400093
MAE: 2.730998745671025
EVS: 0.4852596697543453
