Model: GRU
MSE: 14.15822181774291
MAE: 2.509197129143609
EVS: 0.5568463807167918
