Model: GRU
MSE: 12.966433637165665
MAE: 2.791541982580114
EVS: 0.5740764233282586
