Model: GRU
MSE: 14.785519952104803
MAE: 3.059199580439815
EVS: 0.5036470679678826
