Model: GRU
MSE: 13.230296284855706
MAE: 2.4109316578617803
EVS: 0.5758011153209373
