Model: GRU
MSE: 16.19473138913024
MAE: 2.790218741805465
EVS: 0.4861515519783227
