Model: GRU
MSE: 11.522177479501343
MAE: 2.499030731342457
EVS: 0.4930476973969786
