Model: GRU
MSE: 21.386829197740806
MAE: 3.1062645382351346
EVS: 0.2638428875504535
