Model: GRU
MSE: 14.03746895124935
MAE: 3.013468442139802
EVS: 0.5167973313652394
