Model: GRU
MSE: 26.907879329932424
MAE: 3.396110428704156
EVS: 0.07199400756414154
