Model: GRU
MSE: 15.778351754331222
MAE: 3.484261918950964
EVS: 0.564834420528595
