Model: GRU
MSE: 23.3784805966304
MAE: 3.6113164689805775
EVS: 0.2044933821973599
