Model: GRU
MSE: 13.468843274042532
MAE: 2.52883243560791
EVS: 0.5436470166886611
