Model: GRU
MSE: 10.715024427758728
MAE: 2.2340042502791793
EVS: 0.6311514434824863
