Model: GRU
MSE: 13.725966729660202
MAE: 2.8024064523202403
EVS: 0.5196133998118005
