Model: GRU
MSE: 22.249250961613757
MAE: 3.1600080596076117
EVS: 0.2305222086230354
