Model: GRU
MSE: 15.38110699521454
MAE: 2.696951707204183
EVS: 0.5179428430782631
