Model: GRU
MSE: 13.84618926024765
MAE: 2.5464647787588612
EVS: 0.5278477605504099
