Model: GRU
MSE: 48.01020271420671
MAE: 4.11102013234739
EVS: -0.6473505387368768
