Model: GRU
MSE: 13.947095050717087
MAE: 2.602588406315556
EVS: 0.5423962929913482
