Model: GRU
MSE: 16.316408569293085
MAE: 3.3415084944831
EVS: 0.47709927390478957
