Model: GRU
MSE: 10.644516563040614
MAE: 2.596575719338876
EVS: 0.5877268406487907
