Model: GRU
MSE: 12.687260961209843
MAE: 2.8147378674259893
EVS: 0.5849100596532233
