Model: GRU
MSE: 13.06115205988062
MAE: 2.705589418058042
EVS: 0.5522500954311136
