Model: GRU
MSE: 15.131288470962764
MAE: 3.240410398553919
EVS: 0.5350325087321894
