Model: GRU
MSE: 12.61625717737912
MAE: 2.630655535945186
EVS: 0.561751743864711
