Model: GRU
MSE: 24.234457640148708
MAE: 3.2243060359248408
EVS: 0.15912819759105068
