Model: GRU
MSE: 14.638542791420562
MAE: 2.9722177540814436
EVS: 0.48588221994877023
