Model: GRU
MSE: 11.396958153778204
MAE: 2.475171618991428
EVS: 0.5998859622807607
