Model: GRU
MSE: 12.008816141464228
MAE: 2.398341673391837
EVS: 0.5794133414989151
