Model: GRU
MSE: 21.467434075316564
MAE: 3.2947429197805898
EVS: 0.2680175652423755
