Model: GRU
MSE: 29.47723918589597
MAE: 3.5403306654521396
EVS: -0.03708641062915996
