Model: GRU
MSE: 11.615002692939065
MAE: 2.435074523643211
EVS: 0.6112045524471156
