Model: GRU
MSE: 25.7702054168848
MAE: 3.9632921748691134
EVS: 0.1609262406637606
