Model: GRU
MSE: 12.084767748414784
MAE: 2.4292911246970847
EVS: 0.5795283118877981
