Model: GRU
MSE: 9.858840978664105
MAE: 2.105796460752134
EVS: 0.5668000967445916
