Model: GRU
MSE: 9.498023025692957
MAE: 2.236186310097023
EVS: 0.5824829999158065
