Model: GRU
MSE: 15.89716645099509
MAE: 3.177966011895074
EVS: 0.4450916369638769
