Model: GRU
MSE: 10.370040593300086
MAE: 2.2742563177038124
EVS: 0.636227019744521
