Model: GRU
MSE: 10.273598409792578
MAE: 2.2085881763034396
EVS: 0.5541635259321602
