Model: GRU
MSE: 14.850557254657023
MAE: 3.194211147449635
EVS: 0.532997732692035
