Model: GRU
MSE: 13.7644161096346
MAE: 2.5696584207040294
EVS: 0.5238556622870678
