Model: GRU
MSE: 12.32365381108061
MAE: 2.4294472800360785
EVS: 0.5815540036213828
