Model: GRU
MSE: 15.319220001635257
MAE: 2.725588816183585
EVS: 0.49105725211321993
