Model: GRU
MSE: 14.383617091706583
MAE: 2.9093043362652815
EVS: 0.4949031684872508
