Model: GRU
MSE: 16.392170335974605
MAE: 3.368053595225016
EVS: 0.465867964205937
