Model: GRU
MSE: 16.077678287205714
MAE: 2.8349888059828015
EVS: 0.4510082374077513
