Model: GRU
MSE: 9.438444806883506
MAE: 2.2938010074474193
EVS: 0.6074039623220775
