Model: GRU
MSE: 12.607190416620016
MAE: 2.6992426448398166
EVS: 0.5669300544243521
