Model: GRU
MSE: 23.45832060986377
MAE: 3.412451973667851
EVS: 0.21115701951928634
