Model: GRU
MSE: 20.492471940036726
MAE: 2.986930087760643
EVS: 0.28855061422579353
