Model: GRU
MSE: 24.24112548699508
MAE: 3.3503599520082825
EVS: 0.16414285484721725
