Model: GRU
MSE: 21.619196390631412
MAE: 3.163168200740108
EVS: 0.2561802740497343
