Model: GRU
MSE: 15.093544479465974
MAE: 3.0362025720101817
EVS: 0.4699269409581195
