Model: GRU
MSE: 15.014571505892356
MAE: 2.6870233394481517
EVS: 0.5120856719548823
