Model: GRU
MSE: 11.962374823961538
MAE: 2.8111483962447554
EVS: 0.5135023035877486
