Model: GRU
MSE: 25.774754199960313
MAE: 3.658139811621772
EVS: 0.11743322735454254
