Model: GRU
MSE: 13.71587621790424
MAE: 3.106025554515697
EVS: 0.5474389063912339
