Model: GRU
MSE: 13.99426940251676
MAE: 2.546682534394441
EVS: 0.5380599494538103
