Model: GRU
MSE: 19.647022292201218
MAE: 2.920411533779568
EVS: 0.4343240822522543
