Model: GRU
MSE: 24.209693119578983
MAE: 3.3112261118712247
EVS: 0.18769882888691092
