Model: GRU
MSE: 14.6070170597089
MAE: 3.1603588881316007
EVS: 0.49521050599539673
