Model: GRU
MSE: 15.722510000143723
MAE: 2.693080054389106
EVS: 0.48559078764682806
