Model: GRU
MSE: 12.938125561661899
MAE: 2.730259895324707
EVS: 0.5474790258787892
