Model: GRU
MSE: 14.866337198231973
MAE: 3.2982977937769005
EVS: 0.5394849057423823
