Model: GRU
MSE: 27.99488549672506
MAE: 3.3803160985310874
EVS: 0.045075165688019725
