Model: GRU
MSE: 31.381359301582126
MAE: 3.8661097597192833
EVS: 0.04958289838882668
