Model: GRU
MSE: 14.77653463488748
MAE: 3.320410551848235
EVS: 0.5532688776844455
