Model: GRU
MSE: 13.054960380615809
MAE: 2.8024195123601845
EVS: 0.5817138418827539
