Model: GRU
MSE: 27.21575212204685
MAE: 3.343310100060922
EVS: 0.055763880332518
