Model: GRU
MSE: 15.463827503340848
MAE: 2.86325090902823
EVS: 0.4637101448577623
