Model: GRU
MSE: 9.725515882714278
MAE: 2.3073881643789784
EVS: 0.5961360977253343
