Model: GRU
MSE: 18.70920914599533
MAE: 3.8811119397481284
EVS: 0.4710039545539816
