Model: GRU
MSE: 248.09920807829354
MAE: 14.825249036153158
EVS: 0.005547646729832545
