Model: GRU
MSE: 22.847298096440227
MAE: 3.181812357019495
EVS: 0.20922732357836948
