Model: GRU
MSE: 13.896744585911232
MAE: 3.1159949832492404
EVS: 0.5339889413377727
