Model: sequential_24
MSE: 1.0769097344600596
MAE: 1.0377426147460938
EVS: 1.0
