Model: sequential_24
MSE: 0.07452538698733709
MAE: 0.18820929527282715
EVS: 0.7027704758074076
