Model: sequential_26
MSE: 0.004826667282941344
MAE: 0.0694742202758789
EVS: 1.0
