Model: sequential_26
MSE: 0.738088633755334
MAE: 0.565100828806559
EVS: 0.563117043004199
