Model: GRU
MSE: 14.782449233880117
MAE: 3.0192254737571433
EVS: 0.5837214722398925
