Model: GRU
MSE: 11.655821824157659
MAE: 2.8165926844985396
EVS: 0.6819081728592536
