Model: GRU
MSE: 17.72181632473785
MAE: 3.5475749792876066
EVS: 0.6664562035215127
