Model: GRU
MSE: 14.22886601966363
MAE: 2.951172846334952
EVS: 0.5960204598982989
