Model: GRU
MSE: 17.731732607385485
MAE: 3.360478754396792
EVS: 0.5444145509259057
