Model: GRU
MSE: 15.217739679182955
MAE: 3.0961560673183866
EVS: 0.5971209182135341
