Model: GRU
MSE: 20.73349961779442
MAE: 3.616195828826339
EVS: 0.5246564071903765
