Model: GRU
MSE: 12.679224480730715
MAE: 2.769611605891475
EVS: 0.6374800132720361
