Model: GRU
MSE: 13.245922623048651
MAE: 2.982455182958532
EVS: 0.6291281937467094
