Model: GRU
MSE: 18.58363932624216
MAE: 3.3351781368255615
EVS: 0.49806489914431085
