Model: GRU
MSE: 12.861764509869785
MAE: 2.8454934049535683
EVS: 0.6295531426366843
