Model: GRU
MSE: 13.67619726408321
MAE: 2.9750312257696083
EVS: 0.6220945232636435
