Model: GRU
MSE: 18.774949583671212
MAE: 3.716104578088831
EVS: 0.6099318568829473
