Model: GRU
MSE: 14.109320604729259
MAE: 2.9453990547745317
EVS: 0.6001912723886662
