Model: GRU
MSE: 11.227538740538101
MAE: 2.641344670896177
EVS: 0.6892959663403564
