Model: GRU
MSE: 13.785293031489509
MAE: 2.944691569716842
EVS: 0.6512610563565152
