Model: GRU
MSE: 11.735218060098354
MAE: 2.67210359926577
EVS: 0.6901866846355835
