Model: GRU
MSE: 15.863368155495452
MAE: 2.916539880964491
EVS: 0.540285531290069
