Model: GRU
MSE: 22.15503849264733
MAE: 3.910053341477006
EVS: 0.559098629591239
