Model: GRU
MSE: 21.162253095534854
MAE: 4.059022382453636
EVS: 0.5932379137501933
