Model: GRU
MSE: 13.973310195095733
MAE: 3.091377611513491
EVS: 0.6638682446265813
