Model: GRU
MSE: 15.371089880945469
MAE: 3.2038479910956488
EVS: 0.5653665228836657
