Model: GRU
MSE: 15.307480992071351
MAE: 3.141012359548498
EVS: 0.5874885929297329
