Model: GRU
MSE: 12.916178441466904
MAE: 2.8146740595499673
EVS: 0.6399869146241526
