Model: GRU
MSE: 41.113289871780715
MAE: 5.273619793079518
EVS: 0.34424720307359646
