Model: GRU
MSE: 17.879179529954197
MAE: 3.348736621715404
EVS: 0.5258284040473337
