Model: GRU
MSE: 57.82119332439383
MAE: 6.187139047516717
EVS: 0.02569300051991441
