Model: GRU
MSE: 245.71488444894663
MAE: 14.440139048629337
EVS: -0.06390493118677454
