Model: GRU
MSE: 18.279890876866073
MAE: 3.4889232405909785
EVS: 0.5718521281159308
