Model: GRU
MSE: 11.546647928741457
MAE: 2.891560430879946
EVS: 0.6705549709433146
