Model: GRU
MSE: 23.29193340418122
MAE: 3.833309809366862
EVS: 0.3624220672002598
