Model: GRU
MSE: 27.167957460864745
MAE: 4.672443672462746
EVS: 0.44693822682013495
