Model: GRU
MSE: 28.313167113539127
MAE: 4.660214883309823
EVS: 0.4511571516476761
