Model: GRU
MSE: 11.086282298655146
MAE: 2.5843015600133827
EVS: 0.676104576205339
