Model: GRU
MSE: 14.799341537421526
MAE: 3.063322994444105
EVS: 0.6172867523435777
