Model: GRU
MSE: 14.661168921966961
MAE: 3.1515128877427845
EVS: 0.5882576733696139
