Model: GRU
MSE: 15.389493462815524
MAE: 3.223434059708207
EVS: 0.586448286392111
