Model: GRU
MSE: 14.432048860739693
MAE: 2.829745645876284
EVS: 0.5784995250641747
