Model: GRU
MSE: 14.165408911830793
MAE: 3.0178536485742637
EVS: 0.6032246164362909
