Model: GRU
MSE: 17.843256231474328
MAE: 3.2125881336353443
EVS: 0.5294308530857621
