Model: GRU
MSE: 23.551308478169496
MAE: 3.834569169415368
EVS: 0.36195728785670866
