Model: GRU
MSE: 15.54085336429105
MAE: 3.254591977154767
EVS: 0.585771631926669
