Model: GRU
MSE: 25.77638297220702
MAE: 3.6751893929072788
EVS: 0.3489100818139388
