Model: GRU
MSE: 11.802283781763217
MAE: 2.543825220178675
EVS: 0.6552049169890568
