Model: GRU
MSE: 13.689867174190137
MAE: 2.980226887596978
EVS: 0.6084507589547441
