Model: GRU
MSE: 14.303244044486014
MAE: 3.145701355404324
EVS: 0.6329132981854891
