Model: GRU
MSE: 13.83880897847769
MAE: 3.190967842384621
EVS: 0.6829618343483268
