Model: GRU
MSE: 12.712962887384593
MAE: 2.958745567886918
EVS: 0.6519413616443603
