Model: GRU
MSE: 17.35155226487095
MAE: 3.24480073540299
EVS: 0.6278170190001562
