Model: GRU
MSE: 12.232135661822852
MAE: 2.8121435377332897
EVS: 0.6566130633129429
