Model: GRU
MSE: 5712.468286593618
MAE: 75.3361649689851
EVS: -0.056275876807180714
