Model: GRU
MSE: 16.016590112155697
MAE: 2.9356295620953596
EVS: 0.6221620543024329
