Model: GRU
MSE: 12.624883861612345
MAE: 2.7837882748356573
EVS: 0.6392648567389505
