Model: GRU
MSE: 19.717848332132093
MAE: 3.7569552704139992
EVS: 0.559235079568938
