Model: GRU
MSE: 12.732678733352428
MAE: 2.8880360568011247
EVS: 0.652276564348239
