Model: GRU
MSE: 17.530364048514997
MAE: 3.464007527739913
EVS: 0.6368211271498482
