Model: GRU
MSE: 20.71261697068721
MAE: 3.518271497317723
EVS: 0.5214767893234342
