Model: GRU
MSE: 21.794581147774895
MAE: 3.634437993720726
EVS: 0.45178834179847127
