Model: GRU
MSE: 16.23565297153023
MAE: 3.211350114257247
EVS: 0.6580894173717449
