Model: GRU
MSE: 21.26477929924565
MAE: 3.915391657087538
EVS: 0.5214287452779025
