Model: GRU
MSE: 442.3350486610393
MAE: 20.110510720147026
EVS: -0.10744909318494544
