Model: GRU
MSE: 20.90990769618056
MAE: 3.9471603764428034
EVS: 0.5669753264534615
