Model: GRU
MSE: 18.304429469426456
MAE: 3.5769081292329012
EVS: 0.5468263925242629
