Model: GRU
MSE: 16.1666647388978
MAE: 3.419692525157222
EVS: 0.6474387114564651
