Model: GRU
MSE: 24.379966300849418
MAE: 4.24268192715115
EVS: 0.5880594386101547
