Model: GRU
MSE: 12.070138473144242
MAE: 2.8722581421887434
EVS: 0.6824812118492625
