Model: GRU
MSE: 17.770627947240328
MAE: 3.5627299414740667
EVS: 0.5727362512153269
