Model: GRU
MSE: 13.987490131226995
MAE: 2.9788696147777416
EVS: 0.6098004352167474
