Model: GRU
MSE: 22.138884452305323
MAE: 3.968807326422797
EVS: 0.6107017613812433
