Model: GRU
MSE: 20.996607316381965
MAE: 3.7662166489495172
EVS: 0.5505621220266053
