Model: GRU
MSE: 12.158399621628307
MAE: 2.9605652314645274
EVS: 0.6891563812801752
