Model: GRU
MSE: 19.212657297739224
MAE: 3.5381040749726473
EVS: 0.5579418390185701
