Model: GRU
MSE: 20.70724927275628
MAE: 3.748610249272099
EVS: 0.49182566174085285
