Model: GRU
MSE: 16.62797696067728
MAE: 3.6117812439247414
EVS: 0.5958495791077494
