Model: GRU
MSE: 11.653456896041249
MAE: 2.7422990887253373
EVS: 0.6637033161331397
