Model: GRU
MSE: 15.194322664749611
MAE: 3.213516840228328
EVS: 0.7165981190660197
