Model: GRU
MSE: 15.633200882264283
MAE: 3.226695360960784
EVS: 0.5836211827915303
