Model: GRU
MSE: 23.886999689729084
MAE: 4.083305288244177
EVS: 0.5624245695130772
