Model: GRU
MSE: 12.991996404845791
MAE: 2.8381713054798268
EVS: 0.6396780630364005
