Model: GRU
MSE: 24.15967526149445
MAE: 4.1285207801395
EVS: 0.5106770258210653
