Model: GRU
MSE: 18.494785949847625
MAE: 3.6100241166573985
EVS: 0.5895598952281254
