Model: GRU
MSE: 11.607992302857307
MAE: 2.6942347950405545
EVS: 0.6735641178748293
