Model: GRU
MSE: 15.176206565246629
MAE: 3.040603902604845
EVS: 0.5822811686635831
