Model: GRU
MSE: 14.918588958997951
MAE: 3.159493675938359
EVS: 0.5784182806935019
