Model: GRU
MSE: 10.832473632136102
MAE: 2.529268918214021
EVS: 0.685084216947029
