Model: GRU
MSE: 15.653677094836397
MAE: 3.2730312877231174
EVS: 0.5776999243686525
