Model: GRU
MSE: 19.536013171000373
MAE: 3.7405474804065846
EVS: 0.6207697581074509
