Model: GRU
MSE: 12.383063218897792
MAE: 2.832397284331145
EVS: 0.6412519545094167
