Model: GRU
MSE: 14.817643830032628
MAE: 3.108460223233258
EVS: 0.6129549028145662
