Model: GRU
MSE: 11.859869850456596
MAE: 2.8392416636149087
EVS: 0.6961091590130821
