Model: GRU
MSE: 16.773041275937626
MAE: 3.2641953538965294
EVS: 0.5718240321205166
