Model: GRU
MSE: 11.627050473695771
MAE: 2.6018764001351817
EVS: 0.6674906256551961
