Model: GRU
MSE: 19.27802424702624
MAE: 3.6750947457772716
EVS: 0.6053462142913433
