Model: GRU
MSE: 22.513668100823164
MAE: 4.153869734870063
EVS: 0.4928157333333988
