Model: GRU
MSE: 18.723306486320645
MAE: 3.554912885030111
EVS: 0.5106937894420944
