Model: GRU
MSE: 13.968396973765973
MAE: 2.901244869938603
EVS: 0.6027050533533844
