Model: GRU
MSE: 16.97004215065786
MAE: 3.1382129545565003
EVS: 0.5406418892068843
