Model: GRU
MSE: 17.133161032626603
MAE: 3.5533210613109447
EVS: 0.6177053110476696
