Model: GRU
MSE: 19.577329896123643
MAE: 3.6703559910809553
EVS: 0.6007647894930173
