Model: GRU
MSE: 15.759291728437095
MAE: 3.198752897757071
EVS: 0.6375224305150098
