Model: GRU
MSE: 19.35394104312871
MAE: 3.803190796463578
EVS: 0.5192519144277891
