Model: GRU
MSE: 16.385589751878932
MAE: 3.534825501618562
EVS: 0.5928585847019376
