Model: GRU
MSE: 21.701199241320577
MAE: 3.8371285332573786
EVS: 0.5497321632317573
