Model: GRU
MSE: 17.696949467025433
MAE: 3.368625552565963
EVS: 0.535169246113717
