Model: GRU
MSE: 19.008576979730247
MAE: 3.5177520204473427
EVS: 0.5308085632888513
