Model: GRU
MSE: 13.396904885000797
MAE: 3.142697705162896
EVS: 0.6668040064776022
