Model: GRU
MSE: 14.069748951589442
MAE: 3.01809240270544
EVS: 0.6044904288935491
