Model: GRU
MSE: 13.418271298294156
MAE: 3.007125077424226
EVS: 0.6291119743730438
