Model: GRU
MSE: 25.31991891953031
MAE: 4.412674453523424
EVS: 0.36048291508651
