Model: GRU
MSE: 13.388488734715507
MAE: 3.0293211053918907
EVS: 0.6385769859608286
