Model: GRU
MSE: 15.689049347689672
MAE: 3.058127200161969
EVS: 0.6228571358537629
