Model: GRU
MSE: 16.968673548501698
MAE: 3.6228465504116483
EVS: 0.6592864961353495
