Model: GRU
MSE: 36.443650242893
MAE: 5.110754563852593
EVS: 0.45016591178721144
