Model: GRU
MSE: 25.541362481119684
MAE: 3.937179450635557
EVS: 0.5499317422213152
