Model: GRU
MSE: 14.651778379652738
MAE: 3.146628768355758
EVS: 0.5854107396979593
