Model: GRU
MSE: 5856.745029792039
MAE: 76.35121310198748
EVS: 0.2041690302759953
