Model: GRU
MSE: 12.939379332720296
MAE: 2.8640178397849754
EVS: 0.6379482292739671
