Model: GRU
MSE: 18.020238280113418
MAE: 3.2876975448043257
EVS: 0.5488459574436964
