Model: GRU
MSE: 11.888042903938235
MAE: 2.8146620149965638
EVS: 0.6700071513123869
