Model: GRU
MSE: 16.09134225455748
MAE: 3.4413572593971535
EVS: 0.6261484198925242
