Model: GRU
MSE: 17.108469832764378
MAE: 3.3028104956503266
EVS: 0.6463353599580668
