Model: GRU
MSE: 13.265557481356913
MAE: 2.825191886336715
EVS: 0.6160808054864944
