Model: GRU
MSE: 13.244818218640317
MAE: 2.8172530598110623
EVS: 0.6141954963128492
