Model: GRU
MSE: 14.945586190731841
MAE: 3.2643755453604237
EVS: 0.5914408960931968
