Model: GRU
MSE: 13.491648727862566
MAE: 2.8041962605935558
EVS: 0.6155921648469896
