Model: GRU
MSE: 13.710995301422203
MAE: 2.9290137467560946
EVS: 0.5993927657473295
