Model: GRU
MSE: 2646.4242845655526
MAE: 51.02514959264685
EVS: -0.21855573105647608
