Model: GRU
MSE: 16.186514257219322
MAE: 3.2225849805054843
EVS: 0.5571239439871206
