Model: GRU
MSE: 1647.6824454289415
MAE: 40.218931410047745
EVS: 0.11994063277782252
