Model: GRU
MSE: 30.543307119906526
MAE: 4.8827449701450485
EVS: 0.474546313405374
