Model: GRU
MSE: 13.912551237181981
MAE: 2.846292848940249
EVS: 0.6102194919261996
