Model: GRU
MSE: 19.707509308316663
MAE: 3.574385784290455
EVS: 0.5904460563797987
