Model: GRU
MSE: 14.561368403786277
MAE: 3.1233826213412814
EVS: 0.6169371860132706
