Model: GRU
MSE: 13.927219944641374
MAE: 2.9771261126906783
EVS: 0.6083896829316177
