Model: GRU
MSE: 11.455731726055724
MAE: 2.697298350157561
EVS: 0.6777679924903968
