Model: GRU
MSE: 14.001493728066524
MAE: 2.880395977585404
EVS: 0.6026955020513083
