Model: GRU
MSE: 15.826018878498644
MAE: 3.2691227065192328
EVS: 0.5903645216526983
