Model: GRU
MSE: 14.190782663572884
MAE: 3.0653875139024525
EVS: 0.5892543327786527
