Model: GRU
MSE: 17.6821873757043
MAE: 3.4363106268423573
EVS: 0.6315895499093815
