Model: GRU
MSE: 16.98616101499352
MAE: 3.353956045927825
EVS: 0.5178413088887034
