Model: GRU
MSE: 241.2104530684004
MAE: 14.304718357545358
EVS: -0.04640690259750113
