Model: GRU
MSE: 16.124046070467482
MAE: 3.2706104031315557
EVS: 0.5346234362433375
