Model: GRU
MSE: 16.43594849648507
MAE: 3.037277857462565
EVS: 0.5523677342444091
