Model: GRU
MSE: 15.669003378934223
MAE: 3.0587031046549478
EVS: 0.5965349128509712
