Model: GRU
MSE: 15.203431384129864
MAE: 2.9788294898139105
EVS: 0.5568985441780636
