Model: GRU
MSE: 13.708994851356213
MAE: 3.058935253708451
EVS: 0.6391807151912048
