Model: GRU
MSE: 14.032979457195873
MAE: 3.146829048792521
EVS: 0.6617132012921121
