Model: GRU
MSE: 14.573569413989178
MAE: 3.0567319834673845
EVS: 0.6099662957965583
