Model: GRU
MSE: 16.06000689646102
MAE: 3.100231753455268
EVS: 0.598070069343863
