Model: GRU
MSE: 247.10453243676724
MAE: 14.519744683195043
EVS: -0.03771373181472959
