Model: GRU
MSE: 23.116868912258607
MAE: 4.219949792932581
EVS: 0.44308196292784363
