Model: GRU
MSE: 13.458990914800776
MAE: 2.849325798175953
EVS: 0.6293292577785266
