Model: GRU
MSE: 12.133626242071026
MAE: 2.82628717245879
EVS: 0.6764458358674184
