Model: GRU
MSE: 1912.0478910437714
MAE: 43.40275842172128
EVS: 0.19683612242252768
