Model: GRU
MSE: 15.083340013920061
MAE: 3.0561989501670555
EVS: 0.5772374144050183
