Model: GRU
MSE: 19.409897798273246
MAE: 3.572763284047445
EVS: 0.5924876554644409
