Model: GRU
MSE: 15.264347562878845
MAE: 3.061524673744484
EVS: 0.5824575367586196
