Model: GRU
MSE: 14.218257570206477
MAE: 3.0215563067683466
EVS: 0.6057011524864595
