Model: GRU
MSE: 13.289869241386256
MAE: 2.7123225883201316
EVS: 0.6234440480429686
