Model: GRU
MSE: 16.551082528520595
MAE: 3.2603846302738897
EVS: 0.523342553577538
