Model: GRU
MSE: 13.81587430832957
MAE: 2.7542930355778448
EVS: 0.5997050613829729
