Model: GRU
MSE: 17.861998476251873
MAE: 3.2980035146077475
EVS: 0.5233672804932454
