Model: GRU
MSE: 1832.5350206449225
MAE: 42.45642344156901
EVS: 0.12382295858770132
