Model: GRU
MSE: 14.224132673499273
MAE: 3.121549270771168
EVS: 0.6348098516391089
