Model: GRU
MSE: 18.71408732334508
MAE: 3.69712323612637
EVS: 0.596118765577033
