Model: GRU
MSE: 15.942615686627496
MAE: 3.2630653557954012
EVS: 0.5507343675317893
