Model: GRU
MSE: 50.78248353586164
MAE: 5.792848825454712
EVS: 0.08202393111461437
