Model: GRU
MSE: 19.800564434524926
MAE: 3.7372566858927407
EVS: 0.5861982766067189
