Model: GRU
MSE: 41.00814994476542
MAE: 5.328526046541002
EVS: 0.07192532815190911
