Model: GRU
MSE: 14.764694778341562
MAE: 3.102754893126311
EVS: 0.5745757061286534
