Model: GRU
MSE: 12.766562140727572
MAE: 2.7128489635608815
EVS: 0.6339136108942924
