Model: GRU
MSE: 528.0428652746242
MAE: 22.21201988502785
EVS: 0.00840675492871401
