Model: GRU
MSE: 14.71428041517736
MAE: 2.988121756800899
EVS: 0.592074642669947
