Model: GRU
MSE: 22.09140168399354
MAE: 4.112739315739384
EVS: 0.5304400565827696
