Model: GRU
MSE: 13.456085356899209
MAE: 3.043043048293502
EVS: 0.6114727838229617
