Model: GRU
MSE: 14.56796046785316
MAE: 2.8308334085676403
EVS: 0.5853192763428117
