Model: GRU
MSE: 14.041708189811752
MAE: 2.920393255021837
EVS: 0.6341355472135535
