Model: GRU
MSE: 19.295450648936704
MAE: 3.593380742602878
EVS: 0.6043185540590312
