Model: GRU
MSE: 13.020261086618895
MAE: 2.7148411009046765
EVS: 0.6198099477222252
