Model: GRU
MSE: 20.28603084422996
MAE: 3.846790384363245
EVS: 0.4922999699147751
