Model: GRU
MSE: 15.271588716897785
MAE: 3.228082674520987
EVS: 0.6337858236742155
