Model: GRU
MSE: 29.551835835553632
MAE: 4.676822106043498
EVS: 0.436259929466136
