Model: GRU
MSE: 33.10836225919672
MAE: 4.85201574254919
EVS: 0.35373368675703043
