Model: GRU
MSE: 15.477259615874557
MAE: 3.030650421425148
EVS: 0.6112440714079139
