Model: GRU
MSE: 543.7888547118945
MAE: 22.609434304413973
EVS: 0.047410728591565476
