Model: GRU
MSE: 26.946808194622374
MAE: 4.147303879261017
EVS: 0.3805486027404661
