Model: GRU
MSE: 730.7515649108713
MAE: 26.347635516413934
EVS: -0.045496848873946005
