Model: GRU
MSE: 19.367113657652016
MAE: 3.7778544072751647
EVS: 0.5819055385441017
