Model: GRU
MSE: 417.0172614168739
MAE: 19.47072973957768
EVS: -0.08423147275463605
