Model: GRU
MSE: 16.637177698544726
MAE: 3.1988269841229475
EVS: 0.6314416752881922
