Model: GRU
MSE: 13.253259543719313
MAE: 2.851353574682165
EVS: 0.6210356765483649
