Model: GRU
MSE: 15.712894372725192
MAE: 3.314591125205711
EVS: 0.5773074536728036
