Model: GRU
MSE: 14.169664961777395
MAE: 3.238284623181378
EVS: 0.6631105138388202
