Model: GRU
MSE: 13.505000527008415
MAE: 2.880642961572718
EVS: 0.620670094488005
