Model: GRU
MSE: 22.214283363190606
MAE: 4.003491189744738
EVS: 0.6214068990974215
