Model: GRU
MSE: 12.205658213075115
MAE: 2.704839988991066
EVS: 0.6463509557179021
