Model: GRU
MSE: 16.65861438936732
MAE: 3.553997852184154
EVS: 0.6720057163604509
