Model: GRU
MSE: 13146.130263133009
MAE: 114.50722814489293
EVS: 0.0
