Model: GRU
MSE: 17.26904041642813
MAE: 3.237288969534415
EVS: 0.5092782237371631
