Model: GRU
MSE: 17.440845108050116
MAE: 3.4006260942529747
EVS: 0.6275602177708212
