Model: GRU
MSE: 9625.458823429082
MAE: 97.93567374900535
EVS: 0.025751027064004672
