Model: GRU
MSE: 12.715798381810751
MAE: 2.98118022636131
EVS: 0.6402036954009838
