Model: GRU
MSE: 15.781337578847527
MAE: 3.240569503219039
EVS: 0.6121466490218817
