Model: GRU
MSE: 221.64170745989543
MAE: 13.706641093448356
EVS: 0.013302228410215555
