Model: GRU
MSE: 23.915084133444637
MAE: 4.205155973081236
EVS: 0.5475196345170499
