Model: GRU
MSE: 16.175809309477096
MAE: 3.1361010957647255
EVS: 0.5933430362304843
