Model: GRU
MSE: 18.110992736801624
MAE: 3.6617437115422002
EVS: 0.612693148013917
