Model: GRU
MSE: 22.238625479166338
MAE: 3.984705439320317
EVS: 0.5604067404823687
