Model: GRU
MSE: 997.2051537008507
MAE: 31.132937749226887
EVS: 0.18348082381423925
