Model: GRU
MSE: 16.61796709587681
MAE: 3.1543461834942854
EVS: 0.599411181735972
