Model: GRU
MSE: 12.545457235223594
MAE: 2.7467132409413657
EVS: 0.6495188070842058
