Model: GRU
MSE: 19.651718867222044
MAE: 3.4536545409096613
EVS: 0.5925012937598535
