Model: GRU
MSE: 13.45235055719434
MAE: 2.9033173101919667
EVS: 0.6088319346830814
