Model: GRU
MSE: 14.602586468783633
MAE: 2.8896713433442294
EVS: 0.5757261092943764
