Model: GRU
MSE: 18.3554141471728
MAE: 3.7371411235244185
EVS: 0.6096086474910078
