Model: GRU
MSE: 20.656459303752804
MAE: 3.8832618218881114
EVS: 0.5369513050305508
