Model: GRU
MSE: 16.416111625566845
MAE: 3.099592994760584
EVS: 0.5398393287374772
