Model: GRU
MSE: 17.666023306366466
MAE: 3.5443766558611833
EVS: 0.6309132241871077
