Model: GRU
MSE: 12.862791211668217
MAE: 2.935119134408456
EVS: 0.6437639203195638
