Model: GRU
MSE: 16.769225038491363
MAE: 3.3741519186231823
EVS: 0.5849416246038137
