Model: GRU
MSE: 30.229265164617505
MAE: 4.535896954713045
EVS: 0.4935228395965121
