Model: GRU
MSE: 22.499821612270054
MAE: 4.080087538118716
EVS: 0.3962508384301514
