Model: GRU
MSE: 16.912878390690146
MAE: 3.2739637516163014
EVS: 0.621411018448528
