Model: GRU
MSE: 14.139388217943065
MAE: 3.122499112729673
EVS: 0.6321936936232866
