Model: GRU
MSE: 13.006499349103706
MAE: 2.8896858780472368
EVS: 0.6360810860516861
