Model: GRU
MSE: 233.22730840839517
MAE: 13.982554643242448
EVS: -0.10198719790183786
