Model: GRU
MSE: 14.482783250697775
MAE: 3.153207619984945
EVS: 0.5970828659757743
