Model: GRU
MSE: 24.483771696353646
MAE: 3.9215100429676197
EVS: 0.5070975794245253
