Model: GRU
MSE: 13.055413432674332
MAE: 2.8084649951369673
EVS: 0.6293153026920216
