Model: GRU
MSE: 16.34697095668319
MAE: 3.276477478168629
EVS: 0.5288017297578547
