Model: GRU
MSE: 14.18375823354656
MAE: 2.903711681012754
EVS: 0.5972578856801896
