Model: GRU
MSE: 11.62766370806295
MAE: 2.638724583166617
EVS: 0.6602694364362292
