Model: GRU
MSE: 15.17726311312256
MAE: 3.014998100422047
EVS: 0.5944564288005378
