Model: GRU
MSE: 15.883844734017297
MAE: 3.36529928666574
EVS: 0.6223125471452295
