Model: GRU
MSE: 17.227175440083414
MAE: 3.3867446934735335
EVS: 0.5878984541900678
