Model: GRU
MSE: 15.455014718456344
MAE: 3.0319432329248497
EVS: 0.5795264141466611
