Model: GRU
MSE: 24.820930551451013
MAE: 4.2506290188542115
EVS: 0.4156949645046498
