Model: GRU
MSE: 17.39696648254979
MAE: 3.1730718965883606
EVS: 0.4979635521067951
