Model: GRU
MSE: 14.437118457527857
MAE: 3.3047366318879305
EVS: 0.6150392931414677
