Model: GRU
MSE: 17.69557476812178
MAE: 3.1303801706859042
EVS: 0.5029306793241692
