Model: GRU
MSE: 14.888446921293802
MAE: 3.140670970634178
EVS: 0.5652148686843398
