Model: GRU
MSE: 27.68188983436656
MAE: 4.483542036127161
EVS: 0.4406341279018502
