Model: GRU
MSE: 1309.1815635848584
MAE: 35.730240715874565
EVS: 0.04948153200371075
