Model: GRU
MSE: 13.95624615300036
MAE: 3.0906619672422058
EVS: 0.6104796423962455
