Model: GRU
MSE: 16.409399334760852
MAE: 3.546653394345884
EVS: 0.6043488385406962
