Model: GRU
MSE: 12.639789759818157
MAE: 2.771616317607738
EVS: 0.6310540162700895
