Model: GRU
MSE: 9.583353162165478
MAE: 2.2513345612419977
EVS: 0.7244788746580628
