Model: GRU
MSE: 14.84503434756666
MAE: 3.0527772903442383
EVS: 0.6471455417670173
