Model: GRU
MSE: 13.561891492482102
MAE: 2.9418195441917137
EVS: 0.6151283013650444
