Model: GRU
MSE: 18.22804067360687
MAE: 3.5383488557956837
EVS: 0.5629073875268689
