Model: GRU
MSE: 15.857109716901514
MAE: 3.358440946649622
EVS: 0.6165395572899806
