Model: GRU
MSE: 12.870136661137511
MAE: 2.657049620593036
EVS: 0.6333724989653378
