Model: GRU
MSE: 13.080931589060322
MAE: 2.8671813717594854
EVS: 0.6570584126182862
