Model: GRU
MSE: 14.874536695710141
MAE: 3.04566999717995
EVS: 0.5734778102279048
