Model: GRU
MSE: 13.701695413630441
MAE: 2.8804800598709672
EVS: 0.6136462007525316
