Model: GRU
MSE: 24.55277043954473
MAE: 4.241388409226029
EVS: 0.5392914045207711
