Model: GRU
MSE: 14.120198792146775
MAE: 2.81424492376822
EVS: 0.5877079510920179
