Model: GRU
MSE: 1174.5007341146713
MAE: 33.772168477376304
EVS: 0.008286210087044
