Model: GRU
MSE: 20.494288112058182
MAE: 3.940199339831317
EVS: 0.580409410996791
