Model: GRU
MSE: 1383.2573137609984
MAE: 36.784383138020836
EVS: 0.14230275748934607
