Model: GRU
MSE: 15.414587675531752
MAE: 3.0401477725417525
EVS: 0.5754377221890594
