Model: GRU
MSE: 15.253013804091507
MAE: 3.373453219731649
EVS: 0.6222821799779308
