Model: GRU
MSE: 10.952445403790401
MAE: 2.5480559402041965
EVS: 0.6807714184900315
