Model: GRU
MSE: 20.681391031294744
MAE: 3.7806570176725036
EVS: 0.5014929111030209
