Model: GRU
MSE: 14.498756262903937
MAE: 3.001648196467647
EVS: 0.5969326304505974
