Model: GRU
MSE: 18.90910091860607
MAE: 3.584213203854031
EVS: 0.5868827299520213
