Model: GRU
MSE: 1678.6207781931346
MAE: 40.55115056920935
EVS: 0.0
