Model: GRU
MSE: 15.743457022139587
MAE: 3.1944016527246544
EVS: 0.6056641075637299
