Model: GRU
MSE: 17.268268042179518
MAE: 3.565718986369945
EVS: 0.6269934508509808
