Model: GRU
MSE: 12.853620753111013
MAE: 2.77242527184663
EVS: 0.6409894271637462
