Model: GRU
MSE: 15.86656259208894
MAE: 3.0763926329436124
EVS: 0.5365590655625843
