Model: GRU
MSE: 14.385599141429001
MAE: 3.145406157882125
EVS: 0.5905876044927517
