Model: GRU
MSE: 12.757272891908267
MAE: 2.827214514767682
EVS: 0.6468441870561765
