Model: GRU
MSE: 17.10505026687284
MAE: 3.3697824124936706
EVS: 0.5493168633173595
