Model: GRU
MSE: 16.6217991143869
MAE: 3.411069711049398
EVS: 0.5572343835653533
