Model: GRU
MSE: 28.01196172440286
MAE: 4.56496939835725
EVS: 0.6217897142661815
