Model: GRU
MSE: 13.45857921646516
MAE: 2.9854135160092956
EVS: 0.6295921795802379
