Model: GRU
MSE: 13.200716873649357
MAE: 2.489291508992513
EVS: 0.6272974275208005
