Model: GRU
MSE: 13.659681787834442
MAE: 2.937247320457741
EVS: 0.6144724724413917
