Model: GRU
MSE: 30.641333734650576
MAE: 4.443509428589432
EVS: 0.4649466075028429
