Model: GRU
MSE: 13.970035267622187
MAE: 3.1090071113021285
EVS: 0.609584212605448
