Model: GRU
MSE: 14.147095089308769
MAE: 3.2081903175071433
EVS: 0.6071522731942013
