Model: GRU
MSE: 16.332073321156102
MAE: 3.0690412388907538
EVS: 0.57229197046552
