Model: GRU
MSE: 31.632045979200324
MAE: 5.074113324836448
EVS: 0.34371271172128437
