Model: GRU
MSE: 23.088719059579095
MAE: 4.118040491033484
EVS: 0.48309979384642543
