Model: GRU
MSE: 13.452533398746452
MAE: 2.982000262648971
EVS: 0.6206228490150622
