Model: GRU
MSE: 1682.0977902119366
MAE: 40.69123826203523
EVS: 0.2309438922459136
