Model: GRU
MSE: 14.15349556424869
MAE: 3.0939524085433394
EVS: 0.5894613318129928
