Model: GRU
MSE: 12.24717121270455
MAE: 2.8424865581371166
EVS: 0.6502913952526814
