Model: GRU
MSE: 16.926427328523175
MAE: 3.0138882089544228
EVS: 0.5685594777563938
