Model: GRU
MSE: 18.2349869157438
MAE: 3.2491224253619158
EVS: 0.46720311797236125
