Model: GRU
MSE: 12.545221408605062
MAE: 2.7363280720180936
EVS: 0.6649765162464468
