Model: GRU
MSE: 22.11362161714848
MAE: 3.910838798240379
EVS: 0.5463944559461622
