Model: GRU
MSE: 16.505857119752086
MAE: 3.295608502847177
EVS: 0.5615188482853257
