Model: GRU
MSE: 10.614462034788742
MAE: 2.6456519144552724
EVS: 0.6929932278326117
