Model: GRU
MSE: 15.141046931149546
MAE: 3.1110071429499873
EVS: 0.5706451000586829
