Model: GRU
MSE: 14.312257250328381
MAE: 3.132024606068929
EVS: 0.6072881252892361
