Model: GRU
MSE: 15.0996362309415
MAE: 3.2685377067989774
EVS: 0.5972615420213178
