Model: GRU
MSE: 13.96554686093714
MAE: 3.0922150346967907
EVS: 0.6280447725891203
