Model: GRU
MSE: 18.69619232809653
MAE: 3.0338150218681053
EVS: 0.5407208571995912
