Model: GRU
MSE: 15.477573055119903
MAE: 3.249695301055908
EVS: 0.6410334531085489
