Model: GRU
MSE: 16.00681639474345
MAE: 3.4948628125367343
EVS: 0.572265932832656
