Model: GRU
MSE: 21.705471560700843
MAE: 3.591336303287082
EVS: 0.43437970380321833
