Model: GRU
MSE: 18.550227160831835
MAE: 3.6179984410603843
EVS: 0.5303337227465152
