Model: GRU
MSE: 15.735162477230949
MAE: 2.888827818411368
EVS: 0.5446154608153366
