Model: GRU
MSE: 12.569381058643053
MAE: 2.867673909222638
EVS: 0.6424242942877513
