Model: GRU
MSE: 14.151389503927392
MAE: 2.8519778781467013
EVS: 0.6057698492212854
