Model: GRU
MSE: 17.996207026566477
MAE: 3.471959696875678
EVS: 0.6081728890758404
