Model: GRU
MSE: 14.390575120132599
MAE: 2.9424009323120117
EVS: 0.5955824040995249
