Model: GRU
MSE: 13.181928339980695
MAE: 3.0919712207935475
EVS: 0.6289489100903666
