Model: GRU
MSE: 16.817235863267886
MAE: 3.213805984567713
EVS: 0.6451638689191806
