Model: GRU
MSE: 15.60182898446137
MAE: 3.0493287157129356
EVS: 0.5999828919272028
