Model: GRU
MSE: 11.312588136724402
MAE: 2.56559149424235
EVS: 0.6848450003985374
