Model: GRU
MSE: 21.51228851004641
MAE: 3.9462745680853173
EVS: 0.4846747422143246
