Model: GRU
MSE: 15.08738457062142
MAE: 3.214959630259761
EVS: 0.596126900149454
