Model: GRU
MSE: 14.564912677262143
MAE: 3.0749570352059825
EVS: 0.6209030214291806
