Model: GRU
MSE: 15.230598793975581
MAE: 3.24725161658393
EVS: 0.5744680630040131
