Model: GRU
MSE: 11.374460770733238
MAE: 2.6817821043509023
EVS: 0.6686563808408378
