Model: GRU
MSE: 31.25987255942428
MAE: 4.704447710955584
EVS: 0.3938052704855526
