Model: GRU
MSE: 11.801963458029219
MAE: 2.611960207974469
EVS: 0.6601329451508569
