Model: GRU
MSE: 445.3607191000642
MAE: 20.215334486078333
EVS: -0.0497099675137509
