Model: GRU
MSE: 12.853550370427966
MAE: 2.674993726942274
EVS: 0.6532411740528623
