Model: GRU
MSE: 9552.899824582206
MAE: 97.4600346883138
EVS: -0.5571181193238048
