Model: GRU
MSE: 11.418267203419191
MAE: 2.795785003238254
EVS: 0.7074848007264007
