Model: GRU
MSE: 12.972294785025438
MAE: 2.968756587417037
EVS: 0.6814904608535697
