Model: GRU
MSE: 11.903768862419822
MAE: 2.6597071047182435
EVS: 0.6766326620173632
