Model: GRU
MSE: 15.498916131157282
MAE: 3.3795438784140126
EVS: 0.5925946587416844
