Model: GRU
MSE: 15.08259345950755
MAE: 3.2664719687567816
EVS: 0.633331246600197
