Model: GRU
MSE: 15.618783517024356
MAE: 2.8680469724867077
EVS: 0.5442904833069035
