Model: GRU
MSE: 220.6849947697757
MAE: 13.56979752138809
EVS: -0.03906923201109991
