Model: GRU
MSE: 15.613165067558443
MAE: 3.16628125861839
EVS: 0.5802564707438003
