Model: GRU
MSE: 11.510854342372147
MAE: 2.6454729857268156
EVS: 0.6648139079313192
