Model: GRU
MSE: 18.34846631235126
MAE: 3.2392806477016873
EVS: 0.5459548426412097
