Model: GRU
MSE: 16.48922097034287
MAE: 3.283170470484981
EVS: 0.6208981072458137
