Model: GRU
MSE: 16.50797244559889
MAE: 3.453815159974275
EVS: 0.6052863535339228
