Model: GRU
MSE: 24.145638853948917
MAE: 4.140827046500312
EVS: 0.44880927227599476
