Model: GRU
MSE: 14.55981050263055
MAE: 3.0623231993781195
EVS: 0.5748506527414075
