Model: GRU
MSE: 18.807244986242047
MAE: 3.5121189223395453
EVS: 0.5143099802165769
