Model: GRU
MSE: 17.045100311339983
MAE: 3.307111766603258
EVS: 0.6202128597905061
