Model: GRU
MSE: 21.514714476187642
MAE: 3.836727168824938
EVS: 0.542924053249469
