Model: GRU
MSE: 17.742305183899077
MAE: 3.503940555784437
EVS: 0.6293439052344454
