Model: GRU
MSE: 16.078733745474874
MAE: 3.292775613290292
EVS: 0.6228196235301866
