Model: GRU
MSE: 11.657890450142506
MAE: 2.783266226450602
EVS: 0.6782381238528159
