Model: GRU
MSE: 221.057565896706
MAE: 13.649040001410025
EVS: 0.005768676601052403
