Model: GRU
MSE: 22.68734335596848
MAE: 3.703514823207149
EVS: 0.5603288710580498
