Model: GRU
MSE: 16.619639955739483
MAE: 3.2446618256745516
EVS: 0.5776901333135878
