Model: GRU
MSE: 13.436337486486948
MAE: 2.7682209191498934
EVS: 0.6238069928843217
