Model: GRU
MSE: 20.127023071323713
MAE: 3.818077158044886
EVS: 0.5875171604743089
