Model: GRU
MSE: 13.340018353556893
MAE: 2.9348698721991644
EVS: 0.6369374695689696
