Model: GRU
MSE: 14.799714890387746
MAE: 2.9964772860209146
EVS: 0.5724710283506591
