Model: GRU
MSE: 50.90094824183481
MAE: 5.964082404419228
EVS: 0.022617260025940333
