Model: GRU
MSE: 13.624901189806952
MAE: 2.832510559647172
EVS: 0.6027674266676052
