Model: GRU
MSE: 17.720286276882522
MAE: 3.4507598523740417
EVS: 0.5787469835440404
