Model: GRU
MSE: 16.77800201580023
MAE: 3.249078123657792
EVS: 0.6688090085000161
