Model: GRU
MSE: 16.834855960019855
MAE: 3.3423199123806424
EVS: 0.5909717131551235
