Model: GRU
MSE: 17.785467126523624
MAE: 3.516551212028221
EVS: 0.5745859223132662
