Model: GRU
MSE: 17.38979628242721
MAE: 3.5092963819150573
EVS: 0.6112338048066379
