Model: GRU
MSE: 14.958870723099247
MAE: 3.439242477770205
EVS: 0.6242526044960655
