Model: GRU
MSE: 887.3634001981229
MAE: 28.931498456884313
EVS: -0.4706164403239188
