Model: GRU
MSE: 15.148994764787917
MAE: 3.133308004449915
EVS: 0.624382202728964
