Model: GRU
MSE: 14.291844757792424
MAE: 2.862532368412724
EVS: 0.5970983587856731
