Model: GRU
MSE: 13.212735595961854
MAE: 3.060640635313811
EVS: 0.6506573673170318
