Model: GRU
MSE: 13.023144958686654
MAE: 2.818507159197772
EVS: 0.6321286992774865
