Model: GRU
MSE: 17.459425128625814
MAE: 3.4946378160406044
EVS: 0.6255240984916118
