Model: GRU
MSE: 16.863612201958865
MAE: 3.1358691409782127
EVS: 0.6018152092871334
