Model: GRU
MSE: 22.033939011362868
MAE: 3.8457400975403964
EVS: 0.6086705868008443
