Model: GRU
MSE: 14.163958900375757
MAE: 3.0032565417113126
EVS: 0.6305848893586499
