Model: GRU
MSE: 20.368644116352968
MAE: 3.698044459025065
EVS: 0.5587086248765936
