Model: GRU
MSE: 232.3550423935108
MAE: 14.051301201184591
EVS: -0.02019026831404247
