Model: GRU
MSE: 12.332385649485115
MAE: 2.706393656907258
EVS: 0.6452120946337947
