Model: GRU
MSE: 18.78083447251487
MAE: 3.694564121740836
EVS: 0.5279927432745575
