Model: GRU
MSE: 17.83303737782859
MAE: 3.5340346142097756
EVS: 0.6877631575490122
