Model: GRU
MSE: 17.394113472938916
MAE: 3.5079726113213434
EVS: 0.5820061515666872
