Model: GRU
MSE: 21.20656300683802
MAE: 3.693573315938314
EVS: 0.3994286799794897
