Model: GRU
MSE: 1048.7930123038584
MAE: 31.8131709628635
EVS: -0.05011596501046656
