Model: GRU
MSE: 14.30346534642501
MAE: 2.972341502154315
EVS: 0.5831646048360216
