Model: GRU
MSE: 17.937106115448177
MAE: 3.550777037938436
EVS: 0.5372965271451355
