Model: GRU
MSE: 12.061576293811779
MAE: 2.9693072813528554
EVS: 0.7042769583390325
