Model: GRU
MSE: 19.510710214241062
MAE: 3.6612890826331244
EVS: 0.5765781308329947
