Model: GRU
MSE: 21.822497789476742
MAE: 3.9065456125471325
EVS: 0.5818564455118633
