Model: GRU
MSE: 14.371556822439322
MAE: 3.0179493868792497
EVS: 0.6090433689908127
