Model: GRU
MSE: 14.6988699852385
MAE: 2.9395333484367088
EVS: 0.6528479075048048
