Model: GRU
MSE: 24.902701610547528
MAE: 4.306703426219799
EVS: 0.3811969732861843
