Model: GRU
MSE: 15.153894863013788
MAE: 3.3564191306078874
EVS: 0.666103101757239
