Model: GRU
MSE: 12.98941511051926
MAE: 2.907779199105722
EVS: 0.6346800588279027
