Model: GRU
MSE: 18.347041219815033
MAE: 3.5703748950251826
EVS: 0.620426036691409
