Model: GRU
MSE: 15.360684292189335
MAE: 3.1192887005982577
EVS: 0.6312047786632367
