Model: GRU
MSE: 11.989992346800282
MAE: 2.8609402356324374
EVS: 0.7410458484964351
