Model: GRU
MSE: 13.165497734200935
MAE: 2.9079461097717285
EVS: 0.6170751454043608
