Model: GRU
MSE: 828.6464921579266
MAE: 28.13495854978208
EVS: -0.08314497311497626
