Model: GRU
MSE: 11.308269146581088
MAE: 2.6456444175155074
EVS: 0.6807214892280525
