Model: GRU
MSE: 12.76875413999293
MAE: 2.8131348292032876
EVS: 0.6269179800403715
