Model: GRU
MSE: 17.589647308160128
MAE: 3.672240725270024
EVS: 0.6502196771873215
