Model: GRU
MSE: 17.065737253653406
MAE: 3.5027354337550975
EVS: 0.6096768479225851
