Model: GRU
MSE: 11.903868499893795
MAE: 2.5700912917101824
EVS: 0.701453971674841
