Model: GRU
MSE: 21.70941780182645
MAE: 4.204930402614452
EVS: 0.5364399114756058
