Model: GRU
MSE: 13.24443715962984
MAE: 2.9958192507425943
EVS: 0.6349896798669489
