Model: GRU
MSE: 28.025652924669725
MAE: 3.9276335580008372
EVS: 0.3659005208182615
