Model: GRU
MSE: 20.008768133059
MAE: 3.6809524606775352
EVS: 0.5996415490433735
