Model: GRU
MSE: 16.86311510634514
MAE: 3.376622712170636
EVS: 0.5806933773197163
