Model: GRU
MSE: 23.825078099974885
MAE: 4.150485444951941
EVS: 0.45252515220035416
