Model: GRU
MSE: 20.852026544492414
MAE: 3.5638034167113126
EVS: 0.5288290018681976
