Model: GRU
MSE: 17.4106585448065
MAE: 3.390373124016656
EVS: 0.5574253238514779
