Model: GRU
MSE: 23.176443884535797
MAE: 3.9910191341682717
EVS: 0.3271346606371568
