Model: GRU
MSE: 22.32731311673446
MAE: 3.991644276512994
EVS: 0.6435414471336705
