Model: GRU
MSE: 11.878496129572216
MAE: 2.915394632904618
EVS: 0.6818744384061985
