Model: GRU
MSE: 15.163284817564183
MAE: 3.098031202952067
EVS: 0.601707019891663
