Model: GRU
MSE: 37.8460572517917
MAE: 5.27300555617721
EVS: 0.44069153386506166
