Model: GRU
MSE: 15.201483420508286
MAE: 3.0322985030986644
EVS: 0.6011484061920023
