Model: GRU
MSE: 12.95182387835918
MAE: 3.1287536797700106
EVS: 0.6341180571243334
