Model: GRU
MSE: 12.424321127113048
MAE: 2.6291127381501376
EVS: 0.6409328783877876
