Model: GRU
MSE: 16.71564043366584
MAE: 3.439958448763247
EVS: 0.6055151908129234
