Model: GRU
MSE: 20.720893768456246
MAE: 3.697017369446931
EVS: 0.5643245987094656
