Model: GRU
MSE: 18.543218300645677
MAE: 3.3908511797587075
EVS: 0.45863271286324725
