Model: GRU
MSE: 14.253934446277034
MAE: 2.9189934730529785
EVS: 0.6030112706069839
