Model: GRU
MSE: 18.9180096803169
MAE: 3.6393918461269803
EVS: 0.5697109117981152
