Model: GRU
MSE: 15.890800913400824
MAE: 3.0737882455190024
EVS: 0.5997407268605598
