Model: GRU
MSE: 14.67971574012371
MAE: 2.98400228994864
EVS: 0.5716205530348943
