Model: GRU
MSE: 21.926278074019002
MAE: 3.980107660646792
EVS: 0.45524447292125236
