Model: GRU
MSE: 17.00802151307241
MAE: 3.4774310323927136
EVS: 0.6083537693719162
