Model: GRU
MSE: 13.561184146786676
MAE: 2.966683440738254
EVS: 0.6372203050602372
