Model: GRU
MSE: 19.32249730617277
MAE: 3.5940454182801425
EVS: 0.6130054773318427
