Model: GRU
MSE: 9.905137632228012
MAE: 2.4635719105049416
EVS: 0.71741212487293
