Model: GRU
MSE: 21.363756421425713
MAE: 3.222899488040379
EVS: 0.41449080939590643
