Model: GRU
MSE: 220.01726854843093
MAE: 13.640508307351006
EVS: 0.007922989412288306
