Model: GRU
MSE: 19.462502367217567
MAE: 3.737603946968361
EVS: 0.608410398180924
