Model: GRU
MSE: 11.671130846393032
MAE: 2.703649432570846
EVS: 0.6642833250724898
