Model: GRU
MSE: 14.014515134793019
MAE: 3.1383835033134178
EVS: 0.6766982127410606
