Model: GRU
MSE: 21.392167635090075
MAE: 4.054910898208618
EVS: 0.5119302321814149
