Model: GRU
MSE: 20.00002825861026
MAE: 3.9215951319094056
EVS: 0.5608043310836919
