Model: GRU
MSE: 15.233652479472205
MAE: 3.241536272896661
EVS: 0.5879851362919641
