Model: GRU
MSE: 12.607219657637124
MAE: 2.7712103172584817
EVS: 0.6481376605637115
