Model: GRU
MSE: 15.406502871425893
MAE: 3.071897595017045
EVS: 0.576177226298564
