Model: GRU
MSE: 27.61812434457243
MAE: 4.376224959338153
EVS: 0.41252512025864163
