Model: GRU
MSE: 22.26238918904964
MAE: 3.706444952223036
EVS: 0.37711785040658885
