Model: GRU
MSE: 14.711531477031572
MAE: 3.1305703498699047
EVS: 0.6166858723475922
