Model: GRU
MSE: 17.155148087734215
MAE: 3.5196746896814415
EVS: 0.5270641536206199
