Model: GRU
MSE: 20.292396407365416
MAE: 3.4222323099772134
EVS: 0.5348592121582532
