Model: GRU
MSE: 23.83281204492046
MAE: 4.104204186686763
EVS: 0.5383496404583635
