Model: GRU
MSE: 15.484693718847009
MAE: 2.9887446297539606
EVS: 0.5517620444827698
