Model: GRU
MSE: 15.063425511627429
MAE: 3.2354104077374495
EVS: 0.5879176880154464
