Model: GRU
MSE: 13.90920737583788
MAE: 2.9701455963982477
EVS: 0.5950385512582717
