Model: GRU
MSE: 14.535817361538285
MAE: 2.986077149709066
EVS: 0.614849011929254
