Model: GRU
MSE: 12.56725336627447
MAE: 2.749578003530149
EVS: 0.6442273544028687
