Model: GRU
MSE: 41.10614918330369
MAE: 5.374023578785084
EVS: 0.32577420704910787
