Model: GRU
MSE: 14.14971490650966
MAE: 2.898744070971454
EVS: 0.5868955157929352
