Model: GRU
MSE: 22.646149172562943
MAE: 4.038747187013979
EVS: 0.5681726379974145
