Model: GRU
MSE: 21.226326820077592
MAE: 3.7364532859237105
EVS: 0.6222912092815552
