Model: GRU
MSE: 13.632428598153524
MAE: 2.833849447744864
EVS: 0.6029775859748387
