Model: GRU
MSE: 12.6223232503551
MAE: 2.92964145872328
EVS: 0.6468929496957133
