Model: GRU
MSE: 22.96713150995852
MAE: 4.172955177448414
EVS: 0.4615939363356243
