Model: GRU
MSE: 20.34711369301563
MAE: 3.658065884201615
EVS: 0.5909813351309969
