Model: GRU
MSE: 15.935082217029617
MAE: 3.156055547572948
EVS: 0.5859415137074022
