Model: GRU
MSE: 15.144167389188292
MAE: 3.2941907246907554
EVS: 0.5832726999200504
