Model: GRU
MSE: 13.979923716083217
MAE: 2.9354976106573036
EVS: 0.5915362912320286
