Model: GRU
MSE: 18.233638788373145
MAE: 3.577568221975256
EVS: 0.661965687315615
