Model: GRU
MSE: 13.485341988259531
MAE: 2.9724470421119973
EVS: 0.6279999492066757
