Model: GRU
MSE: 17.83725329012611
MAE: 3.4681415911074036
EVS: 0.5558918288977212
