Model: GRU
MSE: 11.870329550514658
MAE: 2.7973139727557146
EVS: 0.660790882564293
