Model: GRU
MSE: 14.618962507333807
MAE: 2.9810619707460755
EVS: 0.6915183096123728
