Model: GRU
MSE: 15.201971054581826
MAE: 2.857045261948197
EVS: 0.6047809947826848
