Model: GRU
MSE: 14.106866979884112
MAE: 3.1093673838509455
EVS: 0.6278429725731345
