Model: GRU
MSE: 14.81563486225075
MAE: 3.1185183878298157
EVS: 0.6237566349118342
