Model: GRU
MSE: 12.445907930969211
MAE: 2.9093683030870228
EVS: 0.646334088726161
