Model: GRU
MSE: 17.80969951269745
MAE: 3.231965594821506
EVS: 0.5386090450339687
