Model: GRU
MSE: 12.868568721065317
MAE: 2.8895013332366943
EVS: 0.6270407678401092
