Model: GRU
MSE: 230.42883782316636
MAE: 13.928681530334332
EVS: -0.04169285332798878
