Model: GRU
MSE: 13.661730923864665
MAE: 2.7431134206277354
EVS: 0.612010151051408
