Model: GRU
MSE: 17.397962403271485
MAE: 3.227228809286047
EVS: 0.5368527034310825
