Model: GRU
MSE: 15.934558005581342
MAE: 3.194915771484375
EVS: 0.5853225902835777
