Model: GRU
MSE: 13.832890788812241
MAE: 3.1087624761793347
EVS: 0.659265665285218
