Model: GRU
MSE: 25.706228902297603
MAE: 4.360085911220974
EVS: 0.5142890659152619
