Model: GRU
MSE: 12.70602817186426
MAE: 2.8955667637012623
EVS: 0.6374199066043407
