Model: GRU
MSE: 13.489111046190908
MAE: 2.9162980715433755
EVS: 0.6637397600907884
