Model: GRU
MSE: 14.43953540647207
MAE: 3.2298215760125055
EVS: 0.6390447663315445
