Model: GRU
MSE: 17.04642080350776
MAE: 3.084084802203708
EVS: 0.5158032757900952
