Model: GRU
MSE: 12.924065509078767
MAE: 2.7219056288401284
EVS: 0.6340792028247719
