Model: GRU
MSE: 12.529919353447415
MAE: 2.975372650005199
EVS: 0.643756970537008
