Model: GRU
MSE: 15.065755733620383
MAE: 3.154391615479081
EVS: 0.5925914441503211
