Model: GRU
MSE: 20.08403007880855
MAE: 3.6017664980005333
EVS: 0.6114819343946709
