Model: GRU
MSE: 12.460696272023833
MAE: 2.878529018825955
EVS: 0.6938111141765525
