Model: GRU
MSE: 17.04643198149602
MAE: 3.3672488883689597
EVS: 0.5531582147396046
