Model: GRU
MSE: 13.360458674973685
MAE: 3.027331988016764
EVS: 0.6308728921708622
