Model: GRU
MSE: 14.704910982822883
MAE: 3.084051220505326
EVS: 0.5921400239562435
