Model: GRU
MSE: 14.518453499683027
MAE: 2.905244085523817
EVS: 0.5906310779139148
