Model: GRU
MSE: 17.83279126443285
MAE: 3.694762530150237
EVS: 0.5489214189453417
