Model: GRU
MSE: 11.64786437490011
MAE: 2.685639840585214
EVS: 0.7175569330222864
