Model: GRU
MSE: 13.282074545406417
MAE: 2.8310503518139876
EVS: 0.6377136364972196
