Model: GRU
MSE: 23.701946399477787
MAE: 4.088537587059869
EVS: 0.5685722597984728
