Model: GRU
MSE: 18.564691740854897
MAE: 3.855954470457854
EVS: 0.6594803047524193
