Model: GRU
MSE: 14.782333572858317
MAE: 3.066330353418986
EVS: 0.7181638919535294
