Model: GRU
MSE: 15.915742878178678
MAE: 3.29970211452908
EVS: 0.5742453279733291
