Model: GRU
MSE: 20.003613583310887
MAE: 3.4768709341684976
EVS: 0.5432431967949473
