Model: GRU
MSE: 12.442751386555605
MAE: 2.6861566261008933
EVS: 0.6468103035592171
