Model: GRU
MSE: 22.57472260846473
MAE: 3.6493119840268737
EVS: 0.4144701965370394
