Model: GRU
MSE: 12.044701419971911
MAE: 2.9231088161468506
EVS: 0.6726103556391843
