Model: GRU
MSE: 12.880133554248117
MAE: 2.695610796963727
EVS: 0.623689381210178
