Model: GRU
MSE: 17.40195056771066
MAE: 3.272528224521213
EVS: 0.5491350306779105
