Model: GRU
MSE: 19.179864909243936
MAE: 3.4149120207186097
EVS: 0.5701748015950112
