Model: GRU
MSE: 950.1967003832249
MAE: 30.363421334160698
EVS: 0.17430610420929182
