Model: GRU
MSE: 11.764503421767804
MAE: 2.673944120053892
EVS: 0.6763257409928449
