Model: GRU
MSE: 14.166217888354364
MAE: 2.8348339045489275
EVS: 0.6093543304405191
