Model: GRU
MSE: 11.778020593250199
MAE: 2.8326375307860197
EVS: 0.740524770505248
