Model: GRU
MSE: 15.881827039468565
MAE: 3.3508973474855774
EVS: 0.6397744010594704
