Model: GRU
MSE: 17.041814102538883
MAE: 3.4719911504674843
EVS: 0.5718742429652237
