Model: GRU
MSE: 16.447084333192876
MAE: 3.1521243254343667
EVS: 0.5948682316695808
