Model: GRU
MSE: 11.833302614416334
MAE: 2.9275569121042886
EVS: 0.731086656550326
