Model: GRU
MSE: 15.205363441756399
MAE: 3.188027770430953
EVS: 0.5833378772246196
