Model: GRU
MSE: 1344.8464434985228
MAE: 36.21177609761556
EVS: 0.019612886029551913
