Model: GRU
MSE: 16.588539240135805
MAE: 3.430700240311799
EVS: 0.5859084241748151
