Model: GRU
MSE: 11.709339911639567
MAE: 2.7534914546542697
EVS: 0.6591568152570703
