Model: GRU
MSE: 19.900582221362104
MAE: 3.48966466055976
EVS: 0.4785207095035221
