Model: GRU
MSE: 12.763152003940343
MAE: 2.9155730494746455
EVS: 0.6277306156361298
