Model: GRU
MSE: 13.455755319447867
MAE: 2.9905899365743003
EVS: 0.6152021254264046
