Model: GRU
MSE: 12.37814610642192
MAE: 2.6291201732776783
EVS: 0.6476596654187994
