Model: GRU
MSE: 13.143885370909251
MAE: 2.8758479754130044
EVS: 0.6379348085062656
