Model: GRU
MSE: 15.967311787277485
MAE: 3.228183799319797
EVS: 0.536072609403544
