Model: GRU
MSE: 20.144626382597266
MAE: 3.5208921432495117
EVS: 0.44926804770448303
