Model: GRU
MSE: 25.848203388377588
MAE: 4.334465680298982
EVS: 0.5449917708124308
