Model: GRU
MSE: 11.87135237663636
MAE: 2.872467376567699
EVS: 0.6796405546200653
