Model: GRU
MSE: 18.59628383049904
MAE: 3.6118036729318126
EVS: 0.595013908815047
