Model: GRU
MSE: 15.077143064436633
MAE: 3.163230366177029
EVS: 0.6424287344131558
