Model: GRU
MSE: 11.609810843927354
MAE: 2.8380453763184725
EVS: 0.6850901316076136
