Model: GRU
MSE: 14.549376909782891
MAE: 3.248466968536377
EVS: 0.5960355052015184
