Model: GRU
MSE: 1013.669623257157
MAE: 31.325863520304363
EVS: 0.05449436408564401
