Model: GRU
MSE: 14.419934613482303
MAE: 3.0231229111000344
EVS: 0.6838041489668516
