Model: GRU
MSE: 15.911043741456693
MAE: 3.111411589163321
EVS: 0.5394623719392373
