Model: GRU
MSE: 14.007641135065477
MAE: 2.9633773344534413
EVS: 0.5933445806108826
