Model: GRU
MSE: 669.6720162559754
MAE: 25.1439722555655
EVS: -0.06485961059602197
