Model: GRU
MSE: 19.871973639316852
MAE: 3.8246514443997985
EVS: 0.5368110201786223
