Model: GRU
MSE: 15.117676427316523
MAE: 3.2321120809625694
EVS: 0.6276538404383528
