Model: GRU
MSE: 11.897991178723831
MAE: 2.687472767300076
EVS: 0.6536133521496237
