Model: GRU
MSE: 16.40488436629198
MAE: 3.0001273155212402
EVS: 0.5568057241813738
