Model: GRU
MSE: 21.5721707102058
MAE: 3.6564966837565103
EVS: 0.40885309625714494
