Model: GRU
MSE: 12.672533094667937
MAE: 2.767957263522678
EVS: 0.6413739070280406
