Model: GRU
MSE: 11.251110360592007
MAE: 2.7420498353463634
EVS: 0.6890426882402831
