Model: GRU
MSE: 13.0388095655223
MAE: 2.9447656914039895
EVS: 0.6681689637604715
