Model: GRU
MSE: 13.658750305223403
MAE: 3.0745579225045665
EVS: 0.6176346800902632
