Model: GRU
MSE: 13.764054499434383
MAE: 2.7136907047695584
EVS: 0.5979938106032521
