Model: GRU
MSE: 30.092287634619087
MAE: 4.693322746841996
EVS: 0.3950134599031787
