Model: GRU
MSE: 15.09991581325472
MAE: 3.1810086921409324
EVS: 0.5748676341151855
