Model: GRU
MSE: 16.926058473761277
MAE: 3.245217932595147
EVS: 0.5721396980818079
