Model: GRU
MSE: 11.816820456701828
MAE: 2.7563608840659812
EVS: 0.7196705381284157
