Model: GRU
MSE: 13.121661661404369
MAE: 2.8803837299346924
EVS: 0.6754242304028523
