Model: GRU
MSE: 13.052530247082235
MAE: 2.668879782712018
EVS: 0.6220608832051749
