Model: GRU
MSE: 16.469867344085753
MAE: 3.279996951421102
EVS: 0.5328376523206363
