Model: GRU
MSE: 12.993191276999378
MAE: 2.9425639929594816
EVS: 0.6285057045944215
