Model: GRU
MSE: 12.701008131725912
MAE: 2.7956392765045166
EVS: 0.6296276555141086
