Model: GRU
MSE: 18.273653231006566
MAE: 3.5502526318585432
EVS: 0.6303986337711024
