Model: GRU
MSE: 19.05171975445551
MAE: 3.644059340159098
EVS: 0.6837961737145791
