Model: GRU
MSE: 29.716981530283935
MAE: 4.604256091294466
EVS: 0.33597152578456935
