Model: GRU
MSE: 17.212814973733284
MAE: 3.4518285769003407
EVS: 0.6279641468151446
