Model: GRU
MSE: 15.908093234530805
MAE: 3.2242736374890364
EVS: 0.596315078242836
