Model: GRU
MSE: 19.897692714763
MAE: 3.586364366390087
EVS: 0.5732608686531918
