Model: GRU
MSE: 14.217018164102775
MAE: 3.089359689641882
EVS: 0.6035067713529315
