Model: GRU
MSE: 13.758733700120569
MAE: 2.9114456883183233
EVS: 0.5984610678154684
