Model: GRU
MSE: 15.384212581495806
MAE: 3.0047612896672002
EVS: 0.5605401924739288
