Model: GRU
MSE: 16.37771150521757
MAE: 3.2578708595699735
EVS: 0.6015113159872219
