Model: GRU
MSE: 16.598439475745014
MAE: 3.3018867704603405
EVS: 0.5534454566832777
