Model: GRU
MSE: 16.461979757947923
MAE: 3.445284750726488
EVS: 0.6665165458973004
