Model: GRU
MSE: 16.995204985351492
MAE: 3.149187441225405
EVS: 0.5286947433537922
