Model: GRU
MSE: 13.325932015105495
MAE: 2.961615730215002
EVS: 0.6759168699411378
