Model: GRU
MSE: 17.6187472764858
MAE: 3.335276515395553
EVS: 0.5553712730249367
