Model: GRU
MSE: 14.587682110382358
MAE: 3.2776951789855957
EVS: 0.612428929686115
