Model: GRU
MSE: 14.999996527543006
MAE: 3.234143274801749
EVS: 0.5933945272979247
