Model: GRU
MSE: 17.016750376175136
MAE: 3.1571271143577717
EVS: 0.5079830081827577
