Model: GRU
MSE: 17.811421029766617
MAE: 3.301912307739258
EVS: 0.5896439612133237
