Model: GRU
MSE: 14.944420456840076
MAE: 3.3956463778460466
EVS: 0.6126149165836565
