Model: GRU
MSE: 533.5855968166298
MAE: 22.40494805795175
EVS: 0.07658346225426493
