Model: GRU
MSE: 13.325083762680595
MAE: 2.698719439683137
EVS: 0.6538786117431263
