Model: GRU
MSE: 19.720654080786517
MAE: 3.78549031858091
EVS: 0.5892494428601425
