Model: GRU
MSE: 21562.616729971254
MAE: 146.72556615758825
EVS: 0.0
