Model: GRU
MSE: 52.285743327021414
MAE: 6.037284365406743
EVS: -0.03371180052246503
