Model: GRU
MSE: 27.575776918598372
MAE: 4.544267795704029
EVS: 0.5172296877634387
