Model: GRU
MSE: 1666.4380844635975
MAE: 40.394535841765226
EVS: -0.014451231003037135
