Model: GRU
MSE: 13.954546692851071
MAE: 2.8278213960153087
EVS: 0.6206513881134745
