Model: GRU
MSE: 17.35338735704757
MAE: 3.388835801018609
EVS: 0.5983178411683704
