Model: GRU
MSE: 24.463116065478104
MAE: 4.219980151564987
EVS: 0.5196802397092295
