Model: GRU
MSE: 2985.96965823358
MAE: 54.33673067446108
EVS: 0.021493311873459042
