Model: GRU
MSE: 22.15821510698036
MAE: 4.048263284895155
EVS: 0.5680480829900518
