Model: GRU
MSE: 772.5658004490731
MAE: 27.188097989117658
EVS: 0.05113063784868366
