Model: GRU
MSE: 22.14598887666323
MAE: 3.884165136902421
EVS: 0.5586911043462273
