Model: GRU
MSE: 25.227128366395945
MAE: 4.350897577073839
EVS: 0.5220618572297756
