Model: GRU
MSE: 13.651500889311475
MAE: 2.944390155650951
EVS: 0.632814019706759
