Model: GRU
MSE: 18.60805960780462
MAE: 3.4197561829178422
EVS: 0.5114676672888798
