Model: GRU
MSE: 12.71574748696161
MAE: 2.8203585236160844
EVS: 0.6299084586113793
