Model: GRU
MSE: 41.30904876530855
MAE: 5.2492610834262985
EVS: 0.044381534273743806
