Model: GRU
MSE: 15.385854011457763
MAE: 3.034858297418665
EVS: 0.5684957614278574
