Model: GRU
MSE: 24.2749441526133
MAE: 3.8790171852818243
EVS: 0.5348390034230353
