Model: GRU
MSE: 11.434982805026205
MAE: 2.7817594122003624
EVS: 0.6796122205539561
