Model: GRU
MSE: 17.152146485107817
MAE: 3.6859172096958868
EVS: 0.6310740297179269
