Model: GRU
MSE: 928.784530342278
MAE: 29.81082965709545
EVS: -0.1468983775887105
