Model: GRU
MSE: 18.821178271983552
MAE: 3.17439067363739
EVS: 0.48142047101250296
