Model: GRU
MSE: 15.82005456576566
MAE: 3.5428680843777127
EVS: 0.6750979023743235
