Model: GRU
MSE: 21.118458216725585
MAE: 3.8233053419325085
EVS: 0.5234215609906323
