Model: GRU
MSE: 21.390241998260233
MAE: 3.4521549807654486
EVS: 0.5623821022423301
