Model: GRU
MSE: 13.70771828480518
MAE: 3.1040593253241644
EVS: 0.6114059562595727
