Model: GRU
MSE: 16.579054918622028
MAE: 3.411009346997296
EVS: 0.5829353899080747
