Model: GRU
MSE: 48.41532217132544
MAE: 6.1307717870782925
EVS: 0.1442826115856739
