Model: GRU
MSE: 16.491585318611946
MAE: 3.230335323898881
EVS: 0.5238085861852322
