Model: GRU
MSE: 13.006702285565783
MAE: 2.705033019736961
EVS: 0.6263588387910637
