Model: GRU
MSE: 31.092471622957124
MAE: 4.781611389584011
EVS: 0.4697367354316482
