Model: GRU
MSE: 13.371169353855075
MAE: 2.7768558572839805
EVS: 0.6135974145539853
