Model: GRU
MSE: 12.798065092274648
MAE: 3.0270598199632435
EVS: 0.6651525030134477
