Model: GRU
MSE: 15.646226472217453
MAE: 3.271229373084174
EVS: 0.5815151694321398
