Model: GRU
MSE: 15.545508272728776
MAE: 3.3285853597852917
EVS: 0.6738357912360173
