Model: GRU
MSE: 22.966851759395052
MAE: 3.4835327523095265
EVS: 0.43294458985923734
