Model: GRU
MSE: 91.62694140447275
MAE: 7.9356387941925615
EVS: -0.5942592078359161
