Model: GRU
MSE: 13.916183614107227
MAE: 2.9157072526437267
EVS: 0.6588545562594761
