Model: GRU
MSE: 15.612587261223611
MAE: 3.240237765842014
EVS: 0.5860780542182762
