Model: GRU
MSE: 16.084556120703088
MAE: 3.32985727875321
EVS: 0.5928978977474512
