Model: GRU
MSE: 14.721051017156057
MAE: 2.9486670670685946
EVS: 0.5871479661710076
