Model: GRU
MSE: 16.229552889721113
MAE: 3.3426169642695673
EVS: 0.5931425782593469
