Model: GRU
MSE: 13.54821778033883
MAE: 2.955050786336263
EVS: 0.6249886449264781
