Model: GRU
MSE: 12.026451742435988
MAE: 2.8491516643100314
EVS: 0.6605130936446764
