Model: GRU
MSE: 17.869440304206233
MAE: 3.6455649534861245
EVS: 0.6606749765723344
