Model: GRU
MSE: 15.27328872710466
MAE: 3.1550000685232655
EVS: 0.5913368422831328
