Model: GRU
MSE: 33.6605610527833
MAE: 5.194750856470178
EVS: 0.3126018367260932
