Model: GRU
MSE: 22.502387580917734
MAE: 3.6316067289423057
EVS: 0.43053867071410035
