Model: GRU
MSE: 14.642347506521068
MAE: 3.1121335206208407
EVS: 0.5735019049685207
