Model: GRU
MSE: 23.09194715350459
MAE: 3.933525226734303
EVS: 0.44222405689132904
