Model: GRU
MSE: 48.32039299819852
MAE: 5.815603874347828
EVS: 0.10954300989098331
