Model: GRU
MSE: 17.664893343284103
MAE: 3.4676156044006348
EVS: 0.582255671033191
