Model: GRU
MSE: 15.760137187567917
MAE: 3.0547441199973777
EVS: 0.6298063266132321
