Model: GRU
MSE: 13.618516028325315
MAE: 3.0350836471275047
EVS: 0.6222648791943153
