Model: GRU
MSE: 20.450462114545036
MAE: 3.9921618832482233
EVS: 0.6120521256035849
