Model: GRU
MSE: 20.751709936958807
MAE: 4.004938655429417
EVS: 0.564384784124367
