Model: GRU
MSE: 12.778514092339037
MAE: 2.827329723923295
EVS: 0.6275360912840929
