Model: GRU
MSE: 1127.1321693592724
MAE: 32.85676150851779
EVS: -0.3897864190612097
