Model: GRU
MSE: 13.70649456294487
MAE: 2.937792742693866
EVS: 0.6236357473598656
