Model: GRU
MSE: 1451.1860083859415
MAE: 37.53949313693576
EVS: -0.2263697725192404
