Model: GRU
MSE: 15.107575369680726
MAE: 3.0875989772655346
EVS: 0.5631190771724943
