Model: GRU
MSE: 20.725373930339597
MAE: 3.9452804812678584
EVS: 0.5614160584755553
