Model: GRU
MSE: 11.85169965862772
MAE: 2.690467498920582
EVS: 0.6540705493369752
