Model: GRU
MSE: 17.8635905791082
MAE: 3.563786647937916
EVS: 0.5482136177999068
