Model: GRU
MSE: 25.00122191816865
MAE: 4.132826760963157
EVS: 0.34369889240925366
