Model: GRU
MSE: 14.097946313110528
MAE: 3.1985817308779114
EVS: 0.6563101483144455
