Model: GRU
MSE: 19.327258247928874
MAE: 3.6548658388632314
EVS: 0.6035217612107873
