Model: GRU
MSE: 15.463469304027976
MAE: 3.0979391557198985
EVS: 0.568885442287171
