Model: GRU
MSE: 19.327324597607774
MAE: 3.417918426019174
EVS: 0.4867849249997952
