Model: GRU
MSE: 10.740924912115538
MAE: 2.6343470326176397
EVS: 0.6929059374676596
