Model: GRU
MSE: 13.637142461136978
MAE: 2.8335423646149813
EVS: 0.606326444528742
