Model: GRU
MSE: 12.815395155700546
MAE: 2.8110413551330566
EVS: 0.6379727994998196
