Model: GRU
MSE: 12.546432812852784
MAE: 2.731193012661404
EVS: 0.6584434242356993
