Model: GRU
MSE: 12.521489919570756
MAE: 2.7577087261058666
EVS: 0.6406332828398003
