Model: GRU
MSE: 23.53626397160016
MAE: 3.9940776648344816
EVS: 0.6185671493263077
