Model: GRU
MSE: 18.532985257692467
MAE: 2.98138788011339
EVS: 0.4613796479716611
