Model: GRU
MSE: 248.6524223361373
MAE: 14.528863940920148
EVS: -0.061091528702437836
