Model: GRU
MSE: 405.2662354168111
MAE: 19.032555014998824
EVS: -0.23067616046828676
