Model: GRU
MSE: 33.87156297197747
MAE: 4.714377209544182
EVS: 0.37877524343415747
