Model: GRU
MSE: 20.778634284384637
MAE: 3.844206721694381
EVS: 0.6025030540261148
