Model: GRU
MSE: 13.773719600663483
MAE: 2.891260782877604
EVS: 0.5988802337326586
