Model: GRU
MSE: 12.619583817818508
MAE: 2.8147946463690863
EVS: 0.6464525946039319
