Model: GRU
MSE: 13.591226192502274
MAE: 2.9036666022406683
EVS: 0.6369783038793229
