Model: GRU
MSE: 17.501156852766975
MAE: 3.428142538777104
EVS: 0.6464044476478905
