Model: GRU
MSE: 16.006336621179827
MAE: 3.28432333027875
EVS: 0.6200386335079602
