Model: GRU
MSE: 11.27357670435571
MAE: 2.5278883333559388
EVS: 0.6816109209067902
