Model: GRU
MSE: 14.254445395513923
MAE: 3.017632184205232
EVS: 0.5924835645935048
