Model: GRU
MSE: 14.8241972808387
MAE: 3.1012497742970786
EVS: 0.6703423836203853
