Model: GRU
MSE: 23.514365065031942
MAE: 4.2457234241344315
EVS: 0.5644977666972171
