Model: GRU
MSE: 46.10188758156906
MAE: 5.512859863263589
EVS: 0.36768025844923713
