Model: GRU
MSE: 14.489947524079126
MAE: 2.9462900868168584
EVS: 0.604311974477874
