Model: GRU
MSE: 15.711528655776428
MAE: 3.347584534574438
EVS: 0.5834797145472821
