Model: GRU
MSE: 20.406580675450602
MAE: 3.2323938948767528
EVS: 0.47710028507644386
