Model: GRU
MSE: 21.725839008899538
MAE: 3.9328996340433755
EVS: 0.5805651771595708
