Model: GRU
MSE: 17.222985866082446
MAE: 3.526077941611961
EVS: 0.599075988681397
