Model: GRU
MSE: 1304.0531807483223
MAE: 35.568565863150134
EVS: -0.11347265471502066
