Model: GRU
MSE: 15.24830758366479
MAE: 3.0513915485805936
EVS: 0.663081588811879
