Model: GRU
MSE: 12.981509341406614
MAE: 2.8516722520192466
EVS: 0.620709942109148
