Model: GRU
MSE: 15.565118425981886
MAE: 3.201943362200702
EVS: 0.5991200510425005
