Model: GRU
MSE: 12.89679608307085
MAE: 2.721302067791974
EVS: 0.6311928967573899
