Model: GRU
MSE: 13.315114788041026
MAE: 2.768856896294488
EVS: 0.6114898573741432
