Model: GRU
MSE: 13.923424867553372
MAE: 3.0583940435338905
EVS: 0.5994388124013916
