Model: GRU
MSE: 21.351650631212518
MAE: 3.815747102101644
EVS: 0.5861471457517649
