Model: GRU
MSE: 16.636670339835536
MAE: 3.090795358022054
EVS: 0.5163210014122898
