Model: GRU
MSE: 15.542263023522823
MAE: 3.2462368364687317
EVS: 0.5562501059033996
