Model: GRU
MSE: 15.71397486167267
MAE: 3.1735190462183067
EVS: 0.642778043453825
