Model: GRU
MSE: 18.635826790290047
MAE: 3.5862252800552934
EVS: 0.5260821379321998
