Model: GRU
MSE: 19.149650054772877
MAE: 3.668567869398329
EVS: 0.5932265620982725
