Model: GRU
MSE: 23.162509269869393
MAE: 4.111581042960838
EVS: 0.4857111281003539
