Model: GRU
MSE: 16.89062058676284
MAE: 3.0449914932250977
EVS: 0.5380158703461841
