Model: GRU
MSE: 17.29771345901032
MAE: 3.566009177101983
EVS: 0.620258588487382
