Model: GRU
MSE: 21.250597448298386
MAE: 3.8135326703389487
EVS: 0.4956587163116767
