Model: GRU
MSE: 17.308727356384967
MAE: 3.1969047828956887
EVS: 0.5126050297997358
