Model: GRU
MSE: 12.043257952902254
MAE: 2.8606990884851524
EVS: 0.6557650346559755
