Model: GRU
MSE: 11.875028715219946
MAE: 2.573609802458021
EVS: 0.6540010356190541
