Model: GRU
MSE: 60.50109305425005
MAE: 6.6691795013569015
EVS: 0.29828517383736086
