Model: GRU
MSE: 16.96491394781887
MAE: 3.3793023692237005
EVS: 0.5122428232434764
