Model: GRU
MSE: 13.667517459638121
MAE: 3.0318887145430953
EVS: 0.6092874237095585
