Model: GRU
MSE: 15.109101855682614
MAE: 3.1952663880807384
EVS: 0.5789702323653635
