Model: GRU
MSE: 14.983760774445322
MAE: 3.15114399238869
EVS: 0.6040358582561519
