Model: GRU
MSE: 14.58609673059401
MAE: 3.2143977836326316
EVS: 0.5916065666987635
