Model: GRU
MSE: 12.023398567758882
MAE: 2.7329973114861383
EVS: 0.6489317193505634
