Model: GRU
MSE: 12.726265055674219
MAE: 2.9174704286787243
EVS: 0.6306489857791275
