Model: GRU
MSE: 16.661440080103443
MAE: 3.36671385941682
EVS: 0.6379853479293038
