Model: GRU
MSE: 75.8921980185204
MAE: 7.216316788284867
EVS: -0.2820432540483
