Model: GRU
MSE: 14.80948624579788
MAE: 3.320727719200982
EVS: 0.5953279691213831
