Model: GRU
MSE: 17.35332341064034
MAE: 2.996365393911089
EVS: 0.5100410944880143
