Model: GRU
MSE: 201.35718580666395
MAE: 9.509559061792162
EVS: -3.6533135936300942
