Model: GRU
MSE: 22.397591747994518
MAE: 3.92842968304952
EVS: 0.3824321027236085
