Model: GRU
MSE: 15.861809817814985
MAE: 3.2840361771760165
EVS: 0.5383253531262151
