Model: GRU
MSE: 14.7185473545533
MAE: 3.1587710557160555
EVS: 0.5794925651552182
