Model: GRU
MSE: 12.911721238049301
MAE: 2.89553525712755
EVS: 0.6358792170196308
