Model: GRU
MSE: 30.003498642653817
MAE: 4.395512324792367
EVS: 0.3421255168017403
