Model: GRU
MSE: 14.462940910398586
MAE: 2.9728325914453575
EVS: 0.584523478885927
