Model: GRU
MSE: 13.474526089972448
MAE: 2.9585151495756925
EVS: 0.6505606459686205
