Model: GRU
MSE: 13.86018710360661
MAE: 3.061348067389594
EVS: 0.6286663091049862
