Model: GRU
MSE: 14.59041988661484
MAE: 2.916827095879449
EVS: 0.5737635577715838
