Model: GRU
MSE: 11.81445443196314
MAE: 2.885489260708844
EVS: 0.6735036187653571
