Model: GRU
MSE: 10.687706962784457
MAE: 2.3778697649637857
EVS: 0.696131410764812
