Model: GRU
MSE: 15.986872897293257
MAE: 3.085458826135706
EVS: 0.5330313862713857
