Model: GRU
MSE: 41.3519477358496
MAE: 5.230670187208387
EVS: 0.4420028125812594
