Model: GRU
MSE: 16.031803644265363
MAE: 3.377028306325277
EVS: 0.5986250552038099
