Model: GRU
MSE: 22.860935549221814
MAE: 3.58119155742504
EVS: 0.3352086810347308
