Model: GRU
MSE: 13.247619680646856
MAE: 2.877249911979393
EVS: 0.6154855265966062
