Model: GRU
MSE: 19.55128768706297
MAE: 3.6469713935145625
EVS: 0.5776308862933033
