Model: GRU
MSE: 26.637503926475052
MAE: 4.41367084008676
EVS: 0.4629150993151818
