Model: GRU
MSE: 27.71702138225342
MAE: 4.490526402438128
EVS: 0.30357089135878534
