Model: GRU
MSE: 19.54253581289135
MAE: 3.5575600376835577
EVS: 0.43406719034694496
