Model: GRU
MSE: 20.794104633886565
MAE: 3.6848196983337402
EVS: 0.5135848564283029
