Model: GRU
MSE: 16.938894993356616
MAE: 3.1693113291705095
EVS: 0.5815400114034355
