Model: GRU
MSE: 18.861672840688033
MAE: 3.84749968846639
EVS: 0.5307006525723934
