Model: GRU
MSE: 16.34716954057264
MAE: 3.2811772470121032
EVS: 0.5633566813823521
