Model: GRU
MSE: 17.881458543444246
MAE: 3.2385598995067455
EVS: 0.6028535652351841
