Model: GRU
MSE: 12.02269778551033
MAE: 2.711777342690362
EVS: 0.6550528392290047
