Model: GRU
MSE: 25.249196067909747
MAE: 4.338458008236355
EVS: 0.5696015989379307
