Model: GRU
MSE: 10.930131675470623
MAE: 2.5150991015964084
EVS: 0.713679706907808
