Model: GRU
MSE: 16.865617217560015
MAE: 3.4104468557569714
EVS: 0.5455667471956411
