Model: GRU
MSE: 23.870703526573998
MAE: 4.070025532333939
EVS: 0.5549609442417116
