Model: GRU
MSE: 35.10965361774212
MAE: 5.06147324597394
EVS: 0.3597839224415065
