Model: GRU
MSE: 15.038439782692151
MAE: 3.222601325423629
EVS: 0.5755492506085415
