Model: GRU
MSE: 41.82551330141569
MAE: 5.615127227924488
EVS: 0.2844484398196333
