Model: GRU
MSE: 14.28382636813764
MAE: 3.1218748975683144
EVS: 0.5835681911278858
