Model: GRU
MSE: 18.393645324712207
MAE: 3.577937638318097
EVS: 0.5577789894122664
