Model: GRU
MSE: 17.889018757095805
MAE: 3.392314398730243
EVS: 0.5774417631170643
