Model: GRU
MSE: 18.643982953399185
MAE: 3.694768993942826
EVS: 0.5507486167371998
