Model: GRU
MSE: 20.484860737514307
MAE: 3.9179633635061757
EVS: 0.5495634537304523
