Model: GRU
MSE: 395.27592138230494
MAE: 19.007946685508447
EVS: 0.007336209637938351
