Model: GRU
MSE: 15.933711218164229
MAE: 3.22047452573423
EVS: 0.5746876415571618
