Model: GRU
MSE: 14.590534317718552
MAE: 3.197026605959292
EVS: 0.5898730910391079
