Model: GRU
MSE: 16.79292254209917
MAE: 3.06790503749141
EVS: 0.5957286983831431
