Model: GRU
MSE: 12.55364008118646
MAE: 2.8866373521310313
EVS: 0.6391449239177687
