Model: GRU
MSE: 14.687018027059382
MAE: 3.2605971230400934
EVS: 0.5839567409951649
