Model: GRU
MSE: 15.232566621826319
MAE: 3.208901528958921
EVS: 0.5983358305450002
