Model: GRU
MSE: 19.545935999220347
MAE: 3.7292742287671126
EVS: 0.6134378505796196
