Model: GRU
MSE: 14.556558020426523
MAE: 2.9454082118140326
EVS: 0.5753937135280731
