Model: GRU
MSE: 16.61387319141888
MAE: 3.4756759714197227
EVS: 0.581980932021487
