Model: GRU
MSE: 17.145651585131628
MAE: 3.4910916045860008
EVS: 0.5112756323880439
