Model: GRU
MSE: 12.970610476299461
MAE: 3.033787003269902
EVS: 0.6908422045438247
