Model: GRU
MSE: 20.527278919707594
MAE: 3.6462914502179182
EVS: 0.49914923551992507
