Model: GRU
MSE: 23.155591188326472
MAE: 3.8770284299497253
EVS: 0.44320560669362485
