Model: GRU
MSE: 33.58657159794489
MAE: 4.883886516094208
EVS: 0.2775449002681645
