Model: GRU
MSE: 16.511966527154822
MAE: 3.4442245165506997
EVS: 0.6247983053137731
