Model: GRU
MSE: 20.519968475971773
MAE: 3.5979942745632596
EVS: 0.5871111171718129
