Model: GRU
MSE: 14.354502328178224
MAE: 3.0839062620092323
EVS: 0.604283465346535
