Model: GRU
MSE: 15.871131916425849
MAE: 3.312730497784085
EVS: 0.5647674826352919
