Model: GRU
MSE: 941.9945337197632
MAE: 30.136138845373083
EVS: 0.03877570765742222
