Model: GRU
MSE: 17.817312374111914
MAE: 3.532756288846334
EVS: 0.5646772616096765
