Model: GRU
MSE: 15.440513170379555
MAE: 3.035298400455051
EVS: 0.6453234882338219
