Model: GRU
MSE: 15.39183240722692
MAE: 3.2267870903015137
EVS: 0.5655736789234574
