Model: GRU
MSE: 18.936563862368782
MAE: 3.938259230719672
EVS: 0.6152315455365694
