Model: GRU
MSE: 16.04968033487375
MAE: 2.986025995678372
EVS: 0.5311062999115386
