Model: GRU
MSE: 18.69586865866032
MAE: 3.576967442477191
EVS: 0.594356529798548
