Model: GRU
MSE: 934.0468292405089
MAE: 29.98860119007252
EVS: 0.006645176494878613
