Model: GRU
MSE: 20.113198338497778
MAE: 3.809141786010177
EVS: 0.6247441076723166
