Model: GRU
MSE: 16.096842329952878
MAE: 3.1668271312007197
EVS: 0.584141864361905
