Model: GRU
MSE: 48.64304576648514
MAE: 5.896514742462723
EVS: 0.13896301337108752
