Model: GRU
MSE: 16.909271500045765
MAE: 3.2729007756268538
EVS: 0.5318500175140701
