Model: GRU
MSE: 17.205692791230536
MAE: 3.1070479110435203
EVS: 0.5698261551231445
