Model: GRU
MSE: 21.999793855972502
MAE: 3.5924254435080067
EVS: 0.6054700660015604
