Model: GRU
MSE: 11.194358897475105
MAE: 2.5820503764682345
EVS: 0.680333349954791
