Model: GRU
MSE: 970.7473313502035
MAE: 30.525139672415598
EVS: -0.10059926479923487
