Model: GRU
MSE: 10.695305460111513
MAE: 2.855445950119584
EVS: 0.7076254609533614
