Model: GRU
MSE: 531.9739568097385
MAE: 22.32273115935149
EVS: 0.016226029681192466
