Model: GRU
MSE: 14.660260761709988
MAE: 3.081555896335178
EVS: 0.5928723849336248
