Model: GRU
MSE: 15.155696536963458
MAE: 3.0334212338482893
EVS: 0.625066330490589
