Model: GRU
MSE: 13.943149249856994
MAE: 2.8559170299106174
EVS: 0.62271976593511
