Model: GRU
MSE: 11.99700980039862
MAE: 2.7736023796929254
EVS: 0.6630886635973119
