Model: GRU
MSE: 15.096713214231142
MAE: 3.317005846235487
EVS: 0.5873113426848768
