Model: GRU
MSE: 12.821973393024875
MAE: 2.7689836113541215
EVS: 0.6399413409522132
