Model: GRU
MSE: 20.428188483011375
MAE: 3.6687696421587908
EVS: 0.5755469524668351
