Model: GRU
MSE: 17.348801519624075
MAE: 3.4446180131700306
EVS: 0.5666127000126958
