Model: GRU
MSE: 13.718381971202218
MAE: 3.0662925155074507
EVS: 0.6063496930706376
