Model: GRU
MSE: 16.277062233690895
MAE: 3.1837561748645924
EVS: 0.5602219296180528
