Model: GRU
MSE: 18.668571943712507
MAE: 3.5742345032868563
EVS: 0.5666203727336119
