Model: GRU
MSE: 10.869900530643683
MAE: 2.815528225015711
EVS: 0.6939345244728784
