Model: GRU
MSE: 18.328319681195108
MAE: 3.5990359871475786
EVS: 0.5966868362237774
