Model: GRU
MSE: 16.56411807784857
MAE: 3.323981002525047
EVS: 0.5184838676373612
