Model: GRU
MSE: 14.537529425888941
MAE: 3.085335237008554
EVS: 0.6062406090474652
