Model: GRU
MSE: 24.990171101545
MAE: 4.33346449887311
EVS: 0.5619084296054778
