Model: GRU
MSE: 10.20277559268537
MAE: 2.6902912192874484
EVS: 0.7348606222736336
