Model: GRU
MSE: 15.267369293496923
MAE: 3.283322316628915
EVS: 0.6018309771702165
