Model: GRU
MSE: 24.56121231239646
MAE: 4.013348482273243
EVS: 0.48118120375325146
