Model: GRU
MSE: 13.307506726899376
MAE: 2.774063781455711
EVS: 0.6180751806328724
