Model: GRU
MSE: 34.36750987762252
MAE: 4.6529459931232315
EVS: 0.36168040966719783
