Model: GRU
MSE: 9.366178344115506
MAE: 2.5083225744741933
EVS: 0.7404960071251079
