Model: GRU
MSE: 20.467995254394054
MAE: 3.8395979316146285
EVS: 0.48846854774106685
