Model: GRU
MSE: 12.347724702666888
MAE: 2.6480328065377696
EVS: 0.6421377718197097
