Model: GRU
MSE: 20.376537647109974
MAE: 3.8824166191948786
EVS: 0.5626596719062038
