Model: GRU
MSE: 14.054963932205132
MAE: 2.9620273378160267
EVS: 0.5979666018223662
