Model: GRU
MSE: 13.03363066408921
MAE: 2.877533365178991
EVS: 0.6530334521619932
