Model: GRU
MSE: 14.05906678870816
MAE: 3.0706625514560275
EVS: 0.6639505265237019
