Model: GRU
MSE: 499.8388670933676
MAE: 21.55896402288366
EVS: -0.02410438198840592
