Model: GRU
MSE: 16.66359467447356
MAE: 3.5755298225967973
EVS: 0.652090308444329
