Model: GRU
MSE: 14.779363664296854
MAE: 2.8557195751755327
EVS: 0.5692681179507486
