Model: GRU
MSE: 13.897137122296305
MAE: 2.8002368255897805
EVS: 0.6079922876727512
