Model: GRU
MSE: 18.903773534696125
MAE: 3.5065803792741566
EVS: 0.6582299519153424
