Model: GRU
MSE: 12.031010955787629
MAE: 2.6521902790776006
EVS: 0.655620362211063
