Model: GRU
MSE: 13.577737776501495
MAE: 2.9175695754863598
EVS: 0.6626481880255406
