Model: GRU
MSE: 12.467323640527368
MAE: 2.8254441685146756
EVS: 0.6622958122891058
