Model: GRU
MSE: 16.610951158282173
MAE: 3.3088894950018988
EVS: 0.59025449727009
