Model: GRU
MSE: 16.65409827603311
MAE: 3.00869200847767
EVS: 0.620537333934633
