Model: GRU
MSE: 38.3242923381361
MAE: 5.37286177387944
EVS: 0.5080535164413088
