Model: GRU
MSE: 23.184478290728286
MAE: 4.039308812883165
EVS: 0.5769401307897399
