Model: GRU
MSE: 13.455817095790449
MAE: 3.1072129850034362
EVS: 0.617392124898551
