Model: GRU
MSE: 19.49266423773151
MAE: 3.730905020678485
EVS: 0.5906444249261353
