Model: GRU
MSE: 11.77290024145067
MAE: 2.8994744971946433
EVS: 0.702645110159734
