Model: GRU
MSE: 12.922674088743591
MAE: 2.6401580174764
EVS: 0.6343467202407411
