Model: GRU
MSE: 19.271050584409927
MAE: 3.5033492070657237
EVS: 0.5791416443437197
