Model: GRU
MSE: 12.899239890126674
MAE: 2.9838976860046387
EVS: 0.7155255368555304
