Model: GRU
MSE: 1063.580343282021
MAE: 32.01349194844564
EVS: -0.13124076970320875
