Model: GRU
MSE: 12.769416811141204
MAE: 2.880129266668249
EVS: 0.6292412410971164
