Model: GRU
MSE: 17.74004613027088
MAE: 3.5601366537588612
EVS: 0.5882230511406161
