Model: GRU
MSE: 16.967736497408193
MAE: 3.4105469562389232
EVS: 0.5915081659868008
