Model: GRU
MSE: 20.445967329113518
MAE: 3.738509248804163
EVS: 0.48971626903515453
