Model: GRU
MSE: 19.984754328491295
MAE: 3.646678995203089
EVS: 0.5428986031256329
