Model: GRU
MSE: 520.6855027572618
MAE: 22.074376353511102
EVS: 0.044491412349665915
