Model: GRU
MSE: 17.6614252650386
MAE: 3.543417798148261
EVS: 0.636613957920966
