Model: GRU
MSE: 17.90257955478749
MAE: 3.707668754789564
EVS: 0.6649525357046117
