Model: GRU
MSE: 15.700333081243503
MAE: 3.358524958292643
EVS: 0.6248727351476564
