Model: GRU
MSE: 13.31951856732367
MAE: 2.9533970797503435
EVS: 0.6282875430915733
