Model: GRU
MSE: 10.789777202195292
MAE: 2.7241337917469166
EVS: 0.6872910474762526
