Model: GRU
MSE: 16.864673090415476
MAE: 3.089907028056957
EVS: 0.5370989407778113
