Model: GRU
MSE: 13.771162711436556
MAE: 3.175881853810063
EVS: 0.611550124413548
