Model: GRU
MSE: 15.235404919671645
MAE: 3.0943897741812245
EVS: 0.5838879575417757
