Model: GRU
MSE: 15.855421210578495
MAE: 3.151329852916576
EVS: 0.585315414041939
