Model: GRU
MSE: 18.030470970547995
MAE: 3.486665708047372
EVS: 0.5848697041573808
