Model: GRU
MSE: 17.351262517063216
MAE: 3.4434215051156505
EVS: 0.5596123759016897
