Model: GRU
MSE: 13.5310746798868
MAE: 2.825344350602892
EVS: 0.6070432598641944
