Model: GRU
MSE: 18.149139801353847
MAE: 3.4964932335747614
EVS: 0.5050989073632193
