Model: GRU
MSE: 13.780973937749641
MAE: 3.1165201399061413
EVS: 0.6288021799865289
