Model: GRU
MSE: 10.069810474987932
MAE: 2.5406762582284435
EVS: 0.7059108502757616
