Model: GRU
MSE: 13.357564889354746
MAE: 2.9902551439073353
EVS: 0.618452911279227
