Model: GRU
MSE: 17.125795573211388
MAE: 3.389324046947338
EVS: 0.5887970932331521
