Model: GRU
MSE: 18.99549831140294
MAE: 3.759749659785518
EVS: 0.5461249065356427
