Model: GRU
MSE: 13.08988746943676
MAE: 2.7828158802456326
EVS: 0.6175345774214417
