Model: GRU
MSE: 13.826134545961178
MAE: 3.1009839993936046
EVS: 0.6711697346969534
