Model: GRU
MSE: 17.935209520555823
MAE: 3.465296568693938
EVS: 0.5707378844376217
