Model: GRU
MSE: 19.14317636532604
MAE: 3.6857371506867587
EVS: 0.49955209626904584
