Model: GRU
MSE: 14.982106779956016
MAE: 2.947280927940651
EVS: 0.6576654257829165
