Model: GRU
MSE: 17.538498495727836
MAE: 3.291596951308074
EVS: 0.5325729948350378
