Model: GRU
MSE: 15.281606619483151
MAE: 2.9622400954917625
EVS: 0.5535887066946726
