Model: GRU
MSE: 15.215006763678318
MAE: 2.9871913415414317
EVS: 0.5820797001047044
