Model: GRU
MSE: 26.075442549510004
MAE: 4.208345095316569
EVS: 0.5056730457085784
