Model: GRU
MSE: 13.422373457395452
MAE: 2.802114998852765
EVS: 0.6550094431746445
