Model: GRU
MSE: 10.975738706961979
MAE: 2.560548747027362
EVS: 0.6859119001851962
