Model: GRU
MSE: 14.087304245092161
MAE: 3.0109653119687683
EVS: 0.5886306791257496
