Model: GRU
MSE: 13.07604726950851
MAE: 2.8416917588975696
EVS: 0.6260862636616684
