Model: GRU
MSE: 13.085490701660715
MAE: 2.7028868286697953
EVS: 0.6274001394510506
