Model: GRU
MSE: 15.068989058218094
MAE: 2.849159178910432
EVS: 0.5600064079344657
