Model: GRU
MSE: 25.47295798916678
MAE: 4.018267132617809
EVS: 0.34543959702292204
