Model: GRU
MSE: 13.089454311392089
MAE: 2.8784797103316695
EVS: 0.6309248079310035
