Model: GRU
MSE: 16.677614353654707
MAE: 3.3221888895388
EVS: 0.5882024945478426
