Model: GRU
MSE: 16.453349050052037
MAE: 3.079285886552599
EVS: 0.5392925680191805
