Model: GRU
MSE: 15.06004568081487
MAE: 3.1640869953014232
EVS: 0.5994843527219769
