Model: GRU
MSE: 14.481891309983162
MAE: 3.3533405197991266
EVS: 0.635445586047632
