Model: GRU
MSE: 15.624780541735802
MAE: 3.1022155196578414
EVS: 0.5511313309368864
