Model: GRU
MSE: 11.625071908453927
MAE: 2.6171845065222845
EVS: 0.6739728130808385
