Model: GRU
MSE: 18.206130945879035
MAE: 3.351538976033529
EVS: 0.513969930849866
