Model: GRU
MSE: 16.040553146420415
MAE: 3.3860016575566045
EVS: 0.5880052553879646
