Model: GRU
MSE: 13.896694624615314
MAE: 3.095272452742965
EVS: 0.7010451345485845
