Model: GRU
MSE: 16.348301797181065
MAE: 3.351273942876745
EVS: 0.5632761548539748
