Model: GRU
MSE: 15.976888651148053
MAE: 3.1352635577872947
EVS: 0.5700106070920696
