Model: GRU
MSE: 14.5946602249045
MAE: 3.055034884700069
EVS: 0.5745230676604532
