Model: GRU
MSE: 16.2861244052755
MAE: 3.259926372104221
EVS: 0.5747607064403057
