Model: GRU
MSE: 23.833827870571824
MAE: 4.226677117524324
EVS: 0.4727973491691251
