Model: GRU
MSE: 13.865016313799162
MAE: 3.0524928128277815
EVS: 0.6180455825576617
