Model: GRU
MSE: 19.392698183714604
MAE: 3.4041817718082004
EVS: 0.5666371712094002
