Model: GRU
MSE: 14.335115535187386
MAE: 2.8396818372938366
EVS: 0.5949478258296076
