Model: GRU
MSE: 12.418504947504305
MAE: 2.8794726442407677
EVS: 0.6537245829653996
