Model: GRU
MSE: 16.221294035233612
MAE: 3.2441606433303267
EVS: 0.5486413827348535
