Model: GRU
MSE: 14.846135535675288
MAE: 2.999651820571334
EVS: 0.5724429167798106
