Model: GRU
MSE: 14.756868408681695
MAE: 3.0895403579429344
EVS: 0.6209886761614989
