Model: GRU
MSE: 20.64147420608937
MAE: 3.6888361506991916
EVS: 0.5468334549108442
