Model: GRU
MSE: 17.527161956655853
MAE: 3.321928554111057
EVS: 0.4918068219181517
