Model: GRU
MSE: 18.56887660265649
MAE: 3.80679421071653
EVS: 0.5673300987169652
