Model: GRU
MSE: 16.379443525327165
MAE: 3.495616630271629
EVS: 0.664652169316984
