Model: GRU
MSE: 16.048226954055803
MAE: 3.3690562778049045
EVS: 0.5694393050274066
