Model: GRU
MSE: 13.211262257807144
MAE: 2.7960187417489513
EVS: 0.6464760161548311
