Model: GRU
MSE: 18.845241109578552
MAE: 3.6687437340065285
EVS: 0.5507418719159514
