Model: GRU
MSE: 16.46201473473662
MAE: 3.470383396855107
EVS: 0.5504948853804339
