Model: GRU
MSE: 13.662508863302648
MAE: 2.8626998442190663
EVS: 0.6254750587592104
