Model: GRU
MSE: 19.421797001302544
MAE: 3.5705989908289024
EVS: 0.4866411347514643
