Model: GRU
MSE: 22.626996486884437
MAE: 4.098700214315344
EVS: 0.5583040081645139
