Model: GRU
MSE: 42.16189072439517
MAE: 5.629322007850364
EVS: 0.47897745578802053
