Model: GRU
MSE: 17.672107824718516
MAE: 3.3539091039586952
EVS: 0.5419039974372162
