Model: GRU
MSE: 24.85317172770648
MAE: 4.274151501832185
EVS: 0.5318126032567558
