Model: GRU
MSE: 63.22512543188133
MAE: 6.806621065846196
EVS: -0.3366564527853124
