Model: GRU
MSE: 12.47191419684152
MAE: 2.816590044233534
EVS: 0.6363795030780546
