Model: GRU
MSE: 1515.041518797814
MAE: 38.414997030187536
EVS: -0.1491471549111898
