Model: GRU
MSE: 11707.510382278744
MAE: 108.04297948766637
EVS: 0.0
