Model: GRU
MSE: 14.288265515010767
MAE: 2.962912506527371
EVS: 0.5861671341292731
