Model: GRU
MSE: 28.887630022485222
MAE: 4.700473538151494
EVS: 0.41340339007709836
