Model: GRU
MSE: 15.195832136629743
MAE: 3.1685293868735984
EVS: 0.5660222829973744
