Model: GRU
MSE: 10.769093606375483
MAE: 2.5453559116080955
EVS: 0.7043793224947197
