Model: GRU
MSE: 19.356548198447737
MAE: 3.6615900463528104
EVS: 0.5502828749061192
