Model: GRU
MSE: 16.862180810605203
MAE: 3.1890893865514687
EVS: 0.5857488524475212
