Model: GRU
MSE: 12.536537057440203
MAE: 2.8306830370867693
EVS: 0.6517745049975936
