Model: GRU
MSE: 14.310869714878649
MAE: 2.942085769441393
EVS: 0.5835476105702824
