Model: GRU
MSE: 15.871744698763678
MAE: 3.257699312987151
EVS: 0.5675115262882666
