Model: GRU
MSE: 31.093238045447
MAE: 4.7998318230664285
EVS: 0.5013461371214394
