Model: GRU
MSE: 22.866423826290777
MAE: 3.7898857681839555
EVS: 0.3623392407853021
