Model: GRU
MSE: 13.411357330991518
MAE: 2.7804714485451028
EVS: 0.655344119970972
