Model: GRU
MSE: 12.050590280038957
MAE: 3.095184361493146
EVS: 0.7400759462363853
