Model: GRU
MSE: 19.94637124487949
MAE: 3.923575030432807
EVS: 0.6165484174607005
