Model: GRU
MSE: 14.263063153152551
MAE: 2.882314364115397
EVS: 0.6186404018242997
