Model: GRU
MSE: 16.940041630331894
MAE: 3.2780073748694525
EVS: 0.5107110871745779
