Model: GRU
MSE: 18.847799561568788
MAE: 3.335833372893157
EVS: 0.47247516242750165
