Model: GRU
MSE: 13.713596329783329
MAE: 2.93762586734913
EVS: 0.6046760610333868
