Model: GRU
MSE: 13.934340844659127
MAE: 3.0418789121839733
EVS: 0.638424269049526
