Model: GRU
MSE: 14.220723248268516
MAE: 2.9527948874014394
EVS: 0.5859452176548381
