Model: GRU
MSE: 15.942018597141256
MAE: 3.219068509561044
EVS: 0.549851553147773
