Model: GRU
MSE: 15.101607657896297
MAE: 3.103824774424235
EVS: 0.5673000734951051
