Model: GRU
MSE: 21.323512357284077
MAE: 3.702254162894355
EVS: 0.4674279373568816
