Model: GRU
MSE: 15.00359487058488
MAE: 3.2085645463731556
EVS: 0.5872288689955245
