Model: GRU
MSE: 16.229500496530463
MAE: 3.2452338889793113
EVS: 0.6665111318576471
