Model: GRU
MSE: 21.751123315059658
MAE: 3.9142551598725497
EVS: 0.5518792589948824
