Model: GRU
MSE: 16.713539839041832
MAE: 3.2371176966914423
EVS: 0.5914262907032611
