Model: GRU
MSE: 14.605085940106207
MAE: 3.0488951824329518
EVS: 0.5901607683530714
