Model: GRU
MSE: 15.40854390942063
MAE: 3.102709752542001
EVS: 0.5533552266211995
