Model: GRU
MSE: 16.15649389809733
MAE: 3.3034289148118763
EVS: 0.6168939309650925
