Model: GRU
MSE: 20.225068918518733
MAE: 3.7412735179618553
EVS: 0.5663738326072645
