Model: GRU
MSE: 14.404579338252082
MAE: 2.9251608848571777
EVS: 0.5833130047162765
