Model: GRU
MSE: 17.143472768765655
MAE: 3.3423164508960865
EVS: 0.6042895586701746
