Model: GRU
MSE: 12.685478868327925
MAE: 2.6216099527147083
EVS: 0.6355443358183407
