Model: GRU
MSE: 15.189064009796827
MAE: 3.032725731531779
EVS: 0.5999301818648467
