Model: GRU
MSE: 1817.6688718176051
MAE: 42.24038837574147
EVS: 0.04417535437338738
