Model: GRU
MSE: 16.69438765314246
MAE: 3.2580737361201533
EVS: 0.5470923658161042
