Model: GRU
MSE: 14.323666066810349
MAE: 2.990425365942496
EVS: 0.5819577801363554
