Model: GRU
MSE: 12.526097989562274
MAE: 2.788833406236437
EVS: 0.6343412080372852
