Model: GRU
MSE: 14.413465041549477
MAE: 3.039698176913791
EVS: 0.5901500525333241
