Model: GRU
MSE: 19.27545480375261
MAE: 3.638887882232666
EVS: 0.6153807677438885
