Model: GRU
MSE: 975.4386757687561
MAE: 30.64920503121835
EVS: -0.031517459241083845
