Model: GRU
MSE: 13.942296683816746
MAE: 3.2067219769513167
EVS: 0.6157119445449308
