Model: GRU
MSE: 26.72251859831933
MAE: 4.385442698443377
EVS: 0.49567300284738025
