Model: GRU
MSE: 13.399594291165643
MAE: 3.0743231066951044
EVS: 0.6662306595617711
