Model: GRU
MSE: 2567.8805258863786
MAE: 50.31117022479022
EVS: -0.0487290947681549
