Model: GRU
MSE: 16.257200676547384
MAE: 3.4362836767126015
EVS: 0.5985395184903566
