Model: GRU
MSE: 18.726339104482417
MAE: 3.590912271428991
EVS: 0.5598555416773536
