Model: GRU
MSE: 17.019352136633515
MAE: 3.3990656005011664
EVS: 0.688286696979331
