Model: GRU
MSE: 12.749104370643526
MAE: 2.742930288668032
EVS: 0.6282047834920077
