Model: GRU
MSE: 18.028133064344562
MAE: 3.6060254485518843
EVS: 0.5201486940852325
