Model: GRU
MSE: 13.974163580346
MAE: 2.9532357763361046
EVS: 0.6115960495972799
