Model: GRU
MSE: 15.432810474825576
MAE: 3.074927488962809
EVS: 0.5535680179188887
