Model: GRU
MSE: 14.723142066420518
MAE: 2.983645068274604
EVS: 0.5817992594349592
