Model: GRU
MSE: 11.276601132524231
MAE: 2.7251861338262207
EVS: 0.7168240754673924
