Model: GRU
MSE: 14.961343812630755
MAE: 3.217124108914976
EVS: 0.6098280733995185
