Model: GRU
MSE: 11.856836249746907
MAE: 2.560550433618051
EVS: 0.6832360015068542
