Model: GRU
MSE: 13.112404780248733
MAE: 2.915495342678494
EVS: 0.6281180116348777
