Model: GRU
MSE: 19.007875903607808
MAE: 3.5329701635572643
EVS: 0.5614498168044271
