Model: GRU
MSE: 14.301534837890165
MAE: 3.100058184729682
EVS: 0.6446067708086604
