Model: GRU
MSE: 13.6921508627357
MAE: 3.0892470677693686
EVS: 0.7064305855125408
