Model: GRU
MSE: 14.584952594302742
MAE: 2.8733314408196344
EVS: 0.5850687123844223
