Model: GRU
MSE: 14.587162722293705
MAE: 2.9363634056515164
EVS: 0.6079095776070687
