Model: GRU
MSE: 14.816930804310266
MAE: 3.1567746268378363
EVS: 0.5966796531263115
