Model: GRU
MSE: 26.03963368435201
MAE: 4.281679285897149
EVS: 0.6051761678927201
