Model: GRU
MSE: 13.093253746232019
MAE: 2.625960773891873
EVS: 0.6345659153901864
