Model: GRU
MSE: 12.68013424420898
MAE: 2.678257112149839
EVS: 0.6912275665347152
