Model: GRU
MSE: 13.338721243815083
MAE: 2.993556614275332
EVS: 0.6402299109972944
