Model: GRU
MSE: 16.107869870471255
MAE: 3.6191034935138844
EVS: 0.7224672311275013
