Model: GRU
MSE: 26.95303853467704
MAE: 4.345586803224352
EVS: 0.5209158144093231
