Model: GRU
MSE: 17.134775447309508
MAE: 3.3971385205233537
EVS: 0.6012446863222694
