Model: GRU
MSE: 15.587574742894784
MAE: 3.1453171747702138
EVS: 0.5786149431643207
