Model: GRU
MSE: 22.75515515801474
MAE: 3.797459295817784
EVS: 0.3733887859204159
