Model: GRU
MSE: 12.51382222763162
MAE: 2.9293872515360513
EVS: 0.6469711712421995
