Model: GRU
MSE: 15.895339906297565
MAE: 3.1303454681679055
EVS: 0.5797184589937887
