Model: GRU
MSE: 21.023722544943897
MAE: 3.752948690343786
EVS: 0.6017195617595704
