Model: GRU
MSE: 22.416778438934518
MAE: 3.826127016985858
EVS: 0.5413431079319664
