Model: GRU
MSE: 26.868706099110767
MAE: 4.094840475491115
EVS: 0.4550688414423587
