Model: GRU
MSE: 11.299322930023436
MAE: 2.6380631658766003
EVS: 0.6728650938718866
