Model: GRU
MSE: 17.22206932547879
MAE: 3.3363087088973433
EVS: 0.5841861792720122
