Model: GRU
MSE: 15.279679359853768
MAE: 2.9719052491364657
EVS: 0.5698668171809635
