Model: GRU
MSE: 17.42712309308031
MAE: 3.35192863146464
EVS: 0.6063547777145673
