Model: GRU
MSE: 17.974397977818356
MAE: 3.5707390749896013
EVS: 0.6050704313100729
