Model: GRU
MSE: 14.067985925146273
MAE: 3.1039795875549316
EVS: 0.6122216795631186
