Model: GRU
MSE: 17.41048412277982
MAE: 3.5964840518103705
EVS: 0.6109222541773449
