Model: GRU
MSE: 18.996583458276948
MAE: 3.7059794531928167
EVS: 0.5835353833562641
