Model: GRU
MSE: 22.509884030424416
MAE: 3.709297980581011
EVS: 0.4793103425845374
