Model: GRU
MSE: 13.946526789499675
MAE: 2.731484819341589
EVS: 0.6085201554939517
