Model: GRU
MSE: 619.4652553203632
MAE: 24.208645855938947
EVS: 0.02390782715086015
