Model: GRU
MSE: 14.381229006073491
MAE: 3.2269592108549894
EVS: 0.6196943357931286
