Model: GRU
MSE: 12.505128360879226
MAE: 2.6583140426211886
EVS: 0.6487449079816129
