Model: GRU
MSE: 12.302954314769345
MAE: 2.8418515699881093
EVS: 0.6410627831162626
