Model: GRU
MSE: 21.05434144129796
MAE: 3.8882024023267956
EVS: 0.4848836136460555
