Model: GRU
MSE: 12.905672367177514
MAE: 2.925347010294596
EVS: 0.6430625028175192
