Model: GRU
MSE: 10.890291656285264
MAE: 2.7543080117967396
EVS: 0.6885546417751267
