Model: GRU
MSE: 20.827179095292884
MAE: 3.4272303070340837
EVS: 0.4136300433304374
