Model: GRU
MSE: 20.206158132802752
MAE: 3.672106654555709
EVS: 0.5147495304135039
