Model: GRU
MSE: 13.746177173049857
MAE: 2.98729728769373
EVS: 0.6032246999754791
