Model: GRU
MSE: 547.7961354601779
MAE: 22.635248290167915
EVS: -0.03555020643751727
