Model: GRU
MSE: 18.52234648736218
MAE: 3.589228736029731
EVS: 0.5904172983433432
