Model: GRU
MSE: 12.586149154901351
MAE: 2.7413768061885126
EVS: 0.6335054487784297
