Model: GRU
MSE: 11.472371077015303
MAE: 2.6310909589131675
EVS: 0.6649085381086763
