Model: GRU
MSE: 13.767846801972853
MAE: 3.0557078078941062
EVS: 0.6118253928844883
