Model: GRU
MSE: 18.307129976610536
MAE: 3.4411850770314536
EVS: 0.5123950985833896
