Model: GRU
MSE: 16.681153261242244
MAE: 3.1108151409361096
EVS: 0.5159471236461277
