Model: GRU
MSE: 15.30003953314671
MAE: 3.4048096515514232
EVS: 0.5702824460312259
