Model: GRU
MSE: 18.12382393601732
MAE: 3.669847876937301
EVS: 0.6131223317455343
