Model: GRU
MSE: 17.84864142224492
MAE: 3.3330822697392217
EVS: 0.5251998680870562
