Model: GRU
MSE: 16.93886082162125
MAE: 3.2503108183542886
EVS: 0.6179644252773282
