Model: GRU
MSE: 20.65862309540361
MAE: 3.5035225663866316
EVS: 0.43148689646628124
