Model: GRU
MSE: 13.630236113689032
MAE: 2.919637123743693
EVS: 0.6496843358329066
