Model: GRU
MSE: 14.153867359381858
MAE: 2.9980737544872142
EVS: 0.6042290783362507
