Model: GRU
MSE: 11.910090955211967
MAE: 2.887461220776593
EVS: 0.6748206929270747
