Model: GRU
MSE: 14.601344336526482
MAE: 3.166073445920591
EVS: 0.6879575376791578
