Model: GRU
MSE: 17.90312329713539
MAE: 3.461031993230184
EVS: 0.569873200299053
