Model: GRU
MSE: 13.202819741118462
MAE: 3.017750104268392
EVS: 0.6999157720417875
