Model: GRU
MSE: 3487.823961756522
MAE: 58.55677258526838
EVS: -0.6854505785481708
