Model: GRU
MSE: 16.12118298834055
MAE: 3.3124283419715033
EVS: 0.6964632259469958
