Model: GRU
MSE: 14.714632935396908
MAE: 3.011326374831023
EVS: 0.5732999922592598
