Model: GRU
MSE: 11.946109348133607
MAE: 2.7173074263113515
EVS: 0.6525986248751221
