Model: GRU
MSE: 18.545818317497567
MAE: 3.701886742203324
EVS: 0.5001425113801107
