Model: GRU
MSE: 235.9451336833702
MAE: 14.15651254521476
EVS: -0.03837317312060118
