Model: GRU
MSE: 14.301301740508586
MAE: 2.942184978061252
EVS: 0.6090190913095579
