Model: GRU
MSE: 14.044007772335258
MAE: 2.8901490105523004
EVS: 0.6311021934805114
