Model: GRU
MSE: 15.7238368120984
MAE: 3.1526721760078713
EVS: 0.6167103576086529
