Model: GRU
MSE: 16.80164378328096
MAE: 3.562030933521412
EVS: 0.5956270701331907
