Model: GRU
MSE: 14.705111067257526
MAE: 3.2187037114743835
EVS: 0.6256412652998014
