Model: GRU
MSE: 18.223320991632676
MAE: 3.509200343379268
EVS: 0.4870372126479309
