Model: GRU
MSE: 12.046728253690928
MAE: 2.771279211397524
EVS: 0.6791342708795636
