Model: GRU
MSE: 15.261549731967618
MAE: 3.163032567059552
EVS: 0.6379097912686644
