Model: GRU
MSE: 22.34478771587592
MAE: 3.731945373393871
EVS: 0.6231370903388209
