Model: GRU
MSE: 12.040746186662453
MAE: 2.833067876321298
EVS: 0.6591358497970095
