Model: GRU
MSE: 16.703200280899097
MAE: 3.452761650085449
EVS: 0.6089368443486896
