Model: GRU
MSE: 14.965194401092116
MAE: 2.948920038011339
EVS: 0.5838946112663295
