Model: GRU
MSE: 13.63749585295387
MAE: 3.141101766515661
EVS: 0.6259037956086394
