Model: GRU
MSE: 12.255055675989347
MAE: 2.812434019865813
EVS: 0.6438800316047513
