Model: GRU
MSE: 497.55259974926014
MAE: 21.582137637668186
EVS: 0.0719074779957235
