Model: GRU
MSE: 18.893077682140227
MAE: 3.243174182044135
EVS: 0.4526649458346417
