Model: GRU
MSE: 15.115304930506609
MAE: 3.2060668291868986
EVS: 0.579876559639585
