Model: GRU
MSE: 12.819018858554669
MAE: 2.8300127100061485
EVS: 0.6263615420897116
