Model: GRU
MSE: 21.22334897249204
MAE: 3.8702095526236073
EVS: 0.5194309421510803
