Model: GRU
MSE: 14.939803881259262
MAE: 3.3104159743697554
EVS: 0.6282498295084871
