Model: GRU
MSE: 13.329564365406846
MAE: 3.0661290839866355
EVS: 0.6285748880316923
