Model: GRU
MSE: 17.390568647263695
MAE: 3.4391074180603027
EVS: 0.6242214325653421
