Model: GRU
MSE: 19.34747072032996
MAE: 3.1650307796619557
EVS: 0.4846229763524913
