Model: GRU
MSE: 14.680021246566168
MAE: 2.967141698907923
EVS: 0.616246540640446
