Model: GRU
MSE: 22.953951938125623
MAE: 4.0812638600667315
EVS: 0.5526890871458493
