Model: GRU
MSE: 14.195804849975275
MAE: 2.9462132453918457
EVS: 0.5852523935878708
