Model: GRU
MSE: 13.387060782159809
MAE: 2.9282751613193088
EVS: 0.6207879054083928
