Model: GRU
MSE: 11.888671764170518
MAE: 2.724345330838804
EVS: 0.6560731745558669
