Model: GRU
MSE: 12.603392158494856
MAE: 2.74936744901869
EVS: 0.6396519829416042
