Model: GRU
MSE: 15.407975131784017
MAE: 3.0722366438971624
EVS: 0.6043153574147488
