Model: GRU
MSE: 18.359275225330194
MAE: 3.7015640470716686
EVS: 0.5053152878900233
