Model: GRU
MSE: 13.147283408090743
MAE: 2.7354673986081726
EVS: 0.625005836520218
