Model: GRU
MSE: 14.963124646382262
MAE: 3.0357755025227866
EVS: 0.6299354173699931
