Model: GRU
MSE: 18.77570524794531
MAE: 3.372218891426369
EVS: 0.5262688408432431
