Model: GRU
MSE: 12.2419400444293
MAE: 2.704755836062961
EVS: 0.6577887488400034
