Model: GRU
MSE: 16.965204811166178
MAE: 3.210171664202655
EVS: 0.6069325088732493
