Model: GRU
MSE: 16.56673711034023
MAE: 3.3412078751458063
EVS: 0.595240281644868
