Model: GRU
MSE: 15.92776989862845
MAE: 3.085870389585142
EVS: 0.5426954606154795
