Model: GRU
MSE: 13.873447273887662
MAE: 3.17428950910215
EVS: 0.6227338809996591
