Model: GRU
MSE: 14.283287348548974
MAE: 2.9243358682703087
EVS: 0.592750179779822
