Model: GRU
MSE: 16.60939182090538
MAE: 3.2784642466792353
EVS: 0.5201957500212703
