Model: GRU
MSE: 17.044920251760473
MAE: 3.2661279660684093
EVS: 0.6917618182186736
