Model: GRU
MSE: 15.893040894705438
MAE: 3.225489687036585
EVS: 0.5358859905226145
