Model: GRU
MSE: 17.750608112596908
MAE: 3.5189436453360097
EVS: 0.5534676498339108
