Model: GRU
MSE: 13.201446508585882
MAE: 2.9206275939941406
EVS: 0.6240820785227511
