Model: GRU
MSE: 23.799758774161067
MAE: 4.251186591607553
EVS: 0.5949439767200997
