Model: GRU
MSE: 18.835357273809816
MAE: 3.643631193372938
EVS: 0.6294176433899183
