Model: GRU
MSE: 23.098461513850015
MAE: 3.929858340157403
EVS: 0.5891407625060312
