Model: GRU
MSE: 13.715224805074616
MAE: 2.796914957187794
EVS: 0.6115775673878012
