Model: GRU
MSE: 15.541089029224176
MAE: 3.1016955728884095
EVS: 0.585692863008574
