Model: GRU
MSE: 21.197432903001232
MAE: 3.8188499521326134
EVS: 0.4742026072691409
