Model: GRU
MSE: 22.248112399112852
MAE: 3.993647434093334
EVS: 0.57278043302523
