Model: GRU
MSE: 14.389983146458311
MAE: 3.3188498285081653
EVS: 0.63860381165247
