Model: GRU
MSE: 17.127182555317187
MAE: 3.494386911392212
EVS: 0.5869218387184816
