Model: GRU
MSE: 18.078349073413566
MAE: 3.505864778602565
EVS: 0.4814285464544742
