Model: GRU
MSE: 21.61759971858882
MAE: 3.940095230385109
EVS: 0.40236934462788065
