Model: GRU
MSE: 11.660356092457183
MAE: 2.7049620504732483
EVS: 0.6861412616469267
