Model: GRU
MSE: 16.730246129700987
MAE: 3.173744219320792
EVS: 0.5986907923834288
