Model: GRU
MSE: 16.758065449932012
MAE: 3.4176247031600386
EVS: 0.5853235786584886
