Model: GRU
MSE: 13.705595850513824
MAE: 3.02393517670808
EVS: 0.6575588121557684
