Model: GRU
MSE: 16.835175574340067
MAE: 2.99353587185895
EVS: 0.5502490173856012
