Model: GRU
MSE: 868.5592528640088
MAE: 28.81239198755335
EVS: -0.12214344198293015
