Model: GRU
MSE: 21.002588772931748
MAE: 3.92882650869864
EVS: 0.5512234037684529
