Model: GRU
MSE: 360.25790662450373
MAE: 18.0546790405556
EVS: 0.01934880623972257
