Model: GRU
MSE: 13.334221627549267
MAE: 2.894359005822076
EVS: 0.6394598142232844
