Model: GRU
MSE: 14.356538894619161
MAE: 3.0089790644469083
EVS: 0.6002838583217771
