Model: GRU
MSE: 13.325581450619397
MAE: 3.044043037626478
EVS: 0.6466426288312151
