Model: GRU
MSE: 17.654103923863463
MAE: 3.5561878239666975
EVS: 0.543720868969947
