Model: GRU
MSE: 30.01989772742776
MAE: 4.616777967523645
EVS: 0.3157953609990225
