Model: GRU
MSE: 17.041221655351734
MAE: 3.2835173430266202
EVS: 0.512596667861681
