Model: GRU
MSE: 16.679100705331596
MAE: 3.476157276718705
EVS: 0.5200150542421897
