Model: GRU
MSE: 14.362422369296873
MAE: 3.084494740874679
EVS: 0.5804595124645182
