Model: GRU
MSE: 12.893649677721847
MAE: 3.102336777581109
EVS: 0.6520186050104035
