Model: GRU
MSE: 16.46272494798865
MAE: 3.3428779266498707
EVS: 0.6621304646166881
