Model: GRU
MSE: 13.746674839365445
MAE: 2.898989023985686
EVS: 0.6078505292253116
