Model: GRU
MSE: 15.382998437554386
MAE: 3.4334956804911294
EVS: 0.5932223338534033
