Model: GRU
MSE: 20.051967153369517
MAE: 3.8236437285387956
EVS: 0.595432646054791
