Model: GRU
MSE: 22.208654555995423
MAE: 4.025583373175727
EVS: 0.6377390570173624
