Model: GRU
MSE: 21.32607911251063
MAE: 3.8013071484035916
EVS: 0.47910854254427904
