Model: GRU
MSE: 18.02087780953295
MAE: 3.53018946117825
EVS: 0.5313444555937621
