Model: GRU
MSE: 16.755685126385877
MAE: 3.4469106109054
EVS: 0.5902953838594376
