Model: GRU
MSE: 15.493526034939375
MAE: 3.2256708674960666
EVS: 0.6086259428180518
