Model: GRU
MSE: 16.262108794197747
MAE: 3.2648507312492088
EVS: 0.5289635822757731
