Model: GRU
MSE: 15.829236013170682
MAE: 3.0602147490889937
EVS: 0.5678156003836854
