Model: GRU
MSE: 23.921599542759697
MAE: 4.162981633786802
EVS: 0.4854027849552701
