Model: GRU
MSE: 12.582692627917801
MAE: 2.826313884169967
EVS: 0.6326825946319632
