Model: GRU
MSE: 20.05327844620417
MAE: 3.506926827960544
EVS: 0.5059328563575849
