Model: GRU
MSE: 15.286166475994234
MAE: 3.0263655097396285
EVS: 0.575473194261235
