Model: GRU
MSE: 24.12008234100307
MAE: 3.6539571455546787
EVS: 0.4046838469953653
