Model: GRU
MSE: 16.216959706951187
MAE: 3.3259285732551858
EVS: 0.6521629076457928
