Model: GRU
MSE: 13.368784363037852
MAE: 3.0311151257267706
EVS: 0.6325571314302705
