Model: GRU
MSE: 13.404436907191261
MAE: 2.881613766705548
EVS: 0.6438393986996609
