Model: GRU
MSE: 13.71257808028847
MAE: 2.7859288498207375
EVS: 0.6083003570968124
