Model: GRU
MSE: 18.954346935867495
MAE: 3.5111499009308993
EVS: 0.5360473716190961
