Model: GRU
MSE: 12.525495245215653
MAE: 2.6677781917430736
EVS: 0.6363303022683167
