Model: GRU
MSE: 16.14373612336509
MAE: 3.2169474407478615
EVS: 0.6261893156485143
