Model: GRU
MSE: 17.65122649627761
MAE: 3.3999080304746276
EVS: 0.5511067134420172
