Model: GRU
MSE: 14.021662598637848
MAE: 3.2072708518416793
EVS: 0.6240294607015366
