Model: GRU
MSE: 29.20573013831758
MAE: 4.717294251477277
EVS: 0.4753259709989598
