Model: GRU
MSE: 14.642960035618183
MAE: 2.905413274411802
EVS: 0.6015947359326974
