Model: GRU
MSE: 20.291111187863763
MAE: 3.635803787796586
EVS: 0.5652501589398959
