Model: GRU
MSE: 18.412191818946138
MAE: 3.537611060672336
EVS: 0.5506824782512401
