Model: GRU
MSE: 16.75475224739874
MAE: 3.2421386153609664
EVS: 0.5399306839774771
