Model: GRU
MSE: 19.702188780138478
MAE: 3.8997656680919506
EVS: 0.6251244824945823
