Model: GRU
MSE: 13.632916922347038
MAE: 2.7786497716550476
EVS: 0.6016766811713853
