Model: GRU
MSE: 18.860837649062887
MAE: 3.6318916038230613
EVS: 0.48651004463282
