Model: GRU
MSE: 26.083294653357093
MAE: 4.408042174798471
EVS: 0.402545685527287
