Model: GRU
MSE: 21.557147646170833
MAE: 3.7252501911587186
EVS: 0.4511947183545274
