Model: GRU
MSE: 24.772816065966126
MAE: 4.201555587627269
EVS: 0.5523351484480288
