Model: GRU
MSE: 18.41713692711622
MAE: 3.508833708586516
EVS: 0.6338651618251538
