Model: GRU
MSE: 22.1173795580903
MAE: 3.812416986182884
EVS: 0.5451872794101837
