Model: GRU
MSE: 14.757496904582535
MAE: 2.9209964010450573
EVS: 0.641962462425126
