Model: GRU
MSE: 14.749126029720923
MAE: 3.2340443752430104
EVS: 0.5715705994713176
