Model: GRU
MSE: 3.161908819304702
MAE: 1.412790130685877
EVS: 0.4294631384328721
