Model: GRU
MSE: 2.091174660662192
MAE: 1.0120488625985604
EVS: 0.48598972382282535
