Model: GRU
MSE: 2.8660354838811317
MAE: 1.1216062528115733
EVS: 0.43326234586559687
