Model: GRU
MSE: 2.6335748945982775
MAE: 1.2626306039315682
EVS: 0.5082060420148207
