Model: GRU
MSE: 2.5282823712903557
MAE: 1.1947065106144659
EVS: 0.5005305746546161
