Model: GRU
MSE: 7.928518544844775
MAE: 2.222202195061578
EVS: -0.5571403724421535
