Model: GRU
MSE: 2.195586179659344
MAE: 1.2166411700072113
EVS: 0.44875873773550323
