Model: GRU
MSE: 2.7222939606365433
MAE: 1.1154390617653176
EVS: 0.5117182057263203
