Model: GRU
MSE: 4.645330291826229
MAE: 1.7648530889440466
EVS: 0.47760923690452994
