Model: GRU
MSE: 1188.1334736559772
MAE: 34.33396925749602
EVS: -0.8568022179059891
