Model: GRU
MSE: 3.020573722736625
MAE: 1.2615224255455866
EVS: 0.4117103684761141
