Model: GRU
MSE: 332.24538471250884
MAE: 18.191250341909903
EVS: 0.6543527675738214
