Model: GRU
MSE: 4.661229517387483
MAE: 1.3731456862555609
EVS: -0.11791716907782557
