Model: GRU
MSE: 6.22364045334581
MAE: 1.7187860276963975
EVS: -0.15670432136323353
