Model: GRU
MSE: 5.400075945089806
MAE: 1.3905365807669503
EVS: -0.269876399798854
