Model: GRU
MSE: 11.050156185745502
MAE: 2.8070328576224193
EVS: -0.3661396753584969
