Model: GRU
MSE: 2.7150720099738614
MAE: 1.0683121681213381
EVS: 0.4594831267802334
