Model: GRU
MSE: 5.258420087885145
MAE: 1.8951213933803417
EVS: 0.3199303986450668
