Model: GRU
MSE: 3.4618045239984374
MAE: 1.302883024568911
EVS: 0.2363148970911655
