Model: GRU
MSE: 3.184358464414581
MAE: 1.295419763635706
EVS: 0.4361241681286925
