Model: GRU
MSE: 7.65176097037595
MAE: 2.4292545671816224
EVS: 0.30227252877836
