Model: GRU
MSE: 4.716862749600363
MAE: 1.465414047241211
EVS: 0.0730373330996662
