Model: GRU
MSE: 2.477053025744386
MAE: 1.2266428382308394
EVS: 0.5431247741615625
