Model: GRU
MSE: 2.254823611328911
MAE: 1.0490466400429055
EVS: 0.5522619267663627
