Model: GRU
MSE: 6.330375052566229
MAE: 1.554131066357648
EVS: -0.44727885776218645
