Model: GRU
MSE: 2.4132037338641674
MAE: 1.0935636096530492
EVS: 0.5665705410883675
