Model: GRU
MSE: 3.5307600565404917
MAE: 1.5172714745556866
EVS: 0.4802942811438986
