Model: GRU
MSE: 2.8278178835385175
MAE: 1.2818913283171478
EVS: 0.5751034015571207
