Model: GRU
MSE: 3.230078425886261
MAE: 1.452713136319761
EVS: 0.5514818003623836
