Model: GRU
MSE: 6.048379401267118
MAE: 1.8238361853140372
EVS: -0.0984430049259235
