Model: GRU
MSE: 3.9317910550582247
MAE: 1.3483057022094727
EVS: 0.09570073827549386
