Model: GRU
MSE: 5.088668424460231
MAE: 1.5978517708954987
EVS: -0.10448676776013333
