Model: GRU
MSE: 2.9107655735684794
MAE: 1.1720346344841852
EVS: 0.42916546812448486
