Model: GRU
MSE: 2.724599819730623
MAE: 1.20413930327804
EVS: 0.49930442716701484
