Model: GRU
MSE: 5.915270105138848
MAE: 1.5524076532434534
EVS: -0.1944676553460587
