Model: GRU
MSE: 5.838956827703958
MAE: 2.1253236223150185
EVS: 0.39598208029669946
