Model: GRU
MSE: 3.4849722207105365
MAE: 1.4385623402065701
EVS: 0.451097463973238
