Model: GRU
MSE: 7.208732851173914
MAE: 2.1681758386117442
EVS: -0.3368779934002293
