Model: GRU
MSE: 3.6500993014793033
MAE: 1.3479846936685067
EVS: 0.27879165175103493
