Model: GRU
MSE: 4.24274802320101
MAE: 1.3892007403903537
EVS: -0.015337457590099968
