Model: GRU
MSE: 4.534303920133333
MAE: 1.6984106523019296
EVS: 0.27826895953917363
