Model: GRU
MSE: 3.0599261501618424
MAE: 1.1261715359157987
EVS: 0.390038780861358
