Model: GRU
MSE: 4.101314700137664
MAE: 1.3411716885036893
EVS: 0.1117805131645514
