Model: GRU
MSE: 5.593514698540401
MAE: 1.7261815424318667
EVS: -0.2848294826233082
