Model: GRU
MSE: 3.7736623430835743
MAE: 1.3339979030467846
EVS: 0.24903981563799638
