Model: GRU
MSE: 4.231205951397689
MAE: 1.6443747855998851
EVS: 0.29033691530610717
