Model: GRU
MSE: 2.4821757095093187
MAE: 1.1819782786899145
EVS: 0.5584834395493039
