Model: GRU
MSE: 3.5926283801743213
MAE: 1.3772479869701244
EVS: 0.3078703876038784
