Model: GRU
MSE: 3.8128589637881136
MAE: 1.4837273844966181
EVS: 0.3264962263077439
