Model: GRU
MSE: 6.4745002093998965
MAE: 1.9267831731725622
EVS: -0.40389005504669817
