Model: GRU
MSE: 3.898459366068715
MAE: 1.4468234556692618
EVS: 0.3251444334356006
