Model: GRU
MSE: 2.614913489778086
MAE: 1.1049836300037528
EVS: 0.5037321675187029
