Model: GRU
MSE: 5.56558433853698
MAE: 1.529682300708912
EVS: -0.06984963371878483
