Model: GRU
MSE: 2.9669532731200237
MAE: 1.189603293383563
EVS: 0.4210901973725626
