Model: GRU
MSE: 2.7850067194069505
MAE: 1.1902292481175176
EVS: 0.3816059525248878
