Model: GRU
MSE: 5.820666266047435
MAE: 1.6336333663375289
EVS: -0.1425628727380468
