Model: GRU
MSE: 3.801581526775863
MAE: 1.5899747565940574
EVS: 0.3747664703807174
