Model: GRU
MSE: 2.9795358964380596
MAE: 1.1792067951626248
EVS: 0.41074339207786537
