Model: GRU
MSE: 3.12162857988428
MAE: 1.287132157219781
EVS: 0.3780173469738596
