Model: GRU
MSE: 3.485270045168905
MAE: 1.3698549182326705
EVS: 0.3717108891716582
