Model: GRU
MSE: 8.497119533849611
MAE: 2.5817899527373136
EVS: 0.29402261808920405
