Model: GRU
MSE: 4.588619302746187
MAE: 1.6795377024897822
EVS: 0.27968631411128164
