Model: GRU
MSE: 3.5511583491850924
MAE: 1.4929345802024558
EVS: 0.45494442866601903
