Model: GRU
MSE: 5.212859204798625
MAE: 1.4042585160997179
EVS: -0.26319924142022444
