Model: GRU
MSE: 5.364614591289359
MAE: 1.4280126712940358
EVS: -0.29794608694534674
