Model: GRU
MSE: 3.909050513316301
MAE: 1.328677636605722
EVS: 0.22630894061930507
