Model: GRU
MSE: 1.9527873511219365
MAE: 0.9814173380533854
EVS: 0.5219315038973014
