Model: GRU
MSE: 5.408169711395953
MAE: 1.8492654341238517
EVS: 0.2641781409246954
