Model: GRU
MSE: 3.2191410086820134
MAE: 1.2461053530375164
EVS: 0.4789750962739666
