Model: GRU
MSE: 7.53579589589851
MAE: 1.8776987620762415
EVS: -0.2947627047484864
