Model: GRU
MSE: 6.4694133714560005
MAE: 1.5917780840838398
EVS: -0.15987140861350202
