Model: GRU
MSE: 2.7843155758384683
MAE: 1.1514400994336165
EVS: 0.4448848802494637
