Model: GRU
MSE: 2.7863120087606097
MAE: 1.1807654168870716
EVS: 0.45747191806483134
