Model: GRU
MSE: 3.4465853190195994
MAE: 1.3082432481977675
EVS: 0.3221075489492953
