Model: GRU
MSE: 3.0662956826288106
MAE: 1.190303228519581
EVS: 0.39282016098556316
