Model: GRU
MSE: 3.667175848356442
MAE: 1.5622746061395716
EVS: 0.5646026096353578
