Model: GRU
MSE: 4.380079094031316
MAE: 1.219247817993164
EVS: -0.051809585082886134
