Model: GRU
MSE: 3.951783430153567
MAE: 1.5695214183242232
EVS: 0.45045258745683503
