Model: GRU
MSE: 3.5661887866596804
MAE: 1.3755823417946145
EVS: 0.40015659934593895
