Model: GRU
MSE: 6.779362297542893
MAE: 1.8216293829458732
EVS: -0.2358189593544655
