Model: GRU
MSE: 3.851721492286054
MAE: 1.475578369917693
EVS: 0.27286233808877713
