Model: GRU
MSE: 6.393077240981357
MAE: 1.8087714159930195
EVS: -0.1434293984262911
