Model: GRU
MSE: 7.761287555311793
MAE: 1.8940691418117948
EVS: -0.5029827921725156
