Model: GRU
MSE: 2.740909310947675
MAE: 1.2343920071919758
EVS: 0.2850540665404726
