Model: GRU
MSE: 2.370759591327695
MAE: 1.1266431808471682
EVS: 0.5368406928851489
