Model: GRU
MSE: 3.0085586153300956
MAE: 1.2191522562945332
EVS: 0.47434939777517526
