Model: GRU
MSE: 2.33117349192913
MAE: 1.0826764636569555
EVS: 0.5435604934474262
