Model: GRU
MSE: 4.941860592744461
MAE: 1.7028863783235904
EVS: 0.21483429068273008
