Model: GRU
MSE: 3.76316115818786
MAE: 1.292393649065936
EVS: 0.24976353038888555
