Model: GRU
MSE: 3.0940441308801603
MAE: 1.3075627397607874
EVS: 0.37529266949390505
