Model: GRU
MSE: 7.224500671019375
MAE: 2.2362461354997425
EVS: 0.12214399572138479
