Model: GRU
MSE: 5.962204634802657
MAE: 1.5149709913465712
EVS: -0.2486077887710041
