Model: GRU
MSE: 6.4475923658314125
MAE: 1.6735298721878618
EVS: -0.27473260306893876
