Model: GRU
MSE: 5.801391713644107
MAE: 1.9130745728810628
EVS: 0.14319322470475593
