Model: GRU
MSE: 2.381996053316993
MAE: 1.0553831171106411
EVS: 0.5439290141969839
