Model: GRU
MSE: 4.936472929621069
MAE: 1.5201629570552282
EVS: -0.0867324305565016
