Model: GRU
MSE: 2.9868331614064534
MAE: 1.3430959825162534
EVS: 0.4977773640420824
