Model: GRU
MSE: 2.990777999444459
MAE: 1.2782457228060122
EVS: 0.4292111315913939
