Model: GRU
MSE: 4.268158210391094
MAE: 1.6503253866125036
EVS: 0.48538226189074585
