Model: GRU
MSE: 3.064347612653297
MAE: 1.205304604989511
EVS: 0.3944240565664655
