Model: GRU
MSE: 6.55650342637363
MAE: 1.8823516103956435
EVS: -0.41919337590105665
