Model: GRU
MSE: 5.318734936254528
MAE: 1.415061350221987
EVS: -0.2654305916605644
