Model: GRU
MSE: 5.177816274134666
MAE: 1.293842774850351
EVS: -0.2215570717496731
