Model: GRU
MSE: 3.117872778422
MAE: 1.2453359056402136
EVS: 0.3825742917759267
