Model: GRU
MSE: 2.458217313746782
MAE: 1.1683764634308993
EVS: 0.5400527444778328
