Model: GRU
MSE: 2262.9404648954946
MAE: 47.33967081705729
EVS: -4.306584841329937
