Model: GRU
MSE: 4.6121612787368305
MAE: 1.4308618969387479
EVS: -0.08207733670786044
