Model: GRU
MSE: 5.377569676016349
MAE: 1.553126405786585
EVS: -0.09749394655897481
