Model: GRU
MSE: 5.760065064143346
MAE: 2.0944604961960405
EVS: 0.603435460544995
