Model: GRU
MSE: 7.064268991530404
MAE: 1.905279551233564
EVS: -0.22514591589184252
