Model: GRU
MSE: 2.3877353897958664
MAE: 1.0977176383689597
EVS: 0.3977492527546661
