Model: GRU
MSE: 2.9419702017719294
MAE: 1.326398354989511
EVS: 0.47170723642366574
