Model: GRU
MSE: 66639.31439940339
MAE: 258.1379247594763
EVS: 2.220446049250313e-16
