Model: GRU
MSE: 5.327048793231951
MAE: 1.825279536070647
EVS: 0.2456622266409101
