Model: GRU
MSE: 4.84866469916651
MAE: 1.3505863973072596
EVS: -0.15923957873251715
