Model: GRU
MSE: 4.882965246555917
MAE: 1.5760226426301178
EVS: -0.0765268004428834
