Model: GRU
MSE: 3.2343046984511807
MAE: 1.3216492070092096
EVS: 0.3614587433020041
