Model: GRU
MSE: 4.019180481654493
MAE: 1.4831054122359664
EVS: 0.3179004825802223
