Model: GRU
MSE: 5.243349737957302
MAE: 1.5910268712926794
EVS: -0.17722327152975148
