Model: GRU
MSE: 4.518349298929462
MAE: 1.6143434665821217
EVS: 0.2659073035587399
