Model: GRU
MSE: 2.8175582184733763
MAE: 1.2515960181200947
EVS: 0.4912178998216181
