Model: GRU
MSE: 2.6740950837744117
MAE: 1.1533953878614638
EVS: 0.4856695563469111
