Model: GRU
MSE: 5.025888334226364
MAE: 1.5661599017955639
EVS: -0.1145154997421296
