Model: GRU
MSE: 4.858875094396926
MAE: 1.356994876155147
EVS: -0.17716521841744948
