Model: GRU
MSE: 4.1744629087298435
MAE: 1.4986258877648249
EVS: 0.2635591852816248
