Model: GRU
MSE: 3.6095996308314278
MAE: 1.4862748958446361
EVS: 0.4247912984258707
