Model: GRU
MSE: 4.317838445753467
MAE: 1.7646090807738128
EVS: 0.3838967849092275
