Model: GRU
MSE: 4.387125237923295
MAE: 1.2761857951128925
EVS: -0.028434195197638568
