Model: GRU
MSE: 2.723942201956873
MAE: 1.1538762516445584
EVS: 0.45697491704627924
