Model: GRU
MSE: 5.377639045820119
MAE: 1.6344921500594527
EVS: -0.1586668948159704
