Model: GRU
MSE: 2.6700060382172044
MAE: 1.3374388924351446
EVS: 0.36658058006387273
