Model: GRU
MSE: 2.297549555782427
MAE: 1.1463080335546425
EVS: 0.5900912986081492
