Model: GRU
MSE: 6.369048436231011
MAE: 1.5067697630988226
EVS: -0.4045691555747577
