Model: GRU
MSE: 7.68452136534769
MAE: 1.9942380410653573
EVS: -0.2231243059358421
