Model: GRU
MSE: 111.47792543887806
MAE: 10.361967885935748
EVS: 0.004520697831878251
