Model: GRU
MSE: 6.537227275738873
MAE: 2.22187833432798
EVS: 0.3770948502841637
