Model: GRU
MSE: 6.591912994136717
MAE: 1.928263823191325
EVS: -0.29259317692792375
