Model: GRU
MSE: 4.866969213687399
MAE: 1.2867417512116608
EVS: -0.17006440212435847
