Model: GRU
MSE: 2.8852334126341557
MAE: 1.3737522937633373
EVS: 0.5222884071435918
