Model: GRU
MSE: 3.5766254857476105
MAE: 1.456727804961028
EVS: 0.37335202602241346
