Model: GRU
MSE: 1.9945999500343992
MAE: 1.0769915227536802
EVS: 0.48138831613628175
