Model: GRU
MSE: 3.2117476506327454
MAE: 1.3667555385165744
EVS: 0.48626684787236896
