Model: GRU
MSE: 2.251365336091797
MAE: 1.1291750537024603
EVS: 0.41469000916099774
