Model: GRU
MSE: 2.922771502939137
MAE: 1.2674607700771756
EVS: 0.48098800952813636
