Model: GRU
MSE: 4.471660528485068
MAE: 1.6628352801005046
EVS: 0.394550568584499
