Model: GRU
MSE: 5.552597577709155
MAE: 1.7730416633464672
EVS: 0.11899780226348311
