Model: GRU
MSE: 3.150256694454965
MAE: 1.5174286542115387
EVS: 0.35791570805594153
