Model: GRU
MSE: 4.673868137665969
MAE: 1.3567541793540672
EVS: -0.07572384367201379
