Model: GRU
MSE: 8.514347756365137
MAE: 2.055327449526106
EVS: -0.487853987532866
