Model: GRU
MSE: 5.478614962746501
MAE: 1.7518294034180817
EVS: 0.17513062264901258
