Model: GRU
MSE: 3.8673497109087727
MAE: 1.3468936814202204
EVS: 0.27156173209455015
