Model: GRU
MSE: 3.2285382784541947
MAE: 1.332326818395544
EVS: 0.43619561921441263
