Model: GRU
MSE: 5.296388091089831
MAE: 1.980202692526358
EVS: 0.44595223849662224
