Model: GRU
MSE: 5.314977938836962
MAE: 1.52027251985338
EVS: -0.20119270480070028
