Model: GRU
MSE: 3.234178243203632
MAE: 1.2333126156418412
EVS: 0.43307916225934107
