Model: GRU
MSE: 4.50532238658498
MAE: 1.4592402422869648
EVS: 0.008797388279132234
