Model: GRU
MSE: 2.9647162412682992
MAE: 1.2399815453423395
EVS: 0.4830905234106059
