Model: GRU
MSE: 5.315747414347167
MAE: 1.8248034406591345
EVS: 0.30888335745589857
