Model: GRU
MSE: 5.691853463134302
MAE: 1.2753734588623047
EVS: -0.3238340425690627
