Model: GRU
MSE: 5.275142960832926
MAE: 1.5369050061261211
EVS: -0.1354222256091564
