Model: GRU
MSE: 5.166606935579687
MAE: 1.8802387184566922
EVS: 0.22428938899157214
