Model: GRU
MSE: 16.1278570781838
MAE: 3.4204639505456993
EVS: -0.3969346133065348
