Model: GRU
MSE: 4.222391945089713
MAE: 1.603211102662263
EVS: 0.3258974417995887
