Model: GRU
MSE: 2.918416404714477
MAE: 1.256553190725821
EVS: 0.4926859521628376
