Model: GRU
MSE: 4.775312544725544
MAE: 1.8607127843079743
EVS: 0.4363004045184036
