Model: GRU
MSE: 3.517735048976237
MAE: 1.3967371075241655
EVS: 0.44438903868509894
