Model: GRU
MSE: 5.124897386861356
MAE: 1.9406626842640065
EVS: 0.3993112642015859
