Model: GRU
MSE: 3.015543368436688
MAE: 1.2679932912190754
EVS: 0.44086710354836967
