Model: GRU
MSE: 12175.648848145793
MAE: 110.320595352738
EVS: 0.0
