Model: GRU
MSE: 6.093259979818351
MAE: 2.105586051940918
EVS: 0.5180188886144712
