Model: GRU
MSE: 4.17220636328529
MAE: 1.7587294578552246
EVS: 0.5607837279820098
