Model: GRU
MSE: 2.0390500604505974
MAE: 1.0571837072019223
EVS: 0.4744742276249
