Model: GRU
MSE: 5.020800229121497
MAE: 1.3683826128641765
EVS: -0.19539078859554881
