Model: GRU
MSE: 3.6927938036080437
MAE: 1.368486271964179
EVS: 0.4216671774231463
