Model: GRU
MSE: 5.530605807669451
MAE: 1.4807548522949219
EVS: -0.3397260941367486
