Model: GRU
MSE: 2.468660248187159
MAE: 1.07530004006845
EVS: 0.5239844301177998
