Model: GRU
MSE: 3.9456044684971707
MAE: 1.5432543048152216
EVS: 0.35430912326424713
