Model: GRU
MSE: 5.837814987517833
MAE: 1.3859618328235768
EVS: -0.41460795536616213
