Model: GRU
MSE: 2.6852606134671864
MAE: 1.1377699728365298
EVS: 0.4716811940055299
