Model: GRU
MSE: 3.0367463998290236
MAE: 1.3564691013760037
EVS: 0.5570514172757038
