Model: GRU
MSE: 3.4837690542107405
MAE: 1.285952674018012
EVS: 0.30745851669133284
