Model: GRU
MSE: 4.849013809585476
MAE: 1.2380629645453558
EVS: -0.15415768734181623
