Model: GRU
MSE: 6.0168117922121045
MAE: 1.5193231017501265
EVS: -0.43870045834579163
