Model: GRU
MSE: 5.07702310955883
MAE: 1.5842313943085846
EVS: 0.14291251462978527
