Model: GRU
MSE: 5.887920972542513
MAE: 1.9019525316026475
EVS: 0.21399697286660835
