Model: GRU
MSE: 2.6670640796510017
MAE: 1.2033123263606318
EVS: 0.4780791781977167
