Model: GRU
MSE: 2.6720047376394613
MAE: 1.1264722612169054
EVS: 0.3841231458239146
