Model: GRU
MSE: 118.84176439172333
MAE: 10.680416233009762
EVS: -0.15614201061488897
