Model: GRU
MSE: 4.937619657400125
MAE: 1.58955247313888
EVS: -0.09005038523933018
