Model: GRU
MSE: 5.1044306527121615
MAE: 1.3909248069480613
EVS: -0.17931776010132294
