Model: GRU
MSE: 2.9512631566844654
MAE: 1.3946062547189217
EVS: 0.5054573471749919
