Model: GRU
MSE: 2.7767953480200274
MAE: 1.2510601502877694
EVS: 0.49458346208232373
