Model: GRU
MSE: 2.855483402908211
MAE: 1.114039597687898
EVS: 0.43080219679114207
