Model: GRU
MSE: 7.662999198694344
MAE: 1.867553092815258
EVS: -0.40312673936560905
