Model: GRU
MSE: 6.390900203071034
MAE: 1.5375761632566098
EVS: -0.3799762285101087
