Model: GRU
MSE: 4.860227272155583
MAE: 1.8816568586561415
EVS: 0.47869085396074806
