Model: GRU
MSE: 6.4953918010331915
MAE: 1.5914373044614438
EVS: -0.34173530708565547
