Model: GRU
MSE: 5.736205442978913
MAE: 1.9301101896497939
EVS: 0.008496698030666994
