Model: GRU
MSE: 4.694689852507736
MAE: 1.303382326055456
EVS: -0.1307877202061889
