Model: GRU
MSE: 2.9131523333993905
MAE: 1.1798527152449998
EVS: 0.41982917765660954
