Model: GRU
MSE: 7.744121756206015
MAE: 2.2667868578875505
EVS: -0.17479935146947034
