Model: GRU
MSE: 2.8052209872683953
MAE: 1.2047505908542209
EVS: 0.47162072712588154
