Model: GRU
MSE: 2.714100455097701
MAE: 1.1588193045722115
EVS: 0.45892204060139496
