Model: GRU
MSE: 2.751195508459535
MAE: 1.1230427159203424
EVS: 0.45150688850917076
