Model: GRU
MSE: 2.8104817132784965
MAE: 1.1886975412015561
EVS: 0.4650734779633886
