Model: GRU
MSE: 3.218749701077069
MAE: 1.2683556433077212
EVS: 0.36497789694046934
