Model: GRU
MSE: 4.814618488438997
MAE: 1.8906308280097113
EVS: 0.3250344568423005
