Model: GRU
MSE: 2.754823825140513
MAE: 1.1183239265724465
EVS: 0.45547337904777996
