Model: GRU
MSE: 2.8369390744033574
MAE: 1.1356617609659831
EVS: 0.43663298614350965
