Model: GRU
MSE: 2.3733011899395966
MAE: 1.0462722778320315
EVS: 0.5462347001938848
