Model: GRU
MSE: 6.609441845158177
MAE: 1.618248497998273
EVS: -0.39953655909730523
