Model: GRU
MSE: 3.1586617680071516
MAE: 1.3346860850298847
EVS: 0.4796443358213267
