Model: GRU
MSE: 5.623634130097242
MAE: 1.4930020438300238
EVS: -0.35567645571334205
