Model: GRU
MSE: 6.132488516217706
MAE: 2.0430037710401745
EVS: -0.025263162807565465
