Model: GRU
MSE: 4.168367219263364
MAE: 1.4530822082802102
EVS: 0.2771018531648929
