Model: GRU
MSE: 2.465974908391102
MAE: 1.2369007975966841
EVS: 0.5937607114572536
