Model: GRU
MSE: 5.0500715473890185
MAE: 1.4040619885479961
EVS: -0.17131787370389207
