Model: GRU
MSE: 6.673076457467762
MAE: 1.5746042993333604
EVS: -0.6171202804286013
