Model: GRU
MSE: 7.741229622709667
MAE: 2.0998288966991283
EVS: -0.11421117918015766
