Model: GRU
MSE: 3.952451628945375
MAE: 1.434495140005041
EVS: 0.326305131452311
