Model: GRU
MSE: 3.460078913894365
MAE: 1.3652110629611545
EVS: 0.3508530205153143
