Model: GRU
MSE: 5.927784233647226
MAE: 1.749229113260905
EVS: -0.3246657700946498
