Model: GRU
MSE: 5.380023657292743
MAE: 2.0393128571686923
EVS: 0.38710829024348214
