Model: GRU
MSE: 3.3096875716530834
MAE: 1.4050917095608182
EVS: 0.4586826040008747
