Model: GRU
MSE: 4.3613035372104525
MAE: 1.6567781413042988
EVS: 0.3807479760121162
