Model: GRU
MSE: 2.9319747071820497
MAE: 1.228144433763292
EVS: 0.41639216879206264
