Model: GRU
MSE: 1.921765547576928
MAE: 1.1822328744111237
EVS: 0.5542220860217792
