Model: GRU
MSE: 3.006261653311396
MAE: 1.3057561450534396
EVS: 0.44085956960400163
