Model: GRU
MSE: 4.38869710218221
MAE: 1.499186356862386
EVS: 0.33583323371102103
