Model: GRU
MSE: 27503.091646414552
MAE: 165.82544001826534
EVS: 0.0
