Model: GRU
MSE: 13.553733905386858
MAE: 3.142229927910699
EVS: -0.39290460426630736
