Model: GRU
MSE: 2.8062106580349604
MAE: 1.1106600761413576
EVS: 0.44205530409974003
