Model: GRU
MSE: 25483.161217060355
MAE: 159.62153682002315
EVS: 2.220446049250313e-16
