Model: GRU
MSE: 3.0207414673326873
MAE: 1.2111250559488933
EVS: 0.3977033544287628
