Model: GRU
MSE: 8.565673431159802
MAE: 2.1992005242241754
EVS: -0.08671431390781215
