Model: GRU
MSE: 2.878647252765749
MAE: 1.2954634383872703
EVS: 0.5331618781615
