Model: GRU
MSE: 6.69640080668653
MAE: 2.274947413691768
EVS: 0.34375672601162655
