Model: GRU
MSE: 2.566250543193839
MAE: 1.0868984328375924
EVS: 0.4883826030737556
