Model: GRU
MSE: 3.041058407547982
MAE: 1.2172451549106174
EVS: 0.4047215427546247
