Model: GRU
MSE: 3.305695380176735
MAE: 1.362454723428797
EVS: 0.3676753597430117
