Model: GRU
MSE: 4.988274358900509
MAE: 1.3673646361739547
EVS: -0.20848178581516597
