Model: GRU
MSE: 3.074166890193485
MAE: 1.2111715387415003
EVS: 0.4215927902359171
