Model: GRU
MSE: 4.388528454426183
MAE: 1.7429810629950628
EVS: 0.3675995381183177
