Model: GRU
MSE: 1.8885232319054286
MAE: 1.211037317911784
EVS: 0.5465109427574271
