Model: GRU
MSE: 4.80747399696361
MAE: 1.6722091480537697
EVS: 0.3410263248272527
