Model: GRU
MSE: 1.8412604249479978
MAE: 1.0120367297419794
EVS: 0.5233167530040294
