Model: GRU
MSE: 3.125619556541972
MAE: 1.369349409032751
EVS: 0.49115066208514535
