Model: GRU
MSE: 3.741047779924134
MAE: 1.5159736386051885
EVS: 0.3492392267990656
