Model: GRU
MSE: 6.501785437461009
MAE: 1.7679115754586678
EVS: -0.5242560176366824
