Model: GRU
MSE: 4.744865220477424
MAE: 1.807234110655608
EVS: 0.38588431302768
