Model: GRU
MSE: 2.416804081092635
MAE: 1.0679753444812918
EVS: 0.519443061208261
