Model: GRU
MSE: 4.227912069307542
MAE: 1.6489107608795166
EVS: 0.3148759665163434
