Model: GRU
MSE: 3.2317304273070664
MAE: 1.2359509821291323
EVS: 0.2363100621399109
