Model: GRU
MSE: 11.815793905468025
MAE: 2.951738640114113
EVS: -0.022955984390481854
