Model: GRU
MSE: 2.9458072107928794
MAE: 1.2444186210632324
EVS: 0.47118706074550787
