Model: GRU
MSE: 3.889207864424104
MAE: 1.6550426836367007
EVS: 0.642064556747318
