Model: GRU
MSE: 3.0633708997287092
MAE: 1.3038127510635942
EVS: 0.49832091428178915
