Model: GRU
MSE: 2.629300802828154
MAE: 1.0830113004755093
EVS: 0.5266874681700001
