Model: GRU
MSE: 5.389115258905332
MAE: 1.6671846884268302
EVS: -0.05028951827772965
