Model: GRU
MSE: 5.878317917356408
MAE: 1.83530440153899
EVS: 0.13562070936747317
