Model: GRU
MSE: 3.7673103857618604
MAE: 1.4555445953651711
EVS: 0.28704313690570415
