Model: GRU
MSE: 2.4626604127294947
MAE: 1.0510999185067638
EVS: 0.5246218029000634
