Model: GRU
MSE: 4.340233288074025
MAE: 1.3117234971788194
EVS: -0.008351068063289224
