Model: GRU
MSE: 5619.048664499609
MAE: 74.93396900318287
EVS: 0.04295631160045055
