Model: GRU
MSE: 3538.8386517000267
MAE: 59.40458947640878
EVS: -0.980702738484827
