Model: GRU
MSE: 2.3721626181890465
MAE: 1.1632137475190338
EVS: 0.3836573532507165
