Model: GRU
MSE: 5.917395841353373
MAE: 1.401139912781892
EVS: -0.3344932969834411
