Model: GRU
MSE: 2.5919687674662346
MAE: 1.127485239947284
EVS: 0.5105160924792658
