Model: GRU
MSE: 2.809192734377628
MAE: 1.137969626320733
EVS: 0.3281881486117958
