Model: GRU
MSE: 3.7924306774092305
MAE: 1.595410082075331
EVS: 0.4387678833693277
