Model: GRU
MSE: 3.0993795824895356
MAE: 1.2742149388348614
EVS: 0.4135593521557145
