Model: GRU
MSE: 2.7513447648489344
MAE: 1.1170315742492678
EVS: 0.4559589912567079
