Model: GRU
MSE: 8.334465492914854
MAE: 2.497212462955051
EVS: 0.29456242688841117
