Model: GRU
MSE: 7.534089734430423
MAE: 2.366001005525942
EVS: 0.2173414257907601
