Model: GRU
MSE: 2.928583213537035
MAE: 1.163784874810113
EVS: 0.4395809834008083
