Model: GRU
MSE: 5.923712233647511
MAE: 2.068705859007659
EVS: 0.41658245505285996
