Model: GRU
MSE: 2.399014252943853
MAE: 1.0108064192312736
EVS: 0.5220998689402598
