Model: GRU
MSE: 4.6414146146821285
MAE: 1.6061731267858435
EVS: 0.22425239298967092
