Model: GRU
MSE: 8.033871038288916
MAE: 1.8907563856669836
EVS: -0.8717189568353789
