Model: GRU
MSE: 2.2597988845522687
MAE: 1.0009648888199418
EVS: 0.5494180198567753
