Model: GRU
MSE: 4.565123496403776
MAE: 1.7292337240996185
EVS: 0.3255809655339713
