Model: GRU
MSE: 2.99175996648269
MAE: 1.2396225222834834
EVS: 0.42777856918538226
