Model: GRU
MSE: 6.194183393770792
MAE: 1.9687920499730993
EVS: -0.2756773309531
