Model: GRU
MSE: 4.790254342296462
MAE: 1.8437433419404206
EVS: 0.36016855559293104
