Model: GRU
MSE: 9.507148981448289
MAE: 2.6729616589016385
EVS: 0.20926307137905065
