Model: GRU
MSE: 4.765069394967828
MAE: 1.3572374096623174
EVS: -0.10392574528564213
