Model: GRU
MSE: 2.320657737472394
MAE: 1.0185111010516132
EVS: 0.5373540714314523
