Model: GRU
MSE: 100.72422666631577
MAE: 9.760039316283333
EVS: -0.08988275841362792
