Model: GRU
MSE: 2.335729975189191
MAE: 1.0819523069593642
EVS: 0.5363576573208431
