Model: GRU
MSE: 3.161236422279369
MAE: 1.3456043314050745
EVS: 0.41406197816307655
