Model: GRU
MSE: 5.512821141300845
MAE: 1.4303424799883808
EVS: -0.23981808619517153
