Model: GRU
MSE: 2.942744656750453
MAE: 1.224204460779826
EVS: 0.4276005551385037
