Model: GRU
MSE: 5.073393339805132
MAE: 1.909084717432658
EVS: 0.4362535131690125
