Model: GRU
MSE: 3.097270059971455
MAE: 1.276586408968325
EVS: 0.3866808074438268
