Model: GRU
MSE: 3.657891856428604
MAE: 1.3049431906806097
EVS: 0.27285662530429333
