Model: GRU
MSE: 3.3562317322148467
MAE: 1.5840546113473397
EVS: 0.5240508746471715
