Model: GRU
MSE: 7.2045259114831035
MAE: 1.6246002868369773
EVS: -0.4537773204799713
