Model: GRU
MSE: 3.637563664974172
MAE: 1.5374318405433938
EVS: 0.4708983757203634
