Model: GRU
MSE: 8.263085619240705
MAE: 2.5791771676805286
EVS: 0.25992829960961616
