Model: GRU
MSE: 3.487604086536606
MAE: 1.332154874448423
EVS: 0.30465523078200385
