Model: GRU
MSE: 709.094033871992
MAE: 26.50311243975604
EVS: -0.3317938445842499
