Model: GRU
MSE: 3.557005984719086
MAE: 1.3629201341558386
EVS: 0.30498080296707253
