Model: GRU
MSE: 2.7795860982040117
MAE: 1.1723537091855651
EVS: 0.44873888241309245
