Model: GRU
MSE: 3.6432823972023423
MAE: 1.2221045582382768
EVS: 0.3037908109572933
