Model: GRU
MSE: 4.880293053641295
MAE: 1.3711817176253707
EVS: -0.17733202185328456
