Model: GRU
MSE: 1.8647057712588595
MAE: 1.0965151963410553
EVS: 0.5198085795536532
