Model: GRU
MSE: 3.084286089899759
MAE: 1.2478824456532795
EVS: 0.41444992402326275
