Model: GRU
MSE: 3.906599785262923
MAE: 1.5845623811086018
EVS: 0.45605697529254274
