Model: GRU
MSE: 5.762566012070507
MAE: 1.6092245313856337
EVS: -0.2483963230495061
