Model: GRU
MSE: 3.357928652620282
MAE: 1.2989857373414215
EVS: 0.3621880092542459
