Model: GRU
MSE: 1469.4111625394842
MAE: 38.264746206778064
EVS: -0.3630525204453652
