Model: GRU
MSE: 3.4369286456848704
MAE: 1.356254842546251
EVS: 0.37582443874269644
