Model: GRU
MSE: 4.485191518113804
MAE: 1.4341059260898166
EVS: -0.022861734057699534
