Model: GRU
MSE: 5.783666107849041
MAE: 2.0603388680352106
EVS: 0.4663049257886822
