Model: GRU
MSE: 3.025796618538944
MAE: 1.3125633663601346
EVS: 0.4469734396289534
