Model: GRU
MSE: 5.3154346646089214
MAE: 1.94359294573466
EVS: 0.5426205452939936
