Model: GRU
MSE: 2.9542044126804763
MAE: 1.1939612494574652
EVS: 0.4301132950490142
