Model: GRU
MSE: 3.1103050546704023
MAE: 1.520353529188368
EVS: 0.29735960780651605
