Model: GRU
MSE: 4.902014496260866
MAE: 1.362830056084527
EVS: -0.18579877926679167
