Model: GRU
MSE: 120.34107128504526
MAE: 10.77310505935124
EVS: -0.04499454344245346
