Model: GRU
MSE: 2.663218686138407
MAE: 1.1266150651154696
EVS: 0.49236931802280615
