Model: GRU
MSE: 7.18419545026245
MAE: 1.7851935845834237
EVS: -0.17361950767040413
