Model: GRU
MSE: 5.197558499382492
MAE: 1.7350097762213812
EVS: 0.19640387482072008
