Model: GRU
MSE: 3.8715804215888485
MAE: 1.4984134744714808
EVS: 0.2623421333608955
