Model: GRU
MSE: 6.004734087023019
MAE: 2.082441065046522
EVS: 0.21755358683599446
