Model: GRU
MSE: 5.130387902812766
MAE: 1.7649465490270544
EVS: -0.08303460055190337
