Model: GRU
MSE: 5.052407555392043
MAE: 1.565198302268982
EVS: -0.18980227852225862
