Model: GRU
MSE: 4.330617997122284
MAE: 1.586829044200756
EVS: 0.3605289112346559
