Model: GRU
MSE: 2.709158605320547
MAE: 1.3059185169361256
EVS: 0.30315441924934894
