Model: GRU
MSE: 3.076548740212359
MAE: 1.2570470174153645
EVS: 0.4336885187331566
