Model: GRU
MSE: 2.9566731198941163
MAE: 1.3001536793178983
EVS: 0.499962212864387
