Model: GRU
MSE: 4.337197655788892
MAE: 1.5371898103643347
EVS: 0.18473468569905926
