Model: GRU
MSE: 5.227233428104177
MAE: 1.7525182653356481
EVS: 0.18508919330774176
