Model: GRU
MSE: 2.6888796891825546
MAE: 1.2368682048938893
EVS: 0.5591227123173226
