Model: GRU
MSE: 3.3124929326726638
MAE: 1.409953205673783
EVS: 0.35319733623948735
