Model: GRU
MSE: 1.8488954144411567
MAE: 0.9652572207980685
EVS: 0.5410865240358038
