Model: GRU
MSE: 6.454286125367936
MAE: 1.993760108947754
EVS: 0.0024317682793806306
