Model: GRU
MSE: 4.379444797080943
MAE: 1.3928832124780726
EVS: -0.05830832478258152
