Model: GRU
MSE: 3.2323379204692375
MAE: 1.2147856465092413
EVS: 0.37782226125107543
