Model: GRU
MSE: 2.9641335632942107
MAE: 1.2171176627830222
EVS: 0.40937842673866354
