Model: GRU
MSE: 3.2385722798674657
MAE: 1.3900975916120741
EVS: 0.4306951569573737
