Model: GRU
MSE: 3.2608940020131003
MAE: 1.2869403185667816
EVS: 0.35028441947047984
