Model: GRU
MSE: 2.8358569785146206
MAE: 1.1406830769998058
EVS: 0.4381569115915044
