Model: GRU
MSE: 5.8487703914374665
MAE: 1.5599628024631076
EVS: -0.3310260724649501
