Model: GRU
MSE: 2.4126101157941133
MAE: 1.1327338748508031
EVS: 0.5587537550087844
