Model: GRU
MSE: 6.118550326003667
MAE: 1.6558343746044017
EVS: -0.2642771897534504
