Model: GRU
MSE: 1.909540429952788
MAE: 1.1058348726343226
EVS: 0.5390783097219367
