Model: GRU
MSE: 3.67507556325842
MAE: 1.6069011511626068
EVS: 0.5354152403188959
