Model: GRU
MSE: 2.885732818380836
MAE: 1.189414872063531
EVS: 0.44084258657214126
