Model: GRU
MSE: 2.8636091622242867
MAE: 1.1854885860725686
EVS: 0.43520203078320996
