Model: GRU
MSE: 3.3878043089676138
MAE: 1.3453483404936615
EVS: 0.39546117276674375
