Model: GRU
MSE: 2.6830066082009827
MAE: 1.1189387021241366
EVS: 0.4657741207487187
