Model: GRU
MSE: 5.794620554155212
MAE: 1.6066711630140031
EVS: -0.2515235164527916
