Model: GRU
MSE: 6.991462895283778
MAE: 1.667495886484782
EVS: -0.3882332502820143
