Model: GRU
MSE: 4.002824637533517
MAE: 1.5418955396722864
EVS: 0.3263805471587433
