Model: GRU
MSE: 4.668825288071015
MAE: 1.882239747930456
EVS: 0.55661703254941
