Model: GRU
MSE: 5.6751361236926
MAE: 1.2910502398455586
EVS: -0.34228716948751536
