Model: GRU
MSE: 3.875101685330618
MAE: 1.4639029679475006
EVS: 0.3292366644415031
