Model: GRU
MSE: 3.1079440100463
MAE: 1.3295145564609103
EVS: 0.5350005524438861
