Model: GRU
MSE: 3.362325406798299
MAE: 1.4110767753035933
EVS: 0.4610833077912211
