Model: GRU
MSE: 4.4647816464120025
MAE: 1.5306595343130607
EVS: 0.30217294036255904
