Model: GRU
MSE: 3.787675464820773
MAE: 1.3794038384049028
EVS: 0.27674883600341604
