Model: GRU
MSE: 3.4304429227151108
MAE: 1.4011773621594463
EVS: 0.33808250667768447
