Model: GRU
MSE: 4.359132696156781
MAE: 1.3198414555302374
EVS: -0.04223210689741319
