Model: GRU
MSE: 4.9045715389148885
MAE: 1.8255174866429082
EVS: 0.45253700138979613
