Model: GRU
MSE: 3.399927856209769
MAE: 1.3619207894360577
EVS: 0.36179601599456124
