Model: GRU
MSE: 5.956223066575384
MAE: 1.4891868167453342
EVS: -0.2943893642440767
