Model: GRU
MSE: 115.74292547028037
MAE: 10.573342499909577
EVS: 0.04334409688594487
