Model: GRU
MSE: 5.727275227002683
MAE: 1.7665216834456832
EVS: -0.23868589429609433
