Model: GRU
MSE: 7.154410305844614
MAE: 2.3483709935788757
EVS: 0.3807251061056419
