Model: GRU
MSE: 5.454067873855307
MAE: 1.8447280636540166
EVS: 0.024484766779120815
