Model: GRU
MSE: 4.585411004260988
MAE: 1.4785919189453125
EVS: 0.0864647405635739
