Model: GRU
MSE: 2.871785799715579
MAE: 1.2035696594803422
EVS: 0.43331579198747094
