Model: GRU
MSE: 3.5587260703477286
MAE: 1.3342760139041476
EVS: 0.3426410331684646
