Model: GRU
MSE: 2.4196698917072457
MAE: 1.1852491520069264
EVS: 0.4388166219111439
