Model: GRU
MSE: 5.9374495188735805
MAE: 1.4128926595052083
EVS: -0.42869892018455236
