Model: GRU
MSE: 3.540217482395629
MAE: 1.2802772521972656
EVS: 0.3066406769300841
