Model: GRU
MSE: 3.544637211122201
MAE: 1.2876819681238245
EVS: 0.36939881975414324
