Model: GRU
MSE: 9.605619379891458
MAE: 2.7375524662159108
EVS: 0.2336119740679694
