Model: GRU
MSE: 4.991453733591959
MAE: 1.3307377673961498
EVS: -0.1971996283892008
