Model: GRU
MSE: 5.406125450848036
MAE: 1.3723890516493056
EVS: -0.22215894093463562
