Model: GRU
MSE: 2.661722932967063
MAE: 1.1308089185644081
EVS: 0.4695829314981199
