Model: GRU
MSE: 2.746221045770536
MAE: 1.313332169144242
EVS: 0.5377814423581007
