Model: GRU
MSE: 5.321479975297094
MAE: 1.9714287651909723
EVS: 0.32797829953208735
