Model: GRU
MSE: 5.901559675893867
MAE: 1.4441253344217937
EVS: -0.42775637878716877
