Model: GRU
MSE: 5.986981163442276
MAE: 1.8490445172345196
EVS: -0.06522429521321649
