Model: GRU
MSE: 5.177864056885507
MAE: 1.8740600833186396
EVS: 0.2942930838303377
