Model: GRU
MSE: 3.8999440678564636
MAE: 1.4743168883853488
EVS: 0.3328670400150555
