Model: GRU
MSE: 3.87284621011961
MAE: 1.5695990368171975
EVS: 0.5238675665828463
