Model: GRU
MSE: 5.290164880956649
MAE: 1.5454870506569192
EVS: -0.25818534051667963
