Model: GRU
MSE: 2.9606689519418303
MAE: 1.1583998291580766
EVS: 0.41069813434505575
