Model: GRU
MSE: 4.8202034917439285
MAE: 1.3582991847285517
EVS: -0.14614801312064074
