Model: GRU
MSE: 2.8302144920972956
MAE: 1.1466971591666895
EVS: 0.4360181718541507
