Model: GRU
MSE: 3.0568447308336215
MAE: 1.306424891507184
EVS: 0.45251051207216186
