Model: GRU
MSE: 2.9427229279459444
MAE: 1.1723502300403739
EVS: 0.429184934196556
