Model: GRU
MSE: 2.578939860830581
MAE: 1.0807032496840865
EVS: 0.393145674583372
