Model: GRU
MSE: 5.019290659179812
MAE: 1.7006174370094582
EVS: 0.0
