Model: GRU
MSE: 4.540975211585261
MAE: 1.6128639733349834
EVS: 0.2751118150329753
