Model: GRU
MSE: 3.448705595886336
MAE: 1.475541114807129
EVS: 0.5323262351514475
