Model: GRU
MSE: 2.838171628969593
MAE: 1.1703820051970306
EVS: 0.43617797566935734
