Model: GRU
MSE: 3.526141963349786
MAE: 1.3584150296670419
EVS: 0.3814017412500189
