Model: GRU
MSE: 4.930914809898678
MAE: 1.4049406051635742
EVS: -0.17726431237702078
