Model: GRU
MSE: 3.121967319761384
MAE: 1.2745282208478008
EVS: 0.43017418620520553
