Model: GRU
MSE: 14.177941838399764
MAE: 3.1381180904529713
EVS: -0.4124264680847618
