Model: GRU
MSE: 3.686426077453504
MAE: 1.5570225539030853
EVS: 0.5201244368954614
