Model: GRU
MSE: 4.035210756962307
MAE: 1.4548946309972692
EVS: 0.3101746528015945
