Model: GRU
MSE: 3.312313409124156
MAE: 1.3146217399173312
EVS: 0.34262178329286663
