Model: GRU
MSE: 3.2464830003319842
MAE: 1.1955504858935322
EVS: 0.3661959478080996
