Model: GRU
MSE: 3.3382510593751924
MAE: 1.3677387943974249
EVS: 0.42405942638177685
