Model: GRU
MSE: 2.51069421352554
MAE: 1.1125284654122813
EVS: 0.5147469034746044
