Model: GRU
MSE: 3.5640028727397697
MAE: 1.0932949913872614
EVS: 0.136322439695707
