Model: GRU
MSE: 4.7313731427413535
MAE: 1.804930775253861
EVS: 0.3722447594029371
