Model: GRU
MSE: 4.350085174353061
MAE: 1.475404041784781
EVS: 0.2064451475022162
