Model: GRU
MSE: 4.614915520899533
MAE: 1.7639117240905762
EVS: 0.4860826796269053
