Model: GRU
MSE: 2.5357654864032315
MAE: 1.0499558802004214
EVS: 0.515473460769182
