Model: GRU
MSE: 5.875489659496302
MAE: 2.0563591144703053
EVS: 0.4435054488362754
