Model: GRU
MSE: 5.454001402205508
MAE: 1.467681301964654
EVS: -0.253868554867263
