Model: GRU
MSE: 2.7238787389262513
MAE: 1.1000811258951824
EVS: 0.4571312808186312
