Model: GRU
MSE: 3.647759750830439
MAE: 1.4284158636022497
EVS: 0.34173631830766504
