Model: GRU
MSE: 3.2304618099028124
MAE: 1.2204209080448858
EVS: 0.3600368645299715
