Model: GRU
MSE: 3.0786715768231856
MAE: 1.2651829013118037
EVS: 0.386228654306787
