Model: GRU
MSE: 2.5446379835323034
MAE: 1.1688343330665871
EVS: 0.5046329446148679
