Model: GRU
MSE: 3.694256110962737
MAE: 1.3249160625316478
EVS: 0.3013297710751991
