Model: GRU
MSE: 10.604017790465369
MAE: 2.8094813382184065
EVS: 0.08908862215782076
