Model: GRU
MSE: 251.2674821183382
MAE: 15.699625509756583
EVS: 0.045033734026964756
