Model: GRU
MSE: 5.521694999004239
MAE: 1.8385106369301125
EVS: -0.06996600653798679
