Model: GRU
MSE: 4.600380878099688
MAE: 1.409151730714021
EVS: -0.05962508737254324
