Model: GRU
MSE: 2.5729207524515196
MAE: 1.1169048768502696
EVS: 0.4892275451487561
