Model: GRU
MSE: 2.107124710040622
MAE: 1.1531871159871419
EVS: 0.5157246758720977
