Model: GRU
MSE: 4.043277003842828
MAE: 1.5163459248012967
EVS: 0.28709725755545323
