Model: GRU
MSE: 4.536934986981544
MAE: 1.272960274307816
EVS: -0.09855908514585154
