Model: GRU
MSE: 3.0235752034912333
MAE: 1.2606823532669633
EVS: 0.466300182331828
