Model: GRU
MSE: 3.267007869129659
MAE: 1.3001821394319888
EVS: 0.4032474532453718
