Model: GRU
MSE: 2.1419883536492264
MAE: 0.9905219342973498
EVS: 0.5810393114503656
