Model: GRU
MSE: 3.008766877316694
MAE: 1.2079471835383662
EVS: 0.4490625280908144
