Model: GRU
MSE: 2.150425724834931
MAE: 1.1052876048617892
EVS: 0.43918862670364744
