Model: GRU
MSE: 2.966478469449621
MAE: 1.331160139154505
EVS: 0.5266596570829437
