Model: GRU
MSE: 3.2362743685669866
MAE: 1.4359653967398185
EVS: 0.5158584859872786
