Model: GRU
MSE: 5.870459079870805
MAE: 1.7458182087651006
EVS: -0.12939881742262083
