Model: GRU
MSE: 5.656707748510371
MAE: 1.525603665245904
EVS: -0.14421486480118872
