Model: GRU
MSE: 3.394991542403283
MAE: 1.4037427813918502
EVS: 0.4196957579160808
