Model: GRU
MSE: 3.1796449073612063
MAE: 1.2584352140073423
EVS: 0.3665332906469351
