Model: GRU
MSE: 4.538655805250603
MAE: 1.7580475453977231
EVS: 0.4338715514160002
