Model: GRU
MSE: 2.59745249809968
MAE: 1.1005270746019153
EVS: 0.49671444115383223
