Model: GRU
MSE: 2.721570285204878
MAE: 1.1243695506343137
EVS: 0.45806228983564423
