Model: GRU
MSE: 6.8943157482700475
MAE: 2.1864745175396956
EVS: 0.1397816897058901
