Model: GRU
MSE: 3.696111184672983
MAE: 1.6419220677128545
EVS: 0.5700044468341526
