Model: GRU
MSE: 3.0261715872311137
MAE: 1.3395623454341181
EVS: 0.47817943962187404
