Model: GRU
MSE: 2.9677150119730413
MAE: 1.1656274618925873
EVS: 0.4154640922362751
