Model: GRU
MSE: 3.4836289400202642
MAE: 1.3116108841366239
EVS: 0.3401446395127109
