Model: GRU
MSE: 3.329766468191506
MAE: 1.3396602913185403
EVS: 0.344759570084727
