Model: GRU
MSE: 3.295764120154405
MAE: 1.2421747048695881
EVS: 0.34443918397492235
