Model: GRU
MSE: 3.418086486118213
MAE: 1.4922120571136475
EVS: 0.46446860397590006
