Model: GRU
MSE: 2.8178568604713314
MAE: 1.3287880332381636
EVS: 0.5643529544115462
