Model: GRU
MSE: 8.797090383458622
MAE: 2.1524340311686196
EVS: -0.47265897863442063
