Model: GRU
MSE: 3.0848800961103926
MAE: 1.3315574328104656
EVS: 0.5521327789049538
