Model: GRU
MSE: 8.722221944448005
MAE: 2.562243073074906
EVS: 0.2300616665887294
