Model: GRU
MSE: 3.5396931596528534
MAE: 1.3117941397207755
EVS: 0.2946856790616733
