Model: GRU
MSE: 4.684284083669168
MAE: 1.2118905738547996
EVS: -0.13523978547653037
