Model: GRU
MSE: 4.0971131462145305
MAE: 1.497723349818477
EVS: 0.3045506166224544
