Model: GRU
MSE: 2.5716964426353996
MAE: 1.305415436073586
EVS: 0.362672218104089
