Model: GRU
MSE: 2.8264571357017982
MAE: 1.202617433336046
EVS: 0.4534033234007362
