Model: GRU
MSE: 5.658693347813091
MAE: 1.552712634757713
EVS: -0.2361889988521535
