Model: GRU
MSE: 2.9039157042154953
MAE: 1.2130558049237286
EVS: 0.4069248566623319
