Model: GRU
MSE: 7.055820943030312
MAE: 1.6864978825604473
EVS: -0.7049741626007804
