Model: GRU
MSE: 3.762975631532047
MAE: 1.529085053337945
EVS: 0.4321069884624146
