Model: GRU
MSE: 3.2804941705370747
MAE: 1.279172703071877
EVS: 0.4168738224426227
