Model: GRU
MSE: 3.0680438828664034
MAE: 1.2947191838864927
EVS: 0.3894229305553729
