Model: GRU
MSE: 3.7453442632901517
MAE: 1.4703597845854584
EVS: 0.47368252458610594
