Model: GRU
MSE: 6.471832930317322
MAE: 1.613343945255986
EVS: -0.37338639926483363
