Model: GRU
MSE: 5.249564009479475
MAE: 1.411700442985252
EVS: -0.27212528668757385
