Model: GRU
MSE: 6.169833029134595
MAE: 2.1238880157470703
EVS: 0.2870460641131318
