Model: GRU
MSE: 3.252586480520637
MAE: 1.3613534061997026
EVS: 0.4351716324725976
