Model: GRU
MSE: 4.619594818038557
MAE: 1.704080793592665
EVS: 0.38839851083000776
