Model: GRU
MSE: 5.555116156729877
MAE: 1.8106326527065701
EVS: -0.1222942446206623
