Model: GRU
MSE: 3.8860015874350116
MAE: 1.4369384359430384
EVS: 0.329916120925957
