Model: GRU
MSE: 2.7771714428126306
MAE: 1.1467334870938903
EVS: 0.4512779648822086
