Model: GRU
MSE: 4.4236720147406166
MAE: 1.4320656811749493
EVS: 0.18034612378353887
