Model: GRU
MSE: 2.4617828796485135
MAE: 1.0905466786137334
EVS: 0.5103826789226478
