Model: GRU
MSE: 6.092238639280309
MAE: 2.1305500489694102
EVS: 0.27322857985720916
