Model: GRU
MSE: 4.8679800132202775
MAE: 1.3658967018127441
EVS: -0.09672063991955326
