Model: GRU
MSE: 3.480511804020504
MAE: 1.3230129877726238
EVS: 0.22785574191436708
