Model: GRU
MSE: 5.3988825798424775
MAE: 1.4164453435827185
EVS: -0.30784457622050176
