Model: GRU
MSE: 5.73569582516878
MAE: 1.3911605764318395
EVS: -0.3892197701038349
