Model: GRU
MSE: 3.6963297648496796
MAE: 1.5072587860955133
EVS: 0.4574161170467006
