Model: GRU
MSE: 7.432529559499657
MAE: 1.798110008239746
EVS: -0.414577682835656
