Model: GRU
MSE: 2.719498513792556
MAE: 1.2555233902401395
EVS: 0.5671332363910284
