Model: GRU
MSE: 12.792880915424643
MAE: 3.140019840664334
EVS: 0.005447616316688664
