Model: GRU
MSE: 4.627215066152884
MAE: 1.474683267098886
EVS: 0.23175955110694257
