Model: GRU
MSE: 3.763156845147234
MAE: 1.3783327208624945
EVS: 0.25226258052350736
