Model: GRU
MSE: 2.718192632490695
MAE: 1.2347403632269964
EVS: 0.5203057010245591
