Model: GRU
MSE: 3.570969576244213
MAE: 1.4989885224236383
EVS: 0.4865794778683412
