Model: GRU
MSE: 2.6794911653861795
MAE: 1.1323367666315152
EVS: 0.49594973533160736
