Model: GRU
MSE: 4.2794860625851605
MAE: 1.5523116058773465
EVS: 0.3179781699936821
