Model: GRU
MSE: 2.690800214540627
MAE: 1.088642438252767
EVS: 0.46346977493142283
