Model: GRU
MSE: 3.0087389247234397
MAE: 1.2964386763396087
EVS: 0.5172761818441505
