Model: GRU
MSE: 3.4521283164162866
MAE: 1.3695504488768402
EVS: 0.47027522733564175
