Model: GRU
MSE: 6.135537789418912
MAE: 1.7456659034446433
EVS: -0.1210333159636443
