Model: GRU
MSE: 2.35347676945342
MAE: 1.1500248202571164
EVS: 0.5566556798860498
