Model: GRU
MSE: 4.3093402542272505
MAE: 1.6494916456717033
EVS: 0.41188706906029837
