Model: GRU
MSE: 5.590917894769855
MAE: 1.6002912168149594
EVS: -0.11485839140890297
