Model: GRU
MSE: 3.3561697205744743
MAE: 1.2152836322784424
EVS: 0.3308667305951297
