Model: GRU
MSE: 3.301474024957829
MAE: 1.2850304179721408
EVS: 0.3854384889368778
