Model: GRU
MSE: 2.572123729901006
MAE: 1.1515813933478463
EVS: 0.48776402360586557
