Model: GRU
MSE: 2.2938233658545433
MAE: 1.1688122925934967
EVS: 0.483821489416146
