Model: GRU
MSE: 2.6816139065533915
MAE: 1.1616442645037617
EVS: 0.4138145503185391
