Model: GRU
MSE: 2.9481722199113953
MAE: 1.2159577210744221
EVS: 0.43582915529791877
