Model: GRU
MSE: 3.19831257546305
MAE: 1.3349472328468606
EVS: 0.3794910499211561
