Model: GRU
MSE: 3.5569843138930795
MAE: 1.4167936466358326
EVS: 0.48582276333551877
