Model: GRU
MSE: 2.4350679887973
MAE: 1.0882488709908946
EVS: 0.5155761054089237
