Model: GRU
MSE: 6.3262183743504385
MAE: 1.622360070546468
EVS: -0.28454850126908116
