Model: GRU
MSE: 4.660999423162576
MAE: 1.719588562294289
EVS: 0.2985754662394138
