Model: GRU
MSE: 2.7863760113399105
MAE: 1.2622442068877044
EVS: 0.5194361447439297
