Model: GRU
MSE: 4.884652381326928
MAE: 1.8626651763916016
EVS: 0.44703229274030054
