Model: GRU
MSE: 2.0062595842217203
MAE: 1.1226164676524975
EVS: 0.4838390357238045
