Model: GRU
MSE: 104.83941909644743
MAE: 9.9793254048736
EVS: -0.04733602716272123
