Model: GRU
MSE: 3.072472858544727
MAE: 1.21997215129711
EVS: 0.4184548370815182
