Model: GRU
MSE: 2.52973801156134
MAE: 1.0187157878169308
EVS: 0.4956996551695857
