Model: GRU
MSE: 2.7291088281560523
MAE: 1.201575685430456
EVS: 0.49278230210655594
