Model: GRU
MSE: 6.502716014502447
MAE: 2.1522086461385093
EVS: 0.23744066706172717
