Model: GRU
MSE: 4.994123886894346
MAE: 1.868870426107336
EVS: 0.5350358674884363
