Model: GRU
MSE: 4.337974944236681
MAE: 1.668604267968072
EVS: 0.414920350774571
