Model: GRU
MSE: 4.271715267664648
MAE: 1.7572824954986572
EVS: 0.5574203533581232
