Model: GRU
MSE: 2.355136253087469
MAE: 1.0882152451409235
EVS: 0.5633854553404054
