Model: GRU
MSE: 1.9563729542884445
MAE: 0.9739183849758573
EVS: 0.5845334427797824
