Model: GRU
MSE: 5.327422006674636
MAE: 1.7947546111212835
EVS: 0.08978603131970664
