Model: GRU
MSE: 5.819007811423062
MAE: 1.7718313623357702
EVS: 0.02261109937184058
