Model: GRU
MSE: 15581.174809124277
MAE: 124.80923405400029
EVS: -2.220446049250313e-16
