Model: GRU
MSE: 7.623474544140907
MAE: 2.387527589444761
EVS: 0.2521794832107439
