Model: GRU
MSE: 3.342399320223733
MAE: 1.2271895938449435
EVS: 0.3460023899697572
