Model: GRU
MSE: 5.001475916796397
MAE: 1.342702000229447
EVS: -0.20680584429144244
