Model: GRU
MSE: 3.384133783590692
MAE: 1.3304400973849826
EVS: 0.41293057253133114
