Model: GRU
MSE: 2.614538852511799
MAE: 1.152733431922065
EVS: 0.5100072122163879
