Model: GRU
MSE: 2.801288417018014
MAE: 1.3358838734803375
EVS: 0.5435029771021253
