Model: GRU
MSE: 4.3245500201566704
MAE: 1.230917877621121
EVS: -0.047484388235500274
