Model: GRU
MSE: 2.6137275016486248
MAE: 1.346476846271091
EVS: 0.3443062264138542
