Model: GRU
MSE: 4.868817500929026
MAE: 1.4145574393095794
EVS: -0.13004866293211026
