Model: GRU
MSE: 4.09889387153427
MAE: 1.7083550647453025
EVS: 0.29450885109907765
