Model: GRU
MSE: 3.0406760884556805
MAE: 1.2147761539176658
EVS: 0.41252093843552495
