Model: GRU
MSE: 7.754321718805074
MAE: 2.533016328458433
EVS: 0.30588814048925395
