Model: GRU
MSE: 264.4260207397022
MAE: 16.12423589494493
EVS: 0.11566127749387145
