Model: GRU
MSE: 4.711720872758398
MAE: 1.345202092771177
EVS: -0.12749850157306053
