Model: GRU
MSE: 5.1597915636606375
MAE: 1.7339751455518935
EVS: 0.23898976843890796
