Model: GRU
MSE: 2.950415463192064
MAE: 1.292831403237802
EVS: 0.47336317381656323
