Model: GRU
MSE: 6.447014197401687
MAE: 1.5455607308281794
EVS: -0.41174020944324496
