Model: GRU
MSE: 3.338937150774402
MAE: 1.2672955548321758
EVS: 0.3600221150362315
