Model: GRU
MSE: 4.846803190551127
MAE: 1.7240672729633473
EVS: 0.3247344578027137
