Model: GRU
MSE: 2.39432308491458
MAE: 1.010070323944092
EVS: 0.5225799912905469
