Model: GRU
MSE: 2.4171049386766637
MAE: 1.0820870752687808
EVS: 0.5290799791398308
