Model: GRU
MSE: 6.0782734527622075
MAE: 2.005303488837348
EVS: 0.1645693971827541
