Model: GRU
MSE: 8.871746580464787
MAE: 2.585969818962945
EVS: 0.17241003619162698
