Model: GRU
MSE: 3.0560810682355224
MAE: 1.2601668746383101
EVS: 0.4317688971254794
