Model: GRU
MSE: 3.468635174703953
MAE: 1.2447577229252569
EVS: 0.35816913663056993
