Model: GRU
MSE: 2.769324311680412
MAE: 1.2039942741394043
EVS: 0.5212420292219873
