Model: GRU
MSE: 3.024226194955856
MAE: 1.210676387504295
EVS: 0.47849913808376165
