Model: GRU
MSE: 5.792707398888516
MAE: 1.4709365102979872
EVS: -0.36490661900265575
