Model: GRU
MSE: 3.4907089118527526
MAE: 1.3320425969583016
EVS: 0.3195979040773691
