Model: GRU
MSE: 104.635094698965
MAE: 9.985928341194436
EVS: 0.0196924314858683
