Model: GRU
MSE: 2.5701964186404505
MAE: 1.1036035396434645
EVS: 0.4903113878502682
