Model: GRU
MSE: 3.4427085442249714
MAE: 1.3604252515015778
EVS: 0.3540592418430182
