Model: GRU
MSE: 5.300865106694281
MAE: 1.6401594706944056
EVS: -0.24595654414148438
