Model: GRU
MSE: 4.6617908422326595
MAE: 1.3582481454919886
EVS: -0.1290681616331666
