Model: GRU
MSE: 3.269768384649063
MAE: 1.272240612241957
EVS: 0.36605060213661444
