Model: GRU
MSE: 2.506084301655495
MAE: 1.2085965209537082
EVS: 0.521780785796548
