Model: GRU
MSE: 3.3713463896756983
MAE: 1.4422848224639893
EVS: 0.3950148610078429
