Model: GRU
MSE: 2.950381810083964
MAE: 1.3505101910343877
EVS: 0.5844454704981856
