Model: GRU
MSE: 4.053817923773109
MAE: 1.656193803857874
EVS: 0.4481921437062011
