Model: GRU
MSE: 3.038920095930895
MAE: 1.3421725696987576
EVS: 0.522420291355958
