Model: GRU
MSE: 2.6084680967370524
MAE: 1.2068178565413863
EVS: 0.5209170415257188
