Model: GRU
MSE: 2.700943590914786
MAE: 1.1454490379050928
EVS: 0.4671341481786815
