Model: GRU
MSE: 4.842523464881106
MAE: 1.8528256328017623
EVS: 0.4810084665280585
