Model: GRU
MSE: 3.2595837863099892
MAE: 1.3908512150799786
EVS: 0.4546544015848395
