Model: GRU
MSE: 2.214091649827879
MAE: 1.0130084002459492
EVS: 0.5744595220979156
