Model: GRU
MSE: 5.352378663499453
MAE: 1.7979419496324327
EVS: 0.15436877279933758
