Model: GRU
MSE: 3.4390371774388853
MAE: 1.1234033902486165
EVS: 0.1687211207679732
