Model: GRU
MSE: 7.714903186525294
MAE: 2.4026116088584617
EVS: 0.223486738932689
