Model: GRU
MSE: 6.851941514754369
MAE: 2.0206800213566534
EVS: -0.16455013120034212
