Model: GRU
MSE: 2.7346518482197917
MAE: 1.1315414552335388
EVS: 0.45535755634308184
