Model: GRU
MSE: 4.260581877262995
MAE: 1.2467656488771792
EVS: -0.02883556587372582
