Model: GRU
MSE: 2.968725197909224
MAE: 1.1775602676250319
EVS: 0.4176390454715573
