Model: GRU
MSE: 3.432127845199257
MAE: 1.397232550161856
EVS: 0.3854681251137769
