Model: GRU
MSE: 5.557591923000001
MAE: 1.9901191216927987
EVS: 0.29562195149715
