Model: GRU
MSE: 5.9229367385516225
MAE: 1.7148929525304724
EVS: -0.367376283445112
