Model: GRU
MSE: 3.0300809607472865
MAE: 1.2980134045636211
EVS: 0.453103447727207
