Model: GRU
MSE: 2.6562810272324167
MAE: 1.13581712157638
EVS: 0.47675526396078227
