Model: GRU
MSE: 2.784270131867322
MAE: 1.3142840420758282
EVS: 0.5079124205350749
