Model: GRU
MSE: 7.756062645681368
MAE: 2.131278232291893
EVS: -0.2333459208515365
