Model: GRU
MSE: 5.139425465916138
MAE: 1.5565654436747234
EVS: -0.2202477913254639
