Model: GRU
MSE: 4.465540938464006
MAE: 1.471996201409234
EVS: -0.027677887370048948
