Model: GRU
MSE: 5.541492761748655
MAE: 1.5428012565330222
EVS: -0.1581521185177961
