Model: GRU
MSE: 6.066248049146217
MAE: 1.599614178692853
EVS: -0.45999303454669493
