Model: GRU
MSE: 5.214895046724922
MAE: 1.440951771206326
EVS: -0.26147599812961153
