Model: GRU
MSE: 5.131856689067094
MAE: 1.3677389003612377
EVS: -0.23787264588809487
