Model: GRU
MSE: 6.176722943806192
MAE: 1.70093188462434
EVS: -0.10073689919068274
