Model: GRU
MSE: 2.9799934582424297
MAE: 1.2309688197241888
EVS: 0.3150836331405763
