Model: GRU
MSE: 4.659403088057927
MAE: 1.289253340827094
EVS: -0.1287688180837263
