Model: GRU
MSE: 3.0055865491825737
MAE: 1.2562921577029758
EVS: 0.4209536272382076
