Model: GRU
MSE: 4.552704323602399
MAE: 1.8101168032045718
EVS: 0.461311294438293
