Model: GRU
MSE: 5.008433395855848
MAE: 1.8519058845661305
EVS: 0.44706096068752144
