Model: GRU
MSE: 6.334001228536018
MAE: 1.7156085286821638
EVS: -0.5401293619117591
