Model: GRU
MSE: 5.335861930401666
MAE: 1.4258803614863642
EVS: -0.23015866161330112
