Model: GRU
MSE: 5.683298323921286
MAE: 1.452700350019667
EVS: -0.3110558278863065
