Model: GRU
MSE: 4.013234768884423
MAE: 1.3786066903008356
EVS: 0.26153836545690134
