Model: GRU
MSE: 12.932233874573402
MAE: 3.2043175520720304
EVS: 0.16688197790300563
