Model: GRU
MSE: 2.904465364242095
MAE: 1.2037019376401548
EVS: 0.46183526293066257
