Model: GRU
MSE: 6.418763127988406
MAE: 2.1237359400148743
EVS: 0.19931100093786802
