Model: GRU
MSE: 4.197314594849555
MAE: 1.7431492099055537
EVS: 0.5776264619185205
