Model: GRU
MSE: 3.4881092287746305
MAE: 1.60046241901539
EVS: 0.5661935328797971
