Model: GRU
MSE: 4.5562239100707185
MAE: 1.4099711135581687
EVS: -0.041825237314877084
