Model: GRU
MSE: 4.500040948755946
MAE: 1.416806662524188
EVS: 0.003105723223182588
