Model: GRU
MSE: 3.2989780771924364
MAE: 1.3334138481705278
EVS: 0.4337554963543162
