Model: GRU
MSE: 2.5255485433399483
MAE: 1.0202269995654072
EVS: 0.4965465327856875
