Model: GRU
MSE: 4.768686309652829
MAE: 1.7962742381625705
EVS: 0.43049504670750627
