Model: GRU
MSE: 3.55386683819076
MAE: 1.496232686219392
EVS: 0.4590473834937492
