Model: GRU
MSE: 3.2373431332947282
MAE: 1.3007937713905617
EVS: 0.3905478623530003
