Model: GRU
MSE: 3.4467662429548107
MAE: 1.2096496511388708
EVS: 0.31321913444803773
