Model: GRU
MSE: 6.056074623840198
MAE: 1.4556487754539207
EVS: -0.46728767484549905
