Model: GRU
MSE: 5.052393036243041
MAE: 1.7640106942918565
EVS: 0.2459108156363623
