Model: GRU
MSE: 3.547108647258845
MAE: 1.45820806644581
EVS: 0.4231348177911307
