Model: GRU
MSE: 3.508763702915943
MAE: 1.4177619262977883
EVS: 0.2561507218250414
