Model: GRU
MSE: 6.269242027707978
MAE: 1.7779535099312112
EVS: -0.3737843239146603
