Model: GRU
MSE: 11.536628271550239
MAE: 2.7057718524226435
EVS: -0.4091046361322652
