Model: GRU
MSE: 2.4561932180673147
MAE: 1.1169723757991086
EVS: 0.5151238875795549
