Model: GRU
MSE: 4.101466081170134
MAE: 1.3265654952437789
EVS: 0.19152284751041526
