Model: GRU
MSE: 3.8305418403570424
MAE: 1.482970255392569
EVS: 0.40661864155309557
