Model: GRU
MSE: 3.499319575619819
MAE: 1.3804461779417816
EVS: 0.3406900327564235
