Model: GRU
MSE: 5.799154107343232
MAE: 2.0672540311460144
EVS: 0.35512940032104034
