Model: GRU
MSE: 2.735776097998802
MAE: 1.1330324367240625
EVS: 0.46944393237439974
