Model: GRU
MSE: 4.254489753543924
MAE: 1.5980170523678814
EVS: 0.2440896287016442
