Model: GRU
MSE: 4.117793058365873
MAE: 1.450664590906214
EVS: 0.31227591262060295
