Model: GRU
MSE: 3.6507997545048547
MAE: 1.376231590906779
EVS: 0.2751466785064799
