Model: GRU
MSE: 2.3535990955373127
MAE: 1.0362015123720523
EVS: 0.54255958835897
