Model: GRU
MSE: 4.136678949999872
MAE: 1.1638624756424516
EVS: -0.002382692310808565
