Model: GRU
MSE: 2.486273640869978
MAE: 1.0377935921704329
EVS: 0.5043643890404826
