Model: GRU
MSE: 2.403904456175844
MAE: 1.157935787130285
EVS: 0.37449934893730463
