Model: GRU
MSE: 6.336563138878976
MAE: 1.7012524781403717
EVS: -0.18908973852457112
