Model: GRU
MSE: 3.482305352335602
MAE: 1.3360783523983426
EVS: 0.3348014963892565
