Model: GRU
MSE: 3.2128122514758353
MAE: 1.2241424631189417
EVS: 0.36193713913704006
