Model: GRU
MSE: 4.108267102638913
MAE: 1.4668721976103607
EVS: 0.34812431768658925
