Model: GRU
MSE: 4.614305498645184
MAE: 1.6571221616533067
EVS: 0.21736136528899785
