Model: GRU
MSE: 3.012148532866528
MAE: 1.1262949837578669
EVS: 0.4047866322597987
