Model: GRU
MSE: 2.3143975159364683
MAE: 1.0866481639720775
EVS: 0.4171359150110734
