Model: GRU
MSE: 3.2445864374955184
MAE: 1.3330101083826136
EVS: 0.4337650970325384
