Model: GRU
MSE: 2.9580184031669803
MAE: 1.1854983612343117
EVS: 0.3765554840271298
