Model: GRU
MSE: 3.6158531634157334
MAE: 1.5385840557239674
EVS: 0.5594659746682933
