Model: GRU
MSE: 2.097373798910282
MAE: 1.2245530640637432
EVS: 0.46804207608951076
