Model: GRU
MSE: 3.664281446874552
MAE: 1.494926894152606
EVS: 0.4517053810773429
