Model: GRU
MSE: 3.679039751435868
MAE: 1.5844853189256456
EVS: 0.5541561007388351
