Model: GRU
MSE: 2.472903080316504
MAE: 1.0799388002466275
EVS: 0.5093055854560408
