Model: GRU
MSE: 4.167966217488681
MAE: 1.6793184633608218
EVS: 0.563321049936993
