Model: GRU
MSE: 4042.941515187556
MAE: 63.54399589256004
EVS: -0.2365132215193988
