Model: GRU
MSE: 3.4230762475896417
MAE: 1.4159508811102972
EVS: 0.43995475158203945
