Model: GRU
MSE: 2.9256913458112925
MAE: 1.2489709500913266
EVS: 0.4875216571912868
