Model: GRU
MSE: 10.857327882488805
MAE: 2.90063656700982
EVS: 0.29699876621303545
