Model: GRU
MSE: 9.551274810139628
MAE: 2.444052078105785
EVS: -0.3792776795077537
