Model: GRU
MSE: 3.077827570389757
MAE: 1.2577862209743924
EVS: 0.4316916820780854
