Model: GRU
MSE: 3.116443025797051
MAE: 1.4486600734569408
EVS: 0.5351061178370893
