Model: GRU
MSE: 5.261713354652818
MAE: 1.6070335529468678
EVS: -0.17743633645325474
