Model: GRU
MSE: 2.6656903482119363
MAE: 1.214039237410934
EVS: 0.3165499271500902
