Model: GRU
MSE: 2.8058080366990743
MAE: 1.1939648522271051
EVS: 0.4700244522345247
