Model: GRU
MSE: 4.010198032740486
MAE: 1.6036792596181233
EVS: 0.38751550704167603
