Model: GRU
MSE: 4.485586246522416
MAE: 1.702672040020978
EVS: 0.30643330537786717
