Model: GRU
MSE: 2.1880409227566346
MAE: 1.1458087144074618
EVS: 0.5655472376238031
