Model: GRU
MSE: 3.028043709092462
MAE: 1.227290118182147
EVS: 0.39293633671442196
