Model: GRU
MSE: 3.0056690377049398
MAE: 1.1347798506418865
EVS: 0.40120410366875037
