Model: GRU
MSE: 3.0228790926528886
MAE: 1.1779823303222658
EVS: 0.39878469336536826
