Model: GRU
MSE: 4.71481528906264
MAE: 1.7520393972043637
EVS: 0.3944017348290604
