Model: GRU
MSE: 2.819671017719295
MAE: 1.222344681068703
EVS: 0.4574843166049857
