Model: GRU
MSE: 3.3545566342839597
MAE: 1.297472874323527
EVS: 0.343682565884757
