Model: GRU
MSE: 4.826167496550052
MAE: 1.8152195259376809
EVS: 0.44375907531974335
