Model: GRU
MSE: 5.0601911958289785
MAE: 1.715597082067419
EVS: 0.0
