Model: GRU
MSE: 2.7035013569053974
MAE: 1.0955046989299635
EVS: 0.4655409278071967
