Model: GRU
MSE: 3.3580645813064764
MAE: 1.3315629694196913
EVS: 0.3848445729879587
