Model: GRU
MSE: 5.843480893399475
MAE: 1.380814411022045
EVS: -0.3833022266386352
