Model: GRU
MSE: 7.759608315269058
MAE: 1.6322502913298431
EVS: -0.6939310843473561
