Model: GRU
MSE: 2.754329607239512
MAE: 1.0919997427198622
EVS: 0.4687316271016989
