Model: GRU
MSE: 3.851986483412576
MAE: 1.488997459411621
EVS: 0.4826164218508925
