Model: GRU
MSE: 3.355955545415593
MAE: 1.4820942172297724
EVS: 0.430698337145352
