Model: GRU
MSE: 3.9062278840978824
MAE: 1.5498132352475766
EVS: 0.398691760455109
