Model: GRU
MSE: 3.0549099154415282
MAE: 1.2592769728766546
EVS: 0.41565262191238017
