Model: GRU
MSE: 3.0633078631218202
MAE: 1.196679291901765
EVS: 0.38957560995640717
