Model: GRU
MSE: 2.9675045806278564
MAE: 1.133315616183811
EVS: 0.4165842676852872
