Model: GRU
MSE: 3.9307438438310394
MAE: 1.589476673691361
EVS: 0.47525171758801976
