Model: GRU
MSE: 5.413530038193433
MAE: 1.4829328678272389
EVS: -0.2365982297014675
