Model: GRU
MSE: 4.319025526070921
MAE: 1.340000823692039
EVS: -0.029537098451193344
