Model: GRU
MSE: 2.5318199889632322
MAE: 1.1648974595246493
EVS: 0.4970942116507463
