Model: GRU
MSE: 3.0822611307635124
MAE: 1.2751256536554407
EVS: 0.3930620918282569
