Model: GRU
MSE: 4.345286808622581
MAE: 1.7005932595994737
EVS: 0.3859219436505872
