Model: GRU
MSE: 7.016113035670599
MAE: 1.9263846079508464
EVS: -0.1084151294163398
