Model: GRU
MSE: 2.8644635822543787
MAE: 1.258360986356382
EVS: 0.537263789741043
