Model: GRU
MSE: 7.770422503753859
MAE: 2.151362560413502
EVS: -0.08478291815461314
