Model: GRU
MSE: 7.102190346775834
MAE: 2.1951002015007868
EVS: 0.03310135979542339
