Model: GRU
MSE: 5.759595982597046
MAE: 2.1295843477602356
EVS: 0.518988279317987
