Model: GRU
MSE: 3.254809114098207
MAE: 1.3198324927577265
EVS: 0.3562089299534621
