Model: GRU
MSE: 4.741960878263449
MAE: 1.4482159791169342
EVS: -0.12764122226020946
