Model: GRU
MSE: 5.417435413944885
MAE: 1.6909585882116247
EVS: -0.20937624748704642
