Model: GRU
MSE: 5.035273647255668
MAE: 1.501441725978145
EVS: -0.1847601924607858
