Model: GRU
MSE: 2.8781939748304204
MAE: 1.2583982326366283
EVS: 0.4617147279342264
