Model: GRU
MSE: 5.337021845093727
MAE: 1.609692997402615
EVS: -0.22722119766940319
