Model: GRU
MSE: 5.556629954917374
MAE: 1.6721564575477883
EVS: -0.22534241441024494
