Model: GRU
MSE: 7.632553158254302
MAE: 2.4232905352557146
EVS: 0.3003174687706007
