Model: GRU
MSE: 2.782191821786632
MAE: 1.124496654227928
EVS: 0.4677647242193933
