Model: GRU
MSE: 2.991664191337341
MAE: 1.2316315439012315
EVS: 0.44605091149989073
