Model: GRU
MSE: 4.812409905708195
MAE: 1.8191796938578289
EVS: 0.46251536015857164
