Model: GRU
MSE: 2.4217663311273756
MAE: 1.1935435577675149
EVS: 0.5425754436446272
