Model: GRU
MSE: 5.483877530068471
MAE: 1.6027116069087275
EVS: -0.21831885654915695
