Model: GRU
MSE: 2.625531276574487
MAE: 1.1930098886843081
EVS: 0.530605792122256
