Model: GRU
MSE: 7.915978682544139
MAE: 2.4709335609718606
EVS: 0.25449652626479713
