Model: GRU
MSE: 6.92765353898991
MAE: 1.923738126401548
EVS: -0.29577999352109896
