Model: GRU
MSE: 4.587253732075186
MAE: 1.6964903584233038
EVS: 0.331885641363446
