Model: GRU
MSE: 7.40799032577111
MAE: 1.7218236040186
EVS: -0.4163286022671058
