Model: GRU
MSE: 6.16049764020838
MAE: 2.01719241672092
EVS: 0.151042871978464
