Model: GRU
MSE: 5.413779443525224
MAE: 1.3852592044406467
EVS: -0.21521908933934264
