Model: GRU
MSE: 4.466884851483479
MAE: 1.5401447790640372
EVS: 0.0731524277542629
