Model: GRU
MSE: 4.389770128659325
MAE: 1.7379274898105197
EVS: 0.41056601198590237
