Model: GRU
MSE: 11112.075403686777
MAE: 105.39425602665654
EVS: 2.220446049250313e-16
