Model: GRU
MSE: 2.9187302844201928
MAE: 1.1646173795064292
EVS: 0.4440502957643102
