Model: GRU
MSE: 2.8546585463095657
MAE: 1.4798139289573387
EVS: 0.4341176273469509
