Model: GRU
MSE: 2.591318134392423
MAE: 1.0740742065288404
EVS: 0.4861185593219769
