Model: GRU
MSE: 5.360372309987025
MAE: 1.4326754146152072
EVS: -0.15247683144843172
