Model: GRU
MSE: 2.8479981781449144
MAE: 1.2893255993171975
EVS: 0.5029666842123988
