Model: GRU
MSE: 2.6597355446357165
MAE: 1.0977846958019117
EVS: 0.46989521997507855
