Model: GRU
MSE: 4.401739518265332
MAE: 1.6584305410031919
EVS: 0.4076087001893668
