Model: GRU
MSE: 3.0585031640740388
MAE: 1.3049939473470051
EVS: 0.42173848115718404
