Model: GRU
MSE: 5.688710453552597
MAE: 1.3819619637948495
EVS: -0.32170474055159337
