Model: GRU
MSE: 3.6093303951768037
MAE: 1.486063109503852
EVS: 0.28159306475243107
