Model: GRU
MSE: 2.824955584662188
MAE: 1.158613787757026
EVS: 0.4652240383773194
