Model: GRU
MSE: 4.681410373889152
MAE: 1.7035663039595992
EVS: 0.23027037019702679
