Model: GRU
MSE: 3.603507505632026
MAE: 1.4236178663041856
EVS: 0.3085687400032613
