Model: GRU
MSE: 2.7561542111756587
MAE: 1.2243818353723597
EVS: 0.5040748426483801
