Model: GRU
MSE: 5.193755814191515
MAE: 1.7816625171237521
EVS: 0.27738506479867686
