Model: GRU
MSE: 4.026648235257443
MAE: 1.4747018990693268
EVS: 0.25827208180312045
