Model: GRU
MSE: 2.638881741138027
MAE: 1.1174833509657118
EVS: 0.49263814371125236
