Model: GRU
MSE: 3.667171677674821
MAE: 1.3969312420597784
EVS: 0.12022382941458198
