Model: GRU
MSE: 4.11985061875008
MAE: 1.2566838264465332
EVS: 0.011676502282686352
