Model: GRU
MSE: 5.509801755659518
MAE: 1.5946647149545174
EVS: -0.30545356523533806
