Model: GRU
MSE: 4.00096362646464
MAE: 1.4503065391823098
EVS: 0.33137611557306024
