Model: GRU
MSE: 7.018172928999455
MAE: 1.7351221155237269
EVS: -0.5623556854170131
