Model: GRU
MSE: 3.741104156371707
MAE: 1.3999934726291232
EVS: 0.26574039465234756
