Model: GRU
MSE: 2.8362639562905634
MAE: 1.3404233543961137
EVS: 0.45425629934918255
