Model: GRU
MSE: 3587.4356359255903
MAE: 59.86415961936668
EVS: 0.2586315274646406
