Model: GRU
MSE: 2.6759989068963557
MAE: 1.4958101555153176
EVS: 0.49789648575575285
