Model: GRU
MSE: 3.1649080751328125
MAE: 1.4371484473899558
EVS: 0.6031126366705875
