Model: GRU
MSE: 2.755261115944029
MAE: 1.1560803166142217
EVS: 0.47554802525045814
