Model: GRU
MSE: 3.00154440430851
MAE: 1.2013217254921242
EVS: 0.4080078059919062
