Model: GRU
MSE: 2.663948567244773
MAE: 1.1826334176240145
EVS: 0.5002099049837891
