Model: GRU
MSE: 4.760554178490052
MAE: 1.3276284712332267
EVS: -0.15325400635462683
