Model: GRU
MSE: 3.4591245813580853
MAE: 1.4865939793763336
EVS: 0.44664571508757733
