Model: GRU
MSE: 2.2596985685554167
MAE: 1.0620916154649525
EVS: 0.5502649588328579
