Model: GRU
MSE: 2.9587206847379806
MAE: 1.2559451703672055
EVS: 0.48405371600796654
