Model: GRU
MSE: 3.806949904903716
MAE: 1.5159508652157254
EVS: 0.3562217836101331
