Model: GRU
MSE: 4.243581587057112
MAE: 1.680723508199056
EVS: 0.4179885328385258
