Model: GRU
MSE: 3.5485016030381953
MAE: 1.305509470127247
EVS: 0.3116186632395669
