Model: GRU
MSE: 6.787509499796215
MAE: 2.095580913402416
EVS: 0.12207126016362169
