Model: GRU
MSE: 8.518450674689332
MAE: 2.552322193428322
EVS: 0.27952616232094385
