Model: GRU
MSE: 6.046894695663586
MAE: 1.3445340968944408
EVS: -0.3795348143462549
