Model: GRU
MSE: 7.386420128979033
MAE: 1.6892672997933846
EVS: -0.42904943249417204
