Model: GRU
MSE: 3.242447579030669
MAE: 1.3733378692909524
EVS: 0.4399709416584602
