Model: GRU
MSE: 4.747208940496488
MAE: 1.7882301189281322
EVS: 0.45266632717350863
