Model: GRU
MSE: 2.9585164526701027
MAE: 1.2091533078087702
EVS: 0.4576335838747969
