Model: GRU
MSE: 7.144546680868054
MAE: 1.8206250579268843
EVS: -0.3575865218146679
