Model: GRU
MSE: 3.2328932265252144
MAE: 1.2881407826035112
EVS: 0.3786975039237154
