Model: GRU
MSE: 3.1771756951199457
MAE: 1.2388725457368073
EVS: 0.37130481896188905
