Model: GRU
MSE: 5.185267470440151
MAE: 1.5799419615003798
EVS: -0.1964557532226041
