Model: GRU
MSE: 3.859534640909723
MAE: 1.5284042888217502
EVS: 0.36235535656592344
