Model: GRU
MSE: 3.83027424925672
MAE: 1.4819360574086506
EVS: 0.2556122449130356
