Model: GRU
MSE: 6.309779105152951
MAE: 1.7682606833321708
EVS: -0.5113520973239636
