Model: GRU
MSE: 4.3751956977892625
MAE: 1.4992880114802607
EVS: 0.08799451599175012
