Model: GRU
MSE: 3.5929255624387415
MAE: 1.3402146321755868
EVS: 0.31129700575010333
