Model: GRU
MSE: 4.439190448523707
MAE: 1.2896451067041468
EVS: -0.07322939717878452
