Model: GRU
MSE: 4.7268186628651465
MAE: 1.5915221108330622
EVS: 0.004528645571922452
