Model: GRU
MSE: 2.826425852977545
MAE: 1.277959523377595
EVS: 0.5641017174348638
