Model: GRU
MSE: 3.1991534296090953
MAE: 1.4054397212134466
EVS: 0.45979118095738736
