Model: GRU
MSE: 16.37817932967685
MAE: 3.731444102746469
EVS: 0.5105761517167062
