Model: GRU
MSE: 4.60771702155244
MAE: 1.40583485144156
EVS: -0.034941630066654294
