Model: GRU
MSE: 3.171098096089736
MAE: 1.1854554988719799
EVS: 0.3883865787618125
