Model: GRU
MSE: 2.2882747089847646
MAE: 1.0445592138502333
EVS: 0.4140285455138406
