Model: GRU
MSE: 3.4683013599969263
MAE: 1.2657328888222024
EVS: 0.3127949036074167
