Model: GRU
MSE: 3.649987036197512
MAE: 1.4564866843046966
EVS: 0.45085798507232133
