Model: GRU
MSE: 3.66747865751958
MAE: 1.3332333388151947
EVS: 0.32201619367570966
