Model: GRU
MSE: 7.510055552264256
MAE: 1.8006392938119393
EVS: -0.328660883355794
