Model: GRU
MSE: 2.704613013357579
MAE: 1.140863030045121
EVS: 0.4607145372632593
