Model: GRU
MSE: 11.670696184745996
MAE: 2.8479119406806097
EVS: -0.37695451181517914
