Model: GRU
MSE: 2.89846971499177
MAE: 1.1647509557229503
EVS: 0.4667982810130492
