Model: GRU
MSE: 2.66227595342762
MAE: 1.0916624510729755
EVS: 0.5049030368136727
