Model: GRU
MSE: 7.863986496928714
MAE: 2.3822063163474754
EVS: 0.07649795956338001
