Model: GRU
MSE: 4.822442539192606
MAE: 1.4059474026715313
EVS: -0.1034617416946515
