Model: GRU
MSE: 2.5709348940805645
MAE: 1.1645862261454265
EVS: 0.5320482100793857
