Model: GRU
MSE: 3.2899458151662455
MAE: 1.2965558369954426
EVS: 0.4580188277913544
