Model: GRU
MSE: 4.7234299979261944
MAE: 1.8043523982719138
EVS: 0.38856105020256215
