Model: GRU
MSE: 6.576912262534144
MAE: 1.780371383384422
EVS: -0.22491488782356983
