Model: GRU
MSE: 2.3868337046956523
MAE: 1.0555964929086192
EVS: 0.5263357562280744
