Model: GRU
MSE: 3.076155234009497
MAE: 1.253196327774613
EVS: 0.4173195775847488
