Model: GRU
MSE: 2.607374493689815
MAE: 1.1091803356453225
EVS: 0.5033148021002919
