Model: GRU
MSE: 2.716436693053328
MAE: 1.3016459500348125
EVS: 0.5007291107407084
