Model: GRU
MSE: 6.179213005019754
MAE: 1.468463208940294
EVS: -0.39232711189077696
