Model: GRU
MSE: 4.3912680139493725
MAE: 1.59070239243684
EVS: 0.31606022303724535
