Model: GRU
MSE: 4.01132567115141
MAE: 1.4772841665479872
EVS: 0.31040098396407056
