Model: GRU
MSE: 2.5857002228136587
MAE: 1.1622256526240597
EVS: 0.5261977491365544
