Model: GRU
MSE: 6.397025252761557
MAE: 1.6438331250791196
EVS: -0.28058442635325975
