Model: GRU
MSE: 4.532362832091167
MAE: 1.3189001436586734
EVS: -0.03150181039686761
