Model: GRU
MSE: 2.9260465220246052
MAE: 1.26911962473834
EVS: 0.4484474382099485
