Model: GRU
MSE: 4.110424785397005
MAE: 1.5882264419838235
EVS: 0.38087223933635983
