Model: GRU
MSE: 5.7545701227826
MAE: 1.9353233973185222
EVS: 0.2684466236397425
