Model: GRU
MSE: 6.705987848304083
MAE: 1.5681367273683902
EVS: -0.41422076146590237
