Model: GRU
MSE: 3.4718522610331823
MAE: 1.425576439610234
EVS: 0.5286759413544804
