Model: GRU
MSE: 5.024773402277291
MAE: 1.145780157159876
EVS: -0.20736473037738867
