Model: GRU
MSE: 4.8760850623696195
MAE: 1.2467824794628002
EVS: -0.13383074492757463
