Model: GRU
MSE: 7.383079622315437
MAE: 1.834010777650056
EVS: -0.5263723158170983
