Model: GRU
MSE: 3.845714057731744
MAE: 1.2911878691779242
EVS: 0.07730027242503723
