Model: GRU
MSE: 3.801847099472542
MAE: 1.4644408755832248
EVS: 0.3639439836037903
