Model: GRU
MSE: 8.254893916245575
MAE: 2.0323736049510814
EVS: -0.32025678193591967
