Model: GRU
MSE: 4.429947205878307
MAE: 1.3115518004805953
EVS: -0.04910786209914075
