Model: GRU
MSE: 5.499316976609719
MAE: 1.363495526490388
EVS: -0.3172439055598255
