Model: GRU
MSE: 4.501626947479525
MAE: 1.5874565972222223
EVS: 0.3493660106391352
