Model: GRU
MSE: 6.210103956734075
MAE: 1.4634399237456146
EVS: -0.41117278378821576
