Model: GRU
MSE: 3.170040369893673
MAE: 1.2990494480839483
EVS: 0.4199650505697222
