Model: GRU
MSE: 3.298445900188637
MAE: 1.432000301502369
EVS: 0.41071946067586673
