Model: GRU
MSE: 3.1363704688143743
MAE: 1.4053213596343994
EVS: 0.38932091846539607
