Model: GRU
MSE: 7.590236109460631
MAE: 2.0119739638434515
EVS: -0.24316687636993284
