Model: GRU
MSE: 3.3122383683246004
MAE: 1.2739208715933341
EVS: 0.36425808848562946
