Model: GRU
MSE: 2.4828613657854373
MAE: 1.0852832794189455
EVS: 0.5106069563561638
