Model: GRU
MSE: 5.0052501056238805
MAE: 1.3524826720908836
EVS: -0.20629851710051494
