Model: GRU
MSE: 3.2562367909809855
MAE: 1.307558289280644
EVS: 0.43736773708235677
