Model: GRU
MSE: 2.845586824558158
MAE: 1.1840099228752985
EVS: 0.4821348853049088
