Model: GRU
MSE: 4.680822102484066
MAE: 1.3775453056607927
EVS: -0.14091242813228733
