Model: GRU
MSE: 4.1895046792317485
MAE: 1.1817639138963487
EVS: 0.0015272293298158601
