Model: GRU
MSE: 3.615132137732032
MAE: 1.504480653338962
EVS: 0.32583824160534236
