Model: GRU
MSE: 7.021513612681272
MAE: 2.0018355228282787
EVS: -0.3902714779117751
