Model: GRU
MSE: 2.9284079578562547
MAE: 1.3049883312649198
EVS: 0.4537093929844368
