Model: GRU
MSE: 4.2816193329695045
MAE: 1.4023019119545266
EVS: -0.037654315987460274
