Model: GRU
MSE: 4.180114317066808
MAE: 1.3482202247337058
EVS: 0.05315666023909038
