Model: GRU
MSE: 5.759534291803667
MAE: 1.4777219913623951
EVS: -0.39555141240842295
