Model: GRU
MSE: 2.8292826078057063
MAE: 1.2695976893107097
EVS: 0.4623855661916474
