Model: GRU
MSE: 5.7317232365422415
MAE: 1.7029372144628454
EVS: -0.24094141453827334
