Model: GRU
MSE: 3.7603640057331496
MAE: 1.2366592795760543
EVS: 0.09764268572099666
