Model: GRU
MSE: 3399.9840926616866
MAE: 58.12853170324255
EVS: -3.1989073377150987
