Model: GRU
MSE: 3.5621384447186064
MAE: 1.3123022185431585
EVS: 0.3362876506179545
