Model: GRU
MSE: 5.106184376716128
MAE: 1.858366056724831
EVS: 0.2838704771135897
