Model: GRU
MSE: 3.586242335825142
MAE: 1.4965273009406195
EVS: 0.4842790782147378
