Model: GRU
MSE: 2.630956943486867
MAE: 1.0787384951556171
EVS: 0.47659756007829446
