Model: GRU
MSE: 5.0015148261318245
MAE: 1.4029447767469618
EVS: -0.20024767576036884
