Model: GRU
MSE: 3.4964079942554878
MAE: 1.4076031225698966
EVS: 0.48531081345532245
