Model: GRU
MSE: 7.101652308386149
MAE: 1.8113416565789118
EVS: -0.29014944519839014
