Model: GRU
MSE: 3.799241597786544
MAE: 1.471766401220251
EVS: 0.3241315825244465
