Model: GRU
MSE: 6.455919714803689
MAE: 1.6144235985619682
EVS: -0.33085268168558923
