Model: GRU
MSE: 5.213334449404539
MAE: 1.3191038767496746
EVS: -0.2624033636456453
