Model: GRU
MSE: 3.8777324527757853
MAE: 1.637652732707836
EVS: 0.6436178166398628
