Model: GRU
MSE: 2.251375913798408
MAE: 1.1482089713767725
EVS: 0.5642250559091766
