Model: GRU
MSE: 2.810997466243407
MAE: 1.218825340270996
EVS: 0.4458006762921154
