Model: GRU
MSE: 3.475442358980296
MAE: 1.4933452871110704
EVS: 0.486179333135185
