Model: GRU
MSE: 3.0896699514320414
MAE: 1.2769412111352991
EVS: 0.478128199684031
