Model: GRU
MSE: 3.634531561456916
MAE: 1.4382808826587818
EVS: 0.38606564888641115
