Model: GRU
MSE: 5.438782467064205
MAE: 1.6617090083934642
EVS: -0.17280894410508374
