Model: GRU
MSE: 2.9939535952210954
MAE: 1.2295648875059906
EVS: 0.4305782403839441
