Model: GRU
MSE: 4.055398802787312
MAE: 1.6321737854569047
EVS: 0.19138123188736267
