Model: GRU
MSE: 5.366793107472707
MAE: 1.4619409773084853
EVS: -0.27377506028245313
