Model: GRU
MSE: 8.303585140412569
MAE: 2.1211879871509693
EVS: -0.34803199260315254
