Model: GRU
MSE: 2.489945545752764
MAE: 1.066475338406033
EVS: 0.5117923939818458
