Model: GRU
MSE: 2.2651583049050212
MAE: 0.9842821050573279
EVS: 0.5535215594798568
