Model: GRU
MSE: 3.209165912781552
MAE: 1.3019072479671903
EVS: 0.36083112143844565
