Model: GRU
MSE: 5.415317283513121
MAE: 1.635975166603371
EVS: -0.2643071574132254
