Model: GRU
MSE: 2.566126426001869
MAE: 1.180041825329816
EVS: 0.4983292156718654
