Model: GRU
MSE: 3.315752393479182
MAE: 1.4890238444010417
EVS: 0.5087376585938854
