Model: GRU
MSE: 2.2731165006466485
MAE: 1.1570685704549153
EVS: 0.5433490254328475
