Model: GRU
MSE: 5.223074096544065
MAE: 1.8827806225529424
EVS: 0.47908516864988404
