Model: GRU
MSE: 2.8592861112477768
MAE: 1.1310416680795177
EVS: 0.4324974678561826
