Model: GRU
MSE: 2.6538954320145187
MAE: 1.1634710806387443
EVS: 0.47461224746534103
