Model: GRU
MSE: 108.75366192629956
MAE: 10.191550378446225
EVS: 0.02574756881526563
