Model: GRU
MSE: 4.683250829354982
MAE: 1.403057857795998
EVS: -0.12793120594739826
