Model: GRU
MSE: 4.085297350474472
MAE: 1.4357423075923212
EVS: 0.33528078179973086
