Model: GRU
MSE: 125.90546909346304
MAE: 11.018791070690861
EVS: -0.08858323282325342
