Model: GRU
MSE: 5.786410800398067
MAE: 1.5338020854526095
EVS: -0.27969440095420617
