Model: GRU
MSE: 5.795156733077386
MAE: 1.5975026024712458
EVS: -0.14366261301715544
