Model: GRU
MSE: 7.6330766375494346
MAE: 2.242256994600649
EVS: -0.1817424329503221
