Model: GRU
MSE: 3.554691668335737
MAE: 1.3671020931667752
EVS: 0.3686984752292669
