Model: GRU
MSE: 1.9947353005623651
MAE: 1.029672869929561
EVS: 0.618440214590686
