Model: GRU
MSE: 5.034649808222825
MAE: 1.215818617078993
EVS: -0.17930721996799925
