Model: GRU
MSE: 3.7636418901275266
MAE: 1.4839510829360396
EVS: 0.30294307261993303
