Model: GRU
MSE: 3.956093564160609
MAE: 1.5822975017406322
EVS: 0.43327133152888797
