Model: GRU
MSE: 5.506095347360193
MAE: 1.7194836581194843
EVS: 0.04041412086783325
