Model: GRU
MSE: 3.4536522812987154
MAE: 1.3759012752109103
EVS: 0.42024522155167854
