Model: GRU
MSE: 4.358510959794195
MAE: 1.7444448117856626
EVS: 0.5161605689843494
