Model: GRU
MSE: 2.26188496288504
MAE: 0.9880647129482695
EVS: 0.5507872968254353
