Model: GRU
MSE: 7.343296551787186
MAE: 1.9572533678125452
EVS: -0.3558477245228078
