Model: GRU
MSE: 4.722586398816948
MAE: 1.7288552125295003
EVS: 0.2582507675169039
