Model: GRU
MSE: 5.535737345978911
MAE: 1.4670393908465351
EVS: -0.3401513547497528
