Model: GRU
MSE: 2.8343867372348703
MAE: 1.3531702801033303
EVS: 0.32361245728860055
