Model: GRU
MSE: 3.5371005060247813
MAE: 1.4321968820359972
EVS: 0.40285427773144034
