Model: GRU
MSE: 5.303700425186266
MAE: 1.565498775906033
EVS: -0.26348835046911057
