Model: GRU
MSE: 2.781791577985519
MAE: 1.220589107937283
EVS: 0.4455814096557188
