Model: GRU
MSE: 5.223404772950508
MAE: 1.3401594868412725
EVS: -0.2227602794446355
