Model: GRU
MSE: 6.3872866399559305
MAE: 1.5554137229919434
EVS: -0.547243570013368
