Model: GRU
MSE: 8.44619702536211
MAE: 2.1234937243991427
EVS: -0.40633019905659484
