Model: GRU
MSE: 2.4970791394258516
MAE: 1.0913308814719873
EVS: 0.5399460401549134
