Model: GRU
MSE: 4.8109300311447845
MAE: 1.3090068675853588
EVS: -0.15306104597141368
