Model: GRU
MSE: 2.6874025852045014
MAE: 1.1067012239385536
EVS: 0.4690862897025603
