Model: GRU
MSE: 5.751475493969306
MAE: 1.96963636080424
EVS: 0.2191890712743978
