Model: GRU
MSE: 4.386712581064888
MAE: 1.5602016360671431
EVS: 0.21800462804392517
