Model: GRU
MSE: 4.210938834068354
MAE: 1.68469563236943
EVS: 0.4921237101730982
