Model: GRU
MSE: 4.155097680560505
MAE: 1.591384278403388
EVS: 0.3190810692025098
