Model: GRU
MSE: 2.9199389478036064
MAE: 1.3859456556814689
EVS: 0.5358828933763276
