Model: GRU
MSE: 4.704657251422303
MAE: 1.78687760565016
EVS: 0.2827438061241103
