Model: GRU
MSE: 2.6768090617645095
MAE: 1.1122374976122822
EVS: 0.4703289353852238
