Model: GRU
MSE: 2.7434852476029157
MAE: 1.1497398835641368
EVS: 0.4541789516003165
