Model: GRU
MSE: 3.2824146874996547
MAE: 1.3391012880537245
EVS: 0.530763515979717
