Model: GRU
MSE: 8.317561613680425
MAE: 2.106731261525835
EVS: -0.38668641963151673
