Model: GRU
MSE: 4.678230948481676
MAE: 1.3477387958102756
EVS: -0.12372654950716755
