Model: GRU
MSE: 2.7013394968535915
MAE: 1.1163273564091436
EVS: 0.465723133127933
