Model: GRU
MSE: 4.881476020392795
MAE: 1.73462058879711
EVS: 0.2558662930207001
