Model: GRU
MSE: 3.46223038427822
MAE: 1.4444337509296559
EVS: 0.4671317727945087
