Model: GRU
MSE: 4.607151220090271
MAE: 1.669339692151105
EVS: 0.324031163920273
