Model: GRU
MSE: 4.086664281134964
MAE: 1.420795899850351
EVS: 0.3301756206485186
