Model: GRU
MSE: 3.1642619583945693
MAE: 1.3066114937817608
EVS: 0.45319918183260466
