Model: GRU
MSE: 3.557895377983363
MAE: 1.3806260603445548
EVS: 0.2938536490129936
