Model: GRU
MSE: 3.455638183633621
MAE: 1.2343622313605414
EVS: 0.328128041299541
