Model: GRU
MSE: 3.1970753310212228
MAE: 1.3299220226429127
EVS: 0.3769182960445888
