Model: GRU
MSE: 2.668672515770073
MAE: 1.1106914237693506
EVS: 0.46912984403204283
