Model: GRU
MSE: 3.0789548515192986
MAE: 1.1808431766651297
EVS: 0.3935949476152816
