Model: GRU
MSE: 652.5887685811734
MAE: 25.409790639524108
EVS: -0.3820907288221109
