Model: GRU
MSE: 2.883051492973051
MAE: 1.1726123933438903
EVS: 0.4349529162104441
