Model: GRU
MSE: 5.430044416811934
MAE: 1.669968322471336
EVS: 0.08313422792388525
