Model: GRU
MSE: 5.2019279445559174
MAE: 1.6662538139908403
EVS: 0.04848385481708628
