Model: GRU
MSE: 3.2877448689135225
MAE: 1.2903480618088334
EVS: 0.40287967881819087
