Model: GRU
MSE: 3.4175085437548374
MAE: 1.2804489665561252
EVS: 0.4225584875673394
