Model: GRU
MSE: 5.6808925894875095
MAE: 1.6013460335908112
EVS: -0.32623209993126756
