Model: GRU
MSE: 21922.220430951314
MAE: 148.04760798701534
EVS: 2.220446049250313e-16
