Model: GRU
MSE: 2.821063948346709
MAE: 1.2145399340876826
EVS: 0.47240691368702525
