Model: GRU
MSE: 2.891258468581967
MAE: 1.0875284406873915
EVS: 0.42489914475522084
