Model: GRU
MSE: 5.036326228126376
MAE: 1.5441133887679488
EVS: -0.1599827800939675
