Model: GRU
MSE: 3.299940039357445
MAE: 1.3450780621281377
EVS: 0.3784710762258482
