Model: GRU
MSE: 6.757492715089534
MAE: 1.5854593559547707
EVS: -0.46004327403323275
