Model: GRU
MSE: 3.296934130120067
MAE: 1.2507184169910572
EVS: 0.3774169246822118
