Model: GRU
MSE: 2.602443523768681
MAE: 1.1514115951679373
EVS: 0.4868775891100212
