Model: GRU
MSE: 9.222809185921177
MAE: 2.7470335960388184
EVS: 0.14987338826680074
