Model: GRU
MSE: 4.18331733925566
MAE: 1.2203588132505063
EVS: -0.011483801788729764
