Model: GRU
MSE: 7.477676909966585
MAE: 2.4063428243001304
EVS: 0.33250798294673045
