Model: GRU
MSE: 2.9762093508164877
MAE: 1.1781660715738933
EVS: 0.40877104040692125
