Model: GRU
MSE: 2.7199034019099178
MAE: 1.0871114201015897
EVS: 0.4766069421135769
