Model: GRU
MSE: 5.65533181089513
MAE: 2.071916871600681
EVS: 0.3436873412976499
