Model: GRU
MSE: 4.024824988480607
MAE: 1.3679956860012479
EVS: 0.07780171595575758
