Model: GRU
MSE: 4.137302103825489
MAE: 1.4099614355299208
EVS: 0.33258655707544604
