Model: GRU
MSE: 2.2792320600501905
MAE: 1.0683576354274043
EVS: 0.4130626463800121
