Model: GRU
MSE: 5.538129295086045
MAE: 1.3780047275401928
EVS: -0.20088593681003908
