Model: GRU
MSE: 4.756654139097194
MAE: 1.5426046583387587
EVS: -0.03241689799975944
