Model: GRU
MSE: 3.505626570765731
MAE: 1.2708913308602792
EVS: 0.3269883112596731
