Model: GRU
MSE: 3.5777783861191526
MAE: 1.3539076116349962
EVS: 0.33639949223735177
