Model: GRU
MSE: 7.09920336435277
MAE: 1.5959224700927734
EVS: -0.4623960776883427
