Model: GRU
MSE: 5.545412239804794
MAE: 1.608461168077257
EVS: -0.2919939186646636
