Model: GRU
MSE: 3.0437103006953143
MAE: 1.2598601270605017
EVS: 0.4672327295354146
