Model: GRU
MSE: 4.492632692404699
MAE: 1.6762892228585702
EVS: 0.3925754262623796
