Model: GRU
MSE: 2.9106807870697247
MAE: 1.3988826363175004
EVS: 0.2610642528040039
