Model: GRU
MSE: 4.716882926199652
MAE: 1.6587980235064472
EVS: 0.34756014881168174
