Model: GRU
MSE: 3.458895808863139
MAE: 1.2945091636092574
EVS: 0.3497839688009935
