Model: GRU
MSE: 7.205916384559251
MAE: 1.6185593605041504
EVS: -0.6004953746771644
