Model: GRU
MSE: 6873.825831255841
MAE: 82.8836511682581
EVS: 2.220446049250313e-16
