Model: GRU
MSE: 2.477827933783525
MAE: 1.0809549755520291
EVS: 0.5122316276499286
