Model: GRU
MSE: 3.210637906539325
MAE: 1.3685739746800176
EVS: 0.3705335268825998
