Model: GRU
MSE: 1.904538531169686
MAE: 1.0342457117857757
EVS: 0.5094530991684341
