Model: GRU
MSE: 6.301369718782468
MAE: 1.5838322462858978
EVS: -0.33640795316113503
