Model: GRU
MSE: 3.554501945203508
MAE: 1.4884155061509874
EVS: 0.5796072660989837
