Model: GRU
MSE: 3.5001658421226804
MAE: 1.4424319178969771
EVS: 0.3609975962198968
