Model: GRU
MSE: 2.7973329907959874
MAE: 1.1808094978332522
EVS: 0.44248332707740845
