Model: GRU
MSE: 2.354932732328002
MAE: 1.059361846358688
EVS: 0.5611000939419805
