Model: GRU
MSE: 4.160834670007473
MAE: 1.5396300245214392
EVS: 0.3676407230825631
