Model: GRU
MSE: 2.7815712274646356
MAE: 1.2747565552040383
EVS: 0.3061195587680702
