Model: GRU
MSE: 3.1920225683688845
MAE: 1.2859328587849934
EVS: 0.364152614830882
