Model: GRU
MSE: 3.7937295619278615
MAE: 1.4579814363408972
EVS: 0.3175024370562346
