Model: GRU
MSE: 5.597866919017996
MAE: 1.9659940401713054
EVS: 0.25152847899270936
