Model: GRU
MSE: 5.762515224715734
MAE: 1.730506317956107
EVS: -0.025227362781530926
