Model: GRU
MSE: 4.930003837133848
MAE: 1.4011764526367188
EVS: -0.17972188927352928
