Model: GRU
MSE: 3.155663115433603
MAE: 1.287407186296251
EVS: 0.38473353565052437
