Model: GRU
MSE: 3.493304891357371
MAE: 1.305469892643116
EVS: 0.32442210553658624
