Model: GRU
MSE: 3.3273856188365403
MAE: 1.473502106136746
EVS: 0.4982396866434651
