Model: GRU
MSE: 6.3076999856725875
MAE: 2.0654948552449546
EVS: -0.12632735450559984
