Model: GRU
MSE: 7.976038366472974
MAE: 2.4539697258560746
EVS: 0.08087008596587042
