Model: GRU
MSE: 4.925770961045499
MAE: 1.3423149674027055
EVS: -0.12810117718307468
