Model: GRU
MSE: 2.830430522730189
MAE: 1.2933761808607314
EVS: 0.5396601754389625
