Model: GRU
MSE: 5.208004875450848
MAE: 1.40702955811112
EVS: -0.2606325517523367
