Model: GRU
MSE: 2.4873694050461634
MAE: 1.0660822303206834
EVS: 0.5057497641607072
