Model: GRU
MSE: 3.7495121163147496
MAE: 1.3522328800625272
EVS: 0.25354476193149444
