Model: GRU
MSE: 5.617273723458555
MAE: 1.4919004616913971
EVS: -0.1691595308066356
