Model: GRU
MSE: 3.7756064448254554
MAE: 1.2934186370284468
EVS: 0.31284154309148793
