Model: GRU
MSE: 3.599685411789915
MAE: 1.51694150324221
EVS: 0.2864358408358211
