Model: GRU
MSE: 3.527988556717699
MAE: 1.3384154990867332
EVS: 0.313940677178587
