Model: GRU
MSE: 2.029234473507258
MAE: 1.0751327408684626
EVS: 0.47035840158296927
