Model: GRU
MSE: 2.7204486140722195
MAE: 1.2237017772815846
EVS: 0.5869310301648638
