Model: GRU
MSE: 2.744346477240841
MAE: 1.246196570219817
EVS: 0.5535394542763448
