Model: GRU
MSE: 2.9504959372146735
MAE: 1.1581456396314833
EVS: 0.42919792002238344
