Model: GRU
MSE: 2.9194293179777593
MAE: 1.2103035185072157
EVS: 0.46578425907344123
