Model: GRU
MSE: 4.55024144442493
MAE: 1.801750448015001
EVS: 0.6139807755106906
