Model: GRU
MSE: 5.29261116066978
MAE: 1.5316581902680573
EVS: -0.039052156740871924
