Model: GRU
MSE: 3.7942238706344216
MAE: 1.3253047466278076
EVS: 0.2838440645385407
