Model: GRU
MSE: 4.5753776700455955
MAE: 1.3132790327072144
EVS: -0.10504167129378916
