Model: GRU
MSE: 8.994504069516726
MAE: 2.6386391675030745
EVS: 0.3178904119372128
