Model: GRU
MSE: 3.2050235717248494
MAE: 1.3647087061846699
EVS: 0.42203792898954784
