Model: GRU
MSE: 2.9401049796788192
MAE: 1.3037417729695637
EVS: 0.48440959694126307
