Model: GRU
MSE: 8.191737692119247
MAE: 2.005809201134576
EVS: -0.31528934538105635
