Model: GRU
MSE: 3.6452693784608696
MAE: 1.1145617520367657
EVS: 0.1197458279241922
