Model: GRU
MSE: 6329.849704070981
MAE: 79.54004669189453
EVS: 0.2170335641964446
