Model: GRU
MSE: 5.90982160198426
MAE: 1.6218973089147497
EVS: -0.3883231695656608
