Model: GRU
MSE: 10.991569995766373
MAE: 2.897925094321922
EVS: 0.27078189148362397
