Model: GRU
MSE: 2.99702994858882
MAE: 1.2283480962117512
EVS: 0.4567775441235121
