Model: GRU
MSE: 12.083987614379726
MAE: 3.107500765058729
EVS: 0.11599432431736323
