Model: GRU
MSE: 2.695488090732422
MAE: 1.206418443609167
EVS: 0.48813641377616135
