Model: GRU
MSE: 9.132460170464245
MAE: 2.4188226417258933
EVS: 0.11236348468013191
