Model: GRU
MSE: 5.835833990122722
MAE: 1.6406492480525263
EVS: -0.10506435020169147
