Model: GRU
MSE: 2.3764237979060336
MAE: 1.0791361596849232
EVS: 0.5888702266138159
