Model: GRU
MSE: 2.7083800972127334
MAE: 1.0209649668799508
EVS: 0.46322936185320773
