Model: GRU
MSE: 5.829069047293623
MAE: 1.769647933818676
EVS: -0.13822404117704212
