Model: GRU
MSE: 5.702960252663615
MAE: 1.4879707760281033
EVS: -0.36121516279929344
