Model: GRU
MSE: 3.035877088375512
MAE: 1.2462016299918846
EVS: 0.4062699690717434
