Model: GRU
MSE: 3.2917929303342626
MAE: 1.3391335716953985
EVS: 0.38819283098819435
