Model: GRU
MSE: 3.9226326407492116
MAE: 1.4764932173269767
EVS: 0.21788520459793903
