Model: GRU
MSE: 3.4770314199544607
MAE: 1.363138128209997
EVS: 0.3150416064574372
