Model: GRU
MSE: 5.3116339984029155
MAE: 1.9799703315452293
EVS: 0.5230679283352598
