Model: GRU
MSE: 4.799028728430636
MAE: 1.395005014207628
EVS: -0.16285178065335026
