Model: GRU
MSE: 3.363141348253403
MAE: 1.3927962691695601
EVS: 0.33591492368488673
