Model: GRU
MSE: 3.1751479963628735
MAE: 1.305445741724085
EVS: 0.3673219880541264
