Model: GRU
MSE: 3.5814014898765936
MAE: 1.458375957277086
EVS: 0.3833886455605463
