Model: GRU
MSE: 2.4718272634304603
MAE: 1.202284609829938
EVS: 0.5211670670273345
