Model: GRU
MSE: 5.867764412632099
MAE: 1.7317610493412725
EVS: -0.26479549825946935
