Model: GRU
MSE: 2.8811059990457326
MAE: 1.2081368234422472
EVS: 0.4676526801529043
