Model: GRU
MSE: 4.163287524309731
MAE: 1.1636520138493291
EVS: -0.005634725029019183
