Model: GRU
MSE: 3.6639896514544024
MAE: 1.396170730944033
EVS: 0.21114888337858317
