Model: GRU
MSE: 2.6481698215561074
MAE: 1.1140761728639956
EVS: 0.47550570627492916
