Model: GRU
MSE: 6.224399802071283
MAE: 1.7003408537970648
EVS: -0.42286282332678526
