Model: GRU
MSE: 2.6510807496621434
MAE: 1.2711093602357086
EVS: 0.5377211823696513
