Model: GRU
MSE: 3.3467486621946745
MAE: 1.3835901772534405
EVS: 0.3400046020634665
