Model: GRU
MSE: 9064.528526893464
MAE: 95.18067480016637
EVS: -0.030424646548193213
