Model: GRU
MSE: 5.954729493404666
MAE: 1.837759424138952
EVS: -0.18855941758932815
