Model: GRU
MSE: 3.96357126954566
MAE: 1.400345457924737
EVS: 0.25504445832045264
