Model: GRU
MSE: 2.8343742454209746
MAE: 1.1772043528380218
EVS: 0.43485984437144354
