Model: GRU
MSE: 3.123925299890626
MAE: 1.2366615931193035
EVS: 0.3774958236633724
