Model: GRU
MSE: 3.391520190596871
MAE: 1.2526696258121066
EVS: 0.3612077693177457
