Model: GRU
MSE: 9.576977883914264
MAE: 2.7591683246471264
EVS: 0.11632498980477057
