Model: GRU
MSE: 2.8834705663691045
MAE: 1.2477016360671431
EVS: 0.5054248546902864
