Model: GRU
MSE: 3.8351904145197633
MAE: 1.4969008763631184
EVS: 0.4390885803287865
