Model: GRU
MSE: 3.0811167888161664
MAE: 1.3047796620262995
EVS: 0.46169756114978566
