Model: GRU
MSE: 5.0239221531979235
MAE: 1.438314261259856
EVS: -0.21408630995947542
