Model: GRU
MSE: 6.86330298223278
MAE: 2.184334631319399
EVS: 0.19424768576003404
