Model: GRU
MSE: 4.229606187216902
MAE: 1.6966929612336334
EVS: 0.427211916270826
