Model: GRU
MSE: 1.9584253678753145
MAE: 1.1884521731623896
EVS: 0.5117795303232694
