Model: GRU
MSE: 240.67866877702895
MAE: 15.34872254618892
EVS: -0.016010844730773632
