Model: GRU
MSE: 2.735915327634631
MAE: 1.1362339125739205
EVS: 0.4589405782515348
