Model: GRU
MSE: 4.401518689737452
MAE: 1.673454690862585
EVS: 0.3244594550674593
