Model: GRU
MSE: 3.1655119109515186
MAE: 1.2133262598956074
EVS: 0.3784063204176249
