Model: GRU
MSE: 6.5013180085389415
MAE: 1.6671324129457827
EVS: -0.378269100011432
