Model: GRU
MSE: 12.793905224936587
MAE: 2.6099464805037886
EVS: -1.6217380416042237
