Model: GRU
MSE: 6.269615368261914
MAE: 1.518251966547083
EVS: -0.2530846043502486
