Model: GRU
MSE: 2.071433246956845
MAE: 1.0577378361313432
EVS: 0.4592644251694241
