Model: GRU
MSE: 4.775742616387553
MAE: 1.2989691451743797
EVS: -0.1545289232003184
