Model: GRU
MSE: 7.780914409929597
MAE: 2.416402251632125
EVS: 0.28036263848492127
