Model: GRU
MSE: 4.52005594776489
MAE: 1.285171420485885
EVS: -0.08106109875072232
