Model: GRU
MSE: 5.297046339219656
MAE: 1.517195224761963
EVS: -0.2534103299951571
