Model: GRU
MSE: 2.93055254469071
MAE: 1.2711587128815827
EVS: 0.4930466183834509
