Model: GRU
MSE: 4.626494832191712
MAE: 1.4760440014026783
EVS: 0.015821562361110098
