Model: GRU
MSE: 5.368097825832264
MAE: 1.4765927879898637
EVS: -0.2562855908903854
