Model: GRU
MSE: 3.437392309829167
MAE: 1.4834611150953505
EVS: 0.4795440737133225
