Model: GRU
MSE: 4.221215406458402
MAE: 1.5269723026840776
EVS: 0.3499701174189407
