Model: GRU
MSE: 5.11318879404988
MAE: 1.5353407859802246
EVS: -0.24722585990317247
