Model: GRU
MSE: 5.656208155097172
MAE: 1.826030448631004
EVS: -0.12282520071009606
