Model: GRU
MSE: 3.7694431448099284
MAE: 1.3352359930674236
EVS: 0.33441985735930524
