Model: GRU
MSE: 2.5130341997836347
MAE: 1.0441627679047762
EVS: 0.49890544741318776
