Model: GRU
MSE: 2.477231214969505
MAE: 1.0821111643755879
EVS: 0.5066308289456449
