Model: GRU
MSE: 7.931454159229666
MAE: 2.38086489394859
EVS: 0.12380912541144784
