Model: GRU
MSE: 3.13622427381901
MAE: 1.2631461708633989
EVS: 0.3831283759722892
