Model: GRU
MSE: 8.930078476412712
MAE: 2.2016956541273327
EVS: -0.3878338342228653
