Model: GRU
MSE: 2.7734604307681843
MAE: 1.2141553825802274
EVS: 0.4604309732749182
