Model: GRU
MSE: 6.575506944219788
MAE: 2.1638337771097818
EVS: 0.3282375198070785
