Model: GRU
MSE: 2.7549244598468188
MAE: 1.0983100467258031
EVS: 0.45165491988893136
