Model: GRU
MSE: 5.256878868095487
MAE: 1.7008676528930664
EVS: -0.1312166625588862
