Model: GRU
MSE: 3.891558055723096
MAE: 1.5722264890317563
EVS: 0.4537769355598701
