Model: GRU
MSE: 3316.7033158282393
MAE: 57.529733163339124
EVS: -0.40239141405377854
