Model: GRU
MSE: 2.905621502528826
MAE: 1.2632223941661693
EVS: 0.5228393568816558
