Model: GRU
MSE: 5.846281972931273
MAE: 1.5227767449838143
EVS: -0.3043514980539783
