Model: GRU
MSE: 2888.353190143392
MAE: 53.69672337284795
EVS: 3.3306690738754696e-16
