Model: GRU
MSE: 3.9781925287218747
MAE: 1.557968987358941
EVS: 0.3136692178955558
