Model: GRU
MSE: 5.406557142267024
MAE: 1.8360376446335405
EVS: 0.17983255238879414
