Model: GRU
MSE: 3.749848494571004
MAE: 1.4771481619940863
EVS: 0.45266614855631226
