Model: GRU
MSE: 5.569827468041459
MAE: 1.4494102972525138
EVS: -0.3490792094844011
