Model: GRU
MSE: 4.386074033878281
MAE: 1.4058151245117188
EVS: -0.03078851634143942
