Model: GRU
MSE: 4.316924091996776
MAE: 1.6193796617013436
EVS: 0.3473322229048741
