Model: GRU
MSE: 3.222678869452222
MAE: 1.348667162436026
EVS: 0.4153198181612707
