Model: GRU
MSE: 2.6936152608011783
MAE: 1.2242999253449616
EVS: 0.4879323860716528
