Model: GRU
MSE: 2.672258048013317
MAE: 1.1358462616249367
EVS: 0.4858098490017455
