Model: GRU
MSE: 8.354520081947353
MAE: 1.9465917178562708
EVS: -0.5032164381584645
