Model: GRU
MSE: 3.41818166825699
MAE: 1.2518763983691181
EVS: 0.336500141270335
