Model: GRU
MSE: 4.167082967555104
MAE: 1.4830740292867024
EVS: 0.2163572780742118
