Model: GRU
MSE: 4.557543614599816
MAE: 1.4193352593315973
EVS: -0.03035004075950809
