Model: GRU
MSE: 4.811598040096661
MAE: 1.7403870865150735
EVS: 0.3146831450972877
