Model: GRU
MSE: 6.808547762534073
MAE: 1.8582732942369249
EVS: -0.2076260950304436
