Model: GRU
MSE: 2.6721579761208516
MAE: 1.2043643527560763
EVS: 0.5855708251074795
