Model: GRU
MSE: 6.562925591905805
MAE: 1.8451551331414118
EVS: -0.5862503246909172
