Model: GRU
MSE: 2.8300012726188943
MAE: 1.1289471520317926
EVS: 0.4379901466658159
