Model: GRU
MSE: 5.972240815028777
MAE: 1.4557965243304218
EVS: -0.3193600712659279
