Model: GRU
MSE: 3.627934533361139
MAE: 1.3828897564499467
EVS: 0.38177936848080285
