Model: GRU
MSE: 5.369447860908276
MAE: 1.912963284386529
EVS: 0.25833102953136566
