Model: GRU
MSE: 3.9020696766921934
MAE: 1.5397279174239547
EVS: 0.44130054455939793
