Model: GRU
MSE: 3.848156438950237
MAE: 1.4742501223528828
EVS: 0.4005560051129202
