Model: GRU
MSE: 3.7827553218486947
MAE: 1.519081504256637
EVS: 0.5244023788318687
