Model: GRU
MSE: 3.078239534297552
MAE: 1.2457515840177182
EVS: 0.4310802438950836
