Model: GRU
MSE: 5.770066367886237
MAE: 1.6604771084255643
EVS: -0.08554184851268642
