Model: GRU
MSE: 5.807411610588748
MAE: 1.8998911292464644
EVS: 0.31219598488559275
