Model: GRU
MSE: 3.7237468965919542
MAE: 1.4347591046933774
EVS: 0.31261625572868057
