Model: GRU
MSE: 4.325645668329268
MAE: 1.8033134495770489
EVS: 0.5388922021862891
