Model: GRU
MSE: 5.696711735132845
MAE: 1.5051266352335613
EVS: -0.37991676451706247
