Model: GRU
MSE: 4.144003042120287
MAE: 1.5862932823322438
EVS: 0.2083778972928012
