Model: GRU
MSE: 3.880895050670412
MAE: 1.4274654653337266
EVS: 0.2691316192432457
