Model: GRU
MSE: 6.494457734404772
MAE: 1.6442376772562664
EVS: -0.3218764287099112
