Model: GRU
MSE: 3.00715446300187
MAE: 1.2780441089912697
EVS: 0.4043329316355265
