Model: GRU
MSE: 3.004277150897519
MAE: 1.4464269920631692
EVS: 0.4883100179540196
