Model: GRU
MSE: 2.8054686995439244
MAE: 1.1766845738446272
EVS: 0.44390247491895807
