Model: GRU
MSE: 3.753537281811195
MAE: 1.4339170455932617
EVS: 0.3144034255091238
