Model: GRU
MSE: 3.6436560141518117
MAE: 1.4065111301563404
EVS: 0.3903848901446023
