Model: GRU
MSE: 5.735915929744099
MAE: 1.6044126793190285
EVS: -0.19968328281674363
