Model: GRU
MSE: 3.473910459102871
MAE: 1.4355613743817364
EVS: 0.47971089018385027
