Model: GRU
MSE: 2.8035854764100185
MAE: 1.3558327533580639
EVS: 0.6642989872039474
