Model: GRU
MSE: 4.200471094070789
MAE: 1.7095319341730189
EVS: 0.48079773358999234
