Model: GRU
MSE: 3.347426749742841
MAE: 1.3066402541266546
EVS: 0.33951776955281976
