Model: GRU
MSE: 2.890638423186486
MAE: 1.3798157815580014
EVS: 0.2908543692061013
