Model: GRU
MSE: 3.12536208666126
MAE: 1.3054587841033936
EVS: 0.4487876829822164
