Model: GRU
MSE: 3.1414988581089065
MAE: 1.2698561527110912
EVS: 0.42848455406503827
