Model: GRU
MSE: 6.189558167871264
MAE: 1.7512648547137226
EVS: -0.12710806285118537
