Model: GRU
MSE: 4.390357017771733
MAE: 1.5253959320209645
EVS: 0.19883668171006963
