Model: GRU
MSE: 1549.503224585319
MAE: 39.3112836767126
EVS: 2.220446049250313e-16
