Model: GRU
MSE: 6.745672324423485
MAE: 2.116956516548439
EVS: 0.06981264802909937
