Model: GRU
MSE: 5.909831507503609
MAE: 1.6358100043402777
EVS: -0.14115704878883584
