Model: GRU
MSE: 2.8252410014969684
MAE: 1.223576130690398
EVS: 0.43683460861144985
