Model: GRU
MSE: 3.611306475321417
MAE: 1.4495454452655934
EVS: 0.4243576828668938
