Model: GRU
MSE: 6.222801483648583
MAE: 1.9889266932452168
EVS: 0.17927920749116255
