Model: GRU
MSE: 3.529128314525108
MAE: 1.524682389365302
EVS: 0.4455558052596106
