Model: GRU
MSE: 3.4193504284699654
MAE: 1.538355580082646
EVS: 0.5186055202390193
