Model: GRU
MSE: 1.8005377100967057
MAE: 0.9855967627631294
EVS: 0.530679193177948
