Model: GRU
MSE: 6.094722862610011
MAE: 1.8835904333326552
EVS: -0.003551183167169736
