Model: GRU
MSE: 3.2822166956584904
MAE: 1.3110855508733679
EVS: 0.3987479223566307
