Model: GRU
MSE: 11.780793961647456
MAE: 2.4806719885932074
EVS: 0.36836102128603965
