Model: GRU
MSE: 17.878639999917883
MAE: 2.879902027271412
EVS: 0.11908636751142188
