Model: GRU
MSE: 10.930773702248594
MAE: 2.341839896308051
EVS: 0.4121931103820816
