Model: GRU
MSE: 16.009827003314395
MAE: 3.491231988977503
EVS: 0.33711241698772365
