Model: GRU
MSE: 11.461989896861066
MAE: 2.5613771367956093
EVS: 0.3945971672735089
