Model: GRU
MSE: 12.352710999047144
MAE: 2.449838973857738
EVS: 0.3984682977846845
