Model: GRU
MSE: 11.772052159521284
MAE: 2.4776069853040905
EVS: 0.37211081504980803
