Model: GRU
MSE: 12.189393428524697
MAE: 2.7024166848924427
EVS: 0.35669625040748787
