Model: GRU
MSE: 13.503692672601069
MAE: 2.5815687532778138
EVS: 0.3662116480168057
