Model: GRU
MSE: 13.214308495854985
MAE: 3.135557492574056
EVS: 0.37635735895595557
