Model: GRU
MSE: 15.459301996568684
MAE: 3.194983447039569
EVS: 0.2654866021898009
