Model: GRU
MSE: 11.453930445584437
MAE: 2.585481078536422
EVS: 0.39579545415201345
