Model: GRU
MSE: 12.982170006225848
MAE: 3.012966579861111
EVS: 0.34113838743042313
