Model: GRU
MSE: 18.407211916100533
MAE: 2.7593231201171875
EVS: 0.0902613581567544
