Model: GRU
MSE: 12.041703045370317
MAE: 2.2913273352163808
EVS: 0.3540866574521019
