Model: GRU
MSE: 11.167407431176334
MAE: 2.401298893822564
EVS: 0.39932161223714013
