Model: GRU
MSE: 263.36966352729803
MAE: 15.576709146852847
EVS: -0.02484034250319067
