Model: GRU
MSE: 11.529535479187265
MAE: 2.865784857008192
EVS: 0.4449562292565
