Model: GRU
MSE: 18.97108664074885
MAE: 2.980891086437084
EVS: 0.06950906245439248
