Model: GRU
MSE: 11.258015879307331
MAE: 2.372958430537471
EVS: 0.4047361696106223
