Model: GRU
MSE: 10.975470978579365
MAE: 2.2221963140699597
EVS: 0.4159514016863557
