Model: GRU
MSE: 12.202081653957872
MAE: 2.650997585720486
EVS: 0.36099152005404944
