Model: GRU
MSE: 13.232614720415937
MAE: 2.4390523698594837
EVS: 0.3234655453066482
