Model: GRU
MSE: 16.580857037615278
MAE: 2.7560534653840243
EVS: 0.2579414441156541
