Model: GRU
MSE: 10.665118022889144
MAE: 2.3285199624520763
EVS: 0.4378775583004929
