Model: GRU
MSE: 19.64183205339288
MAE: 3.2275923269766347
EVS: 0.09652943605578546
