Model: GRU
MSE: 12.048949311296585
MAE: 2.707833113493743
EVS: 0.40892677589816273
