Model: GRU
MSE: 11.503774716330621
MAE: 2.4870040681627064
EVS: 0.38081446416434017
