Model: GRU
MSE: 11.054795218103445
MAE: 2.4257583618164062
EVS: 0.4049829053891717
