Model: GRU
MSE: 13.248622028112313
MAE: 3.1100956952130354
EVS: 0.3604466894491958
