Model: GRU
MSE: 12.441053986934499
MAE: 2.907883361533836
EVS: 0.35717622103531665
