Model: GRU
MSE: 11.302404868138284
MAE: 2.4215304410016096
EVS: 0.4003104721753544
