Model: GRU
MSE: 14.900925172235842
MAE: 3.288762127911603
EVS: 0.31008212556781256
