Model: GRU
MSE: 13.112787779662675
MAE: 3.0675582179316767
EVS: 0.3884862034080395
