Model: GRU
MSE: 18.268890724924194
MAE: 2.710363264437075
EVS: 0.10977515087232026
