Model: GRU
MSE: 16.960151975261642
MAE: 3.3742662535773382
EVS: 0.23041658637895024
