Model: GRU
MSE: 11.689187612952788
MAE: 2.618019421895345
EVS: 0.38280857998624196
