Model: GRU
MSE: 18.794752398832482
MAE: 2.8886932796902127
EVS: 0.07595904791574892
