Model: GRU
MSE: 24.765229393134312
MAE: 4.067716209976761
EVS: -0.08871780094313264
