Model: GRU
MSE: 16.26771590618305
MAE: 2.6133367397167064
EVS: 0.19685679558299818
