Model: GRU
MSE: 11.135914264810312
MAE: 2.272744443681505
EVS: 0.40584638840614595
