Model: GRU
MSE: 12.2112735271665
MAE: 2.913385108665184
EVS: 0.42881370983563016
