Model: GRU
MSE: 11.761127360071171
MAE: 2.6077179025720665
EVS: 0.37844682716168143
