Model: GRU
MSE: 13.153052721024492
MAE: 3.065635398582176
EVS: 0.3176400965505851
