Model: GRU
MSE: 11.388846392614242
MAE: 2.407713466220432
EVS: 0.40762489262039525
