Model: GRU
MSE: 11.655412699568034
MAE: 2.4811072879367404
EVS: 0.3919425045333408
