Model: GRU
MSE: 12.9699901686918
MAE: 3.012516869439019
EVS: 0.3449433962757523
