Model: GRU
MSE: 13.538631677819906
MAE: 3.0915754812735097
EVS: 0.34318230924087556
