Model: GRU
MSE: 11.089162095021695
MAE: 2.4601608205724648
EVS: 0.4033083660506196
