Model: GRU
MSE: 15.942745264792999
MAE: 2.7796653464988426
EVS: 0.2185420745590242
