Model: GRU
MSE: 12.461379693370402
MAE: 2.3941385834305375
EVS: 0.3778363258585251
