Model: GRU
MSE: 11.254941017914124
MAE: 2.5874622486255787
EVS: 0.41328834839889506
