Model: GRU
MSE: 11.96905751279458
MAE: 2.4079336237024376
EVS: 0.35924341543146177
