Model: GRU
MSE: 12.098741372107387
MAE: 2.890497737460666
EVS: 0.4389913285082956
