Model: GRU
MSE: 16.431355274207515
MAE: 3.430765257941352
EVS: 0.3303742181703747
