Model: GRU
MSE: 12.024036319027514
MAE: 2.436373993202492
EVS: 0.3623510883306795
