Model: GRU
MSE: 16.882823705353346
MAE: 2.9432810324209706
EVS: 0.17156046763226795
