Model: GRU
MSE: 12.030895582881485
MAE: 2.6100571243851274
EVS: 0.36311147961265455
