Model: GRU
MSE: 11.544461866714274
MAE: 2.2754417172184698
EVS: 0.40104362801224513
