Model: GRU
MSE: 12.678942044017715
MAE: 2.8684529198540583
EVS: 0.3415007982959778
