Model: GRU
MSE: 13.208458602995599
MAE: 2.5536969326160572
EVS: 0.3152357922849729
