Model: GRU
MSE: 11.676624128451033
MAE: 2.434596715150056
EVS: 0.3731761898111515
