Model: GRU
MSE: 17.797169502895958
MAE: 2.837408277723524
EVS: 0.1228202333416526
