Model: GRU
MSE: 17.193989577113015
MAE: 2.9876641167534723
EVS: 0.15868815981366047
