Model: GRU
MSE: 13.146921508304095
MAE: 3.1255054473876953
EVS: 0.372315050793842
