Model: GRU
MSE: 12.404256284818278
MAE: 2.6924445894029407
EVS: 0.3402542431680031
