Model: GRU
MSE: 17.803966928870008
MAE: 3.0311539791248463
EVS: 0.14941354455675138
