Model: GRU
MSE: 12.080443258532021
MAE: 2.757420575177228
EVS: 0.35048318589178773
