Model: GRU
MSE: 13.608242453203477
MAE: 2.767265107896593
EVS: 0.3243331034476743
