Model: GRU
MSE: 11.632162112751924
MAE: 2.2536795934041343
EVS: 0.3868747046120141
