Model: GRU
MSE: 11.782341691546284
MAE: 2.4218976585953325
EVS: 0.36656853638413256
