Model: GRU
MSE: 12.732471116989002
MAE: 3.0032884809705944
EVS: 0.42254774012316487
