Model: GRU
MSE: 12.00173007137073
MAE: 2.504826051217538
EVS: 0.3629028988845143
