Model: GRU
MSE: 12.296656156257153
MAE: 2.9366996906421803
EVS: 0.389660953025721
