Model: GRU
MSE: 17.88166517909246
MAE: 2.875318491900409
EVS: 0.11902039356399452
