Model: GRU
MSE: 11.559131265088276
MAE: 2.780305191322609
EVS: 0.38067781587515337
