Model: GRU
MSE: 12.629390879463177
MAE: 2.6506821667706526
EVS: 0.36372436494139804
