Model: GRU
MSE: 10.942172531961189
MAE: 2.614231992650915
EVS: 0.42515552350083574
