Model: GRU
MSE: 10.429900321003684
MAE: 2.410710405420374
EVS: 0.44228821205590285
