Model: GRU
MSE: 13.157206710435915
MAE: 2.5122113757663302
EVS: 0.3697029525863934
