Model: GRU
MSE: 15.737074361775369
MAE: 3.071210190101906
EVS: 0.25682781525844334
