Model: GRU
MSE: 15.503455879304974
MAE: 3.344103866153293
EVS: 0.2518969946652423
