Model: GRU
MSE: 13.13485506820315
MAE: 3.0854724248250327
EVS: 0.36181420705195666
