Model: GRU
MSE: 13.23221853993733
MAE: 3.124781608581543
EVS: 0.39824004064013363
