Model: GRU
MSE: 12.457527069740198
MAE: 2.8494685844138816
EVS: 0.3307452655066885
