Model: GRU
MSE: 19.77751624996209
MAE: 3.254723831459328
EVS: 0.23440781932152488
