Model: GRU
MSE: 12.751909336954062
MAE: 2.762838540253816
EVS: 0.33706412457325996
