Model: GRU
MSE: 14.62051595137386
MAE: 3.0402993979277433
EVS: 0.2937221576808018
