Model: GRU
MSE: 10.729373792075691
MAE: 2.4456587190981263
EVS: 0.43257357060816337
