Model: GRU
MSE: 13.319866383605417
MAE: 2.9238824491147644
EVS: 0.37513872206777943
