Model: GRU
MSE: 11.373670989450586
MAE: 2.1915736728244357
EVS: 0.43318714856689866
