Model: GRU
MSE: 11.341811527940584
MAE: 2.302331253334328
EVS: 0.40803294738911977
