Model: GRU
MSE: 11.515723591713275
MAE: 2.601344179224085
EVS: 0.3979636019757905
