Model: GRU
MSE: 10.827542375654687
MAE: 2.281746405142325
EVS: 0.417345263899782
