Model: GRU
MSE: 11.89158566920297
MAE: 2.349374841760706
EVS: 0.3923422573082005
