Model: GRU
MSE: 12.494174239386666
MAE: 3.014440995675546
EVS: 0.4154382252749538
