Model: GRU
MSE: 12.641230158217763
MAE: 2.810999799657751
EVS: 0.3227842525083523
