Model: GRU
MSE: 17.04099513447791
MAE: 3.095542801751031
EVS: 0.15783124917119262
