Model: GRU
MSE: 11.556865270307078
MAE: 2.4058214823404946
EVS: 0.38512401789173534
