Model: GRU
MSE: 12.97901541246473
MAE: 3.0153127599645546
EVS: 0.36782854446002644
