Model: GRU
MSE: 18.71121880997402
MAE: 3.025205859431514
EVS: 0.0795203141865275
