Model: GRU
MSE: 15.35654858360606
MAE: 3.31562543798376
EVS: 0.3519884282175034
