Model: GRU
MSE: 12.143003775614126
MAE: 2.403757784101698
EVS: 0.3921252371276127
