Model: GRU
MSE: 12.566207169844994
MAE: 2.8121755211441606
EVS: 0.3682784673616234
