Model: GRU
MSE: 14.943595894482517
MAE: 3.2579446368747287
EVS: 0.32642810146990653
