Model: GRU
MSE: 12.227337971232002
MAE: 2.7901232684100115
EVS: 0.40174546102543884
