Model: GRU
MSE: 12.106342606545434
MAE: 2.6785435676574707
EVS: 0.3658381166529784
