Model: GRU
MSE: 12.096748158719627
MAE: 2.8795320016366466
EVS: 0.3912623545053715
