Model: GRU
MSE: 17.60716195321715
MAE: 3.0483024385240345
EVS: 0.13127827227523892
