Model: GRU
MSE: 261.5873795264202
MAE: 15.520428803231981
EVS: -0.0232525364458116
