Model: GRU
MSE: 7514.6022508026645
MAE: 86.57002399585865
EVS: 0.0
