Model: GRU
MSE: 14.497434129907266
MAE: 3.2827211839181407
EVS: 0.3723645173244594
