Model: GRU
MSE: 12.1533281274514
MAE: 2.954729027218289
EVS: 0.42647349612626373
