Model: GRU
MSE: 10.814671706498707
MAE: 2.400568891454626
EVS: 0.4186582632205784
