Model: GRU
MSE: 16.118735823889573
MAE: 3.3587812494348595
EVS: 0.273675354007888
