Model: GRU
MSE: 15637.79661173908
MAE: 124.97686880606192
EVS: -2.220446049250313e-16
