Model: GRU
MSE: 17.164749712572657
MAE: 2.6725213439376265
EVS: 0.1578612713874672
