Model: GRU
MSE: 12.46682331323855
MAE: 2.6134843826293945
EVS: 0.4028519323363817
