Model: GRU
MSE: 2156.80692780966
MAE: 46.23566076490614
EVS: -0.013004113330559397
