Model: GRU
MSE: 12.285107770999746
MAE: 2.755072240476255
EVS: 0.3387864391750718
