Model: GRU
MSE: 13.251395052758609
MAE: 2.7507982430634677
EVS: 0.2969822888821334
