Model: GRU
MSE: 12.5732294868035
MAE: 2.6928893195258246
EVS: 0.3486341517090982
