Model: GRU
MSE: 11.598719065580248
MAE: 2.5792439778645835
EVS: 0.37609622339525994
