Model: GRU
MSE: 11.348378915923197
MAE: 2.338619938603154
EVS: 0.3933124274034423
