Model: GRU
MSE: 12.477181971336666
MAE: 2.7964072404084384
EVS: 0.361604893686306
