Model: GRU
MSE: 11.57858624372501
MAE: 2.405916002061632
EVS: 0.37679368463503016
