Model: GRU
MSE: 12.019594293242132
MAE: 2.7887856518780745
EVS: 0.3864564385876651
