Model: GRU
MSE: 12.092802147374709
MAE: 2.776145405239529
EVS: 0.3533178131255299
