Model: GRU
MSE: 11.020971809189916
MAE: 2.288652455365216
EVS: 0.426446797415339
