Model: GRU
MSE: 12.089608639179325
MAE: 2.352582896197284
EVS: 0.39252706458022113
