Model: GRU
MSE: 11.520937620422448
MAE: 2.2709744064896196
EVS: 0.4026108765507659
