Model: GRU
MSE: 17.664267165695122
MAE: 3.247655268068667
EVS: 0.1676412332249848
