Model: GRU
MSE: 11.532568093216907
MAE: 2.6410938192296913
EVS: 0.3834162872574828
