Model: GRU
MSE: 10.787678944708272
MAE: 2.471609362849483
EVS: 0.4216339905053822
