Model: GRU
MSE: 15.357050603007574
MAE: 2.9916678534613714
EVS: 0.34184178888993755
