Model: GRU
MSE: 11.307825034681862
MAE: 2.3950718773735895
EVS: 0.3914300051829688
