Model: GRU
MSE: 12.165388979346826
MAE: 2.527667381145336
EVS: 0.3509004133748702
