Model: GRU
MSE: 11.418769535766236
MAE: 2.716314669008608
EVS: 0.4025868209727729
