Model: GRU
MSE: 15.083078297770825
MAE: 3.261923489747224
EVS: 0.3123048136793045
