Model: GRU
MSE: 18.442624703565958
MAE: 2.931700936070195
EVS: 0.1324258775885505
