Model: GRU
MSE: 11.098531250381493
MAE: 2.287467214796278
EVS: 0.4041568620979752
