Model: GRU
MSE: 12.348385140611056
MAE: 2.883454128547951
EVS: 0.40782122892147676
