Model: GRU
MSE: 11.112088303751953
MAE: 2.550406561957465
EVS: 0.4035153450306136
