Model: GRU
MSE: 15.910102404357193
MAE: 2.898898371943721
EVS: 0.21464276558494566
