Model: GRU
MSE: 12.272057244229268
MAE: 2.6611372983014143
EVS: 0.4186959605457432
