Model: GRU
MSE: 31.12190046676797
MAE: 3.708463865297812
EVS: -0.384702195163523
