Model: GRU
MSE: 12.317368169479213
MAE: 2.8304957813686795
EVS: 0.368195685447653
