Model: GRU
MSE: 11.22806744812186
MAE: 2.2373944741708263
EVS: 0.42033866411623755
