Model: GRU
MSE: 261.6182411546642
MAE: 15.584189295768738
EVS: -0.009279893171804554
