Model: GRU
MSE: 15.725936510887449
MAE: 2.652849303351508
EVS: 0.2678851477398341
