Model: GRU
MSE: 12.398979416721684
MAE: 2.8215127521091037
EVS: 0.39003002654438335
