Model: GRU
MSE: 11.156440714121512
MAE: 2.607001092698839
EVS: 0.40472502880941674
