Model: GRU
MSE: 16.392255781062584
MAE: 3.2379508548312717
EVS: 0.20280563232893256
