Model: GRU
MSE: 13.491372525589416
MAE: 3.122069146898058
EVS: 0.3739286448421162
