Model: GRU
MSE: 12.65180166019925
MAE: 2.9940272790414317
EVS: 0.38264514272270733
