Model: GRU
MSE: 13.145839624051405
MAE: 2.4968642128838434
EVS: 0.31821508994663916
