Model: GRU
MSE: 11.709382543802247
MAE: 2.669006029764811
EVS: 0.37152781380334154
