Model: GRU
MSE: 19.68310249336473
MAE: 3.29267152150472
EVS: 0.06820554416196445
