Model: GRU
MSE: 14.689421696760697
MAE: 2.794961752714934
EVS: 0.31083145545528246
