Model: GRU
MSE: 13.126094637665995
MAE: 2.414766135039153
EVS: 0.37957681256527576
