Model: GRU
MSE: 11.289235241840656
MAE: 2.341470965632686
EVS: 0.4138549123927374
