Model: GRU
MSE: 14.003116333692164
MAE: 2.714762069560863
EVS: 0.2752062080756362
