Model: GRU
MSE: 17.959594153697125
MAE: 3.6011666368555137
EVS: 0.2381944807121551
