Model: GRU
MSE: 11.08723311052024
MAE: 2.332590597647208
EVS: 0.4049394622186716
