Model: GRU
MSE: 13.231129366865659
MAE: 2.939819088688603
EVS: 0.3965395830925258
