Model: GRU
MSE: 13.850316807191625
MAE: 3.209386437027543
EVS: 0.4147718371579635
