Model: GRU
MSE: 11.414428712011782
MAE: 2.480728997124566
EVS: 0.39898422452440274
