Model: GRU
MSE: 17.414229361006978
MAE: 2.9246510437556674
EVS: 0.12669730944434598
