Model: GRU
MSE: 12.57036821311829
MAE: 2.4224211904737682
EVS: 0.33206922009106943
