Model: GRU
MSE: 18.66763618862385
MAE: 3.3278858926561146
EVS: 0.14957175383745125
