Model: GRU
MSE: 12.425529622071398
MAE: 2.956547595836498
EVS: 0.4016090083335213
