Model: GRU
MSE: 10.966346576144538
MAE: 2.434411225495515
EVS: 0.4185656931907279
