Model: GRU
MSE: 19.721743992796032
MAE: 3.8613350050789967
EVS: -0.0008874085915704377
