Model: GRU
MSE: 11.751454722465159
MAE: 2.5668477658872253
EVS: 0.3827482993004716
