Model: GRU
MSE: 11.890815482577771
MAE: 2.696409825925474
EVS: 0.3781878153299246
