Model: GRU
MSE: 11.206993740485746
MAE: 2.5732818532873085
EVS: 0.3978678459785412
