Model: GRU
MSE: 12.872882837833796
MAE: 3.004879492300528
EVS: 0.34457089070026425
