Model: GRU
MSE: 12.626724822837753
MAE: 2.404232131110297
EVS: 0.3322566480503176
