Model: GRU
MSE: 12.627623855279426
MAE: 2.857603002477575
EVS: 0.3589039241226537
