Model: GRU
MSE: 16.645748455771557
MAE: 3.2050085774174444
EVS: 0.41020512369830364
