Model: GRU
MSE: 10.995402559271295
MAE: 2.653569362781666
EVS: 0.41662250634484466
