Model: GRU
MSE: 11.682447362324544
MAE: 2.2713960188406483
EVS: 0.3946851876968568
