Model: GRU
MSE: 16.918713838185827
MAE: 2.820514926203975
EVS: 0.1656407171557387
