Model: GRU
MSE: 19.725094923894623
MAE: 3.552742092697709
EVS: 0.16728082870200567
