Model: GRU
MSE: 17.295852441126986
MAE: 2.914624955919054
EVS: 0.1462718181415107
