Model: GRU
MSE: 11.341012877242072
MAE: 2.4697623959294073
EVS: 0.39101994238239635
