Model: GRU
MSE: 11.577885105724986
MAE: 2.468738909120913
EVS: 0.37710856403900606
