Model: GRU
MSE: 19.281348246149896
MAE: 3.5380183855692544
EVS: 0.14361811649484668
