Model: GRU
MSE: 11.116230749910383
MAE: 2.420108124061867
EVS: 0.4024699367994816
