Model: GRU
MSE: 4532.508331255776
MAE: 66.87590959337022
EVS: -2.235989625867031
