Model: GRU
MSE: 2285.547590338819
MAE: 47.54437813935456
EVS: -0.2395321769060128
