Model: GRU
MSE: 13.253556816517436
MAE: 3.0863067662274397
EVS: 0.40585934409113733
