Model: GRU
MSE: 14.452262453544824
MAE: 2.7499607933892145
EVS: 0.28573937084355516
