Model: GRU
MSE: 10.340239796596673
MAE: 2.402341030262135
EVS: 0.44383390038491655
