Model: GRU
MSE: 11.070979713753669
MAE: 2.461293750339084
EVS: 0.4045857736986336
