Model: GRU
MSE: 11.547102381870731
MAE: 2.396574232313368
EVS: 0.3876000791041262
