Model: GRU
MSE: 255.83879405365175
MAE: 15.392808017907319
EVS: -0.01729815196377804
