Model: GRU
MSE: 17.45540531729307
MAE: 3.2205921632272227
EVS: 0.215393376851173
