Model: GRU
MSE: 22.22098107181054
MAE: 3.3693584865993924
EVS: -0.03430629609790836
