Model: GRU
MSE: 11.33360572633478
MAE: 2.373182596983733
EVS: 0.39080737331924753
