Model: GRU
MSE: 11.38879968486691
MAE: 2.3785341757315175
EVS: 0.4140587295198729
