Model: GRU
MSE: 14.788691915567176
MAE: 2.7095158894856772
EVS: 0.3661813519505961
