Model: GRU
MSE: 17.74807139220832
MAE: 3.659725966276946
EVS: 0.25230511126682764
