Model: GRU
MSE: 16.162171881381273
MAE: 2.9306185422120272
EVS: 0.15447368962754127
