Model: GRU
MSE: 18.304544961502483
MAE: 2.7210460238986545
EVS: 0.09730655209505756
