Model: GRU
MSE: 15.907179788805108
MAE: 3.2557425322356046
EVS: 0.2501590660940963
