Model: GRU
MSE: 14.42879388451938
MAE: 2.757046240347403
EVS: 0.3855756917066947
