Model: GRU
MSE: 12.772818051873063
MAE: 2.647052623607494
EVS: 0.3362870537239395
