Model: GRU
MSE: 11.66040560419848
MAE: 2.334185353031865
EVS: 0.4130622380915141
