Model: GRU
MSE: 12.046536853880953
MAE: 2.64222745542173
EVS: 0.3518121629008172
