Model: GRU
MSE: 12.871506867048993
MAE: 2.5861710795649775
EVS: 0.31523445452615195
