Model: GRU
MSE: 13.004878163048353
MAE: 2.999447222109194
EVS: 0.3969059506349991
