Model: GRU
MSE: 19.663270640109538
MAE: 3.3785772834505354
EVS: 0.07036463417747296
