Model: GRU
MSE: 11.658325307505955
MAE: 2.5952353830690735
EVS: 0.37402547090071114
