Model: GRU
MSE: 11.327912357388177
MAE: 2.273999708670157
EVS: 0.40873907157585765
