Model: GRU
MSE: 11.584194321136609
MAE: 2.55137715516267
EVS: 0.3765214007004859
