Model: GRU
MSE: 11.794040102056803
MAE: 2.3917473863672325
EVS: 0.3858050697932106
