Model: GRU
MSE: 11.584192844756386
MAE: 2.2835321073178894
EVS: 0.4219989452094792
