Model: GRU
MSE: 12.181128282255012
MAE: 2.6864760010330766
EVS: 0.3497835436447464
