Model: GRU
MSE: 14.458966666607113
MAE: 2.853957246851038
EVS: 0.2853926745663452
