Model: GRU
MSE: 18.856984538213677
MAE: 3.129284717418529
EVS: 0.10761600842189423
