Model: GRU
MSE: 24.47127650953251
MAE: 4.008247658058449
EVS: -0.053106174343032775
