Model: GRU
MSE: 10.459840504407962
MAE: 2.3068668047587075
EVS: 0.4384966439454443
