Model: GRU
MSE: 10.681538448747604
MAE: 2.3419291531598128
EVS: 0.42757099486165284
