Model: GRU
MSE: 18.9936582531929
MAE: 2.97396363152398
EVS: 0.12960192176721574
