Model: GRU
MSE: 10.627183577828536
MAE: 2.4113233001143843
EVS: 0.4289824954572736
