Model: GRU
MSE: 17.392584076791984
MAE: 3.1142605498985008
EVS: 0.15914202855310544
