Model: GRU
MSE: 13.47033542836666
MAE: 3.118667390611437
EVS: 0.36707442490838793
