Model: GRU
MSE: 11.023992538972378
MAE: 2.307736078898112
EVS: 0.4093104673444967
