Model: GRU
MSE: 11.643282724129278
MAE: 2.250322430222123
EVS: 0.37352290111116027
