Model: GRU
MSE: 11.920124876341239
MAE: 2.7670648716114186
EVS: 0.3799158271099743
