Model: GRU
MSE: 17.928192640974583
MAE: 3.2321238694367587
EVS: 0.16321523384205672
