Model: GRU
MSE: 11.415236780921523
MAE: 2.341669170944779
EVS: 0.38575406499114684
