Model: GRU
MSE: 11.404086941070458
MAE: 2.3696056648536965
EVS: 0.4055802570418654
