Model: GRU
MSE: 11.378686970204633
MAE: 2.667704052395291
EVS: 0.40361263861556784
