Model: GRU
MSE: 10.857786513602958
MAE: 2.5165558920966253
EVS: 0.420441045659963
