Model: GRU
MSE: 13.322475575036856
MAE: 2.570283218666359
EVS: 0.2884338163958934
