Model: GRU
MSE: 11.71256662509943
MAE: 2.6902227754946106
EVS: 0.39419168627832446
