Model: GRU
MSE: 12.800565802796074
MAE: 2.396015343842683
EVS: 0.35941851116836654
