Model: GRU
MSE: 17.17871892775781
MAE: 3.177723672654894
EVS: 0.252353569845308
