Model: GRU
MSE: 17.833507466688825
MAE: 3.055408795674642
EVS: 0.3022861603392093
