Model: GRU
MSE: 11.04584337321736
MAE: 2.409363358109086
EVS: 0.42322218228759323
