Model: GRU
MSE: 13.72431116263447
MAE: 2.5415608088175454
EVS: 0.2822645823495473
