Model: GRU
MSE: 16.62308211645359
MAE: 3.1965433756510415
EVS: 0.19108802678455172
