Model: GRU
MSE: 11.807036322744967
MAE: 2.728100229192663
EVS: 0.4044740170518204
