Model: GRU
MSE: 13.532359819523899
MAE: 3.0302886962890625
EVS: 0.3690809069944865
