Model: GRU
MSE: 14.039441871188197
MAE: 3.071289556997794
EVS: 0.3542996067562487
