Model: GRU
MSE: 15.181694742094342
MAE: 2.878195639009829
EVS: 0.25176726302203856
