Model: GRU
MSE: 18.690274607778047
MAE: 3.4817179573906794
EVS: 0.17890641056863288
