Model: GRU
MSE: 12.312766242973035
MAE: 2.8624849672670716
EVS: 0.38178217002979375
