Model: GRU
MSE: 12.088934687018721
MAE: 2.569265294958044
EVS: 0.34979472522965116
