Model: GRU
MSE: 11.407225099093953
MAE: 2.354511437592683
EVS: 0.3991126095813641
