Model: GRU
MSE: 10.83453430098447
MAE: 2.289227114783393
EVS: 0.4198470793147563
