Model: GRU
MSE: 14.160219507006172
MAE: 3.1399682186267994
EVS: 0.37324246789604165
