Model: GRU
MSE: 18.108913407401722
MAE: 2.7911679126598217
EVS: 0.10644185110742355
