Model: GRU
MSE: 10.69221172863726
MAE: 2.4804360071818032
EVS: 0.4346138158935997
