Model: GRU
MSE: 18.974996659725615
MAE: 3.0048163025467485
EVS: 0.13721368760429276
