Model: GRU
MSE: 11.7943207045681
MAE: 2.6779137364140264
EVS: 0.38114389449910113
