Model: GRU
MSE: 11.710236220517158
MAE: 2.4063322279188366
EVS: 0.4037923701716972
