Model: GRU
MSE: 12.32488672063755
MAE: 2.9177042996441878
EVS: 0.41827632415785365
