Model: GRU
MSE: 15.568591925649748
MAE: 2.6947722611603915
EVS: 0.281069466071988
