Model: GRU
MSE: 12.117802512474418
MAE: 2.336734665764703
EVS: 0.3502713225934012
