Model: GRU
MSE: 16.341039920998643
MAE: 3.2187180342497648
EVS: 0.25250978358748977
