Model: GRU
MSE: 12.009281956348719
MAE: 2.7131919860839844
EVS: 0.3544875460398781
