Model: GRU
MSE: 11.722375325046448
MAE: 2.628795482494213
EVS: 0.3717003682215474
