Model: GRU
MSE: 13.412889210813232
MAE: 2.7825262634842485
EVS: 0.29694239345528806
