Model: GRU
MSE: 17.99639147718471
MAE: 3.181499781431975
EVS: 0.13086374906913034
