Model: GRU
MSE: 11.203252455672285
MAE: 2.61279296875
EVS: 0.4033061302492138
