Model: GRU
MSE: 14.089610684113083
MAE: 3.1786925351178206
EVS: 0.3321246111588694
