Model: GRU
MSE: 11.2672416960174
MAE: 2.5185399408693665
EVS: 0.4006435833780131
