Model: GRU
MSE: 15.33224668987782
MAE: 2.657160929271153
EVS: 0.2226081946009072
