Model: GRU
MSE: 18.22669476526412
MAE: 3.3622411092122397
EVS: 0.15175200437333447
