Model: GRU
MSE: 21.669045718538015
MAE: 3.718375241314923
EVS: 0.007692987580168453
