Model: GRU
MSE: 13.706326358625725
MAE: 3.168661294160066
EVS: 0.3621272510126953
