Model: GRU
MSE: 12.05502020586792
MAE: 2.7211658689710827
EVS: 0.3808908913243706
