Model: GRU
MSE: 12.618891955006163
MAE: 2.890069608335142
EVS: 0.3431551901669201
