Model: GRU
MSE: 11.882644747240697
MAE: 2.534526577702275
EVS: 0.40028448000848493
