Model: GRU
MSE: 14.686717121906952
MAE: 2.987694334100794
EVS: 0.25614141559036463
