Model: GRU
MSE: 11.215099617708297
MAE: 2.5495854130497686
EVS: 0.4016798180297403
