Model: GRU
MSE: 11.931758111933993
MAE: 2.779973100732874
EVS: 0.38149971112719594
