Model: GRU
MSE: 11.552006787344672
MAE: 2.8296564596670644
EVS: 0.4154921003694686
