Model: GRU
MSE: 10.831281366338738
MAE: 2.3442846227575234
EVS: 0.41911687702299716
