Model: GRU
MSE: 18.10543400467163
MAE: 2.9174710379706488
EVS: 0.1258062081290291
