Model: GRU
MSE: 13.976578845686868
MAE: 2.6482616353918007
EVS: 0.24816865505879981
