Model: GRU
MSE: 11.1114048766585
MAE: 2.5765336884392633
EVS: 0.4250314775737132
