Model: GRU
MSE: 11.407570922017806
MAE: 2.5935774555912725
EVS: 0.39706569137486813
