Model: GRU
MSE: 18.29763768662943
MAE: 2.995099526864511
EVS: 0.19419828816200424
