Model: GRU
MSE: 17.617055130973785
MAE: 2.8072228608308016
EVS: 0.13953626312887557
