Model: GRU
MSE: 13.862305553728026
MAE: 3.1458872159322104
EVS: 0.4222911432638029
