Model: GRU
MSE: 15.253914438040637
MAE: 3.0910200542873807
EVS: 0.19869573975255161
