Model: GRU
MSE: 12.282705643431417
MAE: 2.487826594599971
EVS: 0.4394066450379599
