Model: GRU
MSE: 315.6347611656242
MAE: 17.247312784194946
EVS: 0.022278651311124165
