Model: GRU
MSE: 11.444946810146105
MAE: 2.371537102593316
EVS: 0.3880257584700588
