Model: GRU
MSE: 18.02270758539869
MAE: 3.1473124821980796
EVS: 0.12896115933427765
