Model: GRU
MSE: 12.97361655733534
MAE: 2.4986998593365706
EVS: 0.391152369634561
