Model: GRU
MSE: 10.93364434908566
MAE: 2.460903520937319
EVS: 0.4163615543751291
