Model: GRU
MSE: 11.187899876955843
MAE: 2.733923417550546
EVS: 0.40464414213650834
