Model: GRU
MSE: 13.261034840109188
MAE: 2.584896193610297
EVS: 0.333486759841932
