Model: GRU
MSE: 11.868733516582493
MAE: 2.2626368911178023
EVS: 0.3754871897759954
