Model: GRU
MSE: 10.965528989644259
MAE: 2.2745791717811867
EVS: 0.4166690813967753
