Model: GRU
MSE: 13.863382597858482
MAE: 2.6231858642012984
EVS: 0.3158197671645079
