Model: GRU
MSE: 10.773876577142126
MAE: 2.3876237516049987
EVS: 0.4249921967116934
