Model: GRU
MSE: 11.993762109464157
MAE: 2.633063969788728
EVS: 0.3799977959022175
