Model: GRU
MSE: 12.55372498197967
MAE: 2.946676077666106
EVS: 0.41041719059899784
