Model: GRU
MSE: 12.263883378775164
MAE: 2.3807743567007558
EVS: 0.401146365732702
