Model: GRU
MSE: 11.19566553086811
MAE: 2.3236514727274575
EVS: 0.40326467131700305
