Model: GRU
MSE: 12.658148978610951
MAE: 2.799538418098732
EVS: 0.3360316281202542
