Model: GRU
MSE: 11.74717315227045
MAE: 2.694101333618164
EVS: 0.372635014547106
