Model: GRU
MSE: 11.213179129649518
MAE: 2.437199274698893
EVS: 0.39696119568313215
