Model: GRU
MSE: 13.987508917107165
MAE: 3.2407897313435874
EVS: 0.35738731769451293
