Model: GRU
MSE: 11.402825394808268
MAE: 2.512783156500922
EVS: 0.3889723875288036
