Model: GRU
MSE: 14.639176139955588
MAE: 2.961391731544777
EVS: 0.23344602902601896
