Model: GRU
MSE: 16.192920853911648
MAE: 3.1526909227724427
EVS: 0.23726897303529793
