Model: GRU
MSE: 15.483037091162664
MAE: 2.9135108523898654
EVS: 0.2557834894243872
