Model: GRU
MSE: 11.366060195543705
MAE: 2.7068700083979853
EVS: 0.41603202214119295
