Model: GRU
MSE: 12.29768573787924
MAE: 2.7725077911659524
EVS: 0.36751975149662286
