Model: GRU
MSE: 11.158871620827389
MAE: 2.3832887720178673
EVS: 0.4004026788706313
