Model: GRU
MSE: 12.032102575459112
MAE: 2.361941549513075
EVS: 0.35283253056803476
