Model: GRU
MSE: 11.897912540729251
MAE: 2.839831175627532
EVS: 0.39638881115086144
