Model: GRU
MSE: 19.173713085537447
MAE: 2.88731990037141
EVS: 0.1163559131732439
