Model: GRU
MSE: 12.640714734551288
MAE: 2.9875412340517395
EVS: 0.37221792156253775
