Model: GRU
MSE: 11.126482161142963
MAE: 2.5021405749850802
EVS: 0.4094680207848377
