Model: GRU
MSE: 11.873703809213819
MAE: 2.8896877500745983
EVS: 0.43558737386343926
