Model: GRU
MSE: 12.013656291299311
MAE: 2.8517540472525136
EVS: 0.39574594899228877
