Model: GRU
MSE: 11.776413502436297
MAE: 2.503724522060818
EVS: 0.3793474367614683
