Model: GRU
MSE: 14.93737623788288
MAE: 2.867699835035536
EVS: 0.28077594143530815
