Model: GRU
MSE: 13.282970277469017
MAE: 2.4574448267618814
EVS: 0.3383465148912279
