Model: GRU
MSE: 13.598715396766101
MAE: 3.0506522213971174
EVS: 0.3544455709669172
