Model: GRU
MSE: 12.019504320112093
MAE: 2.6433334350585938
EVS: 0.3672685058621059
