Model: GRU
MSE: 11.260357161781805
MAE: 2.5974546361852577
EVS: 0.40103029172397675
