Model: GRU
MSE: 11.16675614035281
MAE: 2.2169858437997325
EVS: 0.4005780881825777
