Model: GRU
MSE: 10.590495672050194
MAE: 2.5936711629231772
EVS: 0.45332466859364395
