Model: GRU
MSE: 11.143154562879385
MAE: 2.557994524637858
EVS: 0.41051496128109577
