Model: GRU
MSE: 11.44457634754599
MAE: 2.286936053523311
EVS: 0.42301149688998785
