Model: GRU
MSE: 10.933574783217713
MAE: 2.6256708568996854
EVS: 0.4286020468466939
