Model: GRU
MSE: 10.61107541555234
MAE: 2.1464432610405817
EVS: 0.43531342417740326
