Model: GRU
MSE: 17.609714299377192
MAE: 2.8307922504566334
EVS: 0.20404870822328647
