Model: GRU
MSE: 12.633481538182693
MAE: 2.9250137541029186
EVS: 0.3796614153694059
