Model: GRU
MSE: 15.884743497855037
MAE: 3.4687690911469637
EVS: 0.4094610858996003
