Model: GRU
MSE: 14.542058394006274
MAE: 2.9253080862539784
EVS: 0.28132619307707474
