Model: GRU
MSE: 10.916542735332095
MAE: 2.5741664745189525
EVS: 0.42199075048501467
