Model: GRU
MSE: 11.839978036511063
MAE: 2.5590117419207536
EVS: 0.366719667210495
