Model: GRU
MSE: 10.647524787703036
MAE: 2.207544132515236
EVS: 0.43925804181377504
