Model: GRU
MSE: 16.439597097238153
MAE: 2.953660258540401
EVS: 0.1984487101117074
