Model: GRU
MSE: 17.99636346654518
MAE: 2.8238973264341003
EVS: 0.11352739650302335
