Model: GRU
MSE: 15.2682153979692
MAE: 2.594621022542318
EVS: 0.2636572428951659
