Model: GRU
MSE: 11.137535908747143
MAE: 2.598762794777199
EVS: 0.4066301222825843
