Model: GRU
MSE: 17.37223259649418
MAE: 2.9485445905614784
EVS: 0.14570668236466
