Model: GRU
MSE: 13.001962351533082
MAE: 2.9537218941582575
EVS: 0.380738831545513
