Model: GRU
MSE: 12.562878268189412
MAE: 2.9904704093933105
EVS: 0.41870808923495595
