Model: GRU
MSE: 11.27551244339487
MAE: 2.5005359473051847
EVS: 0.4022669646035488
