Model: GRU
MSE: 12.420157849760672
MAE: 2.9324736771760165
EVS: 0.35865658333522077
