Model: GRU
MSE: 10.598311980510752
MAE: 2.3603744506835938
EVS: 0.42979636905649254
