Model: GRU
MSE: 12.189815108981277
MAE: 2.886371718512641
EVS: 0.41912295021644574
