Model: GRU
MSE: 13.832889969185528
MAE: 3.1587245376021773
EVS: 0.3940765481451226
