Model: GRU
MSE: 16.750808775500413
MAE: 2.8025701310899525
EVS: 0.17246840071526615
