Model: GRU
MSE: 11.329241660747355
MAE: 2.2936172485351562
EVS: 0.40372374909181075
