Model: GRU
MSE: 17.393868918749696
MAE: 2.7567824964170105
EVS: 0.14033180414043567
