Model: GRU
MSE: 15.240394367540157
MAE: 3.381686563845034
EVS: 0.393833029452872
