Model: GRU
MSE: 16.70260256842536
MAE: 2.7946170524314597
EVS: 0.17452263952680103
