Model: GRU
MSE: 20.125712899900627
MAE: 3.549091236931937
EVS: 0.06960895304059656
