Model: GRU
MSE: 11.057425268691716
MAE: 2.3865854828446
EVS: 0.405040993364689
