Model: GRU
MSE: 11.933193493078862
MAE: 2.3900303310818143
EVS: 0.36917263571753
