Model: GRU
MSE: 17.27738972012662
MAE: 2.7859587328774587
EVS: 0.13239325207451114
