Model: GRU
MSE: 12.424218222327132
MAE: 2.7136025252165616
EVS: 0.34896758013488705
