Model: GRU
MSE: 16.226864462717863
MAE: 2.6807406036942094
EVS: 0.2054967657413077
