Model: GRU
MSE: 15.28355174660151
MAE: 3.0377638428299516
EVS: 0.2635307997842169
