Model: GRU
MSE: 15.952756745783518
MAE: 3.011267732690882
EVS: 0.2310621706313989
