Model: GRU
MSE: 11.991721919384165
MAE: 2.7650625794022172
EVS: 0.4094844163233262
