Model: GRU
MSE: 10.960078614909063
MAE: 2.638005397937916
EVS: 0.4228858450377353
