Model: GRU
MSE: 11.152154341523412
MAE: 2.457500422442401
EVS: 0.40716034977269255
