Model: GRU
MSE: 16.481765619444726
MAE: 2.9085588455200195
EVS: 0.1996741380112116
