Model: GRU
MSE: 11.794536243838222
MAE: 2.541303528679742
EVS: 0.38356574314809366
