Model: GRU
MSE: 17.76953536171462
MAE: 2.905224658824779
EVS: 0.1487309330863542
