Model: GRU
MSE: 15.533557534354529
MAE: 2.8659184773763022
EVS: 0.23922240522192995
