Model: GRU
MSE: 11.405670512955112
MAE: 2.60127032244647
EVS: 0.39053416715690326
