Model: GRU
MSE: 11.956013128280237
MAE: 2.768244884632252
EVS: 0.4083875881444037
