Model: GRU
MSE: 12.597759588649243
MAE: 2.7283953207510487
EVS: 0.33821356284126025
