Model: GRU
MSE: 10.784000288271741
MAE: 2.3221796530264394
EVS: 0.42199373264216145
