Model: GRU
MSE: 16.49784007918438
MAE: 2.7275152559633606
EVS: 0.1156544216510661
