Model: GRU
MSE: 18.572007157521917
MAE: 2.9962750894052013
EVS: 0.09573108375144579
