Model: GRU
MSE: 21.463162846850807
MAE: 4.025803601300275
EVS: 0.24827602661106285
