Model: GRU
MSE: 11.749679779267623
MAE: 2.6439113970156067
EVS: 0.4072071865007052
