Model: GRU
MSE: 14.658965964126866
MAE: 2.912134700351291
EVS: 0.27625017678355746
