Model: GRU
MSE: 10.781087463101189
MAE: 2.435063856619376
EVS: 0.4214969051491574
