Model: GRU
MSE: 14.698898938580795
MAE: 2.8605549776995622
EVS: 0.27978286493458526
