Model: GRU
MSE: 16.641064708596552
MAE: 2.9522402728045427
EVS: 0.18045619368317445
