Model: GRU
MSE: 14.736607974427763
MAE: 3.248350355360243
EVS: 0.3795192743494026
