Model: GRU
MSE: 262.414266637598
MAE: 15.552089273929596
EVS: -0.015498772004863826
