Model: GRU
MSE: 15.62011295751873
MAE: 3.117820351212113
EVS: 0.24347408213957322
