Model: GRU
MSE: 18.390797140845716
MAE: 3.6981001253481263
EVS: 0.2751000961748373
