Model: GRU
MSE: 11.610811522273892
MAE: 2.7054166440610534
EVS: 0.39789418185143466
