Model: GRU
MSE: 18.669955922040995
MAE: 3.358876864115397
EVS: 0.17058422484211044
