Model: GRU
MSE: 13.700201067055382
MAE: 3.1495816619307906
EVS: 0.342715157238358
