Model: GRU
MSE: 12.88667139241106
MAE: 2.9963272236011647
EVS: 0.3569366063599001
