Model: GRU
MSE: 16.08124237230516
MAE: 2.768364093921803
EVS: 0.25908050365142365
