Model: GRU
MSE: 12.024029931127835
MAE: 2.324518362681071
EVS: 0.37099019065102246
