Model: GRU
MSE: 11.619739478119106
MAE: 2.4811437218277543
EVS: 0.3845771736406115
