Model: GRU
MSE: 15.907571201092617
MAE: 3.416877852545844
EVS: 0.39037983943997
