Model: GRU
MSE: 16.728475544397952
MAE: 2.897326946258545
EVS: 0.18246154222269417
