Model: GRU
MSE: 11.67205151059153
MAE: 2.4055152115998446
EVS: 0.3735618940457339
