Model: GRU
MSE: 12.65988529116607
MAE: 2.716579543219672
EVS: 0.3338970917748948
