Model: GRU
MSE: 11.069602918276258
MAE: 2.3158234843501337
EVS: 0.4045658943833046
