Model: GRU
MSE: 13.27728198205265
MAE: 2.8053369522094727
EVS: 0.328531794573822
