Model: GRU
MSE: 13.560660638729098
MAE: 2.567953180383753
EVS: 0.3706967155409502
