Model: GRU
MSE: 17.45500663117454
MAE: 2.812672826978895
EVS: 0.20174834315316947
