Model: GRU
MSE: 12.223723142678393
MAE: 2.772934807671441
EVS: 0.3625651583945628
