Model: GRU
MSE: 11.30167619517764
MAE: 2.589498449254919
EVS: 0.4000915947765319
