Model: GRU
MSE: 17.074346612084035
MAE: 2.9768185085720487
EVS: 0.18394467248289914
