Model: GRU
MSE: 11.481546853164522
MAE: 2.374802342167607
EVS: 0.4157938569050236
