Model: GRU
MSE: 12.534805285503285
MAE: 2.4674678731847695
EVS: 0.40132937226643695
