Model: GRU
MSE: 14.732598685530725
MAE: 2.8251781463623047
EVS: 0.37370064688650406
