Model: GRU
MSE: 18.18620704005685
MAE: 3.1415621792828596
EVS: 0.17007501701176353
