Model: GRU
MSE: 15.89816330432967
MAE: 2.8970217881379305
EVS: 0.22244620049734787
