Model: GRU
MSE: 11.76617386568658
MAE: 2.752661493089464
EVS: 0.40294678034964615
