Model: GRU
MSE: 13.557395372385322
MAE: 3.0521998405456543
EVS: 0.38898820304052073
