Model: GRU
MSE: 11.680044911812425
MAE: 2.5721566588790328
EVS: 0.3732887169797573
