Model: GRU
MSE: 11.879768320836478
MAE: 2.624855977517587
EVS: 0.3607269051113041
