Model: GRU
MSE: 12.107787280233893
MAE: 2.3948676144635237
EVS: 0.3853301992399383
