Model: GRU
MSE: 17.721607597947333
MAE: 2.7864054397300437
EVS: 0.14126438765616012
