Model: GRU
MSE: 12.512206551046363
MAE: 2.8791340721978083
EVS: 0.3884744430176793
