Model: GRU
MSE: 19.026101226962982
MAE: 3.1412242960046837
EVS: 0.08065641369351795
