Model: GRU
MSE: 13.109990763469055
MAE: 2.6289057201809354
EVS: 0.30181489809919093
