Model: GRU
MSE: 12.74817484144195
MAE: 2.440816384774667
EVS: 0.3733562632311629
