Model: GRU
MSE: 16.190269442332365
MAE: 2.9889468440303095
EVS: 0.2002176476490941
