Model: GRU
MSE: 20.2798608679781
MAE: 3.503037417376483
EVS: 0.06467719134160932
