Model: GRU
MSE: 261.65497680200616
MAE: 15.522089514467451
EVS: -0.02404552122746817
