Model: GRU
MSE: 11.52517752819576
MAE: 2.639733402817338
EVS: 0.4044032688625919
