Model: GRU
MSE: 13.08150425835804
MAE: 2.969670542964229
EVS: 0.3677009799469192
