Model: GRU
MSE: 17.196191447156707
MAE: 2.809471942760326
EVS: 0.20946620684986927
