Model: GRU
MSE: 12.803938068723559
MAE: 2.8403261679190175
EVS: 0.36108436877684835
