Model: GRU
MSE: 13.14177358774921
MAE: 2.5643172793918185
EVS: 0.39593362494885487
