Model: GRU
MSE: 19.19328650157931
MAE: 3.5246257075557
EVS: 0.1375173229176817
