Model: GRU
MSE: 17.557223959296234
MAE: 3.292790907400626
EVS: 0.3368695906272059
