Model: GRU
MSE: 12.514455303250712
MAE: 2.9602845509847007
EVS: 0.3898823569217439
