Model: GRU
MSE: 14.593951236310945
MAE: 3.207807152359574
EVS: 0.22447215591768443
