Model: GRU
MSE: 271.7696101462776
MAE: 15.877223445309532
EVS: -0.05944981234490254
