Model: GRU
MSE: 11.632288731304435
MAE: 2.402459250556098
EVS: 0.3747249315840726
