Model: GRU
MSE: 16.963408664493265
MAE: 3.0985439971641258
EVS: 0.18571881070535134
