Model: GRU
MSE: 12.556979320754861
MAE: 2.78985865910848
EVS: 0.35155214608310115
