Model: GRU
MSE: 20.04629505076389
MAE: 3.0016044510735407
EVS: 0.05291581231162168
