Model: GRU
MSE: 11.593328780427665
MAE: 2.4726619720458984
EVS: 0.3779249525638668
