Model: GRU
MSE: 12.05564530340743
MAE: 2.443194036130552
EVS: 0.3797585163364846
