Model: GRU
MSE: 11.105331490499516
MAE: 2.387336819260209
EVS: 0.4328914445415427
