Model: GRU
MSE: 12.131180919778908
MAE: 2.7837805571379484
EVS: 0.37820838613072993
