Model: GRU
MSE: 11.668112257549284
MAE: 2.31785519917806
EVS: 0.3961690914352217
