Model: GRU
MSE: 11.923426908505428
MAE: 2.4064167870415583
EVS: 0.4089689469580734
