Model: GRU
MSE: 13.900408647309538
MAE: 3.128735312709102
EVS: 0.3303417836640794
