Model: GRU
MSE: 12.472320861765487
MAE: 2.931801372104221
EVS: 0.4477578126873786
