Model: GRU
MSE: 16.903511041200073
MAE: 3.057822969224718
EVS: 0.17192970881390857
