Model: GRU
MSE: 12.245432453655708
MAE: 2.598018593258328
EVS: 0.3522411362482387
