Model: GRU
MSE: 21.44620469530361
MAE: 3.619928448288529
EVS: 0.07558566462954097
