Model: GRU
MSE: 11.267816505110416
MAE: 2.3052501855073153
EVS: 0.39390181901120636
