Model: GRU
MSE: 12.93528114919122
MAE: 2.517035060458713
EVS: 0.3709564439511236
