Model: GRU
MSE: 11.338951917217347
MAE: 2.2817455221105507
EVS: 0.4247586773808878
