Model: GRU
MSE: 19.68883515342579
MAE: 3.615793652004666
EVS: 0.13434996736061755
