Model: GRU
MSE: 13.430909670602412
MAE: 2.8839539775141962
EVS: 0.3238312908081017
