Model: GRU
MSE: 11.569691974603847
MAE: 2.5845511577747486
EVS: 0.3829824996893596
