Model: GRU
MSE: 12.336659612036042
MAE: 2.55795920336688
EVS: 0.35466793369216965
