Model: GRU
MSE: 17.825424086110953
MAE: 3.130798233879937
EVS: 0.13750225096690705
