Model: GRU
MSE: 11.764641018910508
MAE: 2.8187602007830583
EVS: 0.41872776400095735
