Model: GRU
MSE: 13.204325703329037
MAE: 3.0376231405470104
EVS: 0.33907741563799965
