Model: GRU
MSE: 11.657371630103084
MAE: 2.428959281356246
EVS: 0.3803128721150729
