Model: GRU
MSE: 35.287606006772485
MAE: 3.473475032382541
EVS: -0.7392909459498933
