Model: GRU
MSE: 12.564738082822158
MAE: 3.044425187287507
EVS: 0.3923273163220361
