Model: GRU
MSE: 11.310571479752811
MAE: 2.4444825560958297
EVS: 0.391213863940185
