Model: GRU
MSE: 14.829980406463013
MAE: 3.3276602073952004
EVS: 0.378346529732406
