Model: GRU
MSE: 11.471748980657946
MAE: 2.4598395029703775
EVS: 0.3874958083744314
