Model: GRU
MSE: 17.31680536636641
MAE: 3.15376705593533
EVS: 0.16511796206928753
