Model: GRU
MSE: 14.737878534750052
MAE: 3.218543370564779
EVS: 0.32463070672394445
