Model: GRU
MSE: 16.175571427401202
MAE: 3.3436820065533674
EVS: 0.23098767753175842
