Model: GRU
MSE: 17.308783980202456
MAE: 2.7854631918447987
EVS: 0.1494408000355819
