Model: GRU
MSE: 12.980427085639784
MAE: 2.9862207483362266
EVS: 0.34591019750868324
