Model: GRU
MSE: 13.824938715694199
MAE: 2.656431127477575
EVS: 0.41265701970544055
