Model: GRU
MSE: 11.880356200963197
MAE: 2.5919083136099355
EVS: 0.36958201390065004
