Model: GRU
MSE: 22.59165355104344
MAE: 4.118786599900988
EVS: 0.31476212563130046
