Model: GRU
MSE: 19.91781457887128
MAE: 3.928038508803756
EVS: 0.35901212351365563
