Model: GRU
MSE: 17.754624861250644
MAE: 2.8257305180584944
EVS: 0.08994036132475947
