Model: GRU
MSE: 11.479980533220912
MAE: 2.7431402559633606
EVS: 0.404783843297725
