Model: GRU
MSE: 12.075129570999943
MAE: 2.7646038267347546
EVS: 0.35571530176884825
