Model: GRU
MSE: 13.016672581983483
MAE: 2.9609619776407876
EVS: 0.40027501634011586
