Model: GRU
MSE: 12.13668584750768
MAE: 2.62840242739077
EVS: 0.35786085109581367
