Model: GRU
MSE: 10.88845766285525
MAE: 2.515072469358091
EVS: 0.41462436324764773
