Model: GRU
MSE: 12.766173798800958
MAE: 2.9657936096191406
EVS: 0.39402759180420865
