Model: GRU
MSE: 11.543553872260823
MAE: 2.7247418650874384
EVS: 0.40142324796598106
