Model: GRU
MSE: 11.59388199556294
MAE: 2.455023677260787
EVS: 0.38416529392113996
