Model: GRU
MSE: 11.631046243778597
MAE: 2.6025051364192255
EVS: 0.38054132228617754
