Model: GRU
MSE: 11.539998810559323
MAE: 2.7076444272641784
EVS: 0.4030480562691584
