Model: GRU
MSE: 12.765616512251587
MAE: 2.3708934077510126
EVS: 0.36723766386976975
