Model: GRU
MSE: 10.880031328065545
MAE: 2.5865298730355724
EVS: 0.42608413040300297
