Model: GRU
MSE: 11.021299469809795
MAE: 2.4126630712438515
EVS: 0.4100366636606466
