Model: GRU
MSE: 19.44595330912021
MAE: 3.1075523240225658
EVS: 0.04252081042875899
