Model: GRU
MSE: 11.11607764968738
MAE: 2.439732551574707
EVS: 0.4017329007907291
