Model: GRU
MSE: 15.631026894606798
MAE: 3.3349896890145763
EVS: 0.3072101996365646
