Model: GRU
MSE: 15.396227826174925
MAE: 3.342144824840404
EVS: 0.2759258359154182
