Model: GRU
MSE: 19.311198909397312
MAE: 2.9145784731264466
EVS: 0.04934915951149543
