Model: GRU
MSE: 20.653548760772438
MAE: 3.3227774655377424
EVS: 0.10678390081536515
