Model: GRU
MSE: 11.716578071067588
MAE: 2.6454006830851235
EVS: 0.38171861142314234
