Model: GRU
MSE: 11.816993827728764
MAE: 2.3256320600156433
EVS: 0.3712190649984499
