Model: GRU
MSE: 17.904187040980037
MAE: 2.859453907719365
EVS: 0.15099906593114543
