Model: GRU
MSE: 16.416261115757017
MAE: 2.785958184136285
EVS: 0.18865131997632112
