Model: GRU
MSE: 12.2283012339602
MAE: 2.687367156699852
EVS: 0.3484123090012282
