Model: GRU
MSE: 16.526082199920992
MAE: 3.1157314159252025
EVS: 0.22141002990806968
