Model: GRU
MSE: 16.97750723022303
MAE: 2.8255152525725187
EVS: 0.19769976855715476
