Model: GRU
MSE: 12.124850651707844
MAE: 2.8670618622391313
EVS: 0.410799801123201
