Model: GRU
MSE: 14.633466711676125
MAE: 2.7144168924402305
EVS: 0.2904212456616262
