Model: GRU
MSE: 17.829422338626106
MAE: 3.064913520106563
EVS: 0.16025392869851807
