Model: GRU
MSE: 21.77579908912028
MAE: 3.365441922788267
EVS: 0.018070511194075767
