Model: GRU
MSE: 13.771502336548716
MAE: 3.1386774204395436
EVS: 0.37360207827396763
