Model: GRU
MSE: 12.342132710202888
MAE: 2.7787035482901112
EVS: 0.3378060784674898
