Model: GRU
MSE: 11.710030957611538
MAE: 2.7357875682689525
EVS: 0.3927619411396318
