Model: GRU
MSE: 12.392852671003615
MAE: 2.4208798585114657
EVS: 0.34908495401932726
