Model: GRU
MSE: 11.30851069583103
MAE: 2.3278611501057944
EVS: 0.400245311948218
