Model: GRU
MSE: 19.907896754213198
MAE: 3.3978208612512657
EVS: 0.07400777218675814
