Model: GRU
MSE: 18.477082575019907
MAE: 2.940428204006619
EVS: 0.08680570384762198
