Model: GRU
MSE: 17.573352947413795
MAE: 2.7700838159631798
EVS: 0.166016164975626
