Model: GRU
MSE: 19.735737220405277
MAE: 2.835071016241003
EVS: 0.024712633667451578
