Model: GRU
MSE: 16.32060715805855
MAE: 2.6105722851223416
EVS: 0.19758782167730093
