Model: GRU
MSE: 18.096381684673165
MAE: 3.0026259775514954
EVS: 0.1065457643007528
