Model: GRU
MSE: 13.36784586815941
MAE: 3.1082984429818614
EVS: 0.33857982573099277
