Model: GRU
MSE: 11.39620466938942
MAE: 2.36559698316786
EVS: 0.4302700531796656
