Model: GRU
MSE: 12.336338642289943
MAE: 2.521220560427065
EVS: 0.3737914470128042
