Model: GRU
MSE: 12.124332388111464
MAE: 2.649787496637415
EVS: 0.3684633021845459
