Model: GRU
MSE: 13.103776166840767
MAE: 3.102810435824924
EVS: 0.3823669555385777
