Model: GRU
MSE: 12.582020805557685
MAE: 2.5987320476108127
EVS: 0.34508559364715574
