Model: GRU
MSE: 21.407275719700827
MAE: 3.1847840591713235
EVS: -0.05203424686695168
