Model: GRU
MSE: 11.533366906780868
MAE: 2.718830426534017
EVS: 0.3926172289104354
