Model: GRU
MSE: 16.75348914180015
MAE: 2.7321801362214266
EVS: 0.1720309096789986
