Model: GRU
MSE: 14.39898214683776
MAE: 3.1326154426292137
EVS: 0.31717302531085656
