Model: GRU
MSE: 10.921049499574346
MAE: 2.465706154152199
EVS: 0.41259949052750766
