Model: GRU
MSE: 11.62549536265495
MAE: 2.6746391543635615
EVS: 0.4015756691719162
