Model: GRU
MSE: 16.55540492768102
MAE: 2.774455423708315
EVS: 0.26379350225818854
