Model: GRU
MSE: 12.61952194285998
MAE: 2.9395098156399198
EVS: 0.3859931857921006
