Model: GRU
MSE: 18.087583326988685
MAE: 3.4519165073122298
EVS: 0.14104139407973437
