Model: GRU
MSE: 15.175760515436297
MAE: 3.1494720953482167
EVS: 0.2729741551154139
