Model: GRU
MSE: 11.843445815011835
MAE: 2.7907076235170716
EVS: 0.39015259067542796
