Model: GRU
MSE: 12.591619257335946
MAE: 2.4482251273261175
EVS: 0.37882718029149676
