Model: GRU
MSE: 11.922926555320002
MAE: 2.846728960673014
EVS: 0.4303588199214533
