Model: GRU
MSE: 16.93799931063168
MAE: 2.6405452445701316
EVS: 0.17809971679659564
