Model: GRU
MSE: 11.391418827492695
MAE: 2.3813328919587313
EVS: 0.3890930018230859
