Model: GRU
MSE: 15.657948959713766
MAE: 2.9227498725608543
EVS: 0.2301809507435172
