Model: GRU
MSE: 18.970747953941057
MAE: 3.0325191109268754
EVS: 0.06289865237653547
