Model: GRU
MSE: 17.4716682489093
MAE: 3.271267431753653
EVS: 0.12280432929655516
