Model: GRU
MSE: 11.847621332818324
MAE: 2.47134561891909
EVS: 0.36375016264825
