Model: GRU
MSE: 11.889449574951263
MAE: 2.394021917272497
EVS: 0.3659819209971932
