Model: GRU
MSE: 15.962477622088402
MAE: 2.649872132710048
EVS: 0.20170809754003483
