Model: GRU
MSE: 11.4371618107385
MAE: 2.6825139081036604
EVS: 0.3879829832338393
