Model: GRU
MSE: 17.58304141848524
MAE: 3.219660997390747
EVS: 0.12014554049041226
