Model: GRU
MSE: 11.673286360596649
MAE: 2.608649041917589
EVS: 0.3802447742354055
