Model: GRU
MSE: 15.29932881886331
MAE: 3.0717380664966725
EVS: 0.24463138287904918
