Model: GRU
MSE: 19.219435750456274
MAE: 3.374867050736039
EVS: 0.14140472287095918
