Model: GRU
MSE: 84606.55400833102
MAE: 290.8401195384838
EVS: -4.440892098500626e-16
