Model: GRU
MSE: 12.899501519684337
MAE: 2.90687334979022
EVS: 0.34524566138220547
