Model: GRU
MSE: 11.866786453592356
MAE: 2.8201104270087347
EVS: 0.37570455268995895
