Model: GRU
MSE: 11.665418042749176
MAE: 2.254048877292209
EVS: 0.41160176904139334
