Model: GRU
MSE: 20.306866532346383
MAE: 3.9594624837239585
EVS: 0.024673004251897335
