Model: GRU
MSE: 12.670540419263455
MAE: 2.898834122551812
EVS: 0.35084377932230504
