Model: GRU
MSE: 11.453943998264448
MAE: 2.32689490141692
EVS: 0.39317997865166276
