Model: GRU
MSE: 13.208929275600868
MAE: 2.58059114880032
EVS: 0.31362832268848695
