Model: GRU
MSE: 12.33457645818767
MAE: 2.9567785792880588
EVS: 0.41366936755841477
