Model: GRU
MSE: 5777.338826289226
MAE: 75.86855683503327
EVS: -0.05277040221597362
