Model: GRU
MSE: 16.9773422561513
MAE: 2.7620732342755354
EVS: 0.17532995688227437
