Model: GRU
MSE: 16.788137924137352
MAE: 2.986122519881637
EVS: 0.18727709809336612
