Model: GRU
MSE: 15.449205798076777
MAE: 3.039147235729076
EVS: 0.25851272708452755
