Model: GRU
MSE: 18.993519264778925
MAE: 3.0077700085110135
EVS: 0.06359916807121146
