Model: GRU
MSE: 18.198743890331208
MAE: 2.7257400971871837
EVS: 0.11012496391606075
