Model: GRU
MSE: 16.089222985454413
MAE: 3.151498547306767
EVS: 0.1969576182741486
