Model: GRU
MSE: 270.3530997670276
MAE: 15.795823869881806
EVS: -0.030240001370311687
