Model: GRU
MSE: 11.413584323959556
MAE: 2.4128485079164856
EVS: 0.39383194401847954
