Model: GRU
MSE: 17.738457402128546
MAE: 3.369736318235044
EVS: 0.19092269782840476
