Model: GRU
MSE: 14.708654420361839
MAE: 2.990996148851183
EVS: 0.28683116762676397
