Model: GRU
MSE: 10.856398659411685
MAE: 2.405492182131167
EVS: 0.4235118474486439
