Model: GRU
MSE: 16.32797301431913
MAE: 3.3131321447866933
EVS: 0.2763199907085192
