Model: GRU
MSE: 12.97213029568064
MAE: 2.788804195545338
EVS: 0.33316442890167863
