Model: GRU
MSE: 15.402395208338358
MAE: 3.3896750344170465
EVS: 0.3983922777809008
