Model: GRU
MSE: 15.290791355429805
MAE: 3.4314729549266674
EVS: 0.3499844169591855
