Model: GRU
MSE: 11.236983482148794
MAE: 2.4086183971828885
EVS: 0.3998426756930822
