Model: GRU
MSE: 10.360742400145986
MAE: 2.367198838127984
EVS: 0.44260367092945474
