Model: GRU
MSE: 10.691496341572828
MAE: 2.5260454460426613
EVS: 0.4363695425916293
