Model: GRU
MSE: 12.411762984943412
MAE: 2.8887921792489513
EVS: 0.35390594170914724
