Model: GRU
MSE: 12.331640426048343
MAE: 2.8591025317156755
EVS: 0.3716784075578786
