Model: GRU
MSE: 11.862677648718293
MAE: 2.7662211524115667
EVS: 0.4101910962984694
