Model: GRU
MSE: 11.671512701769338
MAE: 2.6202735900878906
EVS: 0.3783637980923418
