Model: GRU
MSE: 17.5425932714466
MAE: 2.750372604087547
EVS: 0.13567602417769564
