Model: GRU
MSE: 15.63130418109129
MAE: 2.9366363949245877
EVS: 0.4066178935422251
