Model: GRU
MSE: 11.506903404393865
MAE: 2.4693065219455295
EVS: 0.41704015085775215
