Model: GRU
MSE: 15.873573568701026
MAE: 3.084362277278194
EVS: 0.2167130632587806
