Model: GRU
MSE: 12.466509198427486
MAE: 2.9447496202256946
EVS: 0.41064737997480494
