Model: GRU
MSE: 12.736365691024158
MAE: 2.984744601779514
EVS: 0.3748628829781423
