Model: GRU
MSE: 11.01850189605716
MAE: 2.4150795230159052
EVS: 0.40693578089925486
