Model: GRU
MSE: 16.93848201904213
MAE: 2.984022952892162
EVS: 0.2771294497887994
