Model: GRU
MSE: 13.389775560692888
MAE: 2.8886116169117115
EVS: 0.3090432331059948
