Model: GRU
MSE: 14.864741787483547
MAE: 2.937927352057563
EVS: 0.2889468731394471
