Model: GRU
MSE: 11.081701315001364
MAE: 2.520561854044596
EVS: 0.40595026033820325
