Model: GRU
MSE: 11.110075411561711
MAE: 2.570890532599555
EVS: 0.4023512012664461
