Model: GRU
MSE: 18.511836319952433
MAE: 3.348873491640444
EVS: 0.17178773695670657
