Model: GRU
MSE: 10.70647521114427
MAE: 2.425872555485478
EVS: 0.4263213833998327
