Model: GRU
MSE: 11.125193714975264
MAE: 2.4297207019947193
EVS: 0.40134896140209153
