Model: GRU
MSE: 17.920585422558133
MAE: 2.8358991940816245
EVS: 0.15450911564766812
