Model: GRU
MSE: 17.425681125557613
MAE: 2.8808107376098633
EVS: 0.15703458513175694
