Model: GRU
MSE: 10.924619795210674
MAE: 2.364172264381691
EVS: 0.41199248978592207
