Model: GRU
MSE: 14.747117666474775
MAE: 3.1992656919691296
EVS: 0.27723798746215
