Model: GRU
MSE: 16.800925586945432
MAE: 2.716353791100638
EVS: 0.14929753328574935
