Model: GRU
MSE: 12.407462792059082
MAE: 2.8885655579743563
EVS: 0.371799181818221
