Model: GRU
MSE: 12.179483354124116
MAE: 2.652738429881908
EVS: 0.39952795343136493
