Model: GRU
MSE: 14.784402809226776
MAE: 2.949504251833315
EVS: 0.27839992146256465
