Model: GRU
MSE: 16.96330572324526
MAE: 2.997426492196542
EVS: 0.30065088387635763
