Model: GRU
MSE: 19.29849144187408
MAE: 3.2681019217879683
EVS: 0.07300446349271339
