Model: GRU
MSE: 16.185838109149866
MAE: 2.885669884858308
EVS: 0.20313112163955183
