Model: GRU
MSE: 13.969105248293763
MAE: 3.1917800550107605
EVS: 0.4121354495106754
