Model: GRU
MSE: 12.973915981354903
MAE: 2.9408592647976346
EVS: 0.3888622222747323
