Model: GRU
MSE: 14.902588729933465
MAE: 2.8105564647250705
EVS: 0.2976486960187218
