Model: GRU
MSE: 11.55706500716894
MAE: 2.4961742471765587
EVS: 0.40502126955585416
