Model: GRU
MSE: 15.346476916764981
MAE: 3.310918419449418
EVS: 0.37077517946566696
