Model: GRU
MSE: 10.678105374367524
MAE: 2.4548579498573586
EVS: 0.42789955894006926
