Model: GRU
MSE: 12.343737422759794
MAE: 2.820736213966652
EVS: 0.3692503282168599
