Model: GRU
MSE: 12.808900918684499
MAE: 2.4276970050953053
EVS: 0.3115138551350273
