Model: GRU
MSE: 10.810140992326085
MAE: 2.1813431492558233
EVS: 0.42672376848858184
