Model: GRU
MSE: 11.74403234743012
MAE: 2.796283933851454
EVS: 0.4038835461576812
