Model: GRU
MSE: 11.102305447907684
MAE: 2.4980522438331887
EVS: 0.40805414060005385
