Model: GRU
MSE: 11.890663812376898
MAE: 2.3911931073224104
EVS: 0.4066901851892355
