Model: GRU
MSE: 10.316471217970603
MAE: 2.258198066993996
EVS: 0.44597328517242696
