Model: GRU
MSE: 11.189937126308374
MAE: 2.463895250249792
EVS: 0.4117425481895407
