Model: GRU
MSE: 11.368173666065154
MAE: 2.521901943065502
EVS: 0.3887826078315466
