Model: GRU
MSE: 11.55910343227367
MAE: 2.489907088103118
EVS: 0.3855486526031231
