Model: GRU
MSE: 11.649515600970718
MAE: 2.403460220054344
EVS: 0.37301975671050636
