Model: GRU
MSE: 11.979181743375497
MAE: 2.8675932707609952
EVS: 0.39802358221190115
