Model: GRU
MSE: 11.729359170403937
MAE: 2.4463586807250977
EVS: 0.38034376711600026
