Model: GRU
MSE: 15.761872648053584
MAE: 2.9194363488091364
EVS: 0.2291374696683769
