Model: GRU
MSE: 274.37233737761886
MAE: 15.929816535225621
EVS: -0.018785285802598084
