Model: GRU
MSE: 14.123769128941937
MAE: 2.810942437913683
EVS: 0.2669187492347155
