Model: GRU
MSE: 17.91384021367828
MAE: 3.19258721669515
EVS: 0.18360846471044667
