Model: GRU
MSE: 11.404216440595823
MAE: 2.7675573560926647
EVS: 0.4151281270855064
