Model: GRU
MSE: 19.210939327965644
MAE: 3.6029511204472295
EVS: 0.1843638370384708
