Model: GRU
MSE: 19.25903070512895
MAE: 3.5778400279857494
EVS: 0.1921974993844957
