Model: GRU
MSE: 12.238329386005145
MAE: 2.896162986755371
EVS: 0.3625228375713806
