Model: GRU
MSE: 11.453610708000031
MAE: 2.23184836352313
EVS: 0.3889162646535581
