Model: GRU
MSE: 12.785524640799244
MAE: 2.3780591046368635
EVS: 0.3392051680183238
