Model: GRU
MSE: 13.038021140932399
MAE: 2.9157664334332503
EVS: 0.3493956954247419
