Model: GRU
MSE: 11.972344299501183
MAE: 2.5383714040120444
EVS: 0.36555175278899765
