Model: GRU
MSE: 13.716735153602452
MAE: 3.150423491442645
EVS: 0.3775745732349527
