Model: GRU
MSE: 14.482880185904
MAE: 3.08949903205589
EVS: 0.30356547602746176
