Model: GRU
MSE: 13.90261237729818
MAE: 2.652564190052174
EVS: 0.2560442005553669
