Model: GRU
MSE: 17.097956752490266
MAE: 2.984066786589446
EVS: 0.17294373572579402
