Model: GRU
MSE: 10.856791397737181
MAE: 2.5496847717850297
EVS: 0.4204258450071213
