Model: GRU
MSE: 12.214633949893276
MAE: 2.5704064192595304
EVS: 0.35243744412735045
