Model: GRU
MSE: 12.678138664594245
MAE: 2.8499629585831254
EVS: 0.3984034475250231
