Model: GRU
MSE: 11.496466502707703
MAE: 2.3239784593935364
EVS: 0.38232696455971027
