Model: GRU
MSE: 10.693489636579384
MAE: 2.371986671730324
EVS: 0.43322746698219505
