Model: GRU
MSE: 14.495018563962091
MAE: 3.294984782183612
EVS: 0.35525686162010683
