Model: GRU
MSE: 11.636589254282761
MAE: 2.747492366366916
EVS: 0.38291362209924906
