Model: GRU
MSE: 12.611168281820264
MAE: 2.5224586769386574
EVS: 0.4279854846736222
