Model: GRU
MSE: 10.36527567312381
MAE: 2.232696674488209
EVS: 0.4428788964464977
