Model: GRU
MSE: 16.499053681178143
MAE: 2.867164271218436
EVS: 0.21638394529791594
