Model: GRU
MSE: 17.44856887753044
MAE: 3.1454717494823314
EVS: 0.17354837876993923
