Model: GRU
MSE: 15.770185569431474
MAE: 2.9006545455367476
EVS: 0.2293896694826406
