Model: GRU
MSE: 14.857440366465978
MAE: 2.836831433432443
EVS: 0.25155333134476787
