Model: GRU
MSE: 11.811707215923585
MAE: 2.42950619591607
EVS: 0.4009276475160817
