Model: GRU
MSE: 14.351934147783005
MAE: 3.1364139627527305
EVS: 0.32890968173241886
