Model: GRU
MSE: 17.42480511272822
MAE: 2.7486403783162436
EVS: 0.14708384358551008
