Model: GRU
MSE: 16.131408874792484
MAE: 2.93316180617721
EVS: 0.20464265791812242
