Model: GRU
MSE: 11.401658427057285
MAE: 2.3517162888138383
EVS: 0.41559186069596843
