Model: GRU
MSE: 15.87379263141119
MAE: 3.501869660836679
EVS: 0.34502575614375675
