Model: GRU
MSE: 14.643358103664333
MAE: 3.3481967714097767
EVS: 0.3781350940926894
