Model: GRU
MSE: 12.067909024505177
MAE: 2.792329434995298
EVS: 0.360723798055551
