Model: GRU
MSE: 13.10121052496689
MAE: 2.981577096162019
EVS: 0.32875155883784724
