Model: GRU
MSE: 11.770536058276074
MAE: 2.4280583593580456
EVS: 0.3665694226775753
