Model: GRU
MSE: 15.498246846993963
MAE: 3.0958003291377314
EVS: 0.2723335476155907
