Model: GRU
MSE: 12.082783374903629
MAE: 2.7460889286465116
EVS: 0.36378661229886056
