Model: GRU
MSE: 15.525327443885645
MAE: 3.4594139876189054
EVS: 0.3446790612579649
