Model: GRU
MSE: 13.293032665950577
MAE: 2.7524393046343767
EVS: 0.32941168817254474
