Model: GRU
MSE: 15.531386194499612
MAE: 2.733475685119629
EVS: 0.23312840223555564
