Model: GRU
MSE: 18.161285523365745
MAE: 3.1194550549542464
EVS: 0.13490513442531826
