Model: GRU
MSE: 17.5264440146863
MAE: 3.5101220872667103
EVS: 0.2273218809681915
