Model: GRU
MSE: 15.177121831826568
MAE: 2.642565268057364
EVS: 0.2555423358599368
