Model: GRU
MSE: 10.983853789293956
MAE: 2.231413134822139
EVS: 0.41739301080449553
