Model: GRU
MSE: 11.238751636853722
MAE: 2.548669285244412
EVS: 0.39566732656039694
