Model: GRU
MSE: 12.037054441472753
MAE: 2.756691579465513
EVS: 0.39482742057763587
