Model: GRU
MSE: 11.137775574755223
MAE: 2.474312323111075
EVS: 0.4008316911271199
