Model: GRU
MSE: 12.927913300588814
MAE: 2.576931918108905
EVS: 0.3197285216934732
