Model: GRU
MSE: 10.746533431153491
MAE: 2.414536617420338
EVS: 0.42933721735099295
