Model: GRU
MSE: 11.573060447981401
MAE: 2.6891252023202403
EVS: 0.39756867290259157
