Model: GRU
MSE: 11.767326350602461
MAE: 2.5433684808236583
EVS: 0.3689018680751758
