Model: GRU
MSE: 20.678294945480552
MAE: 4.078657150268555
EVS: 0.09461449965410251
