Model: GRU
MSE: 19.28967692013952
MAE: 2.860529899597168
EVS: 0.053068693349031526
