Model: GRU
MSE: 12.296200062139144
MAE: 2.542957341229474
EVS: 0.34772580831110844
