Model: GRU
MSE: 16.659465140553916
MAE: 3.416206819039804
EVS: 0.2591022740874065
