Model: GRU
MSE: 11.228032432400209
MAE: 2.350588975129304
EVS: 0.39872907030272253
