Model: GRU
MSE: 10.983031831948118
MAE: 2.290367250089292
EVS: 0.4100928139935073
