Model: GRU
MSE: 12.950853100763297
MAE: 3.0414028520937317
EVS: 0.3609639288630423
