Model: GRU
MSE: 20.276522007485635
MAE: 2.8961664659005626
EVS: 0.014395715295703826
