Model: GRU
MSE: 14.281610314380622
MAE: 2.850478454872414
EVS: 0.2963156762210879
