Model: GRU
MSE: 11.342137755779563
MAE: 2.618631362915039
EVS: 0.4016078186623222
