Model: GRU
MSE: 11.312344903486819
MAE: 2.5269440191763417
EVS: 0.3941121253300923
