Model: GRU
MSE: 10.824880262061585
MAE: 2.380568539654767
EVS: 0.4187999111831866
