Model: GRU
MSE: 16.449423029165903
MAE: 2.931242907488788
EVS: 0.19900451922583595
