Model: GRU
MSE: 16.05529039920714
MAE: 2.8770163147537797
EVS: 0.2085713858497934
