Model: GRU
MSE: 16.046466493313886
MAE: 2.8161738360369646
EVS: 0.21390592892581417
