Model: GRU
MSE: 11.138827745261214
MAE: 2.652461051940918
EVS: 0.41575724532143454
