Model: GRU
MSE: 19.542373818538383
MAE: 3.1625063154432507
EVS: 0.22649544719218184
