Model: GRU
MSE: 10.563879807612498
MAE: 2.545495527761954
EVS: 0.43146782274220874
