Model: GRU
MSE: 14.476232297282607
MAE: 3.265923711988661
EVS: 0.36084201665951166
