Model: GRU
MSE: 18.79736774922529
MAE: 3.7294201850891113
EVS: 0.2600096552645692
