Model: GRU
MSE: 15.804114106071918
MAE: 3.1958854463365345
EVS: 0.16980102010160247
