Model: GRU
MSE: 11.204745002550125
MAE: 2.5577420835141784
EVS: 0.40622095579107387
