Model: GRU
MSE: 11.35609695194388
MAE: 2.2454729786625616
EVS: 0.3972491025042184
