Model: GRU
MSE: 11.26458027676839
MAE: 2.35718133714464
EVS: 0.3937964231116149
