Model: GRU
MSE: 18.283064165661294
MAE: 3.311148661154288
EVS: 0.1734377966275693
