Model: GRU
MSE: 16.84563535863991
MAE: 2.9393879925763167
EVS: 0.1936476491076169
