Model: GRU
MSE: 13.893521420530474
MAE: 3.2563085556030273
EVS: 0.38241612569177563
