Model: GRU
MSE: 11.518233589558712
MAE: 2.299273897100378
EVS: 0.3931367668910206
