Model: GRU
MSE: 11.146768008052176
MAE: 2.527595449376989
EVS: 0.4095948394591922
