Model: GRU
MSE: 21.626827789361574
MAE: 3.1014297803243003
EVS: -0.05630536569187794
