Model: GRU
MSE: 10.657815341235922
MAE: 2.36327655227096
EVS: 0.4280818913256569
