Model: GRU
MSE: 10.827730154181454
MAE: 2.2407315572102866
EVS: 0.41872378345551675
