Model: GRU
MSE: 12.36412085435718
MAE: 2.534360373461688
EVS: 0.3345281919736459
