Model: GRU
MSE: 11.260800507472357
MAE: 2.374144200925474
EVS: 0.42080850175185913
