Model: GRU
MSE: 13.388738423059673
MAE: 3.089871812749792
EVS: 0.3981023008555512
