Model: GRU
MSE: 20.290596444960144
MAE: 3.263127980408845
EVS: -0.01729612501427824
