Model: GRU
MSE: 16.941944928999806
MAE: 2.75556684423376
EVS: 0.1627634148094158
