Model: GRU
MSE: 18.29535625874724
MAE: 2.8523442234311784
EVS: 0.07345474194540424
