Model: GRU
MSE: 13.03194659242881
MAE: 2.8098136407357677
EVS: 0.34950986250413774
