Model: GRU
MSE: 12.437640718748096
MAE: 2.894462726734303
EVS: 0.3562303736273371
