Model: GRU
MSE: 11.373379460739704
MAE: 2.7516551194367587
EVS: 0.4137757651073226
