Model: GRU
MSE: 16.33995010498327
MAE: 2.980980802465368
EVS: 0.2118585998091398
