Model: GRU
MSE: 10.832553255546777
MAE: 2.5316400174741394
EVS: 0.43140576570447364
