Model: GRU
MSE: 13.010848655283418
MAE: 2.535341333459925
EVS: 0.37483218429994725
