Model: GRU
MSE: 17.838620496287284
MAE: 2.8095738799483687
EVS: 0.12592100131684425
