Model: GRU
MSE: 13.31294821269196
MAE: 2.993563351807771
EVS: 0.3547090046634461
