Model: GRU
MSE: 15.54143830118395
MAE: 3.19389315004702
EVS: 0.23877357165822033
