Model: GRU
MSE: 15.629455396324746
MAE: 3.4557332639341003
EVS: 0.3511188089949502
