Model: GRU
MSE: 12.660828003318782
MAE: 2.3926673818517616
EVS: 0.334108202754253
