Model: GRU
MSE: 17.501167485280593
MAE: 3.0854734668025263
EVS: 0.15472285804556762
