Model: GRU
MSE: 11.682215603422476
MAE: 2.482731024424235
EVS: 0.3742659387252997
