Model: GRU
MSE: 15.805275388156554
MAE: 3.0900404541580766
EVS: 0.23184251491792895
