Model: GRU
MSE: 17.11739970108354
MAE: 3.301057285732693
EVS: 0.20384641106329016
