Model: GRU
MSE: 11.58728564805905
MAE: 2.483867150765878
EVS: 0.3773341291610868
