Model: GRU
MSE: 12.465546347586733
MAE: 2.8662775887383356
EVS: 0.38098914614729495
