Model: GRU
MSE: 11.299289877716648
MAE: 2.4842137230767145
EVS: 0.39358058746760094
