Model: GRU
MSE: 12.0961736436795
MAE: 2.4365472616972745
EVS: 0.34968892465714796
