Model: GRU
MSE: 11.48059596132407
MAE: 2.3814813825819225
EVS: 0.3934689236770642
