Model: GRU
MSE: 21.954252977516095
MAE: 3.970677269829644
EVS: 0.15917101506932607
