Model: GRU
MSE: 11.063573847757922
MAE: 2.40847615842466
EVS: 0.4061586495407028
