Model: GRU
MSE: 10.903844846645303
MAE: 2.633774651421441
EVS: 0.4449655959575747
