Model: GRU
MSE: 12.449037408382706
MAE: 2.917263808073821
EVS: 0.36222510505871963
