Model: GRU
MSE: 11.038909555863434
MAE: 2.698441576074671
EVS: 0.4335683452301544
