Model: GRU
MSE: 17.706033199581153
MAE: 3.506776491800944
EVS: 0.22271582331334194
