Model: GRU
MSE: 11.4780276600189
MAE: 2.6590619263825594
EVS: 0.3992807076585063
