Model: GRU
MSE: 20.468652545951855
MAE: 3.7581556108262806
EVS: 0.12230177773253592
