Model: GRU
MSE: 16.778789162581173
MAE: 2.611171280896222
EVS: 0.1749016941663235
