Model: GRU
MSE: 18.075361918232847
MAE: 2.8233680018672236
EVS: 0.11533139944106119
