Model: GRU
MSE: 12.0505393328138
MAE: 2.391929767749928
EVS: 0.3928133002072167
