Model: GRU
MSE: 15.742816161152236
MAE: 2.765808034826208
EVS: 0.22234142028542003
