Model: GRU
MSE: 10.740539235501956
MAE: 2.5003641093218767
EVS: 0.4281370748477985
