Model: GRU
MSE: 13.777276978561169
MAE: 3.1566280965451843
EVS: 0.36750878194008196
