Model: GRU
MSE: 13.802281774943266
MAE: 2.8301755410653575
EVS: 0.25710095632318575
