Model: GRU
MSE: 17.67480231994708
MAE: 3.6991855833265515
EVS: 0.384571995945016
