Model: GRU
MSE: 20.372277089874885
MAE: 2.9501039187113443
EVS: -0.005432054049893775
