Model: GRU
MSE: 14.16964332793228
MAE: 3.2642617225646973
EVS: 0.4057113035130253
