Model: GRU
MSE: 16.363780093492398
MAE: 3.177332807470251
EVS: 0.23985311616969085
