Model: GRU
MSE: 12.012802089854539
MAE: 2.733005258772108
EVS: 0.4309754981129811
