Model: GRU
MSE: 13.845036852836833
MAE: 2.7327744519269026
EVS: 0.255093233185945
