Model: GRU
MSE: 11.677869163464836
MAE: 2.417625727476897
EVS: 0.390222112765642
