Model: GRU
MSE: 11.85088221035339
MAE: 2.6541179021199546
EVS: 0.3931418422530505
