Model: GRU
MSE: 11.835598558403042
MAE: 2.6911280066878707
EVS: 0.37793204011950055
