Model: GRU
MSE: 12.343898729712809
MAE: 2.276164761296025
EVS: 0.37145038921621587
