Model: GRU
MSE: 13.502209659797128
MAE: 3.1767746254249856
EVS: 0.3744611035373723
