Model: GRU
MSE: 12.200384534496925
MAE: 2.5061413093849465
EVS: 0.3454876327488432
