Model: GRU
MSE: 16.274812034572715
MAE: 2.8266688452826605
EVS: 0.2032288288469114
