Model: GRU
MSE: 10.675421133133566
MAE: 2.345735337999132
EVS: 0.4287117391549896
