Model: GRU
MSE: 11.951895210528468
MAE: 2.5663262473212347
EVS: 0.35936053651456257
