Model: GRU
MSE: 13.310114176012137
MAE: 3.114532435381854
EVS: 0.4014005129034208
