Model: GRU
MSE: 20.54896916863638
MAE: 3.8589469061957464
EVS: 0.0
