Model: GRU
MSE: 11.587868106400661
MAE: 2.3072680367363825
EVS: 0.40566388978653656
