Model: GRU
MSE: 11.239282208735721
MAE: 2.5622874719125255
EVS: 0.3965500252516039
