Model: GRU
MSE: 17.676069221160308
MAE: 2.7515025315461337
EVS: 0.1510261868499264
