Model: GRU
MSE: 11.379964064594148
MAE: 2.6274361080593533
EVS: 0.4050361182173654
