Model: GRU
MSE: 12.662209627306698
MAE: 2.6764535197505244
EVS: 0.33971086398389716
