Model: GRU
MSE: 18.643561693391543
MAE: 3.05365058353969
EVS: 0.07310693711424798
