Model: GRU
MSE: 10.922473216203192
MAE: 2.551622673317238
EVS: 0.42608880026222884
