Model: GRU
MSE: 17.650347420083694
MAE: 3.2326010976518904
EVS: 0.12765200322514425
