Model: GRU
MSE: 12.010784358100425
MAE: 2.774605397824888
EVS: 0.3748350456157715
