Model: GRU
MSE: 12.062569392467898
MAE: 2.9019047066017434
EVS: 0.4146135483057516
