Model: GRU
MSE: 17.82885320440275
MAE: 3.1078134466100624
EVS: 0.14850473883364512
