Model: GRU
MSE: 17.264003624828455
MAE: 2.85856329953229
EVS: 0.15147730605518406
