Model: GRU
MSE: 11.259467629742007
MAE: 2.4112351029007524
EVS: 0.3940928756456793
