Model: GRU
MSE: 13.44423956863672
MAE: 2.64015241905495
EVS: 0.343265602304609
