Model: GRU
MSE: 19.863031756891697
MAE: 3.1184624565972223
EVS: 0.03288791532707158
