Model: GRU
MSE: 11.679390087763178
MAE: 2.7077771292792425
EVS: 0.38028244152689583
