Model: GRU
MSE: 11.97602244228168
MAE: 2.617327301590531
EVS: 0.35987604611141655
