Model: GRU
MSE: 12.53278895478976
MAE: 2.8592083189222546
EVS: 0.36783969948209816
