Model: GRU
MSE: 16.792736283135227
MAE: 2.7404017271818937
EVS: 0.1712317546245843
