Model: GRU
MSE: 11.918375798703421
MAE: 2.897117226212113
EVS: 0.3872614583508681
