Model: GRU
MSE: 11.291005028117475
MAE: 2.5436089833577475
EVS: 0.39294200067383633
