Model: GRU
MSE: 13.889351226805452
MAE: 2.860290492022479
EVS: 0.385383113389983
