Model: GRU
MSE: 12.652605981839331
MAE: 3.0234803093804254
EVS: 0.401755007180954
