Model: GRU
MSE: 45192.561045938484
MAE: 212.54171865957755
EVS: -4.440892098500626e-16
