Model: GRU
MSE: 18.879152140710723
MAE: 2.870244891555221
EVS: 0.10800091594754047
