Model: GRU
MSE: 17.205315077574763
MAE: 2.6844864598026983
EVS: 0.18267488000795784
