Model: GRU
MSE: 11.384179948346038
MAE: 2.5360652429086192
EVS: 0.392818384685804
