Model: GRU
MSE: 16.1243107505365
MAE: 2.7282631485550493
EVS: 0.2431799732641451
