Model: GRU
MSE: 11.481552277835023
MAE: 2.5454385545518665
EVS: 0.38486784503402305
