Model: GRU
MSE: 13.573385793779009
MAE: 2.866675094321922
EVS: 0.330282467382361
