Model: GRU
MSE: 10.84371725136225
MAE: 2.594800101386176
EVS: 0.43252336616342657
