Model: GRU
MSE: 11.634637938169464
MAE: 2.5185445856165
EVS: 0.3746469181644657
