Model: GRU
MSE: 13.372912320263517
MAE: 2.9539253093578197
EVS: 0.31801481467064774
