Model: GRU
MSE: 18.076194661221834
MAE: 3.3654709745336464
EVS: 0.1810952066272592
