Model: GRU
MSE: 12.732085150665558
MAE: 2.3629287790369102
EVS: 0.4083683285538108
