Model: GRU
MSE: 12.9667033604223
MAE: 2.9523046811421714
EVS: 0.379539894400478
