Model: GRU
MSE: 11.701556489390828
MAE: 2.276120185852051
EVS: 0.3829307517820195
