Model: GRU
MSE: 13.10486358699799
MAE: 2.465046282167788
EVS: 0.39970408770898325
