Model: GRU
MSE: 15.590889101005747
MAE: 3.121813314932364
EVS: 0.2763820047712421
