Model: GRU
MSE: 16.370037369769914
MAE: 2.8844230439927845
EVS: 0.19491766005103328
