Model: GRU
MSE: 16.768271330070394
MAE: 3.122786769160518
EVS: 0.20054136894733965
