Model: GRU
MSE: 17.056828684263
MAE: 2.804214177308259
EVS: 0.17552048982480417
