Model: GRU
MSE: 12.120311357518673
MAE: 2.42645733444779
EVS: 0.35626421960222665
