Model: GRU
MSE: 13.181521513965386
MAE: 2.9423210709183305
EVS: 0.36220339154989967
