Model: GRU
MSE: 12.790188048463486
MAE: 2.6590174039204917
EVS: 0.32918540946678276
