Model: GRU
MSE: 10.857153390077858
MAE: 2.4038412306043835
EVS: 0.4215648914114535
