Model: GRU
MSE: 10.927805996378622
MAE: 2.379996970847801
EVS: 0.41306683913629005
