Model: GRU
MSE: 283.16515884497613
MAE: 16.272371526117677
EVS: 0.01096898539960911
