Model: GRU
MSE: 13.847483871843735
MAE: 2.6771313702618635
EVS: 0.3794240611509988
