Model: GRU
MSE: 11.898416829230747
MAE: 2.665562135201913
EVS: 0.3775712916482532
