Model: GRU
MSE: 16.088485998871604
MAE: 3.4436149950380677
EVS: 0.1401339825689727
