Model: GRU
MSE: 13.545027265286148
MAE: 3.1061637666490345
EVS: 0.3875767522924527
