Model: GRU
MSE: 11.304785404237377
MAE: 2.4849075741238065
EVS: 0.3954726387091698
