Model: GRU
MSE: 11.88424865973839
MAE: 2.5925645475034362
EVS: 0.3744474508090363
