Model: GRU
MSE: 17.17083079325369
MAE: 3.174182997809516
EVS: 0.19153867100961997
