Model: GRU
MSE: 10.958851964246538
MAE: 2.3118845974957503
EVS: 0.44379283941591896
