Model: GRU
MSE: 12.926217570468602
MAE: 3.056682304099754
EVS: 0.3370864404681073
