Model: GRU
MSE: 10.55557284939136
MAE: 2.5310854028772423
EVS: 0.45393959411717966
