Model: GRU
MSE: 15.762185504476664
MAE: 2.6707580354478626
EVS: 0.2235646691741492
