Model: GRU
MSE: 14.050254013149207
MAE: 2.7120868188363536
EVS: 0.400553473333906
