Model: GRU
MSE: 16.055250442882603
MAE: 2.8030367780614784
EVS: 0.2651124141836324
