Model: GRU
MSE: 11.99518821469219
MAE: 2.774972350509078
EVS: 0.36983403815300686
