Model: GRU
MSE: 11.798742591261778
MAE: 2.477132479349772
EVS: 0.38259850702160614
