Model: GRU
MSE: 17.938826610249063
MAE: 2.987285048873336
EVS: 0.25233714118995487
