Model: GRU
MSE: 11.228952506805467
MAE: 2.598663436041938
EVS: 0.41495538493331363
