Model: GRU
MSE: 12.412336569319347
MAE: 2.892295660795989
EVS: 0.33500410052115537
