Model: GRU
MSE: 13.62378528427002
MAE: 3.1787857479519315
EVS: 0.4057501567538331
