Model: GRU
MSE: 20.85683682055297
MAE: 3.735849698384603
EVS: 0.10619006678659848
