Model: GRU
MSE: 11.981330600715308
MAE: 2.8066387882939092
EVS: 0.3780974348845699
