Model: GRU
MSE: 15.169134047528637
MAE: 2.9480986065334744
EVS: 0.253303010687304
