Model: GRU
MSE: 11.339007894446796
MAE: 2.4926587210761175
EVS: 0.3964615195825659
