Model: GRU
MSE: 11.206214681977952
MAE: 2.313500580964265
EVS: 0.39986652046046445
