Model: GRU
MSE: 16.115297941557973
MAE: 3.2488816579182944
EVS: 0.24963920460729339
