Model: GRU
MSE: 10.808102526004506
MAE: 2.3330755586977356
EVS: 0.44175917176338486
