Model: GRU
MSE: 11.056824983156325
MAE: 2.5831338034735785
EVS: 0.4110378846666155
