Model: GRU
MSE: 12.53647544434066
MAE: 3.017883406745063
EVS: 0.4232531315244932
