Model: GRU
MSE: 17.667087425676655
MAE: 2.7352138272038213
EVS: 0.12719091876067035
