Model: GRU
MSE: 10.734136518106627
MAE: 2.4477059046427407
EVS: 0.42229041028791237
