Model: GRU
MSE: 12.726781965367255
MAE: 2.876370871508563
EVS: 0.3469855047140973
