Model: GRU
MSE: 13.999173418526002
MAE: 3.3038605230825917
EVS: 0.2814846611071107
