Model: GRU
MSE: 11.554661879663778
MAE: 2.5546924626385725
EVS: 0.39004057425633465
