Model: GRU
MSE: 19.484327851867757
MAE: 3.12137003298159
EVS: 0.051931611653650456
