Model: GRU
MSE: 11.749548444256542
MAE: 2.6553115844726562
EVS: 0.37016742166702754
