Model: GRU
MSE: 13.12802895347913
MAE: 2.6964024437798395
EVS: 0.3142439075302763
