Model: GRU
MSE: 12.967261496167682
MAE: 2.8324727835478605
EVS: 0.339832076346246
