Model: GRU
MSE: 11.487371552942898
MAE: 2.7672534165558993
EVS: 0.4116891615745998
