Model: GRU
MSE: 14.517794746873127
MAE: 3.1931224752355507
EVS: 0.21905773085024605
