Model: GRU
MSE: 13.538699803645681
MAE: 2.6935669581095376
EVS: 0.3787351392259658
