Model: GRU
MSE: 16.797843773537384
MAE: 2.92115522314001
EVS: 0.2825023065438593
