Model: GRU
MSE: 22.289439443444262
MAE: 3.272466942116066
EVS: -0.0990989310026491
