Model: GRU
MSE: 10.707625342124933
MAE: 2.410836608321578
EVS: 0.4280411508183175
