Model: GRU
MSE: 20.223511094210387
MAE: 2.9669842190212674
EVS: 0.007703866144893601
