Model: GRU
MSE: 15.5519312986147
MAE: 3.197644339667426
EVS: 0.2510033069944422
