Model: GRU
MSE: 15.819705536479727
MAE: 3.06437854413633
EVS: 0.2214372606099161
