Model: GRU
MSE: 11.892290888976309
MAE: 2.7107348618683993
EVS: 0.36812908704538894
