Model: GRU
MSE: 15.697315435407804
MAE: 3.040652292746085
EVS: 0.2558865105035486
