Model: GRU
MSE: 10.975291863970462
MAE: 2.393619996530038
EVS: 0.4184479481124097
