Model: GRU
MSE: 17.35713330729384
MAE: 2.9091173984386303
EVS: 0.1421539859669395
