Model: GRU
MSE: 16.79089215180836
MAE: 2.9542583889431424
EVS: 0.17094849675787305
