Model: GRU
MSE: 12.041348609506477
MAE: 2.4865734665482133
EVS: 0.3929937680472888
