Model: GRU
MSE: 10.997303359248589
MAE: 2.332068231370714
EVS: 0.40882366433148665
