Model: GRU
MSE: 11.90708906479988
MAE: 2.653273900349935
EVS: 0.3827741875495545
