Model: GRU
MSE: 11.94272248578643
MAE: 2.8370148694073714
EVS: 0.4304900275037762
