Model: GRU
MSE: 17.698211106118404
MAE: 2.785949300836634
EVS: 0.1287597653280238
