Model: GRU
MSE: 17.911951048366298
MAE: 3.2615585327148438
EVS: 0.1552837487411437
