Model: GRU
MSE: 13.7879606941079
MAE: 3.1451950249848544
EVS: 0.38276891203711716
