Model: GRU
MSE: 12.003645209995748
MAE: 2.37192604276869
EVS: 0.41303299204144805
