Model: GRU
MSE: 10.62279156538652
MAE: 2.341996122289587
EVS: 0.43414685879571124
