Model: GRU
MSE: 12.36397129665104
MAE: 2.5999511965998896
EVS: 0.3378332926710257
