Model: GRU
MSE: 11.69178640316434
MAE: 2.7849443047134965
EVS: 0.4005176400141618
