Model: GRU
MSE: 18.574299715881587
MAE: 3.200479330839934
EVS: 0.12695423576203202
