Model: GRU
MSE: 18.492534773135283
MAE: 3.1629312656543873
EVS: 0.11932334692020008
