Model: GRU
MSE: 11.27762460950665
MAE: 2.5281763429994935
EVS: 0.39795571109134886
