Model: GRU
MSE: 11.327162541361284
MAE: 2.2321323112205222
EVS: 0.4094870524649411
