Model: GRU
MSE: 11.923010431378213
MAE: 2.3408464502405235
EVS: 0.35965446006243584
