Model: GRU
MSE: 17.02220005795516
MAE: 3.0751544457894786
EVS: 0.1770229016837237
