Model: GRU
MSE: 11.984955570946887
MAE: 2.8861668551409685
EVS: 0.45844260189104535
