Model: GRU
MSE: 17.98280138745271
MAE: 3.7078597633926957
EVS: 0.33130269047816163
