Model: GRU
MSE: 16.001785699026758
MAE: 2.648123917756257
EVS: 0.2147396812970256
