Model: GRU
MSE: 12.958902868942527
MAE: 3.052056347882306
EVS: 0.4065501240564302
