Model: GRU
MSE: 10.330777147041173
MAE: 2.3883476433930575
EVS: 0.4453774118992764
