Model: GRU
MSE: 11.598464092799414
MAE: 2.6714520984225802
EVS: 0.3901813075188022
