Model: GRU
MSE: 12.034725332553911
MAE: 2.391772747039795
EVS: 0.36334781542339234
