Model: GRU
MSE: 13.287882783789057
MAE: 2.64999877081977
EVS: 0.30613399272074204
