Model: GRU
MSE: 11.707025761946271
MAE: 2.573221630520291
EVS: 0.3924389117366148
