Model: GRU
MSE: 15.986225615417366
MAE: 3.1098999977111816
EVS: 0.22839201643993434
