Model: GRU
MSE: 13.469899747126469
MAE: 3.0268725289238825
EVS: 0.3511397349367371
