Model: GRU
MSE: 12.488274665674336
MAE: 2.5711159529509366
EVS: 0.3991185335615318
