Model: GRU
MSE: 14.01556995676082
MAE: 2.7355911643416793
EVS: 0.24580156666678887
