Model: GRU
MSE: 15.728160424653863
MAE: 3.360068197603579
EVS: 0.3030117918267091
