Model: GRU
MSE: 13.00324747764117
MAE: 2.9816786448160806
EVS: 0.3990724526465361
