Model: GRU
MSE: 10.798972228598528
MAE: 2.5191314485338
EVS: 0.4229748369736953
