Model: GRU
MSE: 12.098862343544674
MAE: 2.651481239883988
EVS: 0.3562556123809695
