Model: GRU
MSE: 10.380635587952687
MAE: 2.3848758980079934
EVS: 0.4431683630010279
