Model: GRU
MSE: 10.691057580075451
MAE: 2.429437354758934
EVS: 0.42462638580138923
