Model: GRU
MSE: 13.888370531955472
MAE: 2.6146051618787975
EVS: 0.31953075551843835
