Model: GRU
MSE: 17.600184404768235
MAE: 2.9941086062678584
EVS: 0.14919115786589865
