Model: GRU
MSE: 13.955996971526305
MAE: 3.1111319153397172
EVS: 0.366963287368714
