Model: GRU
MSE: 37765.11152209131
MAE: 194.28466909903068
EVS: -4.440892098500626e-16
