Model: GRU
MSE: 11.190120402127427
MAE: 2.4872330206411855
EVS: 0.4048420293610282
