Model: GRU
MSE: 273.79731471335276
MAE: 15.930449172302529
EVS: -0.07746586901993302
