Model: GRU
MSE: 11.967039370667136
MAE: 2.4980800063521773
EVS: 0.3622409396330022
