Model: GRU
MSE: 12.289653893775418
MAE: 2.5442181339970342
EVS: 0.4019226967627002
