Model: GRU
MSE: 11.667106356083355
MAE: 2.811290423075358
EVS: 0.4077153042950482
