Model: GRU
MSE: 11.507018344201517
MAE: 2.508338451385498
EVS: 0.38995662863864344
