Model: GRU
MSE: 11.64334823057679
MAE: 2.3145769613760487
EVS: 0.4076214670986129
