Model: GRU
MSE: 12.132348119492168
MAE: 2.7922561786792897
EVS: 0.41642398027042915
