Model: GRU
MSE: 11.576033586858237
MAE: 2.7692013493290655
EVS: 0.41338415439745924
