Model: GRU
MSE: 12.155819211529728
MAE: 2.3546996823063604
EVS: 0.34586858674655385
