Model: GRU
MSE: 14.748354624825947
MAE: 2.6928488413492837
EVS: 0.2739663200795234
