Model: GRU
MSE: 15.306111258162412
MAE: 2.688367825967294
EVS: 0.24370814785792994
