Model: GRU
MSE: 11.739122381929533
MAE: 2.400316803543656
EVS: 0.37464580879897125
