Model: GRU
MSE: 14.777281452849955
MAE: 3.3422652703744395
EVS: 0.38328203917249337
