Model: GRU
MSE: 15.374095024890611
MAE: 2.852872124424687
EVS: 0.24317204872001685
