Model: GRU
MSE: 11.271097243712749
MAE: 2.1808805289091886
EVS: 0.4044829307234308
