Model: GRU
MSE: 12.025706322410745
MAE: 2.394253889719645
EVS: 0.38411986936119735
