Model: GRU
MSE: 14.093507649609396
MAE: 2.90518171446664
EVS: 0.28550405645271715
