Model: GRU
MSE: 10.684946576162913
MAE: 2.535307248433431
EVS: 0.4255014746793718
