Model: GRU
MSE: 11.369082419041122
MAE: 2.3341232582374856
EVS: 0.40735197418372104
