Model: GRU
MSE: 13.335070946221196
MAE: 3.0578512615627713
EVS: 0.3293043485278122
