Model: GRU
MSE: 2372.22788966429
MAE: 48.514420685944735
EVS: -2.220446049250313e-16
