Model: GRU
MSE: 261.75804943050395
MAE: 15.572366330358717
EVS: -0.036631987989864445
