Model: GRU
MSE: 15.654420768875887
MAE: 3.2111321555243597
EVS: 0.2513669208402013
