Model: GRU
MSE: 16.05199602512336
MAE: 3.148855021706334
EVS: 0.22095128278920406
