Model: GRU
MSE: 17.939547426693313
MAE: 3.2784498356006764
EVS: 0.18257491771223866
