Model: GRU
MSE: 11.115266474952747
MAE: 2.3039459299158165
EVS: 0.43475700941241835
