Model: GRU
MSE: 10.979118241716343
MAE: 2.507244869514748
EVS: 0.4168057941895492
