Model: GRU
MSE: 16.76996231320313
MAE: 2.7049347206398293
EVS: 0.21322308611344132
