Model: GRU
MSE: 18.39814534593428
MAE: 3.053145991431342
EVS: 0.093672714475728
