Model: GRU
MSE: 11.0530519763014
MAE: 2.415889280813712
EVS: 0.4127365615306613
