Model: GRU
MSE: 11.914443432211968
MAE: 2.732848608935321
EVS: 0.41510382525245193
