Model: GRU
MSE: 12.69560969716221
MAE: 2.9557299790558993
EVS: 0.3696191926965642
