Model: GRU
MSE: 11.4022954651194
MAE: 2.5565736911914967
EVS: 0.394741490294777
