Model: GRU
MSE: 13.23900203231046
MAE: 2.6178305237381547
EVS: 0.40685156000611733
