Model: GRU
MSE: 13.34427107412915
MAE: 2.6853794345149287
EVS: 0.2944187316655944
