Model: GRU
MSE: 18.262925195846098
MAE: 3.1961642547889992
EVS: 0.1583919505140079
