Model: GRU
MSE: 17.18951630084262
MAE: 2.690975613064236
EVS: 0.15799946863330183
