Model: GRU
MSE: 14.658560116521281
MAE: 3.3304235670301647
EVS: 0.38860994685134986
