Model: GRU
MSE: 11.393042607005283
MAE: 2.7165855831570096
EVS: 0.4151384170754765
