Model: GRU
MSE: 12.383534376437435
MAE: 2.898313557660138
EVS: 0.3868244176070491
