Model: GRU
MSE: 11.591277614958422
MAE: 2.5556483092131437
EVS: 0.3910366640734939
