Model: GRU
MSE: 19.056380729908696
MAE: 3.5589879353841147
EVS: 0.17973110236835066
