Model: GRU
MSE: 12.69109161518719
MAE: 2.9508065117730036
EVS: 0.35836189160822973
