Model: GRU
MSE: 11.52576761896806
MAE: 2.6896501470495155
EVS: 0.40691696773092245
