Model: GRU
MSE: 3163.252658869784
MAE: 56.062638741952405
EVS: 2.220446049250313e-16
