Model: GRU
MSE: 11.436496272920758
MAE: 2.4685724752920644
EVS: 0.4131428396121428
