Model: GRU
MSE: 14.886505574759381
MAE: 2.806666020993833
EVS: 0.26425751405612374
