Model: GRU
MSE: 10.72120583035643
MAE: 2.2313243018256292
EVS: 0.42316556473239075
