Model: GRU
MSE: 13.89115643475517
MAE: 3.1553394706160933
EVS: 0.3741283758701137
