Model: GRU
MSE: 15.041659701205457
MAE: 2.7885402043660483
EVS: 0.2658701708852581
