Model: GRU
MSE: 15.323123817924237
MAE: 3.4082736615781433
EVS: 0.3708134653834618
