Model: GRU
MSE: 18.20586571206786
MAE: 2.7319565172548645
EVS: 0.11623911284256094
