Model: GRU
MSE: 14.590642954392528
MAE: 2.941359802528664
EVS: 0.27907503816958923
