Model: GRU
MSE: 11.226756483650272
MAE: 2.3006020651923285
EVS: 0.4311513469949817
