Model: GRU
MSE: 1463.2426573327216
MAE: 38.00873297232169
EVS: -2.220446049250313e-16
