Model: GRU
MSE: 12.545390089481737
MAE: 2.426312835128219
EVS: 0.38734411462835305
