Model: GRU
MSE: 12.187209209300548
MAE: 2.768519542835377
EVS: 0.3942474857920919
