Model: GRU
MSE: 11.646165178494304
MAE: 2.578875153153031
EVS: 0.3746519400612628
