Model: GRU
MSE: 11.064658160189097
MAE: 2.2715765635172525
EVS: 0.41893165188964465
