Model: GRU
MSE: 11.936481234675906
MAE: 2.363573816087511
EVS: 0.3661392599074933
