Model: GRU
MSE: 13.359663555816384
MAE: 2.9825234413146973
EVS: 0.3396133042894186
