Model: GRU
MSE: 623.5667039374038
MAE: 24.588374349806045
EVS: -0.02151236800115952
