Model: GRU
MSE: 11.634218381617487
MAE: 2.726589697378653
EVS: 0.38696911749938634
