Model: GRU
MSE: 11.542422823996512
MAE: 2.6513994711416737
EVS: 0.39983435361186237
