Model: GRU
MSE: 10.638600081939531
MAE: 2.232381997285066
EVS: 0.4294479493137845
