Model: GRU
MSE: 10.96720980114841
MAE: 2.5476109186808267
EVS: 0.4191118248943272
