Model: GRU
MSE: 12.640624211191607
MAE: 2.406380618060077
EVS: 0.3756253077684356
