Model: GRU
MSE: 14.179793627864193
MAE: 2.780791724169696
EVS: 0.34818759211742856
