Model: GRU
MSE: 18.91570860909808
MAE: 2.8571299800166376
EVS: 0.06705708016158762
