Model: GRU
MSE: 15.997832167225944
MAE: 3.1718041455304182
EVS: 0.2213500868958277
