Model: GRU
MSE: 12.422942195950343
MAE: 2.924603921395761
EVS: 0.4113387567898322
