Model: GRU
MSE: 11.236965457482658
MAE: 2.401125837255407
EVS: 0.39518666357418886
