Model: GRU
MSE: 11.388846649758886
MAE: 2.7693511291786477
EVS: 0.41329393243916057
