Model: GRU
MSE: 11.635237647605814
MAE: 2.5929429442794234
EVS: 0.3925214064438417
