Model: GRU
MSE: 13.789567150598192
MAE: 2.6694525436118797
EVS: 0.3406904112622604
