Model: GRU
MSE: 16.794242897866113
MAE: 3.272480576126664
EVS: 0.23054966963465917
