Model: GRU
MSE: 12.78443169983543
MAE: 2.855867209257903
EVS: 0.36124232274624013
