Model: GRU
MSE: 18.256241148047827
MAE: 2.7766668531629772
EVS: 0.13284979096450322
