Model: GRU
MSE: 254.29145930572318
MAE: 15.352684471342299
EVS: -0.00041249309173463367
