Model: GRU
MSE: 12.918213798875948
MAE: 2.69924944418448
EVS: 0.31549389041859854
