Model: GRU
MSE: 18.040681631948214
MAE: 3.0104895344486944
EVS: 0.20312515705087464
