Model: GRU
MSE: 12.235902587455406
MAE: 2.4353870462488243
EVS: 0.34143898139998796
