Model: GRU
MSE: 17.645729102585324
MAE: 3.477084901597765
EVS: 0.235935152361341
