Model: GRU
MSE: 16.950724754841364
MAE: 3.4507867142006203
EVS: 0.2575647017954178
