Model: GRU
MSE: 12.108138347658157
MAE: 2.4180817427458585
EVS: 0.3822972125656422
