Model: GRU
MSE: 11.391050067242793
MAE: 2.519354255111129
EVS: 0.3949263848822364
