Model: GRU
MSE: 15.99676908489878
MAE: 3.433000917787905
EVS: 0.36446102460147434
