Model: GRU
MSE: 12.068701073770777
MAE: 2.720496318958424
EVS: 0.36477488788651
