Model: GRU
MSE: 20.785008014610504
MAE: 2.9693164648833097
EVS: -0.0029358818639972917
