Model: GRU
MSE: 11.634443369876465
MAE: 2.309172188794171
EVS: 0.3751075019310841
