Model: GRU
MSE: 11.820469907716229
MAE: 2.3523760901557074
EVS: 0.3880232712111028
