Model: GRU
MSE: 11.724520817535247
MAE: 2.7122800615098743
EVS: 0.370595698220364
