Model: GRU
MSE: 16.402419940545574
MAE: 3.1607866287231445
EVS: 0.2187368198638605
