Model: GRU
MSE: 15.161296911460854
MAE: 3.321755815435339
EVS: 0.3293797968153285
