Model: GRU
MSE: 19.66709060745884
MAE: 3.7364028294881186
EVS: 0.2178207671606498
