Model: GRU
MSE: 12.769731366842894
MAE: 2.897920590859872
EVS: 0.36443455042738393
