Model: GRU
MSE: 10.838941183888588
MAE: 2.567421348006637
EVS: 0.4334511568777648
