Model: GRU
MSE: 11.313494360752152
MAE: 2.2769612029746726
EVS: 0.40013029792517196
