Model: GRU
MSE: 14.895987470528175
MAE: 2.8532541769522206
EVS: 0.3578360126909761
