Model: GRU
MSE: 11.158742758653345
MAE: 2.3842634271692345
EVS: 0.4247010657054453
