Model: GRU
MSE: 11.513440878426687
MAE: 2.5039294560750327
EVS: 0.38055061869013085
