Model: GRU
MSE: 267.7190785863422
MAE: 15.701528622044457
EVS: -0.046847831201965784
