Model: GRU
MSE: 14.306924592139028
MAE: 3.160771034382008
EVS: 0.359791429221229
