Model: GRU
MSE: 17.88822671514374
MAE: 3.4546765044883445
EVS: 0.27114846177825724
