Model: GRU
MSE: 12.900299047714
MAE: 2.9585934038515442
EVS: 0.39144556830421384
