Model: GRU
MSE: 11.260361600178301
MAE: 2.405528916252984
EVS: 0.42871324341500905
