Model: GRU
MSE: 14.240665984013436
MAE: 2.714054920055248
EVS: 0.40950075914977935
