Model: GRU
MSE: 11.874732491710043
MAE: 2.422565601490162
EVS: 0.3956901055144385
