Model: GRU
MSE: 11.577707010907572
MAE: 2.6145141742847584
EVS: 0.38379452183393115
