Model: GRU
MSE: 12.316532278482628
MAE: 2.5302368976451732
EVS: 0.35416282505774055
