Model: GRU
MSE: 16.32324397336618
MAE: 3.478546036614312
EVS: 0.3018626461027407
