Model: GRU
MSE: 13.362960520584078
MAE: 3.1519036646242493
EVS: 0.383221492502156
