Model: GRU
MSE: 18.899682553263396
MAE: 3.4832430062470614
EVS: 0.14997646996215075
