Model: GRU
MSE: 12.905883854917462
MAE: 2.9112412488019026
EVS: 0.38834453196057206
