Model: GRU
MSE: 11.403283095311322
MAE: 2.750035321270978
EVS: 0.39413062659383236
