Model: GRU
MSE: 16.369766182164884
MAE: 2.877706704316316
EVS: 0.1911167402069721
