Model: GRU
MSE: 11.32086435699542
MAE: 2.366357096919307
EVS: 0.4234961645968761
