Model: GRU
MSE: 11.038289488630786
MAE: 2.509989032038936
EVS: 0.4112464657421899
