Model: GRU
MSE: 10.685748433032845
MAE: 2.24968127851133
EVS: 0.4364848668085466
