Model: GRU
MSE: 11.382362380396748
MAE: 2.4667416678534613
EVS: 0.39404120901060313
