Model: GRU
MSE: 13.676133146271686
MAE: 3.1595956484476724
EVS: 0.3621553958202267
