Model: GRU
MSE: 11.59518537737262
MAE: 2.713697327507867
EVS: 0.3919524575833865
