Model: GRU
MSE: 18.56000761256053
MAE: 3.08267609278361
EVS: 0.12085295350749592
