Model: GRU
MSE: 11.180295781522172
MAE: 2.317402027271412
EVS: 0.42180526300282806
