Model: GRU
MSE: 10.705629287299988
MAE: 2.5153143141004772
EVS: 0.42399173074997354
