Model: GRU
MSE: 12.284821034197059
MAE: 2.8126120743928134
EVS: 0.3482931003428381
