Model: GRU
MSE: 11.176109307181294
MAE: 2.689801887229637
EVS: 0.41661222938348585
