Model: GRU
MSE: 21.114891564507555
MAE: 3.927974753909641
EVS: 0.3561690363360033
