Model: GRU
MSE: 16.21220480892498
MAE: 2.6972070976539895
EVS: 0.19926532457245494
