Model: GRU
MSE: 14.974323991435254
MAE: 2.8115516591955116
EVS: 0.2670317349680391
