Model: GRU
MSE: 11.499177631500128
MAE: 2.5499180687798395
EVS: 0.3964075078109276
