Model: GRU
MSE: 11.273638710945416
MAE: 2.534661875830756
EVS: 0.40540687853109014
