Model: GRU
MSE: 15.305465087506601
MAE: 2.8496237684179238
EVS: 0.25328708190456106
