Model: GRU
MSE: 12.18246813150856
MAE: 2.4202523408112704
EVS: 0.39524970634784184
