Model: GRU
MSE: 14.854831199454498
MAE: 3.237639815719039
EVS: 0.20361842424305032
