Model: GRU
MSE: 13.359530030502086
MAE: 2.724347785667137
EVS: 0.28168902912311433
