Model: GRU
MSE: 15.868804730227735
MAE: 3.1272351653487593
EVS: 0.24678105652125637
