Model: GRU
MSE: 10.62040833732408
MAE: 2.31650087568495
EVS: 0.4286859361928532
