Model: GRU
MSE: 20.04025221185145
MAE: 3.2205625463415077
EVS: 0.054598935586932296
