Model: GRU
MSE: 11.705377431142686
MAE: 2.2718933246753834
EVS: 0.39091539283541854
