Model: GRU
MSE: 11.84530951965098
MAE: 2.358438350536205
EVS: 0.36968005386830927
