Model: GRU
MSE: 10.62027905964856
MAE: 2.337036062169958
EVS: 0.42839089035574185
