Model: GRU
MSE: 12.080619215879072
MAE: 2.5450335255375616
EVS: 0.36109778301750217
