Model: GRU
MSE: 11.970162228843778
MAE: 2.4506087832980685
EVS: 0.39437762953440314
