Model: GRU
MSE: 15.348910560476792
MAE: 3.2387433935094765
EVS: 0.2701167119410326
