Model: GRU
MSE: 11.404653212107641
MAE: 2.3531150817871094
EVS: 0.38616814906151065
