Model: GRU
MSE: 15.528552295655336
MAE: 3.077495716236256
EVS: 0.23577854197834436
