Model: GRU
MSE: 19.624393793582588
MAE: 3.1343825658162436
EVS: 0.11896436568883018
