Model: GRU
MSE: 16.488845866780004
MAE: 2.9186876438282154
EVS: 0.2023954009967054
