Model: GRU
MSE: 12.589388125222724
MAE: 2.570431108827944
EVS: 0.3613212749828656
