Model: GRU
MSE: 14.976206338545193
MAE: 2.9763255295930087
EVS: 0.26635635956785186
