Model: GRU
MSE: 16.43748991334539
MAE: 3.0143100773846663
EVS: 0.2080306221085374
