Model: GRU
MSE: 12.32349853281678
MAE: 2.7521957291497126
EVS: 0.34409829508602496
