Model: GRU
MSE: 18.777155554559386
MAE: 2.8849484302379467
EVS: 0.12439090428856237
