Model: GRU
MSE: 11.621669061711044
MAE: 2.3439883126152887
EVS: 0.3838789342094694
