Model: GRU
MSE: 14.95858116886494
MAE: 2.691473678306297
EVS: 0.2890566738349697
