Model: GRU
MSE: 18.769135115227172
MAE: 3.294925265842014
EVS: 0.10827650825750013
