Model: GRU
MSE: 13.832874211295112
MAE: 3.15845556612368
EVS: 0.36040069884047254
