Model: GRU
MSE: 13.460045387523474
MAE: 2.9634137683444552
EVS: 0.33497075487756556
