Model: GRU
MSE: 11.875419435856672
MAE: 2.8133875175758645
EVS: 0.4085862799489769
