Model: GRU
MSE: 15.40408641617109
MAE: 2.62958773860225
EVS: 0.28839082372982605
