Model: GRU
MSE: 12.169919542382354
MAE: 2.9665889739990234
EVS: 0.3625173637106831
