Model: GRU
MSE: 11.64065245211471
MAE: 2.3103902604844837
EVS: 0.37534422483558094
