Model: GRU
MSE: 10.346915858849332
MAE: 2.334700831660518
EVS: 0.4431119215061091
