Model: GRU
MSE: 16.379801540713306
MAE: 2.7239741219414606
EVS: 0.2147101546194321
