Model: GRU
MSE: 11.50015391880438
MAE: 2.4656619672422058
EVS: 0.38997973938654995
