Model: GRU
MSE: 10.981618863964218
MAE: 2.455243958367242
EVS: 0.4196723283791173
