Model: GRU
MSE: 11.601810085775098
MAE: 2.3921228338170937
EVS: 0.38551470312912095
