Model: GRU
MSE: 12.179486702874511
MAE: 2.510308936790184
EVS: 0.3739680060289038
