Model: GRU
MSE: 11.274209562906746
MAE: 2.41365819507175
EVS: 0.39714146605822354
