Model: GRU
MSE: 14.287328020511572
MAE: 2.7799406758061163
EVS: 0.3612409941044096
