Model: GRU
MSE: 15.040031196378017
MAE: 3.2847139040629068
EVS: 0.2855239165537168
