Model: GRU
MSE: 12.258791339739698
MAE: 2.8595568162423595
EVS: 0.3935839118543265
