Model: GRU
MSE: 13.23147504092453
MAE: 3.1076008832013167
EVS: 0.4171346809255858
