Model: GRU
MSE: 17.06330609896671
MAE: 2.9263441297743054
EVS: 0.24469633877968333
