Model: GRU
MSE: 13.512481296395014
MAE: 2.5415899135448314
EVS: 0.40929783883709847
