Model: GRU
MSE: 12.201263459161625
MAE: 2.8763868190624096
EVS: 0.37208896044260475
