Model: GRU
MSE: 10.862415502011102
MAE: 2.3829237620035806
EVS: 0.4193080949277781
