Model: GRU
MSE: 12.428391948320934
MAE: 2.6845508504796913
EVS: 0.3311336336720857
