Model: GRU
MSE: 12.744314991838783
MAE: 3.0740083765100548
EVS: 0.3916149716036911
