Model: GRU
MSE: 11.657857730824887
MAE: 2.505827162000868
EVS: 0.3824785264596865
