Model: GRU
MSE: 11.774174751487813
MAE: 2.4123375150892468
EVS: 0.36760526491172285
