Model: GRU
MSE: 11.454100324142633
MAE: 2.4774845441182456
EVS: 0.39943268249795794
