Model: GRU
MSE: 266.37471198579755
MAE: 15.71200242528209
EVS: -0.049993155865858174
