Model: GRU
MSE: 11.515960630137602
MAE: 2.6485427927087852
EVS: 0.44310927737591366
