Model: GRU
MSE: 13.180939022117862
MAE: 2.861757190139205
EVS: 0.3103333063302274
