Model: GRU
MSE: 10.788748151795918
MAE: 2.252339751632125
EVS: 0.42132227116110554
