Model: GRU
MSE: 11.132568450446813
MAE: 2.194655524359809
EVS: 0.4306215708431088
