Model: GRU
MSE: 14.190302335992952
MAE: 3.224773265697338
EVS: 0.28359528338277284
