Model: GRU
MSE: 15.577970006897043
MAE: 2.7916760268034757
EVS: 0.23233039645199638
