Model: GRU
MSE: 14.899281104546018
MAE: 2.8162332817360207
EVS: 0.2661393672645259
