Model: GRU
MSE: 299.8191319963443
MAE: 16.6829625721331
EVS: -0.06250597503638322
