Model: GRU
MSE: 18.146215678468057
MAE: 3.1013426427487976
EVS: 0.1271773728019101
