Model: GRU
MSE: 15.14308767268378
MAE: 3.036035926253707
EVS: 0.2599499092647197
