Model: GRU
MSE: 12.101964485356431
MAE: 2.879657427469889
EVS: 0.38578523246332874
