Model: GRU
MSE: 10.528862993352421
MAE: 2.2776856599030673
EVS: 0.4413992304564297
