Model: GRU
MSE: 12.634454906968871
MAE: 2.78252379099528
EVS: 0.3537079303038677
