Model: GRU
MSE: 16.440554584288392
MAE: 3.044448075471101
EVS: 0.21834373602867052
