Model: GRU
MSE: 13.330531852222082
MAE: 2.7189023053204573
EVS: 0.3014811533245303
