Model: GRU
MSE: 11.345759613598704
MAE: 2.539939456515842
EVS: 0.3898520011805714
