Model: GRU
MSE: 12.339211912482451
MAE: 2.4294115702311196
EVS: 0.3966115769800289
