Model: GRU
MSE: 19.35381033986404
MAE: 3.883475656862612
EVS: 0.2744307015874372
