Model: GRU
MSE: 12.917212994207853
MAE: 2.6095156846223055
EVS: 0.3156018866030095
