Model: GRU
MSE: 12.13097234182713
MAE: 2.4009031366418907
EVS: 0.34724522616366704
