Model: GRU
MSE: 15.49365072429027
MAE: 3.036673351570412
EVS: 0.2528806970692563
