Model: GRU
MSE: 17.402407773108507
MAE: 2.850076981953212
EVS: 0.12087806272071466
