Model: GRU
MSE: 16.390186328591394
MAE: 2.7893940040043423
EVS: 0.16819876212248186
