Model: GRU
MSE: 11.359734344858198
MAE: 2.394292743117721
EVS: 0.38906405706509317
