Model: GRU
MSE: 11.238381400953687
MAE: 2.572087287902832
EVS: 0.42533207564414754
