Model: GRU
MSE: 11.237298935155396
MAE: 2.5927396703649452
EVS: 0.4101436856084162
