Model: GRU
MSE: 11.308718835160645
MAE: 2.3444319124575013
EVS: 0.43071889686093434
