Model: GRU
MSE: 15.04262288627874
MAE: 3.4136362075805664
EVS: 0.3899943689657397
