Model: GRU
MSE: 11.706664631426781
MAE: 2.35682542235763
EVS: 0.3808379966021156
