Model: GRU
MSE: 16.155367912007492
MAE: 3.0483472965381764
EVS: 0.4306277585854622
