Model: GRU
MSE: 20.33538743663232
MAE: 3.5056487542611583
EVS: 0.10317361130763925
