Model: GRU
MSE: 10.824964271136263
MAE: 2.4385082810013383
EVS: 0.4206488447573543
