Model: GRU
MSE: 11.994354204576094
MAE: 2.37252825277823
EVS: 0.3659543177238287
