Model: GRU
MSE: 11.749397711797325
MAE: 2.7384989349930375
EVS: 0.38655650145886644
