Model: GRU
MSE: 11.561982599528465
MAE: 2.5735738542344837
EVS: 0.3795272299280533
