Model: GRU
MSE: 11.161794070440145
MAE: 2.3893450984248408
EVS: 0.40498816637321167
