Model: GRU
MSE: 27.399895843528004
MAE: 3.733748789186831
EVS: -0.323099215407316
