Model: GRU
MSE: 19.39201641786069
MAE: 2.8541703754001193
EVS: 0.041866408619356976
