Model: GRU
MSE: 17.302104401569522
MAE: 3.096746797914858
EVS: 0.15216869285974255
