Model: sequential_9
MSE: 0.004705395607743412
MAE: 0.06859588623046875
EVS: 1.0
