Model: sequential_9
MSE: 0.7699908363976343
MAE: 0.5820714632670084
EVS: 0.6596216496369086
