Model: sequential_22
MSE: 0.006202860327903181
MAE: 0.07875823974609375
EVS: 1.0
