Model: sequential_22
MSE: 0.8300570084347783
MAE: 0.6218717892964681
EVS: 0.6316590032399436
