Model: sequential
MSE: 3.9832710068767483
MAE: 1.9958133697509766
EVS: 1.0
