Model: sequential
MSE: 0.4038640531857705
MAE: 0.346370220184326
EVS: 0.763595005092368
