Model: sequential_6
MSE: 0.00024698005381651456
MAE: 0.015715599060058594
EVS: 1.0
