Model: sequential_6
MSE: 0.0727684007155555
MAE: 0.17462913195292154
EVS: 0.7093046636585869
