Model: sequential_16
MSE: 0.029188676595367724
MAE: 0.17084693908691406
EVS: 1.0
