Model: sequential_16
MSE: 1.5021579143286392
MAE: 0.8518338998158773
EVS: 0.6248231031096165
