Model: sequential_17
MSE: 0.006217891364940442
MAE: 0.07885360717773438
EVS: 1.0
