Model: sequential_17
MSE: 0.3602325047825919
MAE: 0.44525909423828125
EVS: 0.6413686622188632
