Model: GRU
MSE: 17.441760386305287
MAE: 3.1545616079259804
EVS: 0.14054840093028342
