Model: GRU
MSE: 12.27091137693417
MAE: 2.21827436376501
EVS: 0.3110002797604907
