Model: GRU
MSE: 11.502440703529558
MAE: 2.140911561471445
EVS: 0.32014537488543915
