Model: GRU
MSE: 11.96452734209028
MAE: 2.228933334350586
EVS: 0.31714550457912205
