Model: GRU
MSE: 11.809620029799058
MAE: 2.312522058133726
EVS: 0.28747253897784975
