Model: GRU
MSE: 14.868948368432727
MAE: 2.7998432759885437
EVS: 0.1954577652064171
