Model: GRU
MSE: 18.017001001929398
MAE: 2.798931457378246
EVS: 0.08701010451930424
