Model: GRU
MSE: 11.883164128344216
MAE: 2.3082368815386736
EVS: 0.32334968149105947
