Model: GRU
MSE: 15.662827966615769
MAE: 2.4836477350305626
EVS: 0.15994712163568736
