Model: GRU
MSE: 14.96352448291173
MAE: 2.7204701282359935
EVS: 0.1927791249559524
