Model: GRU
MSE: 17.071227557368154
MAE: 3.374682249846282
EVS: 0.26649310206971666
