Model: GRU
MSE: 13967.710862525555
MAE: 118.11497977927878
EVS: 0.0
