Model: GRU
MSE: 16.7231381592548
MAE: 3.045731544494629
EVS: 0.09455379179451984
