Model: GRU
MSE: 11.606742713457336
MAE: 2.199847115410699
EVS: 0.3001116395462302
