Model: GRU
MSE: 17.470033031618343
MAE: 2.9177178100303367
EVS: 0.11910420608004657
