Model: GRU
MSE: 12.023259888774723
MAE: 2.270115375518799
EVS: 0.28319084910418535
