Model: GRU
MSE: 14.516892383470895
MAE: 2.796557867968524
EVS: 0.24725907479514841
