Model: GRU
MSE: 14.74662066009055
MAE: 2.6323095251012734
EVS: 0.20339603905102366
