Model: GRU
MSE: 11.831474995140525
MAE: 2.285063037165889
EVS: 0.2856621894588739
