Model: GRU
MSE: 11.736563796821724
MAE: 2.572743857348407
EVS: 0.30217585851527895
