Model: GRU
MSE: 12.791145576014506
MAE: 2.3424041006300182
EVS: 0.2749678571620018
