Model: GRU
MSE: 14.453608876284079
MAE: 2.53323652126171
EVS: 0.22798909578012072
