Model: GRU
MSE: 13.25459382929873
MAE: 2.3679569915488914
EVS: 0.2765294375248364
