Model: GRU
MSE: 11.843532745276391
MAE: 2.387700575369376
EVS: 0.28602771426632234
