Model: GRU
MSE: 11.470469894099871
MAE: 2.4366368894223815
EVS: 0.3120439685383096
