Model: GRU
MSE: 15.130989288481638
MAE: 2.859925658614547
EVS: 0.19445050186261037
