Model: GRU
MSE: 104.8365627660177
MAE: 9.391679247220358
EVS: -0.004257194397946584
