Model: GRU
MSE: 12.199736335786215
MAE: 2.211459548385055
EVS: 0.2826874803367754
