Model: GRU
MSE: 18.081157981808126
MAE: 3.037854194641113
EVS: 0.10891091128525465
