Model: GRU
MSE: 12.839287423815362
MAE: 2.411848306655884
EVS: 0.3201605164682225
