Model: GRU
MSE: 12.276950775627197
MAE: 2.5333577968456127
EVS: 0.3126776643928394
