Model: GRU
MSE: 12.47859905029289
MAE: 2.1635743776957193
EVS: 0.24816871604035862
