Model: GRU
MSE: 11.819131554308191
MAE: 2.2524696456061473
EVS: 0.32040777584303504
