Model: GRU
MSE: 17.17388213175261
MAE: 2.7865925011811434
EVS: 0.13668958051407842
