Model: GRU
MSE: 11.602221318831383
MAE: 2.254370371500651
EVS: 0.3317809217688815
