Model: GRU
MSE: 14.586426648213198
MAE: 2.5280951217368797
EVS: 0.21052868076354203
