Model: GRU
MSE: 12.372928625198576
MAE: 2.5505124198065863
EVS: 0.28591847978866003
