Model: GRU
MSE: 14.485535190087814
MAE: 2.752680919788502
EVS: 0.2184191919683487
