Model: GRU
MSE: 11.495493246738583
MAE: 1.9791834442703815
EVS: 0.31435741445892373
