Model: GRU
MSE: 11.327393000660768
MAE: 2.1480215037310564
EVS: 0.3176174089265078
