Model: GRU
MSE: 15.785799338720917
MAE: 2.65391242062604
EVS: 0.1317812732164655
