Model: GRU
MSE: 15.567074147148414
MAE: 2.841414587838309
EVS: 0.1447871739059451
