Model: GRU
MSE: 19.10832229484348
MAE: 3.164027938136348
EVS: 0.06842983672165126
