Model: GRU
MSE: 17.187066184822772
MAE: 3.1091330846150718
EVS: 0.10390541229010453
