Model: GRU
MSE: 17.755498242314356
MAE: 2.886504279242621
EVS: 0.08251837436517606
