Model: GRU
MSE: 12.63937519640973
MAE: 2.4086306360032825
EVS: 0.27217125216725213
