Model: GRU
MSE: 12.47541073177442
MAE: 2.2417523596021867
EVS: 0.2773638194315815
