Model: GRU
MSE: 12.231448728425786
MAE: 2.581396367814806
EVS: 0.29699433739502024
