Model: GRU
MSE: 10.927082253298169
MAE: 2.0941503666065358
EVS: 0.3410175203961944
