Model: GRU
MSE: 13.815274394543799
MAE: 2.5376706653171115
EVS: 0.20383641977331535
