Model: GRU
MSE: 13.062417726783822
MAE: 2.449970015773067
EVS: 0.2113817476824481
