Model: GRU
MSE: 11.835380935382478
MAE: 2.2707414273862487
EVS: 0.29364066966630853
