Model: GRU
MSE: 15.224577489450919
MAE: 2.9214914639790854
EVS: 0.17658755887405075
