Model: GRU
MSE: 17.782990029472543
MAE: 2.844947461728696
EVS: 0.07442970829728601
