Model: GRU
MSE: 14.917239608855382
MAE: 2.6660097263477467
EVS: 0.19271062437855946
