Model: GRU
MSE: 18.660427669960228
MAE: 2.904862704100432
EVS: 0.041089918611611265
