Model: GRU
MSE: 15.076682693178437
MAE: 2.737865024142795
EVS: 0.19927672586910172
