Model: GRU
MSE: 8.08191677756175
MAE: 1.891062612886782
EVS: 0.5354222455881582
