Model: GRU
MSE: 98.75106548466523
MAE: 9.029787636465496
EVS: -0.03934127286111311
