Model: GRU
MSE: 12.106089566386588
MAE: 2.340345753563775
EVS: 0.2813285982546738
