Model: GRU
MSE: 6.913780152178599
MAE: 1.7229834309330694
EVS: 0.5300907793685112
