Model: GRU
MSE: 14.055626686904516
MAE: 2.6348458187920705
EVS: 0.22825770263508915
