Model: GRU
MSE: 11.302914083549627
MAE: 2.4159168314050743
EVS: 0.32005085187362325
