Model: GRU
MSE: 11.622651106520598
MAE: 2.178506268395318
EVS: 0.3085577036165261
