Model: GRU
MSE: 12.567980950992014
MAE: 2.297064092424181
EVS: 0.2662247282110123
