Model: GRU
MSE: 12.50923897203519
MAE: 2.1863155364990234
EVS: 0.2509906307904073
