Model: GRU
MSE: 12.014194782824571
MAE: 2.1955557575932256
EVS: 0.3319025197727259
