Model: GRU
MSE: 100.12725596711692
MAE: 9.130127169467785
EVS: -0.012414830775351993
