Model: GRU
MSE: 12.468659751925394
MAE: 2.164388789070977
EVS: 0.26552240630184587
