Model: GRU
MSE: 12.615385818846974
MAE: 2.72373068774188
EVS: 0.24642277676622437
