Model: GRU
MSE: 15.540945573832813
MAE: 3.013050768110487
EVS: 0.17454461855731096
