Model: GRU
MSE: 15.039435600233125
MAE: 2.6789980641117803
EVS: 0.18628953401335457
