Model: GRU
MSE: 17.08239637340947
MAE: 2.783234048772741
EVS: 0.07535214924704992
