Model: GRU
MSE: 12.585056362295374
MAE: 2.2776281568739147
EVS: 0.28514154316932094
