Model: GRU
MSE: 12.562924713121843
MAE: 2.284262498219808
EVS: 0.2549569052601093
