Model: GRU
MSE: 15.493405738891203
MAE: 2.88374807216503
EVS: 0.16289764783779992
