Model: GRU
MSE: 16.29245847978616
MAE: 2.6828848874127424
EVS: 0.13578046067491711
