Model: GRU
MSE: 17.548175055793077
MAE: 2.9517726721587
EVS: 0.11760995338991909
