Model: GRU
MSE: 8.274824933597815
MAE: 1.9360784777888544
EVS: 0.5683466551378727
