Model: GRU
MSE: 12.614578439275007
MAE: 2.294163138778121
EVS: 0.3228221083788393
