Model: GRU
MSE: 14.86627662771546
MAE: 2.816813345308657
EVS: 0.24179719923442367
