Model: GRU
MSE: 8.6660800498406
MAE: 1.9061667654249403
EVS: 0.44548453570988944
