Model: GRU
MSE: 11.002567780105462
MAE: 2.04284397761027
EVS: 0.3357885716072261
