Model: GRU
MSE: 13.765810472163215
MAE: 2.7813417823226363
EVS: 0.25482130071621567
