Model: GRU
MSE: 11.882724403059886
MAE: 2.336856647774025
EVS: 0.2964519699008754
