Model: GRU
MSE: 12.257083892802989
MAE: 2.0722517967224126
EVS: 0.2661702039656054
