Model: GRU
MSE: 12.88708451537862
MAE: 2.4302039323029696
EVS: 0.2723238620125725
