Model: GRU
MSE: 16.027912731615377
MAE: 2.659379517590558
EVS: 0.13734142203622757
