Model: GRU
MSE: 12.423352733115726
MAE: 2.2584604863767272
EVS: 0.2748609188345279
