Model: GRU
MSE: 7.407270808483814
MAE: 1.9170972682811596
EVS: 0.5143603492740458
