Model: GRU
MSE: 12.364244488689742
MAE: 2.4079638410497597
EVS: 0.25436707217855503
