Model: GRU
MSE: 15.290314345663724
MAE: 2.6037964997468173
EVS: 0.1812017575112903
