Model: GRU
MSE: 16.251142681666757
MAE: 3.080720477634006
EVS: 0.15661646134775153
