Model: GRU
MSE: 14.711331227515057
MAE: 2.8375024114336287
EVS: 0.22145839910758802
