Model: GRU
MSE: 16.6125059057328
MAE: 2.647722986009386
EVS: 0.113278089285619
