Model: GRU
MSE: 13.140939746899525
MAE: 2.295069305985062
EVS: 0.21174264173037727
