Model: GRU
MSE: 13.71452339440222
MAE: 2.482086075676812
EVS: 0.3029168824729447
