Model: GRU
MSE: 6.218335797136138
MAE: 1.823955571209943
EVS: 0.5643458473453586
