Model: GRU
MSE: 11.275986844321029
MAE: 2.3733842107984753
EVS: 0.3204381220227429
