Model: GRU
MSE: 14.965289313448272
MAE: 2.613743057957402
EVS: 0.20128976443785462
