Model: GRU
MSE: 8.110536644441389
MAE: 2.3979759922734014
EVS: 0.43751078209292094
