Model: GRU
MSE: 10.14683758135002
MAE: 2.130568928188748
EVS: 0.47421796519606974
