Model: GRU
MSE: 15.69902602178709
MAE: 2.769696094371654
EVS: 0.15544253940429786
