Model: GRU
MSE: 12.054091715832433
MAE: 2.218799008263482
EVS: 0.27822533619959755
