Model: GRU
MSE: 13.37761048223279
MAE: 2.408773245634856
EVS: 0.2985315131453288
