Model: GRU
MSE: 13.43010171780974
MAE: 2.5341741773817272
EVS: 0.24901490201773158
