Model: GRU
MSE: 12.537094578880973
MAE: 2.312671113897253
EVS: 0.24666581353657568
