Model: GRU
MSE: 11.72106869854443
MAE: 2.0510245075932256
EVS: 0.302051389602488
