Model: GRU
MSE: 11.416189394596266
MAE: 2.4577959555166737
EVS: 0.31860699673633763
