Model: GRU
MSE: 15.39745876508135
MAE: 2.702572310412372
EVS: 0.17093962321471967
