Model: GRU
MSE: 13.40114973378771
MAE: 2.59919657530608
EVS: 0.2651152059254491
