Model: GRU
MSE: 10.3028528688178
MAE: 2.273298457816795
EVS: 0.37968153391758186
