Model: GRU
MSE: 11.841676525714556
MAE: 2.515366801509151
EVS: 0.2972084631507813
