Model: GRU
MSE: 15.9474499835442
MAE: 2.762585163116455
EVS: 0.13728908186895994
