Model: GRU
MSE: 12.268390515794046
MAE: 2.513631502787272
EVS: 0.25995890668443367
