Model: GRU
MSE: 7.118577966150581
MAE: 1.7872772216796875
EVS: 0.4919863370978851
