Model: GRU
MSE: 12.66382096438356
MAE: 2.2341312479089805
EVS: 0.23935409368772576
