Model: GRU
MSE: 16.540431471990434
MAE: 2.605352737285472
EVS: 0.1336087198405148
