Model: GRU
MSE: 11.285311722745021
MAE: 2.200663478286178
EVS: 0.3212635976747965
