Model: GRU
MSE: 13.131945014743307
MAE: 2.3386866781446667
EVS: 0.23765511103055137
