Model: GRU
MSE: 12.111474787042303
MAE: 2.0545370313856335
EVS: 0.27244402645908516
