Model: GRU
MSE: 13.43643787042244
MAE: 2.5219261911180286
EVS: 0.2781262325755687
