Model: GRU
MSE: 12.989338697020655
MAE: 2.1800016650447143
EVS: 0.22848676816779523
