Model: GRU
MSE: 11.881344707826235
MAE: 2.168035348256429
EVS: 0.3134492068165948
