Model: GRU
MSE: 8.916443762056554
MAE: 1.9050369615908023
EVS: 0.5384122461863186
