Model: GRU
MSE: 12.24882584351542
MAE: 2.2771467102898493
EVS: 0.2815029358726383
