Model: GRU
MSE: 501.76052918587675
MAE: 21.970491409301758
EVS: -0.15067985339926326
