Model: GRU
MSE: 12.331923502062981
MAE: 2.2989129137109825
EVS: 0.2565127593094827
