Model: GRU
MSE: 11.941809799777948
MAE: 2.3249689737955728
EVS: 0.3036526660500253
