Model: GRU
MSE: 11.990860344393662
MAE: 2.2915333288687245
EVS: 0.3094092748248255
