Model: GRU
MSE: 14.189411113313042
MAE: 2.706224962517067
EVS: 0.3497597681318122
