Model: GRU
MSE: 12.517407860878983
MAE: 2.1999568232783564
EVS: 0.2787833942534398
