Model: GRU
MSE: 14.874513035735491
MAE: 2.851789386184127
EVS: 0.194827148576606
