Model: GRU
MSE: 16.686538038991777
MAE: 3.121561880464907
EVS: 0.16238636938546414
