Model: GRU
MSE: 12.005018686614406
MAE: 2.5759907122011536
EVS: 0.2856259088739238
