Model: GRU
MSE: 12.905285109682909
MAE: 2.4173910106931413
EVS: 0.2824856086798533
