Model: GRU
MSE: 11.923048349019323
MAE: 2.266184100398311
EVS: 0.2805448027611356
