Model: GRU
MSE: 11.72512652481721
MAE: 2.517114268408881
EVS: 0.29227309348671215
