Model: GRU
MSE: 8.662596160327027
MAE: 1.9467836574271873
EVS: 0.38093272517729015
