Model: GRU
MSE: 11.385691555140495
MAE: 2.372173274004901
EVS: 0.3178054722406153
