Model: GRU
MSE: 7.125606579243392
MAE: 2.0218683878580728
EVS: 0.496655645939831
