Model: GRU
MSE: 12.852931769679394
MAE: 2.421507058320222
EVS: 0.22481430720966322
