Model: GRU
MSE: 11.794826615242266
MAE: 2.122893315774423
EVS: 0.2884905216140006
