Model: GRU
MSE: 6.8978678086917045
MAE: 1.9124652897870098
EVS: 0.5073425539440268
