Model: GRU
MSE: 11.610397610671228
MAE: 2.315438093962493
EVS: 0.3078654698395161
