Model: GRU
MSE: 21499.36901040633
MAE: 146.56363762749567
EVS: 3.3306690738754696e-16
