Model: GRU
MSE: 11.112701935721832
MAE: 2.232225983231156
EVS: 0.3343135631555537
