Model: GRU
MSE: 13.844344740053792
MAE: 2.1579820138436774
EVS: 0.16412161372698375
