Model: GRU
MSE: 12.932756666082625
MAE: 2.3853441874186196
EVS: 0.2709925559915387
