Model: GRU
MSE: 11.974714608711885
MAE: 2.1785158934416597
EVS: 0.3063399127911901
