Model: GRU
MSE: 7119.818239541082
MAE: 84.26792342574508
EVS: -0.13119505120533526
