Model: GRU
MSE: 12.840185905072419
MAE: 2.547638080738209
EVS: 0.29340921299386846
