Model: GRU
MSE: 11.727754947168478
MAE: 2.4200807324162237
EVS: 0.2949626416182318
