Model: GRU
MSE: 18.87288542082966
MAE: 3.211422160819725
EVS: 0.1810847968163578
