Model: GRU
MSE: 15.694568746050928
MAE: 3.059867258425112
EVS: 0.23851538040441322
