Model: GRU
MSE: 7.450076249916275
MAE: 1.7337459458245172
EVS: 0.4792726786827569
