Model: GRU
MSE: 12.57092639746306
MAE: 2.5947737340573913
EVS: 0.3039040089365621
