Model: GRU
MSE: 14.8671841201273
MAE: 2.756294109203197
EVS: 0.20808254543408022
