Model: GRU
MSE: 12.132070312618723
MAE: 2.1695785522460938
EVS: 0.26752329771454775
