Model: GRU
MSE: 11.786776841327697
MAE: 2.2610045362401894
EVS: 0.28985144951547037
