Model: GRU
MSE: 17.699999548612592
MAE: 2.9276321274893617
EVS: 0.09422363107676002
