Model: GRU
MSE: 12.399411161877593
MAE: 2.2654469278123646
EVS: 0.25303084259361786
