Model: GRU
MSE: 14.277222535387743
MAE: 2.603443322358308
EVS: 0.22712696509183006
