Model: GRU
MSE: 17.9472664492784
MAE: 2.8168798376012734
EVS: 0.028656945285243207
