Model: GRU
MSE: 15.783098823585565
MAE: 2.602735484087909
EVS: 0.14544615040081688
