Model: GRU
MSE: 14.582128354735291
MAE: 2.8832738487808793
EVS: 0.21059897941863148
