Model: GRU
MSE: 12.034102790503068
MAE: 2.192942389735469
EVS: 0.2734117352791685
