Model: GRU
MSE: 12.066799708677081
MAE: 2.415693071153429
EVS: 0.3031815673003935
