Model: GRU
MSE: 13.35114751749957
MAE: 2.3809123039245605
EVS: 0.19991391552827298
