Model: GRU
MSE: 11.351454849832441
MAE: 2.1983591009069374
EVS: 0.3237469774436009
