Model: GRU
MSE: 13.143505063794455
MAE: 2.487536324395074
EVS: 0.2196452529360745
