Model: GRU
MSE: 8.254642400876897
MAE: 2.006274929753056
EVS: 0.4992494956148513
