Model: GRU
MSE: 15.26291435299803
MAE: 2.5156196311668113
EVS: 0.1746029030576215
