Model: GRU
MSE: 12.519297521456876
MAE: 2.310401775218822
EVS: 0.25868860202705213
