Model: GRU
MSE: 13.033306916621116
MAE: 2.2783572055675365
EVS: 0.2566413625415951
