Model: GRU
MSE: 15.710676312957434
MAE: 2.630743115036576
EVS: 0.1678757718396383
