Model: GRU
MSE: 17.16519369635953
MAE: 2.8549793561299635
EVS: 0.12724970912633105
