Model: GRU
MSE: 13.414261448125915
MAE: 2.177969420397723
EVS: 0.19344818560616606
