Model: GRU
MSE: 11.545654031544338
MAE: 2.09540914606165
EVS: 0.3097050768808056
