Model: GRU
MSE: 7.440180718717129
MAE: 1.7539119455549452
EVS: 0.562300198948855
