Model: GRU
MSE: 12.088356612344173
MAE: 2.2999259101019964
EVS: 0.2950487469581303
