Model: GRU
MSE: 11.92347627868087
MAE: 2.177938355339898
EVS: 0.30933315612009515
