Model: GRU
MSE: 15.55917948296776
MAE: 2.6924405451174134
EVS: 0.15940915328401006
