Model: GRU
MSE: 11.5770544510198
MAE: 2.1377426783243814
EVS: 0.3131611794699146
