Model: GRU
MSE: 9.315716806906615
MAE: 2.0505219477194325
EVS: 0.5123106388677233
