Model: GRU
MSE: 11.801805913581406
MAE: 2.488711816293222
EVS: 0.2930107455283919
