Model: GRU
MSE: 16.126961030484562
MAE: 2.6556883564701788
EVS: 0.1352535126440183
