Model: GRU
MSE: 11.131662360284517
MAE: 2.459814601474338
EVS: 0.32935343063075384
