Model: GRU
MSE: 14.092040404730975
MAE: 2.5950886231881602
EVS: 0.24448724776377417
