Model: GRU
MSE: 11.84032459290049
MAE: 2.383086663705331
EVS: 0.31574028124932396
