Model: GRU
MSE: 17.297334221207432
MAE: 2.8167701297336154
EVS: 0.09464467890362604
