Model: GRU
MSE: 99.90643572036213
MAE: 9.158597553217852
EVS: 0.032355650508040235
