Model: GRU
MSE: 17.117431116962646
MAE: 2.6571747991773815
EVS: 0.073662272036777
