Model: GRU
MSE: 12.129383638452223
MAE: 2.3302055994669595
EVS: 0.2764341203159273
