Model: GRU
MSE: 534.905198382816
MAE: 22.738892484594274
EVS: -0.07761867745271256
