Model: GRU
MSE: 16.723232943866964
MAE: 2.9888894646256055
EVS: 0.15720585438814016
