Model: GRU
MSE: 12.319225433518216
MAE: 2.1813515468879983
EVS: 0.27330715204852163
