Model: GRU
MSE: 15.0144814483327
MAE: 2.8109584207888
EVS: 0.19522358380845106
