Model: GRU
MSE: 11.839919815387534
MAE: 2.3482569765161583
EVS: 0.29333181391848506
