Model: GRU
MSE: 11.588813443894635
MAE: 2.121790850604022
EVS: 0.3178603094925385
