Model: GRU
MSE: 12.600418393448956
MAE: 2.2752545498035572
EVS: 0.2472681004774001
