Model: GRU
MSE: 13.946889583087746
MAE: 2.633426065798159
EVS: 0.20975230073945306
