Model: GRU
MSE: 13.162334870681873
MAE: 2.3412939530831793
EVS: 0.21499514956736998
