Model: GRU
MSE: 14.559458585925658
MAE: 2.348986749295835
EVS: 0.13007847122414495
