Model: GRU
MSE: 11.835712928740477
MAE: 2.1277047351554588
EVS: 0.3048890915260669
