Model: GRU
MSE: 11.924679543979193
MAE: 2.619017901243987
EVS: 0.28286016246146584
