Model: GRU
MSE: 12.278248415228601
MAE: 2.3879611757066517
EVS: 0.2959118758995174
