Model: GRU
MSE: 13.974818639157991
MAE: 2.531038761138916
EVS: 0.2989348742138793
