Model: GRU
MSE: 11.522427877210829
MAE: 2.4070205511870206
EVS: 0.30604181664134056
