Model: GRU
MSE: 11.044592040103158
MAE: 2.009827843418828
EVS: 0.3430187599210337
