Model: GRU
MSE: 11.346018924531336
MAE: 2.2517151832580566
EVS: 0.3151226903617047
