Model: GRU
MSE: 13.784014628166226
MAE: 2.500840089939259
EVS: 0.2892656783178782
