Model: GRU
MSE: 6.563296891498719
MAE: 1.735182073381212
EVS: 0.5671157651583558
