Model: GRU
MSE: 12.171384756095362
MAE: 2.468887541029188
EVS: 0.3031111275114794
