Model: GRU
MSE: 11.270029444271493
MAE: 2.2296721317149975
EVS: 0.33384797039419345
