Model: GRU
MSE: 13.521904914320034
MAE: 2.6362741611622
EVS: 0.2566901387146766
