Model: GRU
MSE: 12.091812659961938
MAE: 2.2066730040091054
EVS: 0.31068135435266997
