Model: GRU
MSE: 11.23870489416759
MAE: 2.3404088726750127
EVS: 0.32192673532118643
