Model: GRU
MSE: 15.345922482125328
MAE: 2.7653554103992604
EVS: 0.1695222735611721
