Model: GRU
MSE: 15.706678035344062
MAE: 2.753417279985216
EVS: 0.18629791108623184
