Model: GRU
MSE: 11.827927851023206
MAE: 2.497630896391692
EVS: 0.2860260544075851
