Model: GRU
MSE: 18.199344417595672
MAE: 2.891914667906584
EVS: 0.09701771627683087
