Model: GRU
MSE: 12.793163949022823
MAE: 2.454619319350631
EVS: 0.23141571781330195
