Model: GRU
MSE: 14.893149436355872
MAE: 2.9888541433546276
EVS: 0.20863555978868709
