Model: GRU
MSE: 11.855188073557757
MAE: 2.5175636079576282
EVS: 0.3064337405644243
