Model: GRU
MSE: 11.598961373432102
MAE: 2.1357333483519376
EVS: 0.3216271422397272
