Model: GRU
MSE: 11.786738581662416
MAE: 2.2998920899850352
EVS: 0.3209578023016201
