Model: GRU
MSE: 13.79786287276045
MAE: 2.4969135743600352
EVS: 0.18426959199574688
