Model: GRU
MSE: 14.636159633838444
MAE: 2.9490831516407154
EVS: 0.22276567444624007
