Model: GRU
MSE: 8.30949258898123
MAE: 2.0105656341270164
EVS: 0.5317058938743338
