Model: GRU
MSE: 11.444296348463897
MAE: 2.3165638711717396
EVS: 0.31922666673691813
