Model: GRU
MSE: 11.66793343087164
MAE: 2.350059473956073
EVS: 0.31259410264362275
