Model: GRU
MSE: 12.034739948290458
MAE: 2.0809520262259027
EVS: 0.2774531155354081
