Model: GRU
MSE: 6.814787152119969
MAE: 1.6708185231244121
EVS: 0.5361819417795766
