Model: GRU
MSE: 13.665311135591049
MAE: 2.5002649625142417
EVS: 0.2601002407825814
