Model: GRU
MSE: 14.81002472921454
MAE: 2.4910343841270164
EVS: 0.105815735625715
