Model: GRU
MSE: 12.944519563436907
MAE: 2.3466221491495767
EVS: 0.265572344123019
