Model: GRU
MSE: 12.304276795875694
MAE: 2.53588162528144
EVS: 0.2773649599034481
