Model: GRU
MSE: 15.603795036160793
MAE: 2.912737987659596
EVS: 0.16031303963351862
