Model: GRU
MSE: 12.24338584208157
MAE: 2.4914910705001265
EVS: 0.29278887813581145
