Model: GRU
MSE: 19.288180102598083
MAE: 2.866231070624457
EVS: 0.008702396105554122
