Model: GRU
MSE: 12.11104096259791
MAE: 2.460000161771421
EVS: 0.2689851852056605
