Model: GRU
MSE: 12.878506662576891
MAE: 2.2114317505447953
EVS: 0.2349512086888994
