Model: GRU
MSE: 495.13412789774276
MAE: 21.698947411996347
EVS: -0.466562103741722
