Model: GRU
MSE: 13.36814805063627
MAE: 2.690124405754937
EVS: 0.29882615309503624
