Model: GRU
MSE: 11.656550143323194
MAE: 2.4442740899545177
EVS: 0.300123431188845
