Model: GRU
MSE: 10.921973733425947
MAE: 2.192840240619801
EVS: 0.34285709967146205
