Model: GRU
MSE: 17.31044786312116
MAE: 2.863997300465902
EVS: 0.10179153223339277
