Model: GRU
MSE: 12.27293605542542
MAE: 2.3516843407242387
EVS: 0.2695502590405936
