Model: GRU
MSE: 11.899812808287598
MAE: 2.2914704040244773
EVS: 0.32859252569230946
