Model: GRU
MSE: 15.47138572408478
MAE: 2.829365783267551
EVS: 0.16795891282228081
