Model: GRU
MSE: 12.513844304122914
MAE: 2.2835301293267145
EVS: 0.3094911445199605
