Model: GRU
MSE: 11.545098357219903
MAE: 2.243763941305655
EVS: 0.3042102760111124
