Model: GRU
MSE: 16.036021753409916
MAE: 2.614988415329545
EVS: 0.16128802283305432
