Model: GRU
MSE: 7.0436423655364955
MAE: 1.704963207244873
EVS: 0.5310344171427757
