Model: GRU
MSE: 15.134079903333864
MAE: 2.424372425785771
EVS: 0.18083152512615952
