Model: GRU
MSE: 15.060644399796493
MAE: 2.3948264298615634
EVS: 0.10213591519507326
