Model: GRU
MSE: 12.96385249139213
MAE: 2.366752589190448
EVS: 0.2844722948014652
