Model: GRU
MSE: 12.235374333645225
MAE: 2.599507420151322
EVS: 0.2647869952719353
