Model: GRU
MSE: 13.37583119076165
MAE: 2.7996053342466003
EVS: 0.28553841138227387
