Model: GRU
MSE: 13.040363949346329
MAE: 2.2261288784168385
EVS: 0.21307472075444134
