Model: GRU
MSE: 14.979974373936587
MAE: 2.6218048908092357
EVS: 0.22629516722735687
