Model: GRU
MSE: 11.396290939670507
MAE: 2.3764539294772677
EVS: 0.32858986361883025
