Model: GRU
MSE: 19.073564200748333
MAE: 3.146634374346051
EVS: 0.12171204642923739
