Model: GRU
MSE: 12.656472764287223
MAE: 2.358422950462059
EVS: 0.26324478794241146
