Model: GRU
MSE: 7.340172275521059
MAE: 1.8289198345608182
EVS: 0.5167556177143232
