Model: GRU
MSE: 6.44672738929741
MAE: 1.679644231443052
EVS: 0.5490608154497376
