Model: GRU
MSE: 14.528462759539362
MAE: 2.6535252730051675
EVS: 0.15979113360691866
