Model: GRU
MSE: 13.453613449997942
MAE: 2.423390476791947
EVS: 0.29303036962832385
