Model: GRU
MSE: 7.068834718308161
MAE: 1.9960408210754395
EVS: 0.49663153911291225
