Model: GRU
MSE: 15.876103629884382
MAE: 2.7775716340100325
EVS: 0.18383881543665537
