Model: GRU
MSE: 14.693365528527682
MAE: 2.638008576852304
EVS: 0.2081275073946871
