Model: GRU
MSE: 7.249037854220456
MAE: 2.0666886788827403
EVS: 0.48667384914492706
