Model: GRU
MSE: 12.6885729394937
MAE: 2.2054693080760814
EVS: 0.23390332165535488
