Model: GRU
MSE: 11.921784077795943
MAE: 2.3082196094371654
EVS: 0.31887999881461726
