Model: GRU
MSE: 14.818593964807162
MAE: 2.6044872601826987
EVS: 0.20524926163940838
