Model: GRU
MSE: 12.38945251095474
MAE: 2.244634239761918
EVS: 0.3017165118227806
