Model: GRU
MSE: 7.109561472885885
MAE: 1.775371445549859
EVS: 0.5147146665365274
