Model: GRU
MSE: 16.663750116923673
MAE: 2.9916567979035555
EVS: 0.16123810509845038
