Model: GRU
MSE: 12.24138839848902
MAE: 2.586382653978136
EVS: 0.31146530821961416
