Model: GRU
MSE: 14.117629370944995
MAE: 2.7973224145394786
EVS: 0.2666741200292807
