Model: GRU
MSE: 13.000603231619152
MAE: 2.4431738323635526
EVS: 0.21595278554959285
