Model: GRU
MSE: 12.377907274775739
MAE: 2.494862644760697
EVS: 0.2528147724493224
