Model: GRU
MSE: 13.439030638301174
MAE: 2.323624610900879
EVS: 0.2018185852793204
