Model: GRU
MSE: 14.183975527070238
MAE: 2.5150485127060502
EVS: 0.1756632406959664
