Model: GRU
MSE: 14.257656277421937
MAE: 2.55268508416635
EVS: 0.1862355637412061
