Model: GRU
MSE: 11.999983531812488
MAE: 2.1027736487212003
EVS: 0.2781651545089787
