Model: GRU
MSE: 11.767886917182901
MAE: 2.2822938141999423
EVS: 0.29322185494934594
