Model: GRU
MSE: 11.573577008272204
MAE: 2.2105818148012513
EVS: 0.30166542077953795
