Model: GRU
MSE: 5435.90626443757
MAE: 73.61619285300925
EVS: 0.0
