Model: GRU
MSE: 16.30067560670285
MAE: 2.744114284162168
EVS: 0.1427341213630342
