Model: GRU
MSE: 11.86592321150945
MAE: 2.37515746222602
EVS: 0.3082096569177212
