Model: GRU
MSE: 13.420499148842078
MAE: 2.3689170678456626
EVS: 0.24302657249261128
