Model: GRU
MSE: 12.069287413482462
MAE: 2.048349963294135
EVS: 0.2714990178402945
