Model: GRU
MSE: 11.817125184490342
MAE: 2.5983301798502603
EVS: 0.2925681973879606
