Model: GRU
MSE: 15.263342879018637
MAE: 2.729668899818703
EVS: 0.17544094381443953
