Model: GRU
MSE: 12.618295562141881
MAE: 2.5057990815904407
EVS: 0.25917059298189105
