Model: GRU
MSE: 16.00742281713836
MAE: 2.710455788506402
EVS: 0.13845451152875343
