Model: GRU
MSE: 12.23873036801402
MAE: 2.1135468129758483
EVS: 0.26125687257462327
