Model: GRU
MSE: 12.757228521967068
MAE: 2.5253272233185946
EVS: 0.24773426473270654
