Model: GRU
MSE: 11.631501523313856
MAE: 2.462421117005525
EVS: 0.3152698457996307
