Model: GRU
MSE: 11.93463312086292
MAE: 2.4054251776801214
EVS: 0.2973381060932132
