Model: GRU
MSE: 13.762434884400834
MAE: 2.427743258299651
EVS: 0.2629677053018006
