Model: GRU
MSE: 11.640835980042876
MAE: 2.445329948707863
EVS: 0.29915839673447686
