Model: GRU
MSE: 12.75133857665153
MAE: 2.292026925970007
EVS: 0.26651639233463686
