Model: GRU
MSE: 6.889441264176782
MAE: 1.9295737478468153
EVS: 0.5338999361732008
