Model: GRU
MSE: 331.6798861665018
MAE: 17.73527240753174
EVS: -0.03487320880559741
