Model: GRU
MSE: 13.207765901042354
MAE: 2.4455959885208696
EVS: 0.22264735641128885
