Model: GRU
MSE: 13.529434186136129
MAE: 2.520204367461028
EVS: 0.2251832562507412
