Model: GRU
MSE: 6462.912616919407
MAE: 80.27729119194879
EVS: 3.3306690738754696e-16
