Model: GRU
MSE: 12.670579420265927
MAE: 2.0883321232265897
EVS: 0.23500602809532756
