Model: GRU
MSE: 11.645489632046436
MAE: 2.250340391088415
EVS: 0.3032161894312114
