Model: GRU
MSE: 10.790249487936713
MAE: 2.255060796384458
EVS: 0.3520935090964733
