Model: GRU
MSE: 11.91361441270676
MAE: 2.5241665133723505
EVS: 0.28680041663757716
