Model: GRU
MSE: 7.807081842423587
MAE: 2.1720875280874745
EVS: 0.4847162809348802
