Model: GRU
MSE: 13.867856513230057
MAE: 2.5322679060476796
EVS: 0.29571847925876205
