Model: GRU
MSE: 14.894695761542023
MAE: 2.706872054508754
EVS: 0.17157765762746047
