Model: GRU
MSE: 16.701714809975968
MAE: 2.8685539033677845
EVS: 0.11548216777229214
