Model: GRU
MSE: 13.404509644060521
MAE: 2.435771906817401
EVS: 0.30432794379812544
