Model: GRU
MSE: 22.270262569441176
MAE: 3.417156237143057
EVS: 0.1263700383111721
