Model: GRU
MSE: 12.347655097257858
MAE: 2.274711502922906
EVS: 0.25604383947744114
