Model: GRU
MSE: 12.49491795132027
MAE: 2.212406953175863
EVS: 0.29040806529766483
