Model: GRU
MSE: 12.629312852560016
MAE: 2.4746476809183755
EVS: 0.2823309373039875
