Model: GRU
MSE: 12.281002523251518
MAE: 2.261096141956471
EVS: 0.2924980619677501
