Model: GRU
MSE: 16.617895781743183
MAE: 2.618681271870931
EVS: 0.10167025336764002
