Model: GRU
MSE: 16.00637879998922
MAE: 2.838328750045211
EVS: 0.17947936006951093
