Model: GRU
MSE: 12.089397108337128
MAE: 2.094152591846607
EVS: 0.27013119086378146
