Model: GRU
MSE: 12.486483786977386
MAE: 2.230670522760462
EVS: 0.25618686676329727
