Model: GRU
MSE: 15.09697484685774
MAE: 2.710954118657995
EVS: 0.3082861237494431
