Model: GRU
MSE: 8.221732358005895
MAE: 1.872967525764748
EVS: 0.47203615782502384
