Model: GRU
MSE: 11.690124170039402
MAE: 2.332452685744674
EVS: 0.2952428937800803
