Model: GRU
MSE: 12.456088220097833
MAE: 2.2458623780144586
EVS: 0.28380134513737165
