Model: GRU
MSE: 12.987051400642857
MAE: 2.8155825579607927
EVS: 0.3104942402522689
