Model: GRU
MSE: 11.669732305419345
MAE: 2.2945118656864874
EVS: 0.2971045244872508
