Model: GRU
MSE: 17.019893211275676
MAE: 3.0028478216241905
EVS: 0.2547145402028622
