Model: GRU
MSE: 6.662800196715756
MAE: 2.1013570538273565
EVS: 0.5222213542537493
