Model: GRU
MSE: 11.585401101771536
MAE: 2.2363702632762767
EVS: 0.3087862840042602
