Model: GRU
MSE: 11.565103585463097
MAE: 2.535201761457655
EVS: 0.3065300379703606
