Model: GRU
MSE: 11.562089923374296
MAE: 2.2006549128779658
EVS: 0.3038118982249173
