Model: GRU
MSE: 13.630925864991783
MAE: 2.5459080448857065
EVS: 0.3035282422730158
