Model: GRU
MSE: 11.719270520579803
MAE: 2.3082966804504395
EVS: 0.31977594080477223
