Model: GRU
MSE: 12.09001267621512
MAE: 2.7584288208572953
EVS: 0.31466608714292976
