Model: GRU
MSE: 19.22927693753504
MAE: 2.8046698393645104
EVS: -0.032739672771185724
