Model: GRU
MSE: 13.303357828630498
MAE: 2.2987019927413375
EVS: 0.1976888248243559
