Model: GRU
MSE: 11.32263672110608
MAE: 2.3575230527807167
EVS: 0.3227803748906908
