Model: GRU
MSE: 12.88660987447044
MAE: 2.461593363020155
EVS: 0.2773877355327138
