Model: GRU
MSE: 14.250686919510084
MAE: 2.9244504151520907
EVS: 0.28051935186767807
