Model: GRU
MSE: 15.02778006569869
MAE: 2.8564799273455583
EVS: 0.19738208911240573
