Model: GRU
MSE: 18.29878728237429
MAE: 3.1476126600194854
EVS: 0.10811903068465567
