Model: GRU
MSE: 12.470213946020866
MAE: 2.6906876917238587
EVS: 0.3532107772116442
