Model: GRU
MSE: 16.02344732110021
MAE: 2.595025897026062
EVS: 0.14466956404515108
