Model: GRU
MSE: 6.606770752558002
MAE: 1.9840694533454046
EVS: 0.527702303491453
