Model: GRU
MSE: 12.983384477638472
MAE: 2.37730344136556
EVS: 0.279866410870923
