Model: GRU
MSE: 11.365023470195167
MAE: 2.3584222616972745
EVS: 0.3336772575587943
