Model: GRU
MSE: 12.497354146454098
MAE: 2.304251847443757
EVS: 0.30009343020104196
