Model: GRU
MSE: 11.509117360948384
MAE: 2.415895691624394
EVS: 0.30849887346675864
