Model: GRU
MSE: 11.810384383850575
MAE: 2.1699516861527055
EVS: 0.28741967524952217
