Model: GRU
MSE: 14.94820032661216
MAE: 2.34566005954036
EVS: 0.09897663957957537
