Model: GRU
MSE: 12.629185724822971
MAE: 2.4658715813248246
EVS: 0.23773970063976535
