Model: GRU
MSE: 12.410726694222124
MAE: 2.273971098440665
EVS: 0.32242255043330026
