Model: GRU
MSE: 12.92798254064082
MAE: 2.2079967039602773
EVS: 0.22245754400491158
