Model: GRU
MSE: 16.413083646141207
MAE: 2.8518862812607377
EVS: 0.16547926353519837
