Model: GRU
MSE: 13.929330288018901
MAE: 2.427729747913502
EVS: 0.20025167111480557
