Model: GRU
MSE: 16.24964822199764
MAE: 3.0531777099326805
EVS: 0.12052794740824624
