Model: GRU
MSE: 7.240800780872413
MAE: 1.9306041576244213
EVS: 0.5342879748767182
