Model: GRU
MSE: 11.84211717763741
MAE: 2.3563116921318903
EVS: 0.3115918296279033
