Model: GRU
MSE: 11.958589418052405
MAE: 2.274009174770779
EVS: 0.2820352819616353
