Model: GRU
MSE: 17.903821368655674
MAE: 2.6958900027804904
EVS: 0.03206898855401663
