Model: GRU
MSE: 11.411604883668664
MAE: 2.1530357466803656
EVS: 0.3111525721914301
