Model: GRU
MSE: 8.4782805802264
MAE: 1.9291370356524433
EVS: 0.45716618983984514
