Model: GRU
MSE: 15.261243551180431
MAE: 2.7090423195450395
EVS: 0.1822906902132989
