Model: GRU
MSE: 12.951998171055477
MAE: 2.1487511617166026
EVS: 0.2237134888916371
