Model: GRU
MSE: 12.110037411977137
MAE: 2.4801839192708335
EVS: 0.26968143586067417
