Model: GRU
MSE: 12.010200908231498
MAE: 2.4109126550179942
EVS: 0.28074775370655713
