Model: GRU
MSE: 13.729559786734129
MAE: 2.4830181863572864
EVS: 0.30384961037515057
