Model: GRU
MSE: 16.948476786775025
MAE: 3.0595756106906467
EVS: 0.24614493275063487
