Model: GRU
MSE: 13.818078325142972
MAE: 2.692402751357467
EVS: 0.25933055202834887
