Model: GRU
MSE: 9.657680996854992
MAE: 2.505810260772705
EVS: 0.3983873305300011
