Model: GRU
MSE: 9.100760388346494
MAE: 2.1277575492858887
EVS: 0.5305602994010208
