Model: GRU
MSE: 16.767150603460365
MAE: 2.8124644579710782
EVS: 0.10720513193453896
