Model: GRU
MSE: 13.15675341962822
MAE: 2.3682960757502802
EVS: 0.2236063709163285
