Model: GRU
MSE: 14.518347686948395
MAE: 2.5950908307675964
EVS: 0.21403054494377538
