Model: GRU
MSE: 14.226128395295623
MAE: 2.602671606200082
EVS: 0.21024810849782105
