Model: GRU
MSE: 9.407471968084213
MAE: 1.9803653204882588
EVS: 0.527836756537241
