Model: GRU
MSE: 13.017107744514377
MAE: 2.1796940520957664
EVS: 0.2145504407777693
