Model: GRU
MSE: 13.273497956566963
MAE: 2.70377219164813
EVS: 0.2869838607228691
