Model: GRU
MSE: 11.70989622824127
MAE: 2.34565383416635
EVS: 0.30318385777229695
