Model: GRU
MSE: 12.860287891814743
MAE: 2.2693417072296143
EVS: 0.23173524772477883
