Model: GRU
MSE: 11.890572801274184
MAE: 2.4808493190341525
EVS: 0.2824701461048754
