Model: GRU
MSE: 14.093592949037932
MAE: 2.565997017754449
EVS: 0.23691597047633062
