Model: GRU
MSE: 14.625362166230751
MAE: 2.714445979506881
EVS: 0.22316503883275862
