Model: GRU
MSE: 12.24069324853552
MAE: 2.254086635730885
EVS: 0.2623174581806492
