Model: GRU
MSE: 16.399545933443715
MAE: 2.757180814389829
EVS: 0.14223694071374982
