Model: GRU
MSE: 11.831844687067234
MAE: 2.358441635414406
EVS: 0.3153472756637129
