Model: GRU
MSE: 14.967522939696856
MAE: 2.480034210063793
EVS: 0.09667591840683709
