Model: GRU
MSE: 15.928191873228444
MAE: 2.861571470896403
EVS: 0.15405950840023086
