Model: GRU
MSE: 11.844093813256482
MAE: 2.217823611365424
EVS: 0.30191746173451905
