Model: GRU
MSE: 15.178799031572336
MAE: 2.622355673048231
EVS: 0.18448692199108652
