Model: GRU
MSE: 13.416539310554947
MAE: 2.783666999251754
EVS: 0.2340326392442389
