Model: GRU
MSE: 13.988025343497156
MAE: 2.4348421450014466
EVS: 0.19713241626040534
