Model: GRU
MSE: 18.45046563287321
MAE: 3.070842389707212
EVS: 0.03746657776475626
