Model: GRU
MSE: 14.147435418275776
MAE: 2.4126478566063776
EVS: 0.17037652853245888
