Model: GRU
MSE: 17.397308628836257
MAE: 3.303042411804199
EVS: 0.2784785982411834
