Model: GRU
MSE: 13.78117768066306
MAE: 2.5663185296235262
EVS: 0.2879404185332547
