Model: GRU
MSE: 15.128683571515568
MAE: 2.6978283281679505
EVS: 0.2888519136746659
