Model: GRU
MSE: 11.90943677614522
MAE: 2.2236031867839676
EVS: 0.3385948504784836
