Model: GRU
MSE: 18.95316666458285
MAE: 3.142038672058671
EVS: 0.037235565861197584
