Model: GRU
MSE: 12.727637747261245
MAE: 2.1911046593277543
EVS: 0.24147263972824173
