Model: GRU
MSE: 12.555647579287696
MAE: 2.287040781091761
EVS: 0.2846284855833602
