Model: GRU
MSE: 12.794450896222838
MAE: 2.23634292461254
EVS: 0.26749043110183957
