Model: GRU
MSE: 10.994512057615726
MAE: 2.1333783820823387
EVS: 0.3397350836710762
