Model: GRU
MSE: 16.591909011646926
MAE: 2.746412330203586
EVS: 0.163456375438638
