Model: GRU
MSE: 12.669325842728744
MAE: 2.12065702897531
EVS: 0.23607603245270636
