Model: GRU
MSE: 14.095728843003101
MAE: 2.6787530934369124
EVS: 0.24648756360435564
