Model: GRU
MSE: 12.18310288506626
MAE: 2.1904456880357532
EVS: 0.26520013866750225
