Model: GRU
MSE: 12.454542780294382
MAE: 2.2653402928952815
EVS: 0.24898969387267744
