Model: GRU
MSE: 12.003658613865532
MAE: 2.35840548409356
EVS: 0.29212324010509383
