Model: GRU
MSE: 11.914625690338342
MAE: 2.2849605171768754
EVS: 0.28116373010631135
