Model: GRU
MSE: 11.691302100251177
MAE: 2.2916929633529097
EVS: 0.29830112779327367
