Model: GRU
MSE: 16.25473445794264
MAE: 3.095904412092986
EVS: 0.32219775505365167
