Model: GRU
MSE: 14.69777696685533
MAE: 2.685757601702655
EVS: 0.2126265710726083
