Model: GRU
MSE: 11.380952396388205
MAE: 2.3584294848971896
EVS: 0.3190469672728423
