Model: GRU
MSE: 13.945054949234184
MAE: 2.611848575097543
EVS: 0.32922830890158905
