Model: GRU
MSE: 12.118826773548015
MAE: 2.2206687927246094
EVS: 0.27506904228789486
