Model: GRU
MSE: 12.02846269646262
MAE: 2.5243080810264305
EVS: 0.2909600275635533
