Model: GRU
MSE: 13.71141823287833
MAE: 2.467222054799398
EVS: 0.2770129187384094
