Model: GRU
MSE: 12.466217927554009
MAE: 2.758598963419596
EVS: 0.2586235780553189
