Model: GRU
MSE: 12.224842158650972
MAE: 2.1678347057766385
EVS: 0.27377461921435864
