Model: GRU
MSE: 10.950630461700257
MAE: 2.052524284080223
EVS: 0.34258775741324077
