Model: GRU
MSE: 15.522024839942592
MAE: 2.809717450823103
EVS: 0.1965107725330153
