Model: GRU
MSE: 14.174622930263324
MAE: 2.5685459242926703
EVS: 0.2547586654286119
