Model: GRU
MSE: 11.455481342853751
MAE: 2.1426439108671964
EVS: 0.3237526346461378
