Model: GRU
MSE: 12.163206368447685
MAE: 2.233013806519685
EVS: 0.27700419946332366
