Model: GRU
MSE: 13.655367137309929
MAE: 2.1608108944363065
EVS: 0.18820860272557505
