Model: GRU
MSE: 12.261987206995139
MAE: 2.144077707220007
EVS: 0.2602868723646402
