Model: GRU
MSE: 13.27258687188681
MAE: 2.461262508674904
EVS: 0.31662302250001906
