Model: GRU
MSE: 17.49703305756677
MAE: 3.219722662653241
EVS: 0.1531730955523225
