Model: GRU
MSE: 12.868041706181968
MAE: 2.235062811109755
EVS: 0.24610179842087243
