Model: GRU
MSE: 15.243824226195986
MAE: 2.5555772251553006
EVS: 0.18223653393353623
