Model: GRU
MSE: 11.99374947994046
MAE: 2.4737555892379195
EVS: 0.28381637967951
