Model: GRU
MSE: 15.730045958586844
MAE: 2.7502979702419705
EVS: 0.18147577853555374
