Model: GRU
MSE: 12.771373885046227
MAE: 2.2702210391009294
EVS: 0.22955539257682345
