Model: GRU
MSE: 11.731440511502695
MAE: 2.3952797607139305
EVS: 0.2923210367827005
