Model: GRU
MSE: 12.70747707278806
MAE: 2.285477223219695
EVS: 0.2603181543617613
