Model: GRU
MSE: 12.993195465368242
MAE: 2.2886539035373263
EVS: 0.2261476452959288
