Model: GRU
MSE: 11.17906987257193
MAE: 2.3166027069091797
EVS: 0.32774298013096004
