Model: GRU
MSE: 6.927130999771104
MAE: 1.675859398312039
EVS: 0.54644079111673
