Model: GRU
MSE: 8.329292739299499
MAE: 1.8970886336432562
EVS: 0.5466036862542761
