Model: GRU
MSE: 13.622536896589345
MAE: 2.5660751130845814
EVS: 0.27925087414959215
