Model: GRU
MSE: 11.812203180362202
MAE: 2.1510345670912003
EVS: 0.3157880216679283
