Model: GRU
MSE: 13.46378126473443
MAE: 2.4970744097674333
EVS: 0.19024123154069894
