Model: GRU
MSE: 15.060261085371012
MAE: 2.7075369446365922
EVS: 0.19367369174033044
