Model: GRU
MSE: 95.18840363711287
MAE: 8.730169738884326
EVS: -0.027256508929065948
