Model: GRU
MSE: 11.845300842876751
MAE: 2.359117348988851
EVS: 0.2902795670633753
