Model: GRU
MSE: 11.951693494186825
MAE: 2.294391985292788
EVS: 0.31231465013392723
