Model: GRU
MSE: 11.288669941544228
MAE: 2.2281230290730796
EVS: 0.31984071796605684
