Model: GRU
MSE: 6.90833790924005
MAE: 1.856818746637415
EVS: 0.5047354258883138
