Model: GRU
MSE: 12.758730500716219
MAE: 2.0889974788383197
EVS: 0.22973946038619508
