Model: GRU
MSE: 17.074996272933273
MAE: 2.849695205688476
EVS: 0.12858170539026592
