Model: GRU
MSE: 16.43393596855132
MAE: 2.5818347047876427
EVS: 0.1162060978310484
