Model: GRU
MSE: 6.4858942320874275
MAE: 1.6439071054811831
EVS: 0.5588121342340695
