Model: GRU
MSE: 17.345048412594853
MAE: 2.7585461051375773
EVS: 0.0945714604398501
