Model: GRU
MSE: 15.523112637752558
MAE: 2.7239587836795383
EVS: 0.21017213016204916
