Model: GRU
MSE: 11.307803073689835
MAE: 2.2172245096277305
EVS: 0.321842581345553
