Model: GRU
MSE: 16.033038007874666
MAE: 2.7627740612736456
EVS: 0.13844884086909082
