Model: GRU
MSE: 12.058619148922178
MAE: 2.3945532374911838
EVS: 0.27378580661446583
