Model: GRU
MSE: 12.544530775860384
MAE: 2.725509025432445
EVS: 0.31995317008137736
