Model: GRU
MSE: 15.965919257952068
MAE: 2.7960265300892018
EVS: 0.13673114259515096
