Model: GRU
MSE: 13.710243174312973
MAE: 2.438797354698181
EVS: 0.2386674534654869
