Model: GRU
MSE: 13.78474864848081
MAE: 2.269964845092208
EVS: 0.17693288318563627
