Model: GRU
MSE: 14.157272620348524
MAE: 2.549925133034035
EVS: 0.28837742205870665
