Model: GRU
MSE: 11.059019520713374
MAE: 2.3330606354607477
EVS: 0.3327515785307915
