Model: GRU
MSE: 13.637145748040219
MAE: 2.169654563621238
EVS: 0.1789424081213813
