Model: GRU
MSE: 16.55287519966633
MAE: 2.8799238911381475
EVS: 0.11737729260891716
