Model: GRU
MSE: 16.009044966553876
MAE: 3.1044543230975115
EVS: 0.15874523019943665
