Model: GRU
MSE: 8.027257356823965
MAE: 1.9557584480003074
EVS: 0.5006939210068271
