Model: GRU
MSE: 14.085788987748499
MAE: 2.283821035314489
EVS: 0.15430584071343612
