Model: GRU
MSE: 12.582544616586448
MAE: 2.329613932856807
EVS: 0.2412788453309842
