Model: GRU
MSE: 15.079805208372523
MAE: 2.619660006629096
EVS: 0.1838853769380061
