Model: GRU
MSE: 11.514944686228075
MAE: 2.4409918431882507
EVS: 0.3049420893544593
