Model: GRU
MSE: 12.457588640873622
MAE: 2.177697870466444
EVS: 0.25148377713285075
