Model: GRU
MSE: 13.997483256975586
MAE: 2.547356058050085
EVS: 0.24814720568300397
