Model: GRU
MSE: 241.26357176324322
MAE: 14.99996441381949
EVS: 0.01797895608341238
