Model: GRU
MSE: 20.907000309464085
MAE: 3.2228368299978745
EVS: 0.06758404388962369
