Model: GRU
MSE: 13.807255636688307
MAE: 2.4521306973916515
EVS: 0.23770757665274722
