Model: GRU
MSE: 18.52028249087047
MAE: 2.8611176278856068
EVS: -0.0026530406201286105
