Model: GRU
MSE: 12.661691958058404
MAE: 2.317763840710676
EVS: 0.30750235592978203
