Model: GRU
MSE: 12.584887860350802
MAE: 2.278634866078695
EVS: 0.2563773714241576
