Model: GRU
MSE: 18.514359595475913
MAE: 2.9799530241224494
EVS: 0.11285121237963425
