Model: GRU
MSE: 17.98739680786883
MAE: 2.9946034042923535
EVS: 0.08247605634060662
