Model: GRU
MSE: 12.179741460811995
MAE: 2.3003842212535712
EVS: 0.2774832319981668
