Model: GRU
MSE: 17.21692866160767
MAE: 2.9198275672064886
EVS: 0.0894269612732419
