Model: GRU
MSE: 12.481797753839373
MAE: 2.3185923364427357
EVS: 0.26422397529437125
