Model: GRU
MSE: 9.62299665935025
MAE: 2.099889967176649
EVS: 0.3653000721046018
