Model: GRU
MSE: 11.995599864030854
MAE: 2.178893795719853
EVS: 0.2788198106077492
