Model: GRU
MSE: 20.733871535792538
MAE: 3.5225704511006675
EVS: 0.011024509732706744
