Model: GRU
MSE: 11.432838106841633
MAE: 2.149932437472873
EVS: 0.30981799629170903
