Model: GRU
MSE: 6.680779817823322
MAE: 1.966916631769251
EVS: 0.5258602006760377
