Model: GRU
MSE: 14.082845103377748
MAE: 2.405969778696696
EVS: 0.176310418181579
