Model: GRU
MSE: 12.54637752637226
MAE: 2.1731711316991738
EVS: 0.24390017112650197
