Model: GRU
MSE: 11.652049894776374
MAE: 2.364089259394893
EVS: 0.299792573331328
