Model: GRU
MSE: 12.181126716842503
MAE: 2.365825476469817
EVS: 0.2726921375294684
