Model: GRU
MSE: 13.15909287439496
MAE: 2.241483140874792
EVS: 0.20913012472381953
