Model: GRU
MSE: 15.772819342310415
MAE: 2.814869655503167
EVS: 0.16190315506703457
