Model: GRU
MSE: 14.096287702719193
MAE: 2.6084928159360534
EVS: 0.24063628924366254
