Model: GRU
MSE: 6.511485107779231
MAE: 2.031803396013048
EVS: 0.556886449584954
