Model: GRU
MSE: 13.381108893265457
MAE: 2.4139102123401783
EVS: 0.22977216699592895
