Model: GRU
MSE: 16.127322473713996
MAE: 2.686348288147538
EVS: 0.1425563214922837
