Model: GRU
MSE: 10.795562037521542
MAE: 2.3601293387236417
EVS: 0.35913541170021335
