Model: GRU
MSE: 12.7967893636898
MAE: 2.3885063065422907
EVS: 0.2902735163302116
