Model: GRU
MSE: 13.315758604614633
MAE: 2.4324489964379206
EVS: 0.2871379826201703
