Model: GRU
MSE: 14.423790295602535
MAE: 2.623679688998631
EVS: 0.20007280027357965
