Model: GRU
MSE: 14.979687811598414
MAE: 2.803991264767117
EVS: 0.18900200904108355
