Model: GRU
MSE: 12.66627937952664
MAE: 2.1549367109934487
EVS: 0.24822634554308598
