Model: GRU
MSE: 11.981209831104657
MAE: 2.163977958537914
EVS: 0.279486967697655
