Model: GRU
MSE: 12.268034610786842
MAE: 2.4816383255852594
EVS: 0.26723631364709666
