Model: GRU
MSE: 12.623466858249188
MAE: 2.370588850092005
EVS: 0.26328662501256306
