Model: GRU
MSE: 11.13890491307686
MAE: 2.281574390552662
EVS: 0.327495935892836
