Model: GRU
MSE: 14.537433374327849
MAE: 2.5226714346143932
EVS: 0.2219030337250536
