Model: GRU
MSE: 12.238376016665008
MAE: 2.3667792744106717
EVS: 0.3047984378153893
