Model: GRU
MSE: 6.856836813845213
MAE: 1.8422682726824726
EVS: 0.5196087715766275
