Model: GRU
MSE: 15.923935224866042
MAE: 2.611205330601445
EVS: 0.13954878977156382
