Model: GRU
MSE: 19.460091178164443
MAE: 3.067937709667064
EVS: 0.013699758901832393
