Model: GRU
MSE: 17.757004979302547
MAE: 3.073774055198387
EVS: 0.08007000608494319
