Model: GRU
MSE: 16.960810248413853
MAE: 2.710603811122753
EVS: 0.08946352272828717
