Model: GRU
MSE: 12.056596816676297
MAE: 2.130460509547481
EVS: 0.2809781678411788
