Model: GRU
MSE: 12.446649735070146
MAE: 2.478194925520155
EVS: 0.2736892929756257
