Model: GRU
MSE: 11.90902340635724
MAE: 2.3751434043601707
EVS: 0.30984318502780184
