Model: GRU
MSE: 12.00884895788645
MAE: 2.3525377909342446
EVS: 0.2809174005353592
