Model: GRU
MSE: 14.997873145463931
MAE: 2.318368558530454
EVS: 0.11779562555310952
