Model: GRU
MSE: 14.839964994614077
MAE: 2.8574329305578163
EVS: 0.1993355963356921
