Model: GRU
MSE: 11.839634657132743
MAE: 2.615314236393681
EVS: 0.28846534091075104
