Model: GRU
MSE: 13.117996491594802
MAE: 2.62369117030391
EVS: 0.29133861992112886
