Model: GRU
MSE: 12.618220736314928
MAE: 2.293409506479899
EVS: 0.2946624113798564
