Model: GRU
MSE: 15.942737225685066
MAE: 2.5345915335196034
EVS: 0.1411852209343869
