Model: GRU
MSE: 18.647310067656747
MAE: 2.789448190618444
EVS: 0.02896937516480569
