Model: GRU
MSE: 15.619030763892436
MAE: 2.713497451373509
EVS: 0.13758050205960082
