Model: GRU
MSE: 12.652250373271407
MAE: 2.1209509461014355
EVS: 0.24035328671860812
