Model: GRU
MSE: 8.635314196242293
MAE: 2.040680938296848
EVS: 0.4999903532681437
