Model: GRU
MSE: 11.291550111121524
MAE: 2.2710016038682728
EVS: 0.3182638251012666
