Model: GRU
MSE: 20.306779897750737
MAE: 3.238932644879376
EVS: 0.07950123832318534
