Model: GRU
MSE: 12.82226073931364
MAE: 2.2908542067916304
EVS: 0.2547379441227684
