Model: GRU
MSE: 13.464272167602395
MAE: 2.298985816814281
EVS: 0.18944171279249544
