Model: GRU
MSE: 13.164025122658233
MAE: 2.284505384939688
EVS: 0.22217406181643262
