Model: GRU
MSE: 13.022214541549637
MAE: 2.321927626927694
EVS: 0.24967192625815526
