Model: GRU
MSE: 14.371995489884442
MAE: 2.6441699398888483
EVS: 0.2389074342699954
