Model: GRU
MSE: 11.463866462947879
MAE: 2.244806007102684
EVS: 0.30896441263498
