Model: GRU
MSE: 11.551723904262257
MAE: 2.345432511082402
EVS: 0.3035425688361759
