Model: GRU
MSE: 11.517703181248045
MAE: 2.34910194962113
EVS: 0.31355741102992263
