Model: GRU
MSE: 12.209844642410046
MAE: 2.463535361819797
EVS: 0.2855012152444498
