Model: GRU
MSE: 18.965183017965266
MAE: 2.8391232049023665
EVS: -0.01259041070425937
