Model: GRU
MSE: 12.219264330212683
MAE: 2.184068556185122
EVS: 0.275216302105328
