Model: GRU
MSE: 14.745993772319858
MAE: 2.6930865535029658
EVS: 0.20158819893098823
