Model: GRU
MSE: 11.99410528455849
MAE: 2.3387044270833335
EVS: 0.29167322937671614
