Model: GRU
MSE: 1068.1000083727624
MAE: 32.376901344016744
EVS: -0.19766764759340982
