Model: GRU
MSE: 12.974348472002408
MAE: 2.5234074415983976
EVS: 0.2399752622165673
