Model: GRU
MSE: 16.226058292147535
MAE: 2.5996933160004794
EVS: 0.12970125128653165
