Model: GRU
MSE: 20.174833606899963
MAE: 2.790300457565872
EVS: -0.04719885887169295
