Model: GRU
MSE: 11.813218244714419
MAE: 2.3203277941103333
EVS: 0.2874015040562501
