Model: GRU
MSE: 11.544244085354093
MAE: 2.2915202070165566
EVS: 0.31381328838171196
