Model: GRU
MSE: 18.311252230342326
MAE: 3.171372290010805
EVS: 0.1316304899049886
