Model: GRU
MSE: 12.62784686821493
MAE: 2.289735953013102
EVS: 0.27834676518266144
