Model: GRU
MSE: 13.37312394017663
MAE: 2.248036896740949
EVS: 0.2212219260917585
