Model: GRU
MSE: 12.027701870962161
MAE: 2.57357065765946
EVS: 0.31744554912657474
