Model: GRU
MSE: 11.682839873931187
MAE: 2.1405100380932844
EVS: 0.3265774167641696
