Model: GRU
MSE: 94175.38789220164
MAE: 306.8531008119936
EVS: 0.0
