Model: GRU
MSE: 14.301288865112054
MAE: 2.433705346924918
EVS: 0.20660417834766398
