Model: GRU
MSE: 12.316990953069713
MAE: 2.257522194473832
EVS: 0.3357398670182905
