Model: GRU
MSE: 12.852324475927777
MAE: 2.300460515198884
EVS: 0.2647386397709326
