Model: GRU
MSE: 12.062811488897735
MAE: 2.2212388073956526
EVS: 0.3103285627022002
