Model: GRU
MSE: 12.999431619624525
MAE: 2.2907372227421514
EVS: 0.21605389678345865
