Model: GRU
MSE: 16.854821276567716
MAE: 2.826300779978434
EVS: 0.10865991188526081
