Model: GRU
MSE: 11.414119660132023
MAE: 2.5238244268629284
EVS: 0.3113164566130925
