Model: GRU
MSE: 12.334246807492239
MAE: 2.524707794189453
EVS: 0.25540278357878177
