Model: GRU
MSE: 12.42202891855562
MAE: 2.2855543383845576
EVS: 0.2649235281884921
