Model: GRU
MSE: 15.27130109001463
MAE: 2.7788200731630677
EVS: 0.2153297406739435
