Model: GRU
MSE: 12.187237582837968
MAE: 2.166603406270345
EVS: 0.2837094767031543
