Model: GRU
MSE: 13.958723131880072
MAE: 2.5974612412629305
EVS: 0.35031751286607793
