Model: GRU
MSE: 16.494623583040358
MAE: 2.725256080980654
EVS: 0.12118690699541157
