Model: GRU
MSE: 11.720849612640189
MAE: 2.4372960726420083
EVS: 0.29626561878138324
