Model: GRU
MSE: 16.27729205396908
MAE: 2.6777201228671603
EVS: 0.12544911323126917
