Model: GRU
MSE: 15.275450849681182
MAE: 2.857727156745063
EVS: 0.21713177805586936
