Model: GRU
MSE: 15.299014154871758
MAE: 2.9726391898261175
EVS: 0.18895301354656868
