Model: GRU
MSE: 2878.483330781539
MAE: 53.49692436500832
EVS: 2.220446049250313e-16
