Model: GRU
MSE: 12.391673131902154
MAE: 2.3149237632751465
EVS: 0.2890207444988865
