Model: GRU
MSE: 12.706761882842535
MAE: 2.3167484601338706
EVS: 0.31275980446329055
