Model: GRU
MSE: 98.74811428612574
MAE: 9.066369966224388
EVS: 0.0008069079925853151
