Model: GRU
MSE: 12.137421156759855
MAE: 2.6205064985487194
EVS: 0.2707049542554273
