Model: GRU
MSE: 15.97931362057269
MAE: 2.7444566179204872
EVS: 0.17266302596285532
