Model: GRU
MSE: 12.631815781824995
MAE: 2.2827116824962475
EVS: 0.24133368100584152
