Model: GRU
MSE: 11.577126736220558
MAE: 2.26119813212642
EVS: 0.302678909895714
