Model: GRU
MSE: 16.623192065321653
MAE: 2.7863367751792625
EVS: 0.10103981647215521
