Model: GRU
MSE: 13.463998392904832
MAE: 2.2816466225518117
EVS: 0.18905936591244066
