Model: GRU
MSE: 12.69109964247805
MAE: 2.363277912139892
EVS: 0.25221229030805237
