Model: GRU
MSE: 15.912103696831865
MAE: 2.5640652268021196
EVS: 0.14763429535213424
