Model: GRU
MSE: 11.59387285577952
MAE: 2.316522969139947
EVS: 0.3153878916760233
