Model: GRU
MSE: 17.040382663253723
MAE: 2.995315145563197
EVS: 0.21435652740208966
