Model: GRU
MSE: 12.16352266571716
MAE: 2.1718181327537254
EVS: 0.2670103400622119
