Model: GRU
MSE: 12.512537693082912
MAE: 2.222716402124475
EVS: 0.2532877989861526
