Model: GRU
MSE: 7.468875379494492
MAE: 1.7666513831527144
EVS: 0.5128020734772463
