Model: GRU
MSE: 12.67441463141179
MAE: 2.245408746931288
EVS: 0.25537342813559816
