Model: GRU
MSE: 11.880685316988808
MAE: 2.3158054175200284
EVS: 0.29161776815488893
