Model: GRU
MSE: 17.57107489139778
MAE: 2.5536191021954573
EVS: 0.0523517947030514
