Model: GRU
MSE: 15.97616258788262
MAE: 2.6669977329395436
EVS: 0.1350485543974581
