Model: GRU
MSE: 15.394233827504026
MAE: 2.5529552742286965
EVS: 0.17036429277167564
