Model: GRU
MSE: 11.75790196799147
MAE: 2.269382883001257
EVS: 0.29014904107142747
