Model: GRU
MSE: 15.591299023175635
MAE: 2.6895268758138022
EVS: 0.18450490530920227
