Model: GRU
MSE: 14.485389010804644
MAE: 2.493100819764314
EVS: 0.2202769482232102
