Model: GRU
MSE: 13.43545294099121
MAE: 2.1712270666051796
EVS: 0.19651765592271053
