Model: GRU
MSE: 11.913636852588844
MAE: 2.242673714955648
EVS: 0.28109734574544076
