Model: GRU
MSE: 14.405318410192788
MAE: 2.629860860330087
EVS: 0.27616155201732184
