Model: GRU
MSE: 15.563223386060512
MAE: 2.7029796882911965
EVS: 0.16248658222919454
