Model: GRU
MSE: 12.542603079432247
MAE: 2.2462652877525047
EVS: 0.24277023361722916
