Model: GRU
MSE: 15.296373086191458
MAE: 2.5660037287959345
EVS: 0.09131302523619345
