Model: GRU
MSE: 11.722465195790846
MAE: 2.299883736504449
EVS: 0.29759551780300464
