Model: GRU
MSE: 11.822405917085815
MAE: 2.2588806682162814
EVS: 0.29305037384508015
