Model: GRU
MSE: 6.136660522068184
MAE: 1.7045003043280706
EVS: 0.5766654741201002
