Model: GRU
MSE: 14.704422286404492
MAE: 2.517356307418258
EVS: 0.20686152590463625
