Model: GRU
MSE: 14.881483217847821
MAE: 2.647843767095495
EVS: 0.19563680320500287
