Model: GRU
MSE: 17.01346451105065
MAE: 2.913482153857196
EVS: 0.08009139220777217
