Model: GRU
MSE: 11.825805542000952
MAE: 2.4299808784767434
EVS: 0.2860288929253173
