Model: GRU
MSE: 6212.257275593827
MAE: 78.68982696533203
EVS: -0.09200603512995409
