Model: GRU
MSE: 15.88635143341946
MAE: 2.816555076175266
EVS: 0.15016364214394073
