Model: GRU
MSE: 11.332507938754706
MAE: 2.224513371785482
EVS: 0.3270688310005293
