Model: GRU
MSE: 7.514313533200046
MAE: 1.9271297631440338
EVS: 0.5244244867003962
