Model: GRU
MSE: 8.339859711721626
MAE: 2.0218071937561035
EVS: 0.4903735810726074
