Model: GRU
MSE: 102.00683225191963
MAE: 9.128262992258426
EVS: -0.011506287889623046
