Model: GRU
MSE: 11.753499520261274
MAE: 2.448730539392542
EVS: 0.31081603132311786
