Model: GRU
MSE: 12.1968829263431
MAE: 2.7448764906989203
EVS: 0.31824319966039605
