Model: GRU
MSE: 11.95622804271725
MAE: 2.356964906056722
EVS: 0.2976888477131846
