Model: GRU
MSE: 8.104005658088285
MAE: 1.9184567663404677
EVS: 0.5287054212911855
