Model: GRU
MSE: 13.094667885597666
MAE: 2.3337135844760475
EVS: 0.26793009859424166
