Model: GRU
MSE: 14.135884141719266
MAE: 2.808234620977331
EVS: 0.23549839424833574
