Model: GRU
MSE: 12.18411387517982
MAE: 2.294271221867314
EVS: 0.27337003649892344
