Model: GRU
MSE: 17.355534653627938
MAE: 2.881138960520426
EVS: 0.12420763837312065
