Model: GRU
MSE: 19.54992158329569
MAE: 2.9889402212920007
EVS: 0.03840750824821648
