Model: GRU
MSE: 14.416144588851079
MAE: 2.6302526085465043
EVS: 0.2674286610230311
