Model: GRU
MSE: 12.156491106778116
MAE: 2.15993414984809
EVS: 0.27820079539404874
