Model: GRU
MSE: 14.666027666281083
MAE: 2.726298420517533
EVS: 0.2090716870062248
