Model: GRU
MSE: 11.853485316388355
MAE: 2.288249934161151
EVS: 0.2868633277278193
