Model: GRU
MSE: 12.591315161046042
MAE: 2.673684243802671
EVS: 0.2843772976990019
