Model: GRU
MSE: 13.189043946181654
MAE: 2.354217493975604
EVS: 0.23083920750875375
