Model: GRU
MSE: 13.550037240369496
MAE: 2.3609070777893066
EVS: 0.22092461766453686
