Model: GRU
MSE: 13.35680160530783
MAE: 2.5231946839226618
EVS: 0.3133309142075893
