Model: GRU
MSE: 15.335434619774828
MAE: 2.68692919060036
EVS: 0.17877781692338068
