Model: GRU
MSE: 15.146973087460772
MAE: 2.494553883870443
EVS: 0.1803544424037259
