Model: GRU
MSE: 12.14241201759771
MAE: 2.2430968814425998
EVS: 0.26766299418947403
