Model: GRU
MSE: 13.91367175280725
MAE: 2.4110305309295654
EVS: 0.188747772753181
