Model: GRU
MSE: 10.897621591581752
MAE: 2.3948154979281955
EVS: 0.34204297536036743
