Model: GRU
MSE: 7.626497957213512
MAE: 1.8538636808042173
EVS: 0.5042103110724634
