Model: GRU
MSE: 6.215597130546827
MAE: 1.9779966319048847
EVS: 0.5736098790903321
