Model: GRU
MSE: 12.167823005122306
MAE: 2.5550731906184443
EVS: 0.28999747357932304
