Model: GRU
MSE: 15.79047410446816
MAE: 2.8577265033015498
EVS: 0.1841438248529892
