Model: GRU
MSE: 11.687023875825592
MAE: 2.333333456957782
EVS: 0.31543452671623784
