Model: GRU
MSE: 104.89693364502968
MAE: 9.259553796715206
EVS: -0.037276315235362345
