Model: GRU
MSE: 15.781844027639469
MAE: 2.6616190097950123
EVS: 0.16459802964006587
