Model: GRU
MSE: 13.46290017747866
MAE: 2.5257330117402255
EVS: 0.22582171842668586
