Model: GRU
MSE: 16.54318108490972
MAE: 2.851565219737865
EVS: 0.1120012300006552
