Model: GRU
MSE: 11.462906626311248
MAE: 2.5088527114303023
EVS: 0.3345046033959098
