Model: GRU
MSE: 11.790393080719637
MAE: 2.6274136613916466
EVS: 0.3112749258726707
