Model: GRU
MSE: 12.384485743326112
MAE: 2.4253763799314147
EVS: 0.2716170726041425
