Model: GRU
MSE: 13.88119656920826
MAE: 2.521917387291237
EVS: 0.28220299652051606
