Model: GRU
MSE: 11.715688729779913
MAE: 2.5299406581454806
EVS: 0.3011489143872643
