Model: GRU
MSE: 11.70769122438597
MAE: 2.2720711319534868
EVS: 0.3000385624750289
