Model: GRU
MSE: 12.990364119945635
MAE: 2.3941720679954246
EVS: 0.3080255812555761
