Model: GRU
MSE: 12.003978167306698
MAE: 2.0683933717233165
EVS: 0.2752933488137813
