Model: GRU
MSE: 15.342137670857582
MAE: 2.6874126858181424
EVS: 0.18797686380170764
