Model: GRU
MSE: 12.305214544314502
MAE: 2.254492971632216
EVS: 0.3037078252598009
