Model: GRU
MSE: 6.631255764902773
MAE: 2.0434458167464644
EVS: 0.52508990439132
