Model: GRU
MSE: 15.971701705891022
MAE: 2.7985644693727845
EVS: 0.16991783038155406
