Model: GRU
MSE: 13.88831565078017
MAE: 2.5606734311139143
EVS: 0.24853135443629748
