Model: GRU
MSE: 12.47004746944667
MAE: 2.581020849722403
EVS: 0.278000047873447
