Model: GRU
MSE: 15.135273870124593
MAE: 2.722205462279143
EVS: 0.21212852917306724
