Model: GRU
MSE: 15.460409706842336
MAE: 2.413346494947161
EVS: 0.14198537840916647
