Model: GRU
MSE: 22.660998212574025
MAE: 3.381671411019784
EVS: 0.02067073697770594
