Model: GRU
MSE: 374.6494982888068
MAE: 18.85991456773546
EVS: -0.14434529181529987
