Model: GRU
MSE: 12.842083529862483
MAE: 2.178681797451443
EVS: 0.22476278357453872
