Model: GRU
MSE: 16.669513337749475
MAE: 3.232269534358272
EVS: 0.10553952684859802
