Model: GRU
MSE: 11.276535171010664
MAE: 2.102844962367305
EVS: 0.33089701512331327
