Model: GRU
MSE: 12.353329148070678
MAE: 2.2998862972965948
EVS: 0.27022544199432297
