Model: GRU
MSE: 15.503163280216953
MAE: 2.895546718879982
EVS: 0.18492785941108658
