Model: GRU
MSE: 6.807261299061515
MAE: 1.7629567075658727
EVS: 0.5166699344478901
