Model: GRU
MSE: 13.174094830829297
MAE: 2.7635444888362177
EVS: 0.31675685190879155
