Model: GRU
MSE: 11.327738114710336
MAE: 2.0716923077901206
EVS: 0.3377132878857527
