Model: GRU
MSE: 12.588065021368376
MAE: 2.2964371928462275
EVS: 0.30768732363805196
