Model: GRU
MSE: 14.742698116719303
MAE: 2.7848030107992665
EVS: 0.3096997427583925
