Model: GRU
MSE: 11.291494357202392
MAE: 2.2581029291506165
EVS: 0.33296935245578996
