Model: GRU
MSE: 16.489916886921876
MAE: 2.7718150792298495
EVS: 0.14270009603992828
