Model: GRU
MSE: 19.029952061523954
MAE: 2.9877998034159337
EVS: 0.07060591471858857
