Model: GRU
MSE: 12.284097295858643
MAE: 2.5165927675035267
EVS: 0.28264129506420954
