Model: GRU
MSE: 17.450884890686375
MAE: 2.954966324347037
EVS: 0.08905832895490173
