Model: GRU
MSE: 14.766372973260177
MAE: 2.68709875036169
EVS: 0.20793973550796618
