Model: GRU
MSE: 20.458551836446674
MAE: 3.2190676265292693
EVS: 0.013221718727253418
