Model: GRU
MSE: 12.186549330437906
MAE: 2.249748565532543
EVS: 0.27254953203557697
