Model: GRU
MSE: 12.972285251351643
MAE: 2.3966838783688016
EVS: 0.30261380154575146
