Model: GRU
MSE: 12.148778539594172
MAE: 2.2863211631774902
EVS: 0.26707921801473333
