Model: GRU
MSE: 14.61505352157211
MAE: 2.523414788422761
EVS: 0.22840554506526523
