Model: GRU
MSE: 13.393135133195907
MAE: 2.5027442155060946
EVS: 0.2283551136899219
