Model: GRU
MSE: 11.24702261844026
MAE: 2.4049140788890697
EVS: 0.32133406212973903
