Model: GRU
MSE: 12.326747929055356
MAE: 2.2153999187328197
EVS: 0.2820312076616315
