Model: GRU
MSE: 18.192408367600933
MAE: 2.717555443445841
EVS: 0.015319455434369966
