Model: GRU
MSE: 9230.64413680704
MAE: 95.93967155173972
EVS: -0.5833174397157244
