Model: GRU
MSE: 12.226736985418277
MAE: 2.1544345573142727
EVS: 0.31005411627709223
