Model: GRU
MSE: 15.00810238801722
MAE: 2.7394702346236617
EVS: 0.203504242825974
