Model: GRU
MSE: 10.645240661368883
MAE: 2.481528988590947
EVS: 0.3692764670755696
