Model: GRU
MSE: 11.986629089775644
MAE: 2.34170694704409
EVS: 0.3287684893688153
