Model: GRU
MSE: 231.12332154198864
MAE: 14.592205436141402
EVS: -0.09832188466915492
