Model: GRU
MSE: 7.345222150105209
MAE: 1.725702585997405
EVS: 0.5196822124809077
