Model: GRU
MSE: 12.041208887150603
MAE: 2.55765692392985
EVS: 0.2948511292322311
