Model: GRU
MSE: 13.756002875514382
MAE: 2.843131012386746
EVS: 0.29925949307034383
