Model: GRU
MSE: 95.73258216468038
MAE: 8.921897757936406
EVS: 0.025967935446955415
