Model: GRU
MSE: 18.59239061383388
MAE: 2.7394356550993737
EVS: -0.00666717274829276
