Model: GRU
MSE: 6.149808269493523
MAE: 1.8879872428046331
EVS: 0.5607334245467049
