Model: GRU
MSE: 11.56619714481886
MAE: 2.508763207329644
EVS: 0.30714523638264346
