Model: GRU
MSE: 16.53275936832116
MAE: 2.9086837945161044
EVS: 0.11068102255355383
