Model: GRU
MSE: 13.561604366755496
MAE: 2.3411516613430443
EVS: 0.18961763678958676
