Model: GRU
MSE: 11.55383214399066
MAE: 2.1920047159548157
EVS: 0.3026635232646646
