Model: GRU
MSE: 13.242546167869461
MAE: 2.375275894447609
EVS: 0.26393574332422054
