Model: GRU
MSE: 12.96458372486437
MAE: 2.5864257989106356
EVS: 0.28855455551312603
