Model: GRU
MSE: 6.533700759073116
MAE: 1.9811959619875308
EVS: 0.532954905390355
