Model: GRU
MSE: 12.107237162378851
MAE: 2.3514948774267124
EVS: 0.2871151562864678
