Model: GRU
MSE: 96.68642152042057
MAE: 8.969689623073295
EVS: 0.020004612530673982
