Model: GRU
MSE: 15.841891913302518
MAE: 2.615769315648962
EVS: 0.1452608490706112
