Model: GRU
MSE: 12.923443438580888
MAE: 2.207541483419913
EVS: 0.21994567575958335
