Model: GRU
MSE: 12.135145340307199
MAE: 2.235049936506483
EVS: 0.30699745725234184
