Model: GRU
MSE: 11.739003179310439
MAE: 2.3148599200778537
EVS: 0.3108893607840467
