Model: GRU
MSE: 11.827944204592212
MAE: 2.334669007195367
EVS: 0.2858572736774613
