Model: GRU
MSE: 7.2355570456057405
MAE: 2.2200168327048972
EVS: 0.5110774264258129
