Model: GRU
MSE: 15.31430924410449
MAE: 2.795941564771864
EVS: 0.17972336834889713
