Model: GRU
MSE: 15.742288925660315
MAE: 2.4816664589775934
EVS: 0.15733730163273718
