Model: GRU
MSE: 12.212559121113397
MAE: 2.3982978926764593
EVS: 0.4178349176371221
