Model: GRU
MSE: 11.479418740956866
MAE: 2.5537720962806985
EVS: 0.3109638367811186
