Model: GRU
MSE: 12.600619257448136
MAE: 2.1887978624414512
EVS: 0.24427830628777225
