Model: GRU
MSE: 6.70706544740258
MAE: 2.0475526739049843
EVS: 0.5315833397441494
