Model: GRU
MSE: 12.735537147248637
MAE: 2.6800923347473145
EVS: 0.2877788044149212
