Model: GRU
MSE: 11.567980419454535
MAE: 2.2128831015692816
EVS: 0.30171789401737426
