Model: GRU
MSE: 6.750444818755459
MAE: 2.025253490165428
EVS: 0.5159435057833888
