Model: GRU
MSE: 12.67286588157407
MAE: 2.2847334897076643
EVS: 0.28113810436255193
