Model: GRU
MSE: 15.865683490665178
MAE: 2.8452410344724304
EVS: 0.14108646277671089
