Model: GRU
MSE: 12.138688592332873
MAE: 2.5053294676321523
EVS: 0.2710003144989619
