Model: GRU
MSE: 13.591093924907833
MAE: 2.5856787893507214
EVS: 0.26583574804456567
