Model: GRU
MSE: 12.103815219939646
MAE: 2.1215791172451444
EVS: 0.2692605913936622
