Model: GRU
MSE: 11.527231138732153
MAE: 2.1996118934066207
EVS: 0.31084001012671514
