Model: GRU
MSE: 11.948922881952395
MAE: 2.138785856741446
EVS: 0.2788981902448525
