Model: GRU
MSE: 16.642634329214356
MAE: 2.912713563000714
EVS: 0.10411130165202542
