Model: GRU
MSE: 13.219043837516201
MAE: 2.458539256343135
EVS: 0.20226754092183175
