Model: GRU
MSE: 15.242704058739328
MAE: 2.430642348748666
EVS: 0.07996906887399202
