Model: GRU
MSE: 14.941794014188021
MAE: 2.698625087738037
EVS: 0.23892020801521063
