Model: GRU
MSE: 11.555469369078125
MAE: 2.3123821682400174
EVS: 0.3035478896365875
