Model: GRU
MSE: 13.040440804204026
MAE: 2.2499671865392616
EVS: 0.2176719290652651
