Model: GRU
MSE: 18.991190875716764
MAE: 2.7873596438655146
EVS: -0.028040520683023873
