Model: GRU
MSE: 16.03719905785907
MAE: 2.709674534974275
EVS: 0.13325609463240418
