Model: GRU
MSE: 14.481534358557813
MAE: 2.641530195871989
EVS: 0.21802451429791614
