Model: GRU
MSE: 11.40275676276378
MAE: 2.4328500429789224
EVS: 0.31968864360591254
