Model: GRU
MSE: 15.838844272456846
MAE: 2.7470200944829872
EVS: 0.19338361231913204
