Model: GRU
MSE: 6.414657138191581
MAE: 1.9066977324309173
EVS: 0.5418448350770365
