Model: GRU
MSE: 87100.08236942782
MAE: 295.0991696958189
EVS: 0.0
