Model: GRU
MSE: 11.746114996782572
MAE: 2.226105884269432
EVS: 0.29147517677867474
