Model: GRU
MSE: 12.739967002960718
MAE: 2.459450050636574
EVS: 0.2784546276236428
