Model: GRU
MSE: 11.979509141675324
MAE: 2.4381259635642722
EVS: 0.28414821824879155
