Model: GRU
MSE: 11.214231036549142
MAE: 2.0272244524072716
EVS: 0.3321530283187242
