Model: GRU
MSE: 13.98694827529395
MAE: 2.7449953997576677
EVS: 0.24740152845832353
