Model: GRU
MSE: 17.281565929964092
MAE: 2.6232077457286693
EVS: 0.06440425269678074
