Model: GRU
MSE: 15.064791120853348
MAE: 2.48319313261244
EVS: 0.18580342043453335
