Model: GRU
MSE: 12.327033382861195
MAE: 2.3751861254374185
EVS: 0.31433094741683654
