Model: GRU
MSE: 11.587013754777832
MAE: 2.486345308798331
EVS: 0.3070153012745168
