Model: GRU
MSE: 13.5710108384998
MAE: 2.6068416701422796
EVS: 0.25804124433876274
