Model: GRU
MSE: 12.165230483410367
MAE: 2.191463170228181
EVS: 0.28395423978127
