Model: GRU
MSE: 13.705671670139171
MAE: 2.4270762690791376
EVS: 0.19851062051553148
