Model: GRU
MSE: 14.269150761727326
MAE: 2.726308575382939
EVS: 0.3015941338968745
