Model: GRU
MSE: 13.751788606375829
MAE: 2.2902176115247936
EVS: 0.1947249329136047
