Model: GRU
MSE: 16.824049422154673
MAE: 2.7381828272784197
EVS: 0.10817681392486123
