Model: GRU
MSE: 12.853351000210118
MAE: 2.1782766094914185
EVS: 0.22926646805707107
