Model: GRU
MSE: 13.387082533848982
MAE: 2.545246777711091
EVS: 0.24820786607257983
