Model: GRU
MSE: 15.872765912752895
MAE: 2.7008152891088417
EVS: 0.15294982059312712
