Model: GRU
MSE: 7.0928633576195175
MAE: 1.7166754404703777
EVS: 0.5120478500842515
