Model: GRU
MSE: 12.37764079651735
MAE: 2.1694405343797474
EVS: 0.2653928080522009
