Model: GRU
MSE: 12.26379895329271
MAE: 2.3043378723992243
EVS: 0.3005062145316133
