Model: GRU
MSE: 16.256048599026887
MAE: 2.834334620723018
EVS: 0.14989927870181707
