Model: GRU
MSE: 13.130316881916745
MAE: 2.3621941142612033
EVS: 0.26587452044096294
