Model: GRU
MSE: 15.263719225861289
MAE: 2.8828135243168584
EVS: 0.22367309391029
