Model: GRU
MSE: 13.421432365062469
MAE: 2.786017576853434
EVS: 0.2448748605347002
