Model: GRU
MSE: 97.20525105967411
MAE: 8.967450832879102
EVS: -0.013745722682337869
