Model: GRU
MSE: 11.668667684404117
MAE: 2.216341919369168
EVS: 0.3023409518685404
