Model: GRU
MSE: 13.088901001115754
MAE: 2.168611208597819
EVS: 0.2461686494148172
