Model: GRU
MSE: 10.911304639936386
MAE: 2.199424001905653
EVS: 0.3688449670398779
