Model: GRU
MSE: 14.024357319959075
MAE: 2.4690610037909613
EVS: 0.17137357088684324
