Model: GRU
MSE: 11.05052489395124
MAE: 2.295609474182129
EVS: 0.3346875978505742
