Model: GRU
MSE: 11.539166221337265
MAE: 2.2952931368792497
EVS: 0.30602094130333246
