Model: GRU
MSE: 11.871616324553711
MAE: 2.3584360193323204
EVS: 0.2870382711387204
