Model: GRU
MSE: 11.7339868658279
MAE: 2.1823309615806297
EVS: 0.34319307682359257
