Model: GRU
MSE: 11.773979249078778
MAE: 2.290539264678955
EVS: 0.2937290693407676
