Model: GRU
MSE: 12.891325972871924
MAE: 2.6832998240435564
EVS: 0.26928427005676625
