Model: GRU
MSE: 12.805998021041399
MAE: 2.2907584508260093
EVS: 0.23798671861278542
