Model: GRU
MSE: 19.16936867462946
MAE: 2.870529510356761
EVS: -0.009017358742290149
