Model: GRU
MSE: 17.34505634581357
MAE: 2.654882166120741
EVS: 0.0629274813763322
