Model: GRU
MSE: 6.741637765546085
MAE: 1.9503291624563712
EVS: 0.5215958394681546
