Model: GRU
MSE: 13.017546685818498
MAE: 2.90585344809073
EVS: 0.2899933818940138
