Model: GRU
MSE: 13.9359579327371
MAE: 2.755720032585992
EVS: 0.24148699268828544
