Model: GRU
MSE: 12.555949128398483
MAE: 2.2156406508551703
EVS: 0.24536868157917924
