Model: GRU
MSE: 11.543022886635981
MAE: 2.431615847128409
EVS: 0.3468237983556688
