Model: GRU
MSE: 11.854190468117807
MAE: 2.2271147304111056
EVS: 0.3284673325463797
