Model: GRU
MSE: 11.911535065370307
MAE: 2.1056378152635364
EVS: 0.3070363271291441
