Model: GRU
MSE: 12.792143703453176
MAE: 2.3178698928267867
EVS: 0.27384048030987074
