Model: GRU
MSE: 12.488117267788901
MAE: 2.4002661881623446
EVS: 0.2811257142002701
