Model: GRU
MSE: 12.924452848125274
MAE: 2.550983199366817
EVS: 0.2657566374461464
