Model: GRU
MSE: 12.938087090167542
MAE: 2.2615884674919973
EVS: 0.23757371470740773
