Model: GRU
MSE: 7.052951070625787
MAE: 1.9816794572053131
EVS: 0.5003306766956939
