Model: GRU
MSE: 14.486697167363134
MAE: 2.7458728507713035
EVS: 0.23640792009217915
