Model: GRU
MSE: 13.673742751090863
MAE: 2.2569480913656728
EVS: 0.17611326720545306
