Model: GRU
MSE: 13.709816498674416
MAE: 2.4734974437289767
EVS: 0.2672308682586203
