Model: GRU
MSE: 12.794351058887825
MAE: 2.34679365158081
EVS: 0.24084527265030242
