Model: GRU
MSE: 11.585992276619452
MAE: 2.33698449311433
EVS: 0.30077128017018884
