Model: GRU
MSE: 594.4877835773558
MAE: 23.977018850821036
EVS: -0.060707485951208895
