Model: GRU
MSE: 12.0136485389559
MAE: 2.28421507941352
EVS: 0.28105599037753093
