Model: GRU
MSE: 16.29701132468843
MAE: 2.597025014736034
EVS: 0.1183088210063361
