Model: GRU
MSE: 12.790841489693072
MAE: 2.257775077113399
EVS: 0.2761291028886229
