Model: GRU
MSE: 13.384519056020885
MAE: 2.328296564243458
EVS: 0.23917246047270535
