Model: GRU
MSE: 11.735091328426355
MAE: 1.983090842211688
EVS: 0.2915789655716321
