Model: GRU
MSE: 12.435006294633407
MAE: 2.157176476937753
EVS: 0.2570628999913245
