Model: GRU
MSE: 14.011989580912145
MAE: 2.5471353707490145
EVS: 0.2553961744191314
