Model: GRU
MSE: 11.91030101187401
MAE: 2.3570954181529857
EVS: 0.31966065192174264
