Model: GRU
MSE: 12.413988277549286
MAE: 2.2189305093553333
EVS: 0.250988310474061
