Model: GRU
MSE: 12.190172249363114
MAE: 2.1962037086486816
EVS: 0.27975317718819925
