Model: GRU
MSE: 11.13761342325566
MAE: 2.1629269034774214
EVS: 0.33037234681032446
