Model: GRU
MSE: 11.423731343719737
MAE: 2.6354265213012695
EVS: 0.35959564852378567
