Model: GRU
MSE: 14.687325761096114
MAE: 2.2634836126256874
EVS: 0.11324494533766227
