Model: GRU
MSE: 12.800543210074673
MAE: 2.233003810599998
EVS: 0.2509429188669886
