Model: GRU
MSE: 13.143743137340012
MAE: 2.296756965142709
EVS: 0.2341454322895491
