Model: GRU
MSE: 11.599680230727051
MAE: 2.0050021454139992
EVS: 0.307487852763613
