Model: GRU
MSE: 13.468347137988868
MAE: 2.638122664557563
EVS: 0.22826949300371857
