Model: GRU
MSE: 15.332822892363943
MAE: 2.6171826080039695
EVS: 0.17261055554673344
