Model: GRU
MSE: 14.258184241532103
MAE: 2.6628631397529885
EVS: 0.1860730762681443
