Model: GRU
MSE: 4595.235398768731
MAE: 67.64714996903031
EVS: -0.15312294025419337
