Model: GRU
MSE: 12.833910610144972
MAE: 2.2577980006182634
EVS: 0.22621784983560544
