Model: GRU
MSE: 11.235033194666888
MAE: 2.119975178330033
EVS: 0.3364789410574235
