Model: GRU
MSE: 12.376238569734344
MAE: 2.6441000832451715
EVS: 0.30583559900711255
