Model: GRU
MSE: 15.705077705568714
MAE: 2.901207853246618
EVS: 0.16366209823423838
