Model: GRU
MSE: 14.881387158650895
MAE: 2.825573108814381
EVS: 0.2551931011021845
