Model: GRU
MSE: 893.0935591480522
MAE: 29.536886351449148
EVS: -0.14940895195440707
