Model: GRU
MSE: 17.048171044895962
MAE: 2.8662155116045915
EVS: 0.0979471951050247
