Model: GRU
MSE: 18.577222084678414
MAE: 2.6908666381129507
EVS: -0.0026967670690145606
