Model: GRU
MSE: 12.418210414225516
MAE: 2.475438453533031
EVS: 0.27526519198718935
