Model: GRU
MSE: 15.988699238135386
MAE: 2.9023092411182545
EVS: 0.13446796687490004
