Model: GRU
MSE: 8.900159228870612
MAE: 2.048835595448812
EVS: 0.4913160994733058
