Model: GRU
MSE: 16.28075228477207
MAE: 3.151431013036657
EVS: 0.2602257732098431
