Model: GRU
MSE: 11.214411359119493
MAE: 2.467072186646638
EVS: 0.32293375329711205
