Model: GRU
MSE: 12.84215139313935
MAE: 2.2839586293255842
EVS: 0.25908816224911846
