Model: GRU
MSE: 11.978409753541833
MAE: 2.1712258480213307
EVS: 0.28985104271767603
