Model: GRU
MSE: 11.365971881302972
MAE: 2.397773760336417
EVS: 0.32025320089685727
