Model: GRU
MSE: 15.841802589048777
MAE: 2.5083014523541487
EVS: 0.14480760541835602
