Model: GRU
MSE: 11.95718645924802
MAE: 2.223317163961905
EVS: 0.30109043624634235
