Model: GRU
MSE: 13.876130269043735
MAE: 2.4645669195387097
EVS: 0.19823045817482543
