Model: GRU
MSE: 12.084751305430002
MAE: 2.2830669615003796
EVS: 0.29603978080765503
