Model: GRU
MSE: 12.108869775977643
MAE: 2.5453013137534812
EVS: 0.28996585466328606
