Model: GRU
MSE: 12.6874648562005
MAE: 2.3132420469213413
EVS: 0.2502834811861231
