Model: GRU
MSE: 11.88983823006431
MAE: 2.552123617242884
EVS: 0.28730111535166614
