Model: GRU
MSE: 13.970443430777372
MAE: 2.567972536440249
EVS: 0.19006460283923654
