Model: GRU
MSE: 7.298881793238614
MAE: 1.7860277847007469
EVS: 0.542048654749187
