Model: GRU
MSE: 7.689297506452544
MAE: 1.887433617203324
EVS: 0.5146100746126269
