Model: GRU
MSE: 18.02249208488796
MAE: 2.8195147690949613
EVS: 0.02422702227046114
