Model: GRU
MSE: 15.945707414299829
MAE: 2.9609374116968223
EVS: 0.1868850289687457
