Model: GRU
MSE: 13.314606082178317
MAE: 2.1762477733470775
EVS: 0.19733190134586076
