Model: GRU
MSE: 14.450500069394332
MAE: 2.6762397554185657
EVS: 0.28543559267476226
