Model: GRU
MSE: 11.721298569552438
MAE: 2.4203802567941173
EVS: 0.29421153286041635
