Model: GRU
MSE: 11.778524995291399
MAE: 2.412587942900481
EVS: 0.2892036084550266
