Model: GRU
MSE: 14.16628981720476
MAE: 2.2840929207978427
EVS: 0.1463817399385915
