Model: GRU
MSE: 14.76932512400251
MAE: 2.6294149646052607
EVS: 0.2270414447138096
