Model: GRU
MSE: 728.7609123882357
MAE: 26.54370300858109
EVS: -0.46070147695619545
