Model: GRU
MSE: 101.08847209027745
MAE: 9.057982943676135
EVS: -0.030985817961445283
