Model: GRU
MSE: 11.493874463478361
MAE: 2.2963088353474936
EVS: 0.3132646665367038
