Model: GRU
MSE: 13.84660366662284
MAE: 2.865998550697609
EVS: 0.2901698797659642
