Model: GRU
MSE: 11.802742920179375
MAE: 2.1073588088706687
EVS: 0.28744013497339294
