Model: GRU
MSE: 14.291132569433868
MAE: 2.6108377421343767
EVS: 0.1821913237533931
