Model: GRU
MSE: 17.1144366782755
MAE: 2.8770805818063243
EVS: 0.15664421634953873
