Model: GRU
MSE: 12.15803783134752
MAE: 2.6478460982993797
EVS: 0.2886982407041031
