Model: GRU
MSE: 28.836866856161027
MAE: 3.7121381229824486
EVS: -0.16494735611984934
