Model: GRU
MSE: 14.074993519614887
MAE: 2.6404976844787598
EVS: 0.2711046010408025
