Model: GRU
MSE: 16.366634467570425
MAE: 2.5638144457781755
EVS: 0.11526284434080591
