Model: GRU
MSE: 11.81043695544793
MAE: 2.4643015508298522
EVS: 0.2869337485660822
