Model: GRU
MSE: 11.518401714519095
MAE: 2.4506524050677263
EVS: 0.3090166143644342
