Model: GRU
MSE: 12.173328518744045
MAE: 2.2590203285217285
EVS: 0.32127773181483454
