Model: GRU
MSE: 15.153818246515701
MAE: 2.6824176576402454
EVS: 0.21490332175478055
