Model: GRU
MSE: 11.369885841238295
MAE: 2.4075043113143355
EVS: 0.3948122429219496
