Model: GRU
MSE: 18.497018063407435
MAE: 2.7597074950182874
EVS: 0.004560440590722803
