Model: GRU
MSE: 13.177036365978969
MAE: 2.308803328761348
EVS: 0.23234497108883545
