Model: GRU
MSE: 9.583391322426362
MAE: 2.077524361787019
EVS: 0.5587553097120987
