Model: GRU
MSE: 15.874408858705532
MAE: 2.414475758870442
EVS: 0.14165121022138938
