Model: GRU
MSE: 7177.716548112504
MAE: 84.61233605278863
EVS: 3.3306690738754696e-16
