Model: GRU
MSE: 12.501831592956444
MAE: 2.0991395314534502
EVS: 0.24612366173920341
