Model: GRU
MSE: 12.341352945012305
MAE: 2.2280667269671404
EVS: 0.3040720688930294
