Model: GRU
MSE: 6.8504730427042615
MAE: 2.1227008678294994
EVS: 0.5125000874182004
