Model: GRU
MSE: 11.377929601546267
MAE: 2.482812351650662
EVS: 0.31500835224143364
