Model: GRU
MSE: 11.720781858136812
MAE: 2.2783778331897877
EVS: 0.29874861225224725
