Model: GRU
MSE: 12.84102953447408
MAE: 2.247085624270969
EVS: 0.22783199518027009
