Model: GRU
MSE: 12.481686987340936
MAE: 2.250106193401195
EVS: 0.2560968937570349
