Model: GRU
MSE: 15.152203325583244
MAE: 2.7229565691064903
EVS: 0.18543671425745167
