Model: GRU
MSE: 13.770503015044088
MAE: 2.412781008967647
EVS: 0.20676108966986784
