Model: GRU
MSE: 16.6146774210785
MAE: 2.68031934455589
EVS: 0.11954321646440857
