Model: GRU
MSE: 20.168985737302837
MAE: 3.4825442102220325
EVS: 0.14432826125662612
