Model: GRU
MSE: 12.385079777466014
MAE: 2.312651245682328
EVS: 0.2669209302512673
