Model: GRU
MSE: 12.819827494224372
MAE: 2.2152378117596663
EVS: 0.22986474661050382
