Model: GRU
MSE: 14.622502427726355
MAE: 2.5944127153467247
EVS: 0.2102623005482871
