Model: GRU
MSE: 16.437963783343783
MAE: 2.692656163816099
EVS: 0.14499916676680746
