Model: GRU
MSE: 12.235477338359564
MAE: 2.567661762237549
EVS: 0.27045845726677364
