Model: GRU
MSE: 18.573606669195474
MAE: 3.3421345286899142
EVS: 0.11511854407220679
