Model: GRU
MSE: 11.79714926473874
MAE: 2.3950093940452293
EVS: 0.28787221037182564
