Model: GRU
MSE: 13.309945059621668
MAE: 2.318469277134648
EVS: 0.20585591221826105
