Model: GRU
MSE: 12.843006584638454
MAE: 2.3334127885323985
EVS: 0.30645199212112484
