Model: GRU
MSE: 7.898682714869875
MAE: 1.983641748075132
EVS: 0.46737851158781885
