Model: GRU
MSE: 13.84358463103325
MAE: 2.3840966048064054
EVS: 0.1799728096333112
