Model: GRU
MSE: 13.518655557190487
MAE: 2.556390850632279
EVS: 0.2743338081500529
