Model: GRU
MSE: 14.962823275945757
MAE: 2.541653385868779
EVS: 0.19927589974577553
