Model: GRU
MSE: 12.797686440538099
MAE: 2.152629711009838
EVS: 0.22964051684130693
