Model: GRU
MSE: 11.46705424703175
MAE: 2.1795999385692455
EVS: 0.307645971335884
