Model: GRU
MSE: 13.20517658333202
MAE: 2.5683826870388455
EVS: 0.26626136633871755
