Model: GRU
MSE: 11.677955867778893
MAE: 2.286939921202483
EVS: 0.29881811847712014
