Model: GRU
MSE: 15.724574086425095
MAE: 2.803019082104718
EVS: 0.1532321214855682
