Model: GRU
MSE: 14.625628915010607
MAE: 2.490953286488851
EVS: 0.20843118782970604
