Model: GRU
MSE: 7.7942478017556995
MAE: 1.8402603908821389
EVS: 0.5331969785827895
