Model: GRU
MSE: 16.544424982146708
MAE: 2.8638407919141975
EVS: 0.12611226779006157
