Model: GRU
MSE: 11.462518053752227
MAE: 2.1910398094742387
EVS: 0.33218908656077417
