Model: GRU
MSE: 13.1973451892511
MAE: 2.2894778781467013
EVS: 0.21380825706033324
