Model: GRU
MSE: 12.537327893462807
MAE: 2.3865257192541054
EVS: 0.25435875793402263
