Model: GRU
MSE: 11.604017818174489
MAE: 2.6373581003259727
EVS: 0.30951907206940366
