Model: GRU
MSE: 11.587183110651916
MAE: 2.2371286816067166
EVS: 0.3045195869619357
