Model: GRU
MSE: 12.708895296451196
MAE: 2.263475117860017
EVS: 0.2504352503888645
