Model: GRU
MSE: 14.511042320934031
MAE: 2.6456022792392306
EVS: 0.23347602261853406
