Model: GRU
MSE: 14.333907470979183
MAE: 2.611716941550926
EVS: 0.22863203924165354
