Model: GRU
MSE: 13.674445401111358
MAE: 2.507009170673512
EVS: 0.29946345648317074
