Model: GRU
MSE: 12.142698524861341
MAE: 2.210960759056939
EVS: 0.26700336117408663
