Model: GRU
MSE: 11.685449972723005
MAE: 2.153490737632469
EVS: 0.2953523496653353
