Model: GRU
MSE: 14.99237837990005
MAE: 2.5570863825934276
EVS: 0.16916170885751813
