Model: GRU
MSE: 12.095123217695269
MAE: 2.38963019406354
EVS: 0.2761461310065586
