Model: GRU
MSE: 12.388024133946256
MAE: 2.283809856132225
EVS: 0.2520718750817982
