Model: GRU
MSE: 12.16428324248307
MAE: 2.274887208585386
EVS: 0.26873722659049015
