Model: GRU
MSE: 12.461013134388859
MAE: 2.1827330236081726
EVS: 0.24853034004355623
