Model: GRU
MSE: 15.078213080625439
MAE: 2.639719115363227
EVS: 0.19564011031548434
