Model: GRU
MSE: 15.884831757715268
MAE: 2.8838425918861668
EVS: 0.2074081882764789
