Model: GRU
MSE: 11.709424358743533
MAE: 2.571731832292345
EVS: 0.29385806494458944
