Model: GRU
MSE: 12.865501246253247
MAE: 2.3521260332178184
EVS: 0.31256294622117864
