Model: GRU
MSE: 12.352765749572857
MAE: 2.2469262546963162
EVS: 0.254195777345098
