Model: GRU
MSE: 11.556498376974004
MAE: 2.3563110916702836
EVS: 0.30498276851371553
