Model: GRU
MSE: 12.323158793028394
MAE: 2.202078218813296
EVS: 0.2858270557300242
