Model: GRU
MSE: 11.942435856565487
MAE: 2.3499856701603643
EVS: 0.3043907304050706
