Model: GRU
MSE: 18.226043421955836
MAE: 3.0647591661523896
EVS: 0.16670701898419937
