Model: GRU
MSE: 12.370557932189614
MAE: 2.2401770132559315
EVS: 0.263207086079844
