Model: GRU
MSE: 12.366320513198524
MAE: 2.3802033530341253
EVS: 0.27079765555657154
