Model: GRU
MSE: 12.377438703363362
MAE: 2.2485175132751465
EVS: 0.2658149405496888
