Model: GRU
MSE: 13.921193833466262
MAE: 2.6823673954716436
EVS: 0.2617452705431367
