Model: GRU
MSE: 16.543540584637377
MAE: 2.605030165778266
EVS: 0.13572489059633497
