Model: GRU
MSE: 12.810832404570473
MAE: 2.4710693889194064
EVS: 0.4402424871108993
