Model: GRU
MSE: 16.08705223050829
MAE: 2.6763896588925964
EVS: 0.1276531870842761
