Model: GRU
MSE: 15.418289786763227
MAE: 2.709218802275481
EVS: 0.1859831360196601
