Model: GRU
MSE: 1130.3998914562485
MAE: 33.38037180017542
EVS: 0.02486016357278198
