Model: GRU
MSE: 17.52143846167539
MAE: 3.0345082106413663
EVS: 0.23351242379881332
