Model: GRU
MSE: 12.628022457280075
MAE: 2.152410242292616
EVS: 0.23759911327523942
