Model: GRU
MSE: 12.296733095119736
MAE: 2.2509288787841792
EVS: 0.26904520166122636
