Model: GRU
MSE: 12.979420690544135
MAE: 2.3831189650076405
EVS: 0.2300128081474314
