Model: GRU
MSE: 7.548410842760194
MAE: 2.001000916516339
EVS: 0.4898017268866075
