Model: GRU
MSE: 12.037392476543683
MAE: 2.3407034520749694
EVS: 0.2842604827370966
