Model: GRU
MSE: 13.101027846390293
MAE: 2.4592242064299406
EVS: 0.2418123043428857
