Model: GRU
MSE: 14.29098238713093
MAE: 2.6487841694443315
EVS: 0.23583155955203094
