Model: GRU
MSE: 18.04661922939329
MAE: 2.8490681295041678
EVS: 0.09103445252776121
