Model: GRU
MSE: 12.21064748459625
MAE: 2.387835484963876
EVS: 0.26357627461007105
