Model: GRU
MSE: 17.048785249179808
MAE: 2.925092202645761
EVS: 0.17610615820539555
