Model: GRU
MSE: 12.248588667374904
MAE: 2.576988131911666
EVS: 0.2777224521554117
