Model: GRU
MSE: 12.368914721564916
MAE: 2.3037362981725624
EVS: 0.2706737042799505
