Model: GRU
MSE: 7.640439591508118
MAE: 2.1555412963584617
EVS: 0.49509608748162703
