Model: GRU
MSE: 11.850029966310078
MAE: 2.212467670440674
EVS: 0.29062958165618635
