Model: GRU
MSE: 13.055421459336175
MAE: 2.30288244176794
EVS: 0.2778125172944754
