Model: GRU
MSE: 9.46500515083816
MAE: 2.1186287756319397
EVS: 0.4843558355697364
