Model: GRU
MSE: 13.029683416325232
MAE: 2.3591054103992604
EVS: 0.27349571375025394
