Model: GRU
MSE: 12.374329961081102
MAE: 2.3456589380900064
EVS: 0.2767127410683451
