Model: GRU
MSE: 15.910579237916814
MAE: 2.9557850802386247
EVS: 0.16123605669425678
