Model: GRU
MSE: 11.78323265510893
MAE: 2.579429785410563
EVS: 0.2887988083574282
