Model: GRU
MSE: 14.694934023756904
MAE: 2.5498890258647777
EVS: 0.23383247441788724
