Model: GRU
MSE: 16.10705825856885
MAE: 2.5979883229291
EVS: 0.1305537993379947
