Model: GRU
MSE: 12.319780706192423
MAE: 2.3810510105556912
EVS: 0.26644528457917505
