Model: GRU
MSE: 17.23729041441447
MAE: 2.762094497680664
EVS: 0.08006110290661506
