Model: GRU
MSE: 11.661369936846945
MAE: 2.346734629737006
EVS: 0.2959972028248443
