Model: GRU
MSE: 14.720117049668952
MAE: 2.3662604932431823
EVS: 0.20553342663683571
