Model: GRU
MSE: 16.40921557441748
MAE: 2.8712278295446327
EVS: 0.11687753651588584
