Model: GRU
MSE: 11.486889960254302
MAE: 2.388296091998065
EVS: 0.3112476175039923
