Model: GRU
MSE: 7.084546181562318
MAE: 1.7181881445425529
EVS: 0.49744762087153005
