Model: GRU
MSE: 16.14371877046472
MAE: 2.871712225454825
EVS: 0.14071959752134056
