Model: GRU
MSE: 8.680405316577847
MAE: 1.9912976335596155
EVS: 0.4710578242398611
