Model: GRU
MSE: 15.298983436565129
MAE: 2.603328333960639
EVS: 0.18730390781949935
