Model: GRU
MSE: 10.848041098584813
MAE: 2.074900821403221
EVS: 0.34504904392830293
