Model: GRU
MSE: 11.909950849222545
MAE: 2.3377233434606484
EVS: 0.3107028044432555
