Model: GRU
MSE: 15.564792935760856
MAE: 2.6606821660642272
EVS: 0.16267649181801003
