Model: GRU
MSE: 12.751707903718069
MAE: 2.391917140395553
EVS: 0.29497448490870715
