Model: GRU
MSE: 11.386444849032396
MAE: 2.3500488422535084
EVS: 0.32152141158272574
