Model: GRU
MSE: 11.836400387399138
MAE: 2.1182462904188366
EVS: 0.28630716519423494
