Model: GRU
MSE: 7.946447003467399
MAE: 1.8594774140252008
EVS: 0.5344218513157608
