Model: GRU
MSE: 7.038566247719877
MAE: 1.9055062929789226
EVS: 0.5519382368347774
