Model: GRU
MSE: 17.887907799323383
MAE: 2.7126907242668996
EVS: 0.11937206468511086
