Model: GRU
MSE: 16.92007559816128
MAE: 2.7276688858314797
EVS: 0.09392343261075542
