Model: GRU
MSE: 300.38942530891876
MAE: 16.47767330099035
EVS: -0.5634574461728801
