Model: GRU
MSE: 11.645804431336577
MAE: 2.3226488607901112
EVS: 0.31118338281893754
