Model: GRU
MSE: 16.055434322935973
MAE: 2.837862350322582
EVS: 0.13157382193534906
