Model: GRU
MSE: 17.087668331413465
MAE: 2.784473896026611
EVS: 0.1080760072616771
