Model: GRU
MSE: 11.739525671342445
MAE: 2.1052614141393593
EVS: 0.3246499597686433
