Model: GRU
MSE: 12.872392842779087
MAE: 2.3186376712940358
EVS: 0.2694107821621444
