Model: GRU
MSE: 13.852630110717492
MAE: 2.4879559764155634
EVS: 0.2763510742799473
