Model: GRU
MSE: 12.852704416488029
MAE: 2.425753770051179
EVS: 0.22529561192184655
