Model: GRU
MSE: 11.6908353335057
MAE: 2.3778575791252985
EVS: 0.2969342094523072
