Model: GRU
MSE: 13.560787130181238
MAE: 2.4409752686818442
EVS: 0.29505245562881055
