Model: GRU
MSE: 11.754743078413428
MAE: 2.3543071393613464
EVS: 0.2945886476302546
