Model: GRU
MSE: 16.06616243900741
MAE: 2.8218776914808483
EVS: 0.173546002895814
