Model: GRU
MSE: 12.256827720901212
MAE: 2.1912092279504845
EVS: 0.2608536834870454
