Model: GRU
MSE: 16.827561882406822
MAE: 3.083068302699498
EVS: 0.11819771474627705
