Model: GRU
MSE: 11.419087559171127
MAE: 2.282275676727295
EVS: 0.32019733745984513
