Model: GRU
MSE: 14.431404412100946
MAE: 2.7163449923197427
EVS: 0.200700656630868
