Model: GRU
MSE: 15.41383201223352
MAE: 2.7794156427736634
EVS: 0.18290372304271307
