Model: GRU
MSE: 1532.5420546923544
MAE: 38.83269013298882
EVS: -0.4831311023223519
