Model: GRU
MSE: 12.250155869532414
MAE: 2.122967384479664
EVS: 0.26841747707232433
