Model: GRU
MSE: 12.090937695005996
MAE: 2.3256761762830944
EVS: 0.27131116249556064
