Model: GRU
MSE: 7.542057963949084
MAE: 1.9096717657866302
EVS: 0.5225730950365393
