Model: GRU
MSE: 13.6098722938521
MAE: 2.3626897776568376
EVS: 0.19246676786280537
