Model: GRU
MSE: 12.641133000254799
MAE: 2.1956523789299855
EVS: 0.23802174501274664
