Model: GRU
MSE: 11.865036130034225
MAE: 2.3908602043434426
EVS: 0.3062724508340159
