Model: GRU
MSE: 17.91708599914046
MAE: 2.9934260227062084
EVS: 0.03801069139847091
