Model: GRU
MSE: 15.715206956061095
MAE: 2.56491090633251
EVS: 0.1746442996340415
