Model: GRU
MSE: 11.212271823015229
MAE: 2.261366296697546
EVS: 0.3230494528715271
