Model: GRU
MSE: 13.274447228106325
MAE: 2.4261599293461553
EVS: 0.24444896504144342
