Model: GRU
MSE: 12.602648922742127
MAE: 2.2049909874244973
EVS: 0.24652046617415235
