Model: GRU
MSE: 93.19874107566484
MAE: 8.753283509501705
EVS: -0.0009874533730180879
