Model: GRU
MSE: 11.359899626738086
MAE: 2.387629844524242
EVS: 0.31619317357821297
