Model: GRU
MSE: 16.683362085545212
MAE: 2.8602431261980974
EVS: 0.1533637417637056
