Model: GRU
MSE: 12.501985155986391
MAE: 2.1847643852233887
EVS: 0.26638844407325246
