Model: GRU
MSE: 17.22558323885135
MAE: 2.8504081743734853
EVS: 0.09333680697773639
