Model: GRU
MSE: 12.102810236322748
MAE: 2.655874570210775
EVS: 0.2798969505024739
