Model: GRU
MSE: 12.654773214628426
MAE: 2.2894551400785095
EVS: 0.28050767825793976
