Model: GRU
MSE: 12.084245371314115
MAE: 2.154049926333957
EVS: 0.27269343956561065
