Model: GRU
MSE: 18.264532100870625
MAE: 3.044039567311604
EVS: 0.07889746671504394
