Model: GRU
MSE: 11.72073528904472
MAE: 2.269134662769459
EVS: 0.2929147709046094
