Model: GRU
MSE: 16.277123859733624
MAE: 2.6897488523412636
EVS: 0.12765578761179486
