Model: GRU
MSE: 13.916588745247559
MAE: 2.2662977465876826
EVS: 0.17921109188268547
