Model: GRU
MSE: 20713.034288965882
MAE: 143.85605706108942
EVS: 3.3306690738754696e-16
