Model: GRU
MSE: 13.778333299659094
MAE: 2.535998891901087
EVS: 0.3229294638023089
