Model: GRU
MSE: 16.108086942300954
MAE: 2.5953295495775013
EVS: 0.12815297778488188
