Model: GRU
MSE: 13.230051413921139
MAE: 2.6358046884889954
EVS: 0.24845957859295442
