Model: GRU
MSE: 12.219877265640612
MAE: 2.6607226972226745
EVS: 0.30440807957301486
