Model: GRU
MSE: 13.151135903467287
MAE: 2.6524991812529386
EVS: 0.24744238341328706
