Model: GRU
MSE: 11.14801767100977
MAE: 2.082656666084572
EVS: 0.3297530836575775
