Model: GRU
MSE: 14.373613642495094
MAE: 2.7395098827503346
EVS: 0.26458673617350215
