Model: GRU
MSE: 11.801950123397285
MAE: 2.2664589881896973
EVS: 0.3263366923191745
