Model: GRU
MSE: 12.229348507376177
MAE: 2.3468709345217103
EVS: 0.26696287493788007
