Model: GRU
MSE: 15.047746308409614
MAE: 2.6895442362184876
EVS: 0.2092357622784119
