Model: GRU
MSE: 1713.052573385357
MAE: 41.16531838311089
EVS: 2.220446049250313e-16
