Model: GRU
MSE: 11.716898318240855
MAE: 2.3595737704524287
EVS: 0.2949899472767741
