Model: GRU
MSE: 12.056069494526339
MAE: 2.13609955045912
EVS: 0.27217450613881766
