Model: GRU
MSE: 14.97102845525319
MAE: 2.7320155920805753
EVS: 0.28277113624326544
