Model: GRU
MSE: 12.165880386543988
MAE: 2.449978899072718
EVS: 0.2754391564087356
