Model: GRU
MSE: 13.286874241722801
MAE: 2.3347225895634405
EVS: 0.2510066984145767
