Model: GRU
MSE: 7.124682033334163
MAE: 1.7302369011773004
EVS: 0.5287130542314944
