Model: GRU
MSE: 12.438198015835601
MAE: 2.259145224535907
EVS: 0.2883230374626162
