Model: GRU
MSE: 16.108619646194544
MAE: 2.617084185282389
EVS: 0.15952754307153805
