Model: GRU
MSE: 14.06295968742171
MAE: 2.5445437607941805
EVS: 0.24850618618220133
