Model: GRU
MSE: 11.832176445147068
MAE: 2.259785766954775
EVS: 0.3197894739065166
