Model: GRU
MSE: 15.417676503302145
MAE: 2.7669251848150185
EVS: 0.2208744008571435
