Model: GRU
MSE: 13.85643208950481
MAE: 2.487603540773745
EVS: 0.22947562968801483
