Model: GRU
MSE: 11.960536501913381
MAE: 2.1661173325997813
EVS: 0.2940460154001069
