Model: GRU
MSE: 13.251689077370715
MAE: 2.507783889770508
EVS: 0.27752991581247743
