Model: GRU
MSE: 12.011349793488476
MAE: 2.349203515935827
EVS: 0.28084002827848553
