Model: GRU
MSE: 15.025339829772797
MAE: 2.7003488540649414
EVS: 0.19005709809189986
