Model: GRU
MSE: 12.047729741933313
MAE: 2.224482783564815
EVS: 0.2975031412600768
