Model: GRU
MSE: 11.935919133621367
MAE: 2.178807594158031
EVS: 0.27934016152876007
