Model: GRU
MSE: 662.3312861882368
MAE: 25.29152778342918
EVS: -0.22744825804117585
