Model: GRU
MSE: 13.369641819850935
MAE: 2.1728751217877424
EVS: 0.1992331729837581
