Model: GRU
MSE: 12.17449143257271
MAE: 2.2162506492049605
EVS: 0.310759484219743
