Model: GRU
MSE: 12.914083375116013
MAE: 2.670579645368788
EVS: 0.24459828356116264
