Model: GRU
MSE: 14.722413217745405
MAE: 2.8738606064407914
EVS: 0.20684961517130052
