Model: GRU
MSE: 11.26173405199534
MAE: 2.2555656962924533
EVS: 0.3327655431216604
