Model: GRU
MSE: 14.197808302829824
MAE: 2.8261124469615795
EVS: 0.24399080796028616
