Model: GRU
MSE: 15.31455489046961
MAE: 2.65530640738351
EVS: 0.14905913849310348
