Model: GRU
MSE: 15.478254980799578
MAE: 2.6419277544374817
EVS: 0.16315540699310915
