Model: GRU
MSE: 9.902951453412209
MAE: 2.159485181172689
EVS: 0.48028842232513025
