Model: GRU
MSE: 12.952345010390353
MAE: 2.3752160248933016
EVS: 0.27016276519898885
