Model: GRU
MSE: 11.546570078324041
MAE: 2.4383971956041126
EVS: 0.3078041377270554
