Model: GRU
MSE: 11.60628273134324
MAE: 2.157487233479818
EVS: 0.30116812834637774
