Model: GRU
MSE: 11.510558757709052
MAE: 2.307094838884142
EVS: 0.3077579103664556
