Model: GRU
MSE: 13.31922824236208
MAE: 2.454188823699951
EVS: 0.292499191632966
