Model: GRU
MSE: 7.3327885597130145
MAE: 2.0458421883759677
EVS: 0.4783191010943777
