Model: GRU
MSE: 14.244337453072468
MAE: 2.5957885318332248
EVS: 0.17957118096614566
