Model: GRU
MSE: 12.290790504317682
MAE: 2.218604246775309
EVS: 0.2859962650039015
