Model: GRU
MSE: 7.527271758675927
MAE: 2.0590224972477666
EVS: 0.4943306255317087
