Model: GRU
MSE: 11.01960323335012
MAE: 2.3358007360387734
EVS: 0.3353264382751908
