Model: GRU
MSE: 12.140076037878577
MAE: 2.4640080663892956
EVS: 0.2697836647559617
