Model: GRU
MSE: 11.904125851296932
MAE: 2.207912551032172
EVS: 0.308697506287277
