Model: GRU
MSE: 15.30966431847263
MAE: 2.5576445438243725
EVS: 0.1877046766787599
