Model: GRU
MSE: 13.614893833999675
MAE: 2.4293488749751337
EVS: 0.18897167951848792
