Model: GRU
MSE: 12.683182491731074
MAE: 2.2381884256998696
EVS: 0.24468759148375951
