Model: GRU
MSE: 14.37502968284168
MAE: 2.3336065080430775
EVS: 0.222437255472002
