Model: GRU
MSE: 15.431536449114379
MAE: 2.636771308051215
EVS: 0.1737219655609369
