Model: GRU
MSE: 1116.538931850165
MAE: 33.10668634485315
EVS: -0.23691213035214376
