Model: GRU
MSE: 16.247260365534135
MAE: 2.8589658737182617
EVS: 0.13984673871887587
