Model: GRU
MSE: 11.88573814215226
MAE: 2.2593963940938315
EVS: 0.2906284607826781
