Model: GRU
MSE: 15.82348727121855
MAE: 2.8292783278006093
EVS: 0.14518339237274724
