Model: GRU
MSE: 17.137594348265466
MAE: 2.9968907921402543
EVS: 0.07513319451964617
