Model: GRU
MSE: 15.170666819632592
MAE: 2.8268369921931513
EVS: 0.20823152402677159
