Model: GRU
MSE: 12.118178829119204
MAE: 2.4841400075841835
EVS: 0.28849975846769194
