Model: GRU
MSE: 16.182881931182607
MAE: 2.755997551812066
EVS: 0.15573235737459112
