Model: GRU
MSE: 14.08859192526418
MAE: 2.666148168700082
EVS: 0.21646294287333268
