Model: GRU
MSE: 11.92029264963888
MAE: 2.451070061436406
EVS: 0.29798107892734094
