Model: GRU
MSE: 11.366249104845261
MAE: 2.3500671210112394
EVS: 0.34883959443078294
