Model: GRU
MSE: 7.968666316655168
MAE: 1.9592964914109972
EVS: 0.4587495123655331
