Model: GRU
MSE: 15.479294209807954
MAE: 2.691162109375
EVS: 0.21775621608164175
