Model: GRU
MSE: 12.031048437510899
MAE: 2.5435889385364674
EVS: 0.29087436695957625
