Model: GRU
MSE: 11.395341449874136
MAE: 2.5057163768344455
EVS: 0.3196154239346424
