Model: GRU
MSE: 14.32121326821052
MAE: 2.8111958503723145
EVS: 0.2251153141644624
