Model: GRU
MSE: 12.82888877015536
MAE: 2.2655251997488515
EVS: 0.2466818773058348
