Model: GRU
MSE: 14.161181342522568
MAE: 2.4829174324318215
EVS: 0.18789370485971868
