Model: GRU
MSE: 13.945539771785402
MAE: 2.436177968978882
EVS: 0.22967284147453015
