Model: GRU
MSE: 10.864870688599417
MAE: 2.3735905929848
EVS: 0.3461037727934564
