Model: GRU
MSE: 12.510378548631529
MAE: 2.3154520988464355
EVS: 0.2535294780797579
