Model: GRU
MSE: 15.534699393150378
MAE: 2.704273365162037
EVS: 0.16938764600782308
