Model: GRU
MSE: 7.748638879680753
MAE: 2.0676112704806857
EVS: 0.48242052160923843
