Model: GRU
MSE: 12.29794072498404
MAE: 2.434207492404514
EVS: 0.2809651986314158
