Model: GRU
MSE: 11.789389116043182
MAE: 2.4619488892731844
EVS: 0.30001292190592477
