Model: GRU
MSE: 13.084249386411809
MAE: 2.368022424203378
EVS: 0.21186936685837665
