Model: GRU
MSE: 15.242081647808922
MAE: 2.722521596484714
EVS: 0.29145140969477334
