Model: GRU
MSE: 13.13250957464364
MAE: 2.4379185217398183
EVS: 0.2687042163396025
