Model: GRU
MSE: 11.85440291029416
MAE: 2.207571506500244
EVS: 0.297180722130698
