Model: GRU
MSE: 16.185507789762703
MAE: 2.8908985455830893
EVS: 0.13148698322884034
