Model: GRU
MSE: 11.526252000337493
MAE: 2.4264668535303184
EVS: 0.3052371732753778
