Model: GRU
MSE: 16.305002202589883
MAE: 2.9544417416607893
EVS: 0.2124194291035416
