Model: GRU
MSE: 12.369075590598683
MAE: 2.854184450926604
EVS: 0.25345787440450207
