Model: GRU
MSE: 11.87867480010534
MAE: 2.5554289994416415
EVS: 0.28450880838828563
