Model: GRU
MSE: 16.669461662851653
MAE: 2.65702251151756
EVS: 0.0981720636656278
