Model: GRU
MSE: 3598.450817494565
MAE: 59.85648119891131
EVS: 0.05493995455953837
