Model: GRU
MSE: 11.968558091539064
MAE: 2.6490620330527976
EVS: 0.3130613992202903
