Model: GRU
MSE: 12.090704407299224
MAE: 2.33333338631524
EVS: 0.2849305066463165
