Model: GRU
MSE: 20.878428553553547
MAE: 3.015488500948305
EVS: -0.019910757700454473
