Model: GRU
MSE: 6.673482766672703
MAE: 1.7847189373440213
EVS: 0.5238297585743261
