Model: GRU
MSE: 19.462903545249286
MAE: 3.2054142598752624
EVS: 0.29458849616731
