Model: GRU
MSE: 20.298495460521558
MAE: 3.466216387572112
EVS: 0.2342365015561495
