Model: GRU
MSE: 27.83814252466325
MAE: 3.9943826816700123
EVS: 0.18795388551920889
