Model: GRU
MSE: 18.91888304380007
MAE: 3.0930645024334944
EVS: 0.2706401785677426
