Model: GRU
MSE: 719.5631097027007
MAE: 26.282333056132
EVS: -0.13055758488717806
