Model: GRU
MSE: 18.40962200454057
MAE: 3.061515790444833
EVS: 0.3430283327957493
