Model: GRU
MSE: 5411.820750044978
MAE: 73.30158007586444
EVS: -0.5190421087120238
