Model: GRU
MSE: 21.075169418078733
MAE: 3.5598920539573387
EVS: 0.20546619695042956
