Model: GRU
MSE: 28.379979231115435
MAE: 3.9010135332743325
EVS: -0.05866769146281903
