Model: GRU
MSE: 25.20010031567983
MAE: 3.851818667517768
EVS: 0.1487945479095274
