Model: GRU
MSE: 653.8579155137899
MAE: 25.0168522728814
EVS: -0.09966336569464262
