Model: GRU
MSE: 17.585396783643514
MAE: 3.170366304892081
EVS: 0.3247025756128258
