Model: GRU
MSE: 19.554728732971594
MAE: 3.337994593161124
EVS: 0.3020214229839391
