Model: GRU
MSE: 22.696187418512064
MAE: 3.7322317405983254
EVS: 0.1852766008619362
