Model: GRU
MSE: 24.153912601883047
MAE: 3.475287225511339
EVS: 0.1527395830036704
