Model: GRU
MSE: 36.16430106401783
MAE: 5.057343730220088
EVS: 0.3041545728351489
