Model: GRU
MSE: 23.296756831769454
MAE: 3.652549213833279
EVS: 0.11601261848976818
