Model: GRU
MSE: 1885.3803622953071
MAE: 43.04185839052553
EVS: -0.28665393488315516
