Model: GRU
MSE: 40.78800789139512
MAE: 4.86355698550189
EVS: 0.0009966156250803548
