Model: GRU
MSE: 17.944172801170687
MAE: 3.241794709806089
EVS: 0.31330916932923314
