Model: GRU
MSE: 17.70954388635883
MAE: 3.271223880626537
EVS: 0.33106406354702134
