Model: GRU
MSE: 38.67271573754671
MAE: 4.853518097488968
EVS: -0.09475536359807957
