Model: GRU
MSE: 22.11443743409987
MAE: 3.226915129908809
EVS: 0.20150416806460858
