Model: GRU
MSE: 29.619286863525236
MAE: 4.378398542050962
EVS: 0.2616145851187839
