Model: GRU
MSE: 28.033271218109668
MAE: 4.121407897384079
EVS: 0.05560308879354303
