Model: GRU
MSE: 33.35424403402063
MAE: 4.640107967235424
EVS: 0.20976668731922155
