Model: GRU
MSE: 42.07587313737758
MAE: 5.316226447070086
EVS: 0.13614066819774384
