Model: GRU
MSE: 26.60557284474233
MAE: 3.8917859218738697
EVS: 0.22323248570699838
