Model: GRU
MSE: 8490.670398910657
MAE: 91.8510004679362
EVS: -1.0715198996864514
