Model: GRU
MSE: 28.104784178615176
MAE: 4.063621644620542
EVS: 0.11853651608731008
