Model: GRU
MSE: 29.435019973796116
MAE: 4.01331701985112
EVS: 0.028837322112383768
