Model: GRU
MSE: 17.799818148026716
MAE: 3.071317160571063
EVS: 0.3183049743232811
