Model: GRU
MSE: 18.837687980123267
MAE: 3.111718460365578
EVS: 0.26061038073624954
