Model: GRU
MSE: 23.857030218477888
MAE: 3.6400358941819935
EVS: 0.19436233779953438
