Model: GRU
MSE: 1348.8594032677215
MAE: 36.39430957370334
EVS: 0.068399078706473
