Model: GRU
MSE: 16.902773243515085
MAE: 3.1772196381180375
EVS: 0.3365646304063934
