Model: GRU
MSE: 26.744869048339666
MAE: 3.685466554429796
EVS: 0.03861690135080109
