Model: GRU
MSE: 17.76530454838239
MAE: 3.1401509179009333
EVS: 0.3446888083929307
