Model: GRU
MSE: 23.278103464318082
MAE: 3.676057462339048
EVS: 0.1332047365514083
