Model: GRU
MSE: 18.91142721629406
MAE: 3.2928566756071866
EVS: 0.35431695899484283
