Model: GRU
MSE: 18.86505471771192
MAE: 3.179644196121781
EVS: 0.31830095127631397
