Model: GRU
MSE: 22.611737625369194
MAE: 3.6746474548622414
EVS: 0.27486404152426924
