Model: GRU
MSE: 26.372173094667307
MAE: 3.8975505299038358
EVS: 0.1695116442067478
