Model: GRU
MSE: 21.452463610619755
MAE: 3.4419833112646034
EVS: 0.19788823217658147
