Model: GRU
MSE: 23.836511222706356
MAE: 3.8903765501799406
EVS: 0.22449560226779397
