Model: GRU
MSE: 21.9934935987924
MAE: 3.5195029046800403
EVS: 0.19012867121056465
