Model: GRU
MSE: 1301.3906606497926
MAE: 35.72648917304145
EVS: 0.01834521099648634
