Model: GRU
MSE: 23.242148667988506
MAE: 4.032163902565285
EVS: 0.3008184364362462
