Model: GRU
MSE: 29.233859878248072
MAE: 3.929625299241808
EVS: -0.1529264826946528
