Model: GRU
MSE: 23.449701618729115
MAE: 3.652740619800709
EVS: 0.24375960782757133
