Model: GRU
MSE: 17.806938912730747
MAE: 3.2207741030940302
EVS: 0.3210780440199904
