Model: GRU
MSE: 23.304507086986423
MAE: 3.8088408046298556
EVS: 0.19217256237752123
