Model: GRU
MSE: 18.802601263184208
MAE: 3.455839510317202
EVS: 0.2564958098975413
