Model: GRU
MSE: 16.969330572404512
MAE: 3.303217199113634
EVS: 0.3422967576978908
