Model: GRU
MSE: 19.1682439922515
MAE: 3.465785344441732
EVS: 0.4194319487429755
