Model: GRU
MSE: 22.45503791426106
MAE: 3.42206660023442
EVS: 0.1516018247569707
