Model: GRU
MSE: 19.41990931382249
MAE: 3.384694223050718
EVS: 0.24189223906369717
