Model: GRU
MSE: 18.653620538835607
MAE: 3.0278029101235524
EVS: 0.29125514012896947
