Model: GRU
MSE: 20.849949407356462
MAE: 3.666956036179154
EVS: 0.2094510828683689
