Model: GRU
MSE: 19.83295483581931
MAE: 3.425902384298819
EVS: 0.30185456982710923
