Model: GRU
MSE: 24.60768972856767
MAE: 3.655505409947148
EVS: 0.07992489034829264
