Model: GRU
MSE: 17.75454716840503
MAE: 2.9642220779701516
EVS: 0.33829475879357107
