Model: GRU
MSE: 34.72931477348693
MAE: 4.556280471660473
EVS: -0.10636901838023682
