Model: GRU
MSE: 16.71639396607208
MAE: 2.9817193349202475
EVS: 0.3614319668842725
