Model: GRU
MSE: 27.616320447756706
MAE: 4.033387466713235
EVS: 0.14945173426353875
