Model: GRU
MSE: 29.16357615444386
MAE: 3.9860753659848815
EVS: 0.05711500818819315
