Model: GRU
MSE: 16.520595419544474
MAE: 3.201796849568685
EVS: 0.4414108897362198
