Model: GRU
MSE: 1104.9964263104662
MAE: 32.850098080105255
EVS: -0.015366933946373784
