Model: GRU
MSE: 17.160471414564704
MAE: 3.174807866414388
EVS: 0.32787578265618567
