Model: GRU
MSE: 21.11641230020942
MAE: 3.4683670821013273
EVS: 0.2875793717130194
