Model: GRU
MSE: 26.741670103665623
MAE: 4.021985689798991
EVS: 0.1964097547815259
