Model: GRU
MSE: 30.708903723258167
MAE: 4.410133573744032
EVS: 0.1891213249928344
