Model: GRU
MSE: 20.315330045715065
MAE: 3.4113743746722185
EVS: 0.20652251395646737
