Model: GRU
MSE: 19.659146365024913
MAE: 3.211422902566415
EVS: 0.25228085263832134
