Model: GRU
MSE: 37.272087588616074
MAE: 4.525761392381456
EVS: -0.024763385447509334
