Model: GRU
MSE: 29.884739547943926
MAE: 4.475235444528085
EVS: 0.2166991242851083
