Model: GRU
MSE: 19.91472743697482
MAE: 3.465116359569408
EVS: 0.26298607311239186
