Model: GRU
MSE: 18.39354932217049
MAE: 3.2930031882392035
EVS: 0.2780982445604897
