Model: GRU
MSE: 24.98677915132195
MAE: 3.69292328092787
EVS: 0.03379176369709258
