Model: GRU
MSE: 25.418588097880576
MAE: 3.843784720809371
EVS: 0.20939103852108276
