Model: GRU
MSE: 26.497508432994024
MAE: 3.794197771284315
EVS: 0.06302631394276192
