Model: GRU
MSE: 19.32208278111989
MAE: 3.405783670919913
EVS: 0.29819782998169186
