Model: GRU
MSE: 31.04523262506729
MAE: 4.210916695771394
EVS: 0.00045645529818749697
