Model: GRU
MSE: 32.36641674799031
MAE: 4.282371573978001
EVS: 0.02309615710356805
