Model: GRU
MSE: 25.452733193343033
MAE: 3.791050328148736
EVS: 0.11143989197949089
