Model: GRU
MSE: 18.629514001888353
MAE: 3.4153945534317582
EVS: 0.3260460491491711
