Model: GRU
MSE: 28.448086223273954
MAE: 3.9466801042909974
EVS: 0.1445841931482703
