Model: GRU
MSE: 18.101493540716447
MAE: 3.1903546297991716
EVS: 0.36744252564769164
