Model: GRU
MSE: 23.216472828034334
MAE: 3.4772910188745567
EVS: 0.09473711919077099
