Model: GRU
MSE: 19.843664861797244
MAE: 3.5929374165005155
EVS: 0.31000421951195867
