Model: GRU
MSE: 21.165620059849257
MAE: 3.54489533106486
EVS: 0.17848236511381887
