Model: GRU
MSE: 16.077414530755707
MAE: 2.984930744877568
EVS: 0.37050875193002053
