Model: GRU
MSE: 19.553506716264607
MAE: 3.3030155146563493
EVS: 0.23752290492910977
