Model: GRU
MSE: 28.91948371883817
MAE: 4.497794698785852
EVS: 0.30451054620416085
