Model: GRU
MSE: 19.50042856071624
MAE: 3.4669519883615
EVS: 0.29736137151467834
