Model: GRU
MSE: 24.63016950132489
MAE: 4.016090393066406
EVS: 0.3095205281705191
