Model: GRU
MSE: 28.242371588760005
MAE: 3.992884494640209
EVS: 0.029330983702591462
