Model: GRU
MSE: 21.855644670823956
MAE: 3.5781441971107766
EVS: 0.14464624696655604
