Model: GRU
MSE: 34.349961533843924
MAE: 4.585652422021936
EVS: 0.1285722380868558
