Model: GRU
MSE: 31.69256923882587
MAE: 4.390540087664569
EVS: 0.130441456165294
