Model: GRU
MSE: 17.13777036443268
MAE: 3.273281216621399
EVS: 0.4266277379728688
