Model: GRU
MSE: 23.560321236315044
MAE: 3.6558036980805575
EVS: 0.0842249026938926
