Model: GRU
MSE: 36.64374815651821
MAE: 4.052444634614168
EVS: -0.35786120261779164
