Model: GRU
MSE: 20.399285666009217
MAE: 3.4957902873003923
EVS: 0.2607384368678889
