Model: GRU
MSE: 18.138135563685417
MAE: 2.834075344933404
EVS: 0.3220593268705835
