Model: GRU
MSE: 26.012191449646455
MAE: 4.0182731416490345
EVS: 0.13036388808963817
