Model: GRU
MSE: 20.489862096721087
MAE: 3.316419513137252
EVS: 0.2525688884289078
