Model: GRU
MSE: 28.494803153927915
MAE: 3.9259635077582464
EVS: 0.1393772341999251
