Model: GRU
MSE: 2239.1309812190075
MAE: 46.980661109641744
EVS: -0.22413694253560346
