Model: GRU
MSE: 22.602805458737098
MAE: 3.2718168717843517
EVS: 0.16264624803758165
