Model: GRU
MSE: 25.924783122272327
MAE: 3.5253107377461026
EVS: 0.11548522600065803
