Model: GRU
MSE: 53.735483416171355
MAE: 6.17085564578021
EVS: 0.011274926274087327
