Model: GRU
MSE: 19.505360457851413
MAE: 3.101931995815701
EVS: 0.25577166119632466
