Model: GRU
MSE: 26.567173598455888
MAE: 4.234727523944996
EVS: 0.34449490830029095
