Model: GRU
MSE: 9631.323037687316
MAE: 98.00946581805194
EVS: 0.00032763257200996154
