Model: GRU
MSE: 22.22984490695481
MAE: 3.503641057897497
EVS: 0.13343183907426348
