Model: GRU
MSE: 21.566708572493688
MAE: 3.3196145163642035
EVS: 0.2133534578201871
