Model: GRU
MSE: 36.29727104793733
MAE: 5.2336330237212
EVS: 0.26608297312456064
