Model: GRU
MSE: 19.660907326215355
MAE: 3.435869499489113
EVS: 0.234874679731514
