Model: GRU
MSE: 22.85485825313165
MAE: 3.534938865237766
EVS: 0.0949571031437636
