Model: GRU
MSE: 20.819685826912636
MAE: 3.7169833801410816
EVS: 0.28081478718343733
