Model: GRU
MSE: 23.65666165177551
MAE: 3.8582872637995966
EVS: 0.2304316538030433
