Model: GRU
MSE: 21.644514217802822
MAE: 3.1681983912432634
EVS: 0.18812624039799786
