Model: GRU
MSE: 27.007705780318297
MAE: 3.9802756486115634
EVS: 0.09521762264165956
