Model: GRU
MSE: 28.48626779253395
MAE: 3.8560454933731645
EVS: 0.015872444198811064
