Model: GRU
MSE: 19.839717046506923
MAE: 3.4723960558573403
EVS: 0.3124425893406081
