Model: GRU
MSE: 1698.0522686251013
MAE: 40.85479333665636
EVS: -0.13589795402875393
