Model: GRU
MSE: 27.85691530544143
MAE: 3.783657356544777
EVS: -0.021200614286017716
