Model: GRU
MSE: 18.094814900020815
MAE: 3.149631235334608
EVS: 0.3069663359936049
