Model: GRU
MSE: 30.621281379974352
MAE: 3.933598518371582
EVS: -0.08930006564838311
