Model: GRU
MSE: 19.645814199135252
MAE: 3.3648738507871276
EVS: 0.293676837497046
