Model: GRU
MSE: 21.172542575907258
MAE: 3.509961816999647
EVS: 0.17362198972443477
