Model: GRU
MSE: 29.968749575625925
MAE: 4.134184183897795
EVS: -0.0027810424500831488
