Model: GRU
MSE: 17.514660434683154
MAE: 2.8916756135446056
EVS: 0.3612643964191746
