Model: GRU
MSE: 726.04369592336
MAE: 26.484805213080513
EVS: 0.03443264065862095
