Model: GRU
MSE: 20.10367986824563
MAE: 3.1606501851763045
EVS: 0.22242639098492167
