Model: GRU
MSE: 21.014821086257825
MAE: 3.397800922393799
EVS: 0.2062744710791059
