Model: GRU
MSE: 22.959510738320077
MAE: 3.492789957258436
EVS: 0.14150080417253075
