Model: GRU
MSE: 17.530833896616127
MAE: 3.1762689307883933
EVS: 0.31561380834170694
