Model: GRU
MSE: 18.23687004275128
MAE: 3.2418216422752097
EVS: 0.31242693826264045
