Model: GRU
MSE: 24.27427955058631
MAE: 4.150400038118716
EVS: 0.28623192781660156
