Model: GRU
MSE: 21.704829952854837
MAE: 3.7565422411318177
EVS: 0.20485475319330793
