Model: GRU
MSE: 18.409564644623238
MAE: 3.134652932484945
EVS: 0.36099910987485906
