Model: GRU
MSE: 28.3358764027481
MAE: 4.330146789550781
EVS: 0.2901283101123041
