Model: GRU
MSE: 18.49383129029338
MAE: 3.060032191099944
EVS: 0.33265860695628935
