Model: GRU
MSE: 1967.0392288693063
MAE: 44.040606039541736
EVS: -0.052319835228976874
