Model: GRU
MSE: 20.08026916519204
MAE: 3.3814481099446616
EVS: 0.2607977233773482
