Model: GRU
MSE: 28.467078457542534
MAE: 4.291488029338695
EVS: 0.27203718259559106
