Model: GRU
MSE: 26.430001901184276
MAE: 4.158952200854266
EVS: 0.30201040505235466
