Model: GRU
MSE: 24.922956454093175
MAE: 3.9582479971426503
EVS: 0.2803847423886697
