Model: GRU
MSE: 33.70293990341017
MAE: 4.17252614763048
EVS: -0.2656449012246773
