Model: GRU
MSE: 34.67373440577095
MAE: 4.664634580965395
EVS: 0.04789656272152398
