Model: GRU
MSE: 22.499301280714125
MAE: 3.5711889266967773
EVS: 0.21711276122210277
