Model: GRU
MSE: 23.921491769070144
MAE: 3.776927630106608
EVS: 0.16648723361178008
