Model: GRU
MSE: 21.193526808946967
MAE: 3.6225256390041776
EVS: 0.25154938663395365
