Model: GRU
MSE: 20.59122256582114
MAE: 3.6479278140597873
EVS: 0.2700832688746633
