Model: GRU
MSE: 29.875736146935054
MAE: 3.977464940812853
EVS: -0.07182695674662076
