Model: GRU
MSE: 18.782313301349024
MAE: 3.055538230472141
EVS: 0.3184735187705
