Model: GRU
MSE: 22.972011319850903
MAE: 3.9438869335033275
EVS: 0.3178313126758602
