Model: GRU
MSE: 21.528133678771045
MAE: 3.42916582248829
EVS: 0.20175772530625158
