Model: GRU
MSE: 19.27372397709778
MAE: 3.371627789956552
EVS: 0.2604274294366068
