Model: GRU
MSE: 1023.749211501781
MAE: 31.457684622870552
EVS: -0.35456533064724494
