Model: GRU
MSE: 22.369680891707645
MAE: 3.742173353830973
EVS: 0.20841058816612235
