Model: GRU
MSE: 22.811606542158703
MAE: 3.9451568214981645
EVS: 0.320931979445059
