Model: GRU
MSE: 20.480792107466314
MAE: 3.456731496033845
EVS: 0.19636659987979677
