Model: GRU
MSE: 6963.790153834096
MAE: 83.29280514187283
EVS: 2.220446049250313e-16
