Model: GRU
MSE: 19.443443907861802
MAE: 3.142200787862142
EVS: 0.2940072394506612
