Model: GRU
MSE: 32.22552117595889
MAE: 4.397820508038556
EVS: 0.07755999921511425
