Model: GRU
MSE: 21.17531987380386
MAE: 3.571924827716969
EVS: 0.17013378675975133
