Model: GRU
MSE: 38.967284179654904
MAE: 5.256883373966923
EVS: 0.30021519608121716
