Model: GRU
MSE: 23.842255364271143
MAE: 3.5998653129295066
EVS: 0.18187408418913342
