Model: GRU
MSE: 18.676694832041644
MAE: 3.1457573396188243
EVS: 0.2674963726216456
