Model: GRU
MSE: 17.34634062780786
MAE: 3.150791803995768
EVS: 0.319533309143474
