Model: GRU
MSE: 25.980192840092453
MAE: 3.701342079374525
EVS: -0.00346238476017402
