Model: GRU
MSE: 19.909054248081905
MAE: 3.5256738662719727
EVS: 0.3257597021693184
