Model: GRU
MSE: 37.49292138589803
MAE: 5.10904038393939
EVS: 0.22981956839736828
