Model: GRU
MSE: 25.430608727853773
MAE: 3.7862606048583984
EVS: 0.09567131109465399
