Model: GRU
MSE: 20.78858818442284
MAE: 3.2365252353526928
EVS: 0.18954267067211872
