Model: GRU
MSE: 28.153666701256466
MAE: 4.042196909586589
EVS: 0.03626116870592666
