Model: GRU
MSE: 24.19879575372823
MAE: 3.9288947140728987
EVS: 0.2511327914733379
