Model: GRU
MSE: 27.164494310390765
MAE: 4.071887811024983
EVS: 0.10875692384086022
