Model: GRU
MSE: 25.277608019698157
MAE: 4.129343227103904
EVS: 0.22087259294100225
