Model: GRU
MSE: 21.427225859627015
MAE: 3.4247267334549516
EVS: 0.1647945712802248
