Model: GRU
MSE: 18.389767897901258
MAE: 3.389754154064037
EVS: 0.29648143709372154
