Model: GRU
MSE: 25.07424290939057
MAE: 3.5889782728972257
EVS: 0.14954602535775552
