Model: GRU
MSE: 24.437121644404854
MAE: 3.658791012234158
EVS: 0.1171314397444505
