Model: GRU
MSE: 19.99091002196196
MAE: 3.3507073720296225
EVS: 0.21730034527945352
