Model: GRU
MSE: 31.104087189140046
MAE: 4.4878678498444735
EVS: 0.2658679075348135
