Model: GRU
MSE: 829.6322916105039
MAE: 28.283274923052108
EVS: -0.1784073800244934
