Model: GRU
MSE: 49.755221676343545
MAE: 5.512646657449228
EVS: -0.11881541873741952
