Model: GRU
MSE: 23.241541611589177
MAE: 3.7990181887591326
EVS: 0.1988095525981055
