Model: GRU
MSE: 33.83632863207584
MAE: 4.658232282709192
EVS: 0.16446874416085422
