Model: GRU
MSE: 23.453480162475437
MAE: 3.449751200499358
EVS: 0.10146133854314476
