Model: GRU
MSE: 27.671671751260842
MAE: 4.187379307217068
EVS: 0.26567630780299156
