Model: GRU
MSE: 18.309129485120106
MAE: 3.112695305435746
EVS: 0.2872562257767205
