Model: GRU
MSE: 21.31266138755817
MAE: 3.731376983501293
EVS: 0.3653386585507583
