Model: GRU
MSE: 23.63052867081292
MAE: 3.59352805879381
EVS: 0.10100377661091153
