Model: GRU
MSE: 24.868308966614357
MAE: 3.3910533763744213
EVS: 0.07846428909724945
