Model: GRU
MSE: 21.92834709282977
MAE: 3.392455401243987
EVS: 0.16905083673638044
