Model: GRU
MSE: 20.49706908887965
MAE: 3.283097991236934
EVS: 0.21765923365472195
