Model: GRU
MSE: 16.274653766752106
MAE: 2.9429944179676197
EVS: 0.36186401110225264
