Model: GRU
MSE: 32.227265560641236
MAE: 4.325366691306785
EVS: 0.012486852027970952
