Model: GRU
MSE: 29.209858868219825
MAE: 4.097112302426939
EVS: 0.10937131885373519
