Model: GRU
MSE: 33.63993285460023
MAE: 4.023704087292707
EVS: -0.22228733518674604
