Model: GRU
MSE: 27.892476370219804
MAE: 4.098173547674109
EVS: 0.10605010504520651
