Model: GRU
MSE: 16.535367807472102
MAE: 3.178613309507017
EVS: 0.36989451240841587
