Model: GRU
MSE: 22.178480139865922
MAE: 3.5794588371559426
EVS: 0.3071276863461174
