Model: GRU
MSE: 18.584443723556568
MAE: 3.3092476526896157
EVS: 0.27577503431823835
