Model: GRU
MSE: 20.8989550034313
MAE: 3.373419161196108
EVS: 0.21315756990765933
