Model: GRU
MSE: 1097.5240337823207
MAE: 32.6667269953975
EVS: -0.1936327421853572
