Model: GRU
MSE: 22.45615888273117
MAE: 3.7645405486777976
EVS: 0.3271627683271072
