Model: GRU
MSE: 19.555336788151365
MAE: 3.518580189457646
EVS: 0.2881606589241362
