Model: GRU
MSE: 30.45473589805451
MAE: 3.9579764825326427
EVS: -0.06203229666282306
