Model: GRU
MSE: 16.535258253569847
MAE: 2.983875045069942
EVS: 0.35131457441751024
