Model: GRU
MSE: 25.246070836753137
MAE: 3.8795856067112515
EVS: 0.05719899760573621
