Model: GRU
MSE: 751.2125471117307
MAE: 26.898089161625617
EVS: -0.08750794991722288
