Model: GRU
MSE: 30.110243755862037
MAE: 4.247084882524279
EVS: 0.11256068420902532
