Model: GRU
MSE: 17.933932474845378
MAE: 3.4115734453554505
EVS: 0.2960704418044606
