Model: GRU
MSE: 29.318634565548447
MAE: 4.406545603716815
EVS: 0.32319598079717393
