Model: GRU
MSE: 23.518150295646677
MAE: 3.4404697065000183
EVS: 0.13032128474334115
