Model: GRU
MSE: 20.28114277721809
MAE: 3.517056836022271
EVS: 0.2427438405834923
