Model: GRU
MSE: 16.294958396932255
MAE: 3.073471917046441
EVS: 0.38248488741488984
