Model: GRU
MSE: 20.80126398110155
MAE: 3.2666875344735606
EVS: 0.2406368698621829
