Model: GRU
MSE: 17.112070457709645
MAE: 3.002242671118842
EVS: 0.3451541294517946
