Model: GRU
MSE: 20.628364314740768
MAE: 3.5755192968580456
EVS: 0.19330618698574142
