Model: GRU
MSE: 38.65084092456931
MAE: 5.37592257393731
EVS: 0.2976485249314479
