Model: GRU
MSE: 20.038941215368688
MAE: 3.218116212774206
EVS: 0.28264863878430946
