Model: GRU
MSE: 17.592326427128356
MAE: 3.0705822308858237
EVS: 0.3258239405069475
