Model: GRU
MSE: 24.74294804879819
MAE: 3.9105683962504068
EVS: 0.27726988791986884
