Model: GRU
MSE: 33.9435692508147
MAE: 4.403454983675921
EVS: 0.014236575886783842
