Model: GRU
MSE: 20.118839289939682
MAE: 3.3971362113952637
EVS: 0.2859625909277942
