Model: GRU
MSE: 25.57427685141813
MAE: 4.013498359256321
EVS: 0.27090554843107506
