Model: GRU
MSE: 19.620343549187997
MAE: 3.498058001200358
EVS: 0.28021150089011737
