Model: GRU
MSE: 22.684076587445336
MAE: 3.823162732300935
EVS: 0.2778190994090739
