Model: GRU
MSE: 24.208990588605133
MAE: 4.037534960994014
EVS: 0.2565257788004395
