Model: GRU
MSE: 29.59628193887931
MAE: 3.959831679308856
EVS: -0.012627961571975765
