Model: GRU
MSE: 21.774943858968957
MAE: 3.622706748821117
EVS: 0.28043100859235726
