Model: GRU
MSE: 22.334530748388925
MAE: 3.524476916701705
EVS: 0.13248756778625925
