Model: GRU
MSE: 1268.3985004361225
MAE: 35.29480128818088
EVS: 0.10992670168974816
