Model: GRU
MSE: 25.8522565057751
MAE: 3.8502894154301397
EVS: 0.07562061048593338
