Model: GRU
MSE: 29.464507473301072
MAE: 4.152087087984438
EVS: 0.033880325995462535
