Model: GRU
MSE: 20.43466368044247
MAE: 3.3624869805795177
EVS: 0.20319182807679803
