Model: GRU
MSE: 20.267763413706117
MAE: 3.522406578063965
EVS: 0.2812905829804161
