Model: GRU
MSE: 20.51412640628116
MAE: 3.543547365400526
EVS: 0.3618290832631428
