Model: GRU
MSE: 20.981466276047765
MAE: 3.294924683041043
EVS: 0.2404132142034412
