Model: GRU
MSE: 18.33297018093672
MAE: 3.20791083795053
EVS: 0.2823402536554539
