Model: GRU
MSE: 17.836888394297805
MAE: 3.0465754403008356
EVS: 0.3471805087916616
