Model: GRU
MSE: 21.074811377372363
MAE: 3.395703174449779
EVS: 0.17284472136464457
