Model: GRU
MSE: 19.797808194548402
MAE: 3.501723042240849
EVS: 0.22513877796926163
