Model: GRU
MSE: 22.606630472502907
MAE: 3.585019482506646
EVS: 0.1187250743921684
