Model: GRU
MSE: 22.67741998893668
MAE: 3.6821959636829518
EVS: 0.3427499091089219
