Model: GRU
MSE: 21.33410745829053
MAE: 3.4067145276952675
EVS: 0.30824986757725104
