Model: GRU
MSE: 21.892069322531068
MAE: 3.430856528105559
EVS: 0.15520736531691504
