Model: GRU
MSE: 18.125453558720405
MAE: 3.0104749467637806
EVS: 0.329412284490721
