Model: GRU
MSE: 42.05156853010672
MAE: 5.400739440211543
EVS: 0.2405225826108156
