Model: GRU
MSE: 19.378253603699562
MAE: 3.5956231046605995
EVS: 0.3673747266281697
