Model: GRU
MSE: 35.12096012993177
MAE: 4.786834870065961
EVS: 0.15549963064545014
