Model: GRU
MSE: 21.30396211530913
MAE: 3.508160767731843
EVS: 0.1801964163804688
