Model: GRU
MSE: 28.762109800977207
MAE: 3.9717713285375527
EVS: 0.0011704938864656178
