Model: GRU
MSE: 33.79381062925462
MAE: 4.588963490945321
EVS: 0.12542368595082354
