Model: GRU
MSE: 4034.1539370288892
MAE: 63.10737948947482
EVS: -0.977587450815701
