Model: GRU
MSE: 27.63522108608983
MAE: 3.967155933380127
EVS: -0.08225608193506306
