Model: GRU
MSE: 32.541396934502956
MAE: 4.06632426933006
EVS: -0.06317371884435175
