Model: GRU
MSE: 19.247261312742417
MAE: 3.387954323380082
EVS: 0.2592615196977158
