Model: GRU
MSE: 29.667561724372472
MAE: 4.1346450911627874
EVS: 0.06323439219834426
