Model: GRU
MSE: 20.162934904263206
MAE: 3.173624603836625
EVS: 0.30670220380780355
