Model: GRU
MSE: 27.259909265862614
MAE: 3.9113672309451633
EVS: -0.05925851999523113
