Model: GRU
MSE: 18.522315070728204
MAE: 3.213398668501112
EVS: 0.28058763152637833
