Model: GRU
MSE: 23.79549261160884
MAE: 3.656502017268428
EVS: 0.05821472876147804
