Model: GRU
MSE: 26.489416237894694
MAE: 3.7593483571653015
EVS: 0.1378494664672949
