Model: GRU
MSE: 33.962403668770044
MAE: 4.535031813162345
EVS: -0.07947898106416895
