Model: GRU
MSE: 29.856326600938118
MAE: 4.088269781183313
EVS: 0.05088384192969675
