Model: GRU
MSE: 18.595815861857005
MAE: 3.291676821532073
EVS: 0.3202344212331276
