Model: GRU
MSE: 16.8697122917734
MAE: 3.261056069974546
EVS: 0.33932483598088226
