Model: GRU
MSE: 31.304767669165223
MAE: 4.059693548414442
EVS: -0.21715125062268448
