Model: GRU
MSE: 24.35237750696407
MAE: 3.8681928316752114
EVS: 0.07700666092824715
