Model: GRU
MSE: 2145.0466304460074
MAE: 45.98211705243146
EVS: -0.20472399249418016
