Model: GRU
MSE: 16048.469174960524
MAE: 126.58196230287905
EVS: -2.220446049250313e-16
