Model: GRU
MSE: 24.170476825409448
MAE: 3.5175247015776456
EVS: 0.08189205379456066
