Model: GRU
MSE: 19.64474954760264
MAE: 3.3339604095176414
EVS: 0.24223981646036308
