Model: GRU
MSE: 19.518581564593795
MAE: 3.4499347474839954
EVS: 0.24433818354376147
