Model: GRU
MSE: 19.694581275961195
MAE: 3.242989522439462
EVS: 0.22751520832386463
