Model: GRU
MSE: 22.946129273082324
MAE: 3.498230951803702
EVS: 0.1062400931788493
