Model: GRU
MSE: 26.45468219989779
MAE: 4.104357578136303
EVS: 0.23877987513392074
