Model: GRU
MSE: 25.993092120549743
MAE: 3.8536990836814597
EVS: 0.24521844112542968
