Model: GRU
MSE: 26.834575961765605
MAE: 4.118821303049724
EVS: 0.1478129757590536
