Model: GRU
MSE: 20.352997181358973
MAE: 3.353938932772036
EVS: 0.21493615675998456
