Model: GRU
MSE: 21.257169736892795
MAE: 3.7695839493362993
EVS: 0.3549548217582229
