Model: GRU
MSE: 46.667330462541315
MAE: 4.860615765606916
EVS: -0.4027473576224252
