Model: GRU
MSE: 33.74632781493067
MAE: 4.161648820947717
EVS: -0.2220967630214734
