Model: GRU
MSE: 24.939720898462955
MAE: 3.868024790728534
EVS: 0.12918668327865668
