Model: GRU
MSE: 23.652379808543795
MAE: 3.4764988599000155
EVS: 0.12742885523561864
