Model: GRU
MSE: 26.496780860658554
MAE: 3.976699157997414
EVS: 0.18219903249128777
