Model: GRU
MSE: 38.742305906427156
MAE: 4.47897610840974
EVS: -0.37487809138199313
