Model: GRU
MSE: 24.64137532384454
MAE: 3.7748402136343495
EVS: 0.27569854808086725
