Model: GRU
MSE: 19.59202304004096
MAE: 3.245817855552391
EVS: 0.2975813016154285
