Model: GRU
MSE: 22.569438493530168
MAE: 3.466447194417318
EVS: 0.18468588125356322
