Model: GRU
MSE: 30.54977814001149
MAE: 4.39591066925614
EVS: 0.2183137640667493
