Model: GRU
MSE: 38.00715111745455
MAE: 4.27283961964505
EVS: -0.21754396087265748
