Model: GRU
MSE: 18.06489060487291
MAE: 3.0934441177933305
EVS: 0.34281781431913483
