Model: GRU
MSE: 20.31989411277753
MAE: 3.523928571630407
EVS: 0.20398022760556123
