Model: GRU
MSE: 18.561876016645297
MAE: 3.1496405260903493
EVS: 0.285542840719725
