Model: GRU
MSE: 35.134741500458766
MAE: 4.415198273128933
EVS: -0.04978946737231538
