Model: GRU
MSE: 25.844599838944017
MAE: 3.6748649455882885
EVS: 0.13871947399666973
