Model: GRU
MSE: 19.278899864510542
MAE: 3.310243942119457
EVS: 0.3435603114441763
