Model: GRU
MSE: 22.813279591358306
MAE: 3.7331758075290256
EVS: 0.24578859588957047
