Model: GRU
MSE: 28.749167064281597
MAE: 4.390551390471281
EVS: 0.28915312405662763
