Model: GRU
MSE: 1368.3864519603765
MAE: 36.60950724283854
EVS: -0.10419365110709955
