Model: GRU
MSE: 21.81707574678144
MAE: 3.7473785082499185
EVS: 0.18768548038084631
