Model: GRU
MSE: 27.279868918392626
MAE: 3.84613416813038
EVS: -0.0251717356775647
