Model: GRU
MSE: 22.579329210995713
MAE: 3.345895149089672
EVS: 0.13414153338259438
