Model: GRU
MSE: 21.360641114344194
MAE: 3.5850208776968495
EVS: 0.1537296791881435
