Model: GRU
MSE: 17.86355869757538
MAE: 3.17768798051057
EVS: 0.3232527889271609
