Model: GRU
MSE: 19.78921749689587
MAE: 3.3270100487603083
EVS: 0.27379911806101376
