Model: GRU
MSE: 20.469406302728473
MAE: 3.4017169740464954
EVS: 0.20613270107010107
