Model: GRU
MSE: 25.849306197927103
MAE: 4.2767617967393665
EVS: 0.22795753263670093
