Model: GRU
MSE: 18.431434071014078
MAE: 3.1409782303704157
EVS: 0.27729080872124234
