Model: GRU
MSE: 22.091887026566148
MAE: 3.649063922740795
EVS: 0.1926791818889827
