Model: GRU
MSE: 28.939215237119225
MAE: 4.406294540122703
EVS: 0.2970580194932789
