Model: GRU
MSE: 26.453949001751315
MAE: 3.850127591027154
EVS: 0.17416135573829872
