Model: GRU
MSE: 17.107915113617512
MAE: 3.03656475632279
EVS: 0.33686304044149895
