Model: GRU
MSE: 25.25597023296477
MAE: 3.67130473808006
EVS: 0.028464170865580174
