Model: GRU
MSE: 19.840776910938683
MAE: 3.43277464972602
EVS: 0.26641113177521614
