Model: GRU
MSE: 20.097214511401976
MAE: 3.3268761811433016
EVS: 0.3518620429650464
