Model: GRU
MSE: 24.880998641900995
MAE: 3.6440304120381675
EVS: 0.1625474265864636
