Model: GRU
MSE: 22.310397410008036
MAE: 3.705375424137822
EVS: 0.19397648208205498
