Model: GRU
MSE: 38.832128046101474
MAE: 4.99365954928928
EVS: 0.17239133440930587
