Model: GRU
MSE: 17.857608836453522
MAE: 3.0718986016732677
EVS: 0.3370345126476063
