Model: GRU
MSE: 19.96702552439173
MAE: 3.288538685551396
EVS: 0.2525711620511175
