Model: GRU
MSE: 2111.534695622027
MAE: 45.57001241048177
EVS: -0.33755999383902036
