Model: GRU
MSE: 19.53674159294888
MAE: 3.2019847763909235
EVS: 0.23929769743284834
