Model: GRU
MSE: 21.787158952956748
MAE: 3.864619113780834
EVS: 0.3314379436910292
