Model: GRU
MSE: 31.91130194802947
MAE: 4.6820849842495385
EVS: 0.24656131510026225
