Model: GRU
MSE: 38.79538487417934
MAE: 5.335760611074942
EVS: 0.0
