Model: GRU
MSE: 29.68718897564411
MAE: 4.294637485786721
EVS: 0.2175577009471238
