Model: GRU
MSE: 31.4044303164095
MAE: 4.325940767923991
EVS: 0.13313822063501402
