Model: GRU
MSE: 20.27967387317522
MAE: 3.42909754647149
EVS: 0.2268639152913261
