Model: GRU
MSE: 25.474029931910124
MAE: 3.7796287360014738
EVS: 0.1408273971812226
