Model: GRU
MSE: 22.28830283794924
MAE: 3.4652384475425437
EVS: 0.26106742797139004
