Model: GRU
MSE: 23.0041578297774
MAE: 3.6324394190752947
EVS: 0.1237825498610956
