Model: GRU
MSE: 28.864954839833842
MAE: 3.975313033376421
EVS: 0.09625495952522123
