Model: GRU
MSE: 17.36125648789097
MAE: 3.195328129662408
EVS: 0.324128684011323
