Model: GRU
MSE: 35.33914005212214
MAE: 4.174733850691053
EVS: -0.2461627254936034
