Model: GRU
MSE: 17.04241872124917
MAE: 3.067553661487721
EVS: 0.34832115779971895
