Model: GRU
MSE: 26.234368136534016
MAE: 4.07057488406146
EVS: 0.32730445651504714
