Model: GRU
MSE: 20.547722437539033
MAE: 3.293836028487594
EVS: 0.28799037237418545
