Model: GRU
MSE: 18.535725376997704
MAE: 3.325355158911811
EVS: 0.38732229939711815
