Model: GRU
MSE: 25.089540615493426
MAE: 3.860345098707411
EVS: 0.12861952261042398
