Model: GRU
MSE: 20.86574740432743
MAE: 3.638230482737223
EVS: 0.28850627455491085
