Model: GRU
MSE: 19.319578626041288
MAE: 3.1788326192785195
EVS: 0.2865444800585768
