Model: GRU
MSE: 26.33319794330528
MAE: 3.808303135412711
EVS: 0.11970396873766376
