Model: GRU
MSE: 26.40547226112
MAE: 4.222530947791205
EVS: 0.3829234316014697
