Model: GRU
MSE: 24.86326496987776
MAE: 3.899719308923792
EVS: 0.02670392535743782
