Model: GRU
MSE: 21.376301637682225
MAE: 3.700444645351834
EVS: 0.29838892050487253
