Model: GRU
MSE: 24.243877003866153
MAE: 3.4971423855534307
EVS: 0.09941550071828964
