Model: GRU
MSE: 20.197462501874117
MAE: 3.7927222428498446
EVS: 0.21548575217739063
