Model: GRU
MSE: 26.033810408470927
MAE: 3.9927093187967935
EVS: 0.26095994285113233
