Model: GRU
MSE: 15.091253205287481
MAE: 3.0055960019429526
EVS: 0.423596030446733
