Model: GRU
MSE: 26.531532460879085
MAE: 3.7705966808177807
EVS: 0.14465183312015562
