Model: GRU
MSE: 18.222742956730002
MAE: 3.231631791150128
EVS: 0.30281376652104874
