Model: GRU
MSE: 20.388017172315887
MAE: 3.499779295038294
EVS: 0.19191562286203712
