Model: GRU
MSE: 16.437863627465866
MAE: 2.9970789838720253
EVS: 0.3756289747992899
