Model: GRU
MSE: 20.1090238736466
MAE: 3.3370343446731567
EVS: 0.2566978845046364
