Model: GRU
MSE: 50.20366264649751
MAE: 6.048853203102395
EVS: 0.11731930726584261
