Model: GRU
MSE: 26.700415077535176
MAE: 3.7720520584671586
EVS: 0.06733174156218957
