Model: GRU
MSE: 19.389472003313713
MAE: 3.4392136644434044
EVS: 0.2991127252425525
