Model: GRU
MSE: 19.522174070317583
MAE: 3.148148201130055
EVS: 0.23534214032904344
