Model: GRU
MSE: 22.335099721409893
MAE: 3.6260260299400047
EVS: 0.16357118163182283
