Model: GRU
MSE: 16.811815823001663
MAE: 3.2778025733100042
EVS: 0.35284649252768296
