Model: GRU
MSE: 23.491915764381044
MAE: 3.7337720305831343
EVS: 0.13438679202284054
