Model: GRU
MSE: 1858.7292096949457
MAE: 42.76931805080838
EVS: -0.158527615031671
