Model: GRU
MSE: 276.9259485409641
MAE: 15.831729292869568
EVS: -0.007032160453659619
