Model: GRU
MSE: 19.60564135198787
MAE: 3.330921932503029
EVS: 0.23276964006760514
