Model: GRU
MSE: 21.47387849404599
MAE: 3.4243885852672435
EVS: 0.20652746664188104
