Model: GRU
MSE: 20.502498071625073
MAE: 3.383580543376781
EVS: 0.2752703285610827
