Model: GRU
MSE: 22.637476283446336
MAE: 3.6101630705374257
EVS: 0.24823081234273214
