Model: GRU
MSE: 18.015375099974747
MAE: 3.3002147144741483
EVS: 0.29302959427815345
