Model: GRU
MSE: 19.902287267026185
MAE: 3.323813791628237
EVS: 0.2398585966837986
