Model: GRU
MSE: 19.732761982165695
MAE: 3.2988451851738825
EVS: 0.3523632195659193
