Model: GRU
MSE: 34.157659129008344
MAE: 4.449642375663474
EVS: 0.008754992639146253
