Model: GRU
MSE: 26.106555246520664
MAE: 4.196447884594953
EVS: 0.25933389457562883
