Model: GRU
MSE: 707.1732407647784
MAE: 26.07691687124747
EVS: -0.06640183333885896
