Model: GRU
MSE: 24.57671128293038
MAE: 3.669272087238453
EVS: 0.10912140993008557
