Model: GRU
MSE: 28.376636395868825
MAE: 3.77767041877464
EVS: -0.07904894090964798
