Model: GRU
MSE: 18.674697500792416
MAE: 3.0475616455078125
EVS: 0.28590104958675555
