Model: GRU
MSE: 19.203152030496
MAE: 3.420862286179154
EVS: 0.273901699126067
