Model: GRU
MSE: 23.74310544592445
MAE: 3.777599564305058
EVS: 0.05874130279021794
