Model: GRU
MSE: 26.61827434979575
MAE: 3.988184858251501
EVS: 0.1731582335711629
