Model: GRU
MSE: 22.764006948656668
MAE: 3.5801093843248157
EVS: 0.10452173302162415
