Model: GRU
MSE: 31.647896674542928
MAE: 4.4269595322785555
EVS: 0.12735160079219665
