Model: GRU
MSE: 20.93625587642543
MAE: 3.4480776963410555
EVS: 0.2018758247404936
