Model: GRU
MSE: 27.628058613545235
MAE: 3.983227358924018
EVS: 0.17169799769553418
