Model: GRU
MSE: 18.136707208967252
MAE: 3.1848005365442345
EVS: 0.2885754167478227
