Model: GRU
MSE: 19.371134663027828
MAE: 3.325583546249955
EVS: 0.24589531581855428
