Model: GRU
MSE: 36.8977370212824
MAE: 5.172784399103235
EVS: 0.31502171943122914
