Model: GRU
MSE: 23.581259904207442
MAE: 3.614498226730912
EVS: 0.13389578791451584
