Model: GRU
MSE: 42.354987193988094
MAE: 4.735052921153881
EVS: -0.3167998341596523
