Model: GRU
MSE: 42.759487129461455
MAE: 5.333892981211345
EVS: 0.07789148571450288
