Model: GRU
MSE: 24.640097416959946
MAE: 3.8036196143538863
EVS: 0.23672536721526571
