Model: GRU
MSE: 20.47355013938324
MAE: 3.2537314803512007
EVS: 0.2163557016967187
