Model: GRU
MSE: 4210.417837153168
MAE: 64.70349530820494
EVS: 0.05334151704759882
