Model: GRU
MSE: 31.048184443838856
MAE: 4.29543071322971
EVS: -0.07067695347138403
