Model: GRU
MSE: 30.013660027728267
MAE: 4.012156963348389
EVS: -0.1335379998408468
