Model: GRU
MSE: 24.343064853642435
MAE: 4.062405833491573
EVS: 0.28207472406779077
