Model: GRU
MSE: 19.064450606531604
MAE: 3.322587737330684
EVS: 0.31335411829467463
