Model: GRU
MSE: 26.090766677114043
MAE: 3.841247134738498
EVS: 0.26959069170190275
