Model: GRU
MSE: 24.811510724961273
MAE: 3.636064953274197
EVS: 0.04764052667038221
