Model: GRU
MSE: 22.38963895648138
MAE: 3.8161208717911332
EVS: 0.3161292420050229
