Model: GRU
MSE: 19.2264801855509
MAE: 3.2217504889876754
EVS: 0.24532632212808847
