Model: GRU
MSE: 29.736339971124583
MAE: 4.2822113037109375
EVS: 0.13264088523041595
