Model: GRU
MSE: 21.472231388647945
MAE: 3.3865635130140515
EVS: 0.1763118665183201
