Model: GRU
MSE: 854.8869648585357
MAE: 28.806448689213507
EVS: 0.015721299460220495
