Model: GRU
MSE: 28.6156918557752
MAE: 4.394229818273474
EVS: 0.3166516567544484
