Model: GRU
MSE: 18.16150664370958
MAE: 3.4214659443608038
EVS: 0.3161621578297984
