Model: GRU
MSE: 29.597172337960895
MAE: 4.624558378148962
EVS: 0.2845030608626742
