Model: GRU
MSE: 24.296598448317642
MAE: 3.689437919192844
EVS: 0.15414416759690364
