Model: GRU
MSE: 18.413926414057944
MAE: 3.2548988130357532
EVS: 0.285501060399319
