Model: GRU
MSE: 24.348962169660975
MAE: 3.689907179938422
EVS: 0.08094721668532034
