Model: GRU
MSE: 39.12278826076661
MAE: 4.861442036098904
EVS: -0.03739712813270568
