Model: GRU
MSE: 39.84572719952231
MAE: 4.604099397306089
EVS: -0.4143002566009206
