Model: GRU
MSE: 16.81070921770025
MAE: 3.0086532875343606
EVS: 0.3573289173475038
