Model: GRU
MSE: 24.145196484090086
MAE: 3.902050088953089
EVS: 0.1865068430023551
