Model: GRU
MSE: 25.532523820788583
MAE: 3.5595820215013294
EVS: 0.02849054114265559
