Model: GRU
MSE: 26.393017397350015
MAE: 3.508518625188757
EVS: 0.09181081409115277
