Model: GRU
MSE: 21.429529253513138
MAE: 3.497461230666549
EVS: 0.21935348308855918
