Model: GRU
MSE: 22.30866538304846
MAE: 3.755761976595278
EVS: 0.266371120196636
