Model: GRU
MSE: 22.20531908000068
MAE: 3.543054298118309
EVS: 0.13508098025065507
