Model: GRU
MSE: 19.236186576407658
MAE: 3.2916916564658836
EVS: 0.24617683728512618
