Model: GRU
MSE: 26.019176477907607
MAE: 3.943005738434968
EVS: 0.2543512058889196
