Model: GRU
MSE: 31.627993464324046
MAE: 4.164332018958198
EVS: -0.08917077484187397
