Model: GRU
MSE: 21.026972918486276
MAE: 3.516917069753011
EVS: 0.24960100658546747
