Model: GRU
MSE: 28.740663994660704
MAE: 4.244542863633898
EVS: 0.2232709303499394
