Model: GRU
MSE: 26.090629346735415
MAE: 3.8425959834346064
EVS: 0.026784220695240668
