Model: GRU
MSE: 38.246837148706845
MAE: 4.547725659829599
EVS: -0.17317927216161944
