Model: GRU
MSE: 27.870514751509198
MAE: 3.749085302706118
EVS: -0.0005493975315029598
