Model: GRU
MSE: 26.202866771177536
MAE: 4.207358890109592
EVS: 0.29217669311055916
