Model: GRU
MSE: 15.682887054307011
MAE: 3.0663586722479925
EVS: 0.3858184194590496
