Model: GRU
MSE: 18.310137725146483
MAE: 3.2478709397492587
EVS: 0.32805203662294635
