Model: GRU
MSE: 23.50464844959362
MAE: 3.7033317000777632
EVS: 0.17759633343411652
