Model: GRU
MSE: 31.86699270191122
MAE: 3.9802779444941767
EVS: -0.09167040503398804
