Model: GRU
MSE: 38.31414078962797
MAE: 5.02729246351454
EVS: 0.12235204906127373
