Model: GRU
MSE: 17.578597563503468
MAE: 3.154571957058377
EVS: 0.3323804802949245
