Model: GRU
MSE: 21.65583881612668
MAE: 3.6000851878413447
EVS: 0.22557439836181747
