Model: GRU
MSE: 289.3277952478601
MAE: 16.250577065679764
EVS: 0.00900668402370719
