Model: GRU
MSE: 19.36485453642618
MAE: 3.5432764335914895
EVS: 0.2779351696289941
