Model: GRU
MSE: 22.960019640343244
MAE: 3.7433852266382286
EVS: 0.3507306994889311
