Model: GRU
MSE: 21.93845693196682
MAE: 3.5350984467400446
EVS: 0.16787444423897568
