Model: GRU
MSE: 20.785166326893357
MAE: 3.371043152279324
EVS: 0.22027040415133903
