Model: GRU
MSE: 17.83774935928514
MAE: 3.17281436920166
EVS: 0.3134109920117668
