Model: GRU
MSE: 16.711964191399233
MAE: 3.003093542876067
EVS: 0.34402385341340225
