Model: GRU
MSE: 21.11852955512651
MAE: 3.291681660546197
EVS: 0.1946075654068785
