Model: GRU
MSE: 24.47274348852521
MAE: 3.5860818403738515
EVS: 0.11229463954501773
