Model: GRU
MSE: 20.85638495761141
MAE: 3.4162610371907554
EVS: 0.28667469565464576
