Model: GRU
MSE: 19.14281879028437
MAE: 3.2556942657188133
EVS: 0.2570441998302905
