Model: GRU
MSE: 26.701688599789545
MAE: 4.193112373352051
EVS: 0.3511378599173358
