Model: GRU
MSE: 309.15565971323224
MAE: 16.845721350775825
EVS: -0.006204446010313003
