Model: GRU
MSE: 27.895286863893126
MAE: 3.9556372783802174
EVS: 0.20123677162614118
