Model: GRU
MSE: 22.774410739015906
MAE: 3.420662703337493
EVS: 0.09714003838742791
