Model: GRU
MSE: 274.93669747430863
MAE: 15.789249998551828
EVS: -0.006291705096192812
