Model: GRU
MSE: 16.180802206061294
MAE: 3.0758994067156755
EVS: 0.3806354177591609
