Model: GRU
MSE: 16.335062324410803
MAE: 3.0796033364755138
EVS: 0.36770647070364415
