Model: GRU
MSE: 16.1608054386786
MAE: 3.096120834350586
EVS: 0.38220356606660766
