Model: GRU
MSE: 23.883358490566664
MAE: 3.7555611221878618
EVS: 0.18809682506189007
