Model: GRU
MSE: 23.877644787798367
MAE: 3.6260875595940485
EVS: 0.20443297401278993
