Model: GRU
MSE: 23.865039684601747
MAE: 3.520848115285238
EVS: 0.10028077645368905
