Model: GRU
MSE: 20.13726473121454
MAE: 3.475973712073432
EVS: 0.2056414708611628
