Model: GRU
MSE: 21.798588486643254
MAE: 3.556985996387623
EVS: 0.20837220064749606
