Model: GRU
MSE: 28.79562316860881
MAE: 4.149654635676631
EVS: 0.11791885410573844
