Model: GRU
MSE: 26.056686900831696
MAE: 4.1249956908049406
EVS: 0.2900685534981683
