Model: GRU
MSE: 19.822993803257262
MAE: 3.5827065397191933
EVS: 0.2687391506334844
