Model: GRU
MSE: 31.52504368792306
MAE: 4.545590647944698
EVS: 0.21548143120580598
