Model: GRU
MSE: 25.36466905597152
MAE: 4.075897622991492
EVS: 0.37885112995379644
