Model: GRU
MSE: 22176.9597510793
MAE: 148.83165317111545
EVS: 2.220446049250313e-16
