Model: GRU
MSE: 26.594961070660517
MAE: 3.9134437066537364
EVS: -0.04331624968288561
