Model: GRU
MSE: 27.703091279173265
MAE: 4.20062725632279
EVS: 0.12647369641433293
