Model: GRU
MSE: 18.567787506925303
MAE: 3.489510500872577
EVS: 0.2991759856795492
