Model: GRU
MSE: 25.3865528079547
MAE: 4.163357964268437
EVS: 0.36343327941276415
