Model: GRU
MSE: 23.099772400278585
MAE: 3.535955817611129
EVS: 0.1410903037919381
