Model: GRU
MSE: 32.302776390448535
MAE: 4.104769123925103
EVS: -0.19989234275281453
