Model: GRU
MSE: 34.91499917093626
MAE: 4.509769951855695
EVS: -0.11665690039796583
