Model: GRU
MSE: 729.4903688869243
MAE: 26.542412404660826
EVS: 0.019048594352297776
