Model: GRU
MSE: 20.0718608859094
MAE: 3.1703326260602034
EVS: 0.2312338955636375
