Model: GRU
MSE: 19.644433534980298
MAE: 3.214193414758753
EVS: 0.25366931963874517
