Model: GRU
MSE: 25.01816070063553
MAE: 3.6023016858983925
EVS: 0.25388944019335324
