Model: GRU
MSE: 20.76422438938513
MAE: 3.3744210843686706
EVS: 0.1980604472991745
