Model: GRU
MSE: 18.883783891958526
MAE: 3.2711668191132723
EVS: 0.25965858284945253
