Model: GRU
MSE: 983.6168206621068
MAE: 30.95421889976219
EVS: 0.0008965909184738274
