Model: GRU
MSE: 23.465629963669986
MAE: 3.4634046731171786
EVS: 0.1452293256668311
