Model: GRU
MSE: 21.17643317667895
MAE: 3.4580136405097113
EVS: 0.17333979582614167
