Model: GRU
MSE: 30.525776144359927
MAE: 4.340767312932898
EVS: 0.04786489883027134
