Model: GRU
MSE: 19.826843064750324
MAE: 3.2996286816067166
EVS: 0.2901307235121341
