Model: GRU
MSE: 21.417509382010806
MAE: 3.2737282117207847
EVS: 0.18912526411696384
