Model: GRU
MSE: 16.4127182623738
MAE: 2.916016613995587
EVS: 0.3871377100723744
