Model: GRU
MSE: 17.876322687278893
MAE: 3.128753697430646
EVS: 0.3098337546073737
