Model: GRU
MSE: 23.168590630775658
MAE: 3.5855399944164135
EVS: 0.09793344303421436
