Model: GRU
MSE: 18.837777150949872
MAE: 3.4107889422663935
EVS: 0.30940358766718845
