Model: GRU
MSE: 16.883713694543886
MAE: 2.974114841885037
EVS: 0.4202928919662866
