Model: GRU
MSE: 26.23698915675688
MAE: 4.046267792030617
EVS: 0.24174152438398233
