Model: GRU
MSE: 28.173684726595
MAE: 4.168858104281956
EVS: 0.20676015103353862
