Model: GRU
MSE: 19.455063080736696
MAE: 3.4375558959113226
EVS: 0.2629278425338887
