Model: GRU
MSE: 18.661994012934397
MAE: 3.4462401778609664
EVS: 0.3059660518580033
