Model: GRU
MSE: 35.32191964562193
MAE: 4.226026093518293
EVS: -0.03990878144779941
