Model: GRU
MSE: 18.99039929407413
MAE: 3.5112275370845087
EVS: 0.29489748679339167
