Model: GRU
MSE: 21.735365336966137
MAE: 3.3779169718424478
EVS: 0.15830518975760877
