Model: GRU
MSE: 23.867380753243264
MAE: 3.926681306627062
EVS: 0.24487014438234656
