Model: GRU
MSE: 26.19355023324886
MAE: 3.806207709842258
EVS: 0.06745970684553604
