Model: GRU
MSE: 19.85820228820256
MAE: 3.1128625163325556
EVS: 0.2593745394279886
