Model: GRU
MSE: 791.7432645614704
MAE: 27.661366003530997
EVS: -0.04380990373378868
