Model: GRU
MSE: 12307.287024071233
MAE: 110.82052273220486
EVS: 2.220446049250313e-16
