Model: GRU
MSE: 17.799015307407664
MAE: 3.2660733328925238
EVS: 0.30146721766000506
