Model: GRU
MSE: 17.06475060949873
MAE: 3.0476681675229753
EVS: 0.32384316872045904
