Model: GRU
MSE: 16.857497174073778
MAE: 3.0657316276005337
EVS: 0.3481820179332208
