Model: GRU
MSE: 17.163529950731252
MAE: 3.020874164722584
EVS: 0.34967437182069583
