Model: GRU
MSE: 37.85350885399479
MAE: 4.776536800243236
EVS: 0.026065692507117433
