Model: GRU
MSE: 21.516003829618707
MAE: 3.578705522749159
EVS: 0.24819171793497008
