Model: GRU
MSE: 23.894998105895098
MAE: 3.4985804557800293
EVS: 0.06228667912891073
