Model: GRU
MSE: 22.643541939612287
MAE: 3.524081177181668
EVS: 0.1476267680483775
