Model: GRU
MSE: 30.61547993338201
MAE: 4.1919367048475475
EVS: 0.11199027296616482
