Model: GRU
MSE: 19.882913560339603
MAE: 3.427402143125181
EVS: 0.247525257833888
