Model: GRU
MSE: 26.25901525431107
MAE: 3.8896579212612576
EVS: 0.24490918762559633
