Model: GRU
MSE: 2719.5456383125806
MAE: 51.876428250913264
EVS: -0.11406171900024376
