Model: GRU
MSE: 19.35254692543465
MAE: 3.198028069955331
EVS: 0.24039074085977663
