Model: GRU
MSE: 18.12989465706496
MAE: 3.234527994085241
EVS: 0.2904545732662779
