Model: GRU
MSE: 29.317437826762088
MAE: 3.9621955906903303
EVS: -0.09500355851491116
