Model: GRU
MSE: 23.096382336933495
MAE: 3.8276228551511413
EVS: 0.28880041678753987
