Model: GRU
MSE: 24.49904336721291
MAE: 3.797010898590088
EVS: 0.1721953475415111
