Model: GRU
MSE: 25.699665891937972
MAE: 3.929825094011095
EVS: 0.22517442517665065
