Model: GRU
MSE: 2723.3924260731237
MAE: 51.87628781353986
EVS: -0.2656302286219545
