Model: GRU
MSE: 26.4110575906135
MAE: 4.086535736366555
EVS: 0.23996880599888126
