Model: GRU
MSE: 24.088023973933897
MAE: 3.573938899570041
EVS: 0.08522950965738751
