Model: GRU
MSE: 2676.8139408613647
MAE: 51.40008460150825
EVS: -0.36776775490886093
