Model: GRU
MSE: 26.979151023114802
MAE: 3.406049302646092
EVS: -0.02733602454825368
