Model: GRU
MSE: 18.949520236119294
MAE: 3.218417626840097
EVS: 0.2561913577014263
