Model: GRU
MSE: 25.792680528401704
MAE: 3.8288193808661566
EVS: 0.24573312451433016
