Model: GRU
MSE: 22.12419442794764
MAE: 3.436249715310556
EVS: 0.1764868362988271
