Model: GRU
MSE: 18.137819940050022
MAE: 3.2296717961629233
EVS: 0.2883954274128193
