Model: GRU
MSE: 18.822616626666836
MAE: 3.388334627504702
EVS: 0.27124576469109085
