Model: GRU
MSE: 20.315550306263983
MAE: 3.501169893476698
EVS: 0.245867200356379
