Model: GRU
MSE: 33.63720839133571
MAE: 4.765198778223108
EVS: 0.28349765034777763
