Model: GRU
MSE: 19.391880385928694
MAE: 3.1599633958604603
EVS: 0.2524696937209394
