Model: GRU
MSE: 29.883832053232254
MAE: 4.504413922627767
EVS: 0.25706945462104747
