Model: GRU
MSE: 25.566492022942434
MAE: 4.02185422402841
EVS: 0.14346716528077752
