Model: GRU
MSE: 25.639959833617155
MAE: 3.9273042149013944
EVS: 0.15999494330818154
