Model: GRU
MSE: 29.173470645597643
MAE: 3.7699397140079074
EVS: -0.12146542746616706
