Model: GRU
MSE: 23.981340632546765
MAE: 3.4791416592068143
EVS: 0.05555805895125521
