Model: GRU
MSE: 28.79929177729426
MAE: 3.929005781809489
EVS: -0.08127775185590869
