Model: GRU
MSE: 4384.361735524191
MAE: 65.60471753720884
EVS: -2.079945394212838
