Model: GRU
MSE: 17.904782795649563
MAE: 3.229264012089482
EVS: 0.3158185065143919
