Model: GRU
MSE: 21.160369235741715
MAE: 3.4620360445093223
EVS: 0.31329077438375275
