Model: GRU
MSE: 20.03396132038324
MAE: 3.2429014841715493
EVS: 0.25150813426899843
