Model: GRU
MSE: 26.23122075876307
MAE: 3.5886715429800526
EVS: 0.11704609437684521
