Model: GRU
MSE: 28.14072588592038
MAE: 3.706275127552174
EVS: -0.10396122158862209
