Model: GRU
MSE: 27.21487201590275
MAE: 4.147328058878581
EVS: 0.22835543523587953
