Model: GRU
MSE: 24.421398469604373
MAE: 3.571354760064019
EVS: 0.0491258818158109
