Model: GRU
MSE: 26.48885940443736
MAE: 4.227145989735921
EVS: 0.250602053943873
