Model: GRU
MSE: 17.524558712194935
MAE: 3.2822387483384876
EVS: 0.31879508465455264
