Model: GRU
MSE: 21.38924334305109
MAE: 3.6276201672024198
EVS: 0.312695646801439
