Model: GRU
MSE: 27.370530208255893
MAE: 4.304361701011658
EVS: 0.3726358115808782
