Model: GRU
MSE: 25.27849839888681
MAE: 3.7866677708095975
EVS: 0.07741837035051691
