Model: GRU
MSE: 19.495765201580316
MAE: 3.330059210459391
EVS: 0.24961466884880834
