Model: GRU
MSE: 41.10081726635946
MAE: 5.220273636005543
EVS: 0.07412261131592757
