Model: GRU
MSE: 23.23557797873134
MAE: 3.9312060674031577
EVS: 0.22955900182124167
