Model: GRU
MSE: 19.150868945509433
MAE: 2.9970760345458984
EVS: 0.2684510436345229
