Model: GRU
MSE: 24.81095807037089
MAE: 3.414830048878988
EVS: 0.1061759698075373
