Model: GRU
MSE: 26.276555210711212
MAE: 3.757583229630082
EVS: -0.016621445625037534
