Model: GRU
MSE: 29.394072006249612
MAE: 4.263335510536477
EVS: 0.14493520790971615
