Model: GRU
MSE: 22.071040413665134
MAE: 3.204941396360044
EVS: 0.24223983574323793
