Model: GRU
MSE: 29.68258493748126
MAE: 4.025361467290808
EVS: 0.03753052559421821
