Model: GRU
MSE: 28.185417471859747
MAE: 4.1512767827069315
EVS: 0.19957104455710517
