Model: GRU
MSE: 37.09365436745449
MAE: 4.8445724911159935
EVS: 0.003932070650647379
