Model: GRU
MSE: 271.40653609970116
MAE: 15.69035874693482
EVS: 0.010080706396489725
