Model: GRU
MSE: 23.07469995058304
MAE: 3.6978615478233055
EVS: 0.11017573668807046
