Model: GRU
MSE: 19.72915349367666
MAE: 3.3898964987860785
EVS: 0.22132925576057405
