Model: GRU
MSE: 17.346065267385384
MAE: 3.2175516375788935
EVS: 0.37530478594978456
