Model: GRU
MSE: 17.680792807348553
MAE: 3.291947541413484
EVS: 0.3476541676520081
