Model: GRU
MSE: 22.995238047125888
MAE: 3.6792535605253995
EVS: 0.23430524296905852
