Model: GRU
MSE: 30.360797279285382
MAE: 4.2594691382514105
EVS: 0.013172334513994133
