Model: GRU
MSE: 23.567482826660758
MAE: 3.8603398534986706
EVS: 0.2974597502396342
