Model: GRU
MSE: 17.247772798908315
MAE: 3.1929437849256725
EVS: 0.33790107459590146
