Model: GRU
MSE: 26.079650305684567
MAE: 4.230918637028447
EVS: 0.23753123069866677
