Model: GRU
MSE: 19.6380385744555
MAE: 3.4840076587818287
EVS: 0.3238486388763959
