Model: GRU
MSE: 21.195197477845205
MAE: 3.3970632906313294
EVS: 0.3372424163192155
