Model: GRU
MSE: 1546.1612232789469
MAE: 39.02296129862467
EVS: 0.0826770372778306
