Model: GRU
MSE: 1180.5763309614583
MAE: 33.97391043768989
EVS: -0.0342968365692613
