Model: GRU
MSE: 25.678476905924384
MAE: 3.975901480074282
EVS: 0.22391146205147783
