Model: GRU
MSE: 27.342461645877133
MAE: 3.770658510702628
EVS: -0.00914012823868382
