Model: GRU
MSE: 14773.00398006733
MAE: 121.4402426260489
EVS: 0.008028872797142261
