Model: GRU
MSE: 21.081653781149278
MAE: 3.478257656097412
EVS: 0.315811128982072
