Model: GRU
MSE: 21.656936813142096
MAE: 3.2975672792505333
EVS: 0.17140018464523588
