Model: GRU
MSE: 19.44928772755176
MAE: 3.424509737226698
EVS: 0.3267850969412006
