Model: GRU
MSE: 34.610898636152925
MAE: 4.8048806543703435
EVS: 0.2347993356898883
