Model: GRU
MSE: 21.753391046596985
MAE: 3.36972877714369
EVS: 0.15575895223714087
