Model: GRU
MSE: 4758.235510757268
MAE: 68.77361128065321
EVS: -0.11579165870585095
