Model: GRU
MSE: 22.259974943334388
MAE: 3.4340553460297762
EVS: 0.27663378013997697
