Model: GRU
MSE: 22.820074502854748
MAE: 3.417183681770607
EVS: 0.11037016293811452
