Model: GRU
MSE: 23.75266615888175
MAE: 3.7809214768586337
EVS: 0.15231880552389332
