Model: GRU
MSE: 32.71610394062408
MAE: 4.42895147535536
EVS: 0.05775785792562638
