Model: GRU
MSE: 26.710545626510946
MAE: 4.14494945384838
EVS: 0.26030434367861577
