Model: GRU
MSE: 19.07526044054605
MAE: 3.2688320301197193
EVS: 0.25339701947349613
