Model: GRU
MSE: 42.982637699009445
MAE: 5.432447557096128
EVS: 0.20743333468262903
