Model: GRU
MSE: 25.154114152432808
MAE: 3.8434362234892667
EVS: 0.14910877046316506
