Model: GRU
MSE: 22.647846925956433
MAE: 3.67002949891267
EVS: 0.2545910951399647
