Model: GRU
MSE: 26.0406209344191
MAE: 3.934120531435366
EVS: 0.2552948026657951
