Model: GRU
MSE: 32.07287026615105
MAE: 4.408980705119945
EVS: 0.16488987898779506
