Model: GRU
MSE: 27.20928456835108
MAE: 3.89625468077483
EVS: 0.1889518439886938
