Model: GRU
MSE: 33.05055284625036
MAE: 4.086717782197176
EVS: -0.15195506864298758
