Model: GRU
MSE: 17.811627689656444
MAE: 3.01115479292693
EVS: 0.33189640802551956
