Model: GRU
MSE: 26.48245033413693
MAE: 3.9307379722595215
EVS: 0.12420182379600031
