Model: GRU
MSE: 21.37070168673621
MAE: 3.4599886823583534
EVS: 0.17175656603423672
