Model: GRU
MSE: 18.8873593090566
MAE: 3.192719724443224
EVS: 0.2885339769271229
