Model: GRU
MSE: 24.06560645192197
MAE: 3.7989290025499134
EVS: 0.313696993167757
