Model: GRU
MSE: 22.258782088776872
MAE: 3.481825828552246
EVS: 0.18643933536316126
