Model: GRU
MSE: 27.62435581254252
MAE: 3.831310272216797
EVS: 0.16627006084439233
