Model: GRU
MSE: 20.307577106739775
MAE: 3.2409267602143466
EVS: 0.2939710719630443
