Model: GRU
MSE: 29.01785719939569
MAE: 4.003131442599827
EVS: -0.101798992844782
