Model: GRU
MSE: 23.896881782571697
MAE: 3.588331522764983
EVS: 0.09325699498606588
