Model: GRU
MSE: 24.1478563206581
MAE: 4.043595561274776
EVS: 0.24507287230391517
