Model: GRU
MSE: 23.186501352985974
MAE: 3.5309247970581055
EVS: 0.20392696182028058
