Model: GRU
MSE: 25.336440388409724
MAE: 3.5331150690714517
EVS: 0.1710805627829608
