Model: GRU
MSE: 16.532996174338567
MAE: 3.189893634231002
EVS: 0.37090470256127117
