Model: GRU
MSE: 27.992486978956315
MAE: 4.220645268758138
EVS: 0.2692694391809377
