Model: GRU
MSE: 19.270601635409168
MAE: 3.1820631910253456
EVS: 0.30620030972444656
