Model: GRU
MSE: 23.309491986867485
MAE: 3.6092068354288735
EVS: 0.14813286740966036
