Model: GRU
MSE: 29.29266747176017
MAE: 4.289481233667444
EVS: 0.022769152078891852
