Model: GRU
MSE: 19.248741689316585
MAE: 3.1319980444731534
EVS: 0.26618576581556996
