Model: GRU
MSE: 21.613450261116466
MAE: 3.4721635535911277
EVS: 0.18531816938384038
