Model: GRU
MSE: 23.24133385250947
MAE: 3.5662843033119485
EVS: 0.09976174420475503
