Model: GRU
MSE: 27.079221967490867
MAE: 4.040920972824097
EVS: 0.22825672910403916
