Model: GRU
MSE: 268.09352669097524
MAE: 15.572663325954366
EVS: 0.019659236601920038
