Model: GRU
MSE: 18.42792365193064
MAE: 3.357094058284053
EVS: 0.28181078295784046
