Model: GRU
MSE: 25.14245746306759
MAE: 3.8873232205708823
EVS: 0.2539334957776763
