Model: GRU
MSE: 26.66564663479696
MAE: 3.771338533472132
EVS: 0.0034771516565060834
