Model: GRU
MSE: 21.308374404022068
MAE: 3.256331796999331
EVS: 0.1852820801471221
