Model: GRU
MSE: 18.137524114083572
MAE: 3.1341577812477395
EVS: 0.3075355528646314
