Model: GRU
MSE: 18.788423352967886
MAE: 3.2527379283198603
EVS: 0.28908610726752104
