Model: GRU
MSE: 21.491210193307012
MAE: 3.416164451175266
EVS: 0.3062834151614581
