Model: GRU
MSE: 19.142770245991525
MAE: 3.427512257187455
EVS: 0.26732777878625336
