Model: GRU
MSE: 23.39657327313175
MAE: 3.6587603003890425
EVS: 0.22365597583024543
