Model: GRU
MSE: 23.915831764370523
MAE: 3.6645628258034035
EVS: 0.19507232077824332
