Model: GRU
MSE: 1058.192860978911
MAE: 31.977289659005624
EVS: -0.36580433797540013
