Model: GRU
MSE: 38.82779384344545
MAE: 5.250110043419732
EVS: 0.20794672748755516
