Model: GRU
MSE: 28.07775952183562
MAE: 3.95521699057685
EVS: 0.17464397633815743
