Model: GRU
MSE: 23.88012385421498
MAE: 3.6149387183012784
EVS: 0.19024932478653034
