Model: GRU
MSE: 20.180779032446345
MAE: 3.4661189538461192
EVS: 0.28434728776707574
