Model: GRU
MSE: 18.395139892721446
MAE: 3.1600797088057906
EVS: 0.3579021788333355
