Model: GRU
MSE: 20.266893721512606
MAE: 3.2494498712045177
EVS: 0.22849358516895057
