Model: GRU
MSE: 23.757565337712464
MAE: 3.5638306582415544
EVS: 0.23287153088835577
