Model: GRU
MSE: 29.138429191233644
MAE: 4.21044342606156
EVS: 0.07222647351058198
