Model: GRU
MSE: 19.30181396317919
MAE: 3.323239732671667
EVS: 0.24378549181372122
