Model: GRU
MSE: 1993.7872161918112
MAE: 44.333444736622
EVS: -0.11214084153620196
