Model: GRU
MSE: 20.68288477179856
MAE: 3.210411654578315
EVS: 0.21093172366081914
