Model: GRU
MSE: 18.99685032902034
MAE: 3.311569443455449
EVS: 0.2779099737380316
