Model: GRU
MSE: 27.638051917362628
MAE: 3.689850418655961
EVS: 0.01975414993868052
