Model: GRU
MSE: 24.11958408215676
MAE: 3.9164612734759294
EVS: 0.38652595024954695
