Model: GRU
MSE: 21.779605305052343
MAE: 3.3433120162398726
EVS: 0.1932838391034294
