Model: GRU
MSE: 19.874172226418143
MAE: 3.1701113559581615
EVS: 0.2579888370855685
