Model: GRU
MSE: 16.607879197563356
MAE: 2.962125813519513
EVS: 0.3736714394440125
