Model: GRU
MSE: 19.91051281736678
MAE: 3.5550797250535755
EVS: 0.33217437918389214
