Model: GRU
MSE: 17.941361009433937
MAE: 3.072927987134015
EVS: 0.29602556891763454
