Model: GRU
MSE: 25.375340359522937
MAE: 4.09045590294732
EVS: 0.23599258650319832
