Model: GRU
MSE: 274.33822746655215
MAE: 15.780463227519283
EVS: 0.006311303038061822
