Model: GRU
MSE: 26.586325923764146
MAE: 3.8972931261415833
EVS: -0.04357418838655147
