Model: GRU
MSE: 22.309166139511163
MAE: 3.6833207342359753
EVS: 0.265034651657045
