Model: GRU
MSE: 27.790772308030235
MAE: 4.122724338814065
EVS: 0.24329424029098723
