Model: GRU
MSE: 281.4621827975352
MAE: 15.998254824567724
EVS: -0.0016498218618197225
