Model: GRU
MSE: 17.5819719168009
MAE: 3.101928198779071
EVS: 0.3598480775674051
