Model: GRU
MSE: 19.994050525003374
MAE: 3.536859883202447
EVS: 0.2922352228660735
