Model: GRU
MSE: 20.901607267528636
MAE: 3.321813495070846
EVS: 0.18783190265280414
