Model: GRU
MSE: 21.68562796889176
MAE: 3.855923705630832
EVS: 0.3638489738937588
