Model: GRU
MSE: 23.70024427777123
MAE: 3.7031880484686956
EVS: 0.14276612894594265
