Model: GRU
MSE: 20.922340407828113
MAE: 3.5953247635452836
EVS: 0.21926304009555386
