Model: GRU
MSE: 22.639795928852656
MAE: 3.2982599470350475
EVS: 0.1359655146956782
