Model: GRU
MSE: 21.320629419407446
MAE: 3.345222861678512
EVS: 0.21282503404598452
