Model: GRU
MSE: 33.34581841419922
MAE: 4.397438773402461
EVS: -0.1651839193568463
