Model: GRU
MSE: 22.576178859482095
MAE: 3.733653739646629
EVS: 0.3183951041684223
