Model: GRU
MSE: 16.83649975402344
MAE: 3.1695641764888056
EVS: 0.3410903152880289
