Model: GRU
MSE: 24.737068150846206
MAE: 4.079509699786151
EVS: 0.2959103700536072
