Model: GRU
MSE: 24.732186205849604
MAE: 3.541476532264992
EVS: 0.02922383483921609
