Model: GRU
MSE: 32.1356802056348
MAE: 4.182860127201787
EVS: 0.028990576661474643
