Model: GRU
MSE: 19.67245932522256
MAE: 3.255491609926577
EVS: 0.2691318970945118
