Model: GRU
MSE: 26.39575963372405
MAE: 3.401564456798412
EVS: 0.10301881068064045
