Model: GRU
MSE: 20.226291949256048
MAE: 3.1635777332164623
EVS: 0.22941523638522887
