Model: GRU
MSE: 22.84161861845561
MAE: 3.610635104002776
EVS: 0.23274609657026923
