Model: GRU
MSE: 10751.42112916683
MAE: 103.56613893862124
EVS: -2.220446049250313e-16
