Model: GRU
MSE: 17.216196834112527
MAE: 3.169127623240153
EVS: 0.3279074636915875
