Model: GRU
MSE: 31.27609980737885
MAE: 4.145163006252712
EVS: 0.15775018748967562
