Model: GRU
MSE: 24.190964300821406
MAE: 3.4503245000486022
EVS: 0.16829265988622943
