Model: GRU
MSE: 18.74433063429394
MAE: 3.4550624423556857
EVS: 0.2817940311619983
