Model: GRU
MSE: 22.334898553651993
MAE: 3.6757343963340476
EVS: 0.2947726290214967
