Model: GRU
MSE: 23.396321883765655
MAE: 3.4382862161706993
EVS: 0.21614962252079972
