Model: GRU
MSE: 30.1727383980733
MAE: 4.063116974300808
EVS: 0.05164457680449608
