Model: GRU
MSE: 18.137344918964168
MAE: 3.1383216645982532
EVS: 0.35184999048740495
