Model: GRU
MSE: 32.5616804825896
MAE: 4.6178615887959795
EVS: 0.14897359139108457
