Model: GRU
MSE: 24.15976514555136
MAE: 3.673167493608263
EVS: 0.25646849133035854
