Model: GRU
MSE: 28.401502787825788
MAE: 3.900431509371157
EVS: -0.08147205899085175
