Model: GRU
MSE: 18.044630003653317
MAE: 3.1342248386806912
EVS: 0.3861874694293773
