Model: GRU
MSE: 40.28288548508649
MAE: 5.314152505662706
EVS: 0.09448518456988997
