Model: GRU
MSE: 22.523613433664188
MAE: 3.7015556935910827
EVS: 0.31984971280737506
