Model: GRU
MSE: 22.035848956347984
MAE: 3.5618324279785156
EVS: 0.1350559109338877
