Model: GRU
MSE: 34.55217265812276
MAE: 4.867251025305854
EVS: 0.1793349737757094
