Model: GRU
MSE: 19.03016714759788
MAE: 3.27600927706118
EVS: 0.4083413342445439
