Model: GRU
MSE: 30.129392533393087
MAE: 4.386294859426993
EVS: 0.03301045857792717
