Model: GRU
MSE: 19.92289446211194
MAE: 3.425234812277335
EVS: 0.2152376535767001
