Model: GRU
MSE: 23.24003014839569
MAE: 3.608302840480098
EVS: 0.09760813158732329
