Model: GRU
MSE: 20.7937968944146
MAE: 3.681019041273329
EVS: 0.3307410008872613
