Model: GRU
MSE: 28.02148452051212
MAE: 3.857592776969627
EVS: -0.06632173582786227
