Model: GRU
MSE: 21.964638004040157
MAE: 3.4146053349530257
EVS: 0.17056606756259562
