Model: GRU
MSE: 22.994286092434734
MAE: 3.483798115341752
EVS: 0.17572282135082917
