Model: GRU
MSE: 29.623087949511408
MAE: 4.573948665901467
EVS: 0.35556456186252705
