Model: GRU
MSE: 32.70836795911097
MAE: 4.537040057005705
EVS: 0.16907990503722825
