Model: GRU
MSE: 16.673271705731818
MAE: 2.989558943995723
EVS: 0.3500434490407708
