Model: GRU
MSE: 17.56462450954903
MAE: 3.3615171291210033
EVS: 0.31670250397453803
