Model: GRU
MSE: 29.206879774586874
MAE: 4.05940130021837
EVS: 0.17508687165414116
