Model: GRU
MSE: 23.426273355832404
MAE: 3.618115513413041
EVS: 0.1747253354548538
