Model: GRU
MSE: 21.94792720469799
MAE: 3.414777914683024
EVS: 0.1396087199482986
