Model: GRU
MSE: 25.961267700429676
MAE: 3.5700420097068504
EVS: 0.089289938134121
