Model: GRU
MSE: 39.42216650339278
MAE: 5.489379441296613
EVS: 0.31061810849405724
