Model: GRU
MSE: 22.04171918578965
MAE: 3.4898054511458785
EVS: 0.3373479547593322
