Model: GRU
MSE: 18.279058689125915
MAE: 3.163275224191171
EVS: 0.309346301649
