Model: GRU
MSE: 28.283721498819045
MAE: 3.7995698716905384
EVS: -0.011742643484762061
