Model: GRU
MSE: 33.86348556696322
MAE: 4.546126859528678
EVS: 0.1239193536359412
