Model: GRU
MSE: 20.283540124216465
MAE: 3.4357000986735025
EVS: 0.20547126486124534
