Model: GRU
MSE: 16.99038655812369
MAE: 3.063347904770463
EVS: 0.3735940899541076
