Model: GRU
MSE: 22.705255534750055
MAE: 3.571031446810122
EVS: 0.12949254507173946
