Model: GRU
MSE: 27.700007817876255
MAE: 4.216421639477765
EVS: 0.2756317931135791
