Model: GRU
MSE: 274.5429972112328
MAE: 15.784622757523149
EVS: 0.0034272616549569923
