Model: GRU
MSE: 29.783058121637364
MAE: 3.9888865329601146
EVS: -0.05039329223817468
