Model: GRU
MSE: 22.47363776371403
MAE: 3.3985403378804526
EVS: 0.17088738939479786
