Model: GRU
MSE: 25.311121011874665
MAE: 4.159196429782444
EVS: 0.35635871917620787
