Model: GRU
MSE: 27.563781407572506
MAE: 4.091117258425112
EVS: 0.23465141198103567
