Model: GRU
MSE: 21.486642678416374
MAE: 3.364522033267551
EVS: 0.31290302383173085
