Model: GRU
MSE: 32.592914607701864
MAE: 4.361223079540111
EVS: -0.1080727314162444
