Model: GRU
MSE: 21.520039911601057
MAE: 3.3484457510489003
EVS: 0.17592732611744688
