Model: GRU
MSE: 24.859282881218153
MAE: 3.786486343101219
EVS: 0.18908303525091796
