Model: GRU
MSE: 33.05086345269598
MAE: 4.2228325208028155
EVS: 0.03764697521828486
