Model: GRU
MSE: 24.852298579887087
MAE: 3.69162925084432
EVS: 0.14911150853872623
