Model: GRU
MSE: 4555.94613517324
MAE: 67.29423254507559
EVS: -0.07679412980310674
