Model: GRU
MSE: 20.01223868641719
MAE: 3.2497117431075484
EVS: 0.28397285667038763
