Model: GRU
MSE: 24.626060409594427
MAE: 3.8526120715671115
EVS: 0.22058871471811836
