Model: GRU
MSE: 19.605810928433375
MAE: 3.3175625094661005
EVS: 0.2308194338835996
