Model: GRU
MSE: 20.154793472932845
MAE: 3.4780708065739385
EVS: 0.22866094657857483
