Model: GRU
MSE: 19.77979698177052
MAE: 3.228171984354655
EVS: 0.23383508478359138
