Model: GRU
MSE: 20.700047295289053
MAE: 3.319017145368788
EVS: 0.28033833285835674
