Model: GRU
MSE: 43.364763433344024
MAE: 5.21305149572867
EVS: 0.00808295409738502
