Model: GRU
MSE: 17.573398466419864
MAE: 3.3305485866687916
EVS: 0.3551287252286698
