Model: GRU
MSE: 19.41009994271299
MAE: 3.2274291427047164
EVS: 0.25700196868232605
