Model: GRU
MSE: 23.04657083579607
MAE: 3.492689185672336
EVS: 0.21488614971803888
