Model: GRU
MSE: 18.791503081061652
MAE: 3.1655759104975947
EVS: 0.3444816204471244
