Model: GRU
MSE: 15.139397376953983
MAE: 3.0128415249012135
EVS: 0.45102783605868246
