Model: GRU
MSE: 23.05133737731316
MAE: 3.7233883010016546
EVS: 0.24735479726338738
