Model: GRU
MSE: 29.354204575715602
MAE: 3.895786387579782
EVS: 0.07800198288935034
