Model: GRU
MSE: 25.827812322645176
MAE: 3.798005633884006
EVS: 0.12747724036037578
