Model: GRU
MSE: 25.483809850865985
MAE: 4.113576641789189
EVS: 0.31330523275405564
