Model: GRU
MSE: 18.782671951044104
MAE: 3.2284864319695368
EVS: 0.26319856979644296
