Model: GRU
MSE: 19.45743325817787
MAE: 3.2737124584339283
EVS: 0.23641797989551905
