Model: GRU
MSE: 16.694617227462945
MAE: 3.1714435153537326
EVS: 0.3587005877621393
