Model: GRU
MSE: 19.601171820316605
MAE: 3.303563117980957
EVS: 0.23121498077443992
