Model: GRU
MSE: 21.563270931727427
MAE: 3.461224220417164
EVS: 0.250249645893447
