Model: GRU
MSE: 28.90893304749277
MAE: 4.179107577712448
EVS: 0.14379329378444017
