Model: GRU
MSE: 19.01086714288231
MAE: 3.338767175321226
EVS: 0.32107462359120953
