Model: GRU
MSE: 20.615128939080098
MAE: 3.286287784576416
EVS: 0.23462014030234002
