Model: GRU
MSE: 24.794543631912262
MAE: 3.816895838137026
EVS: 0.13972848713488262
