Model: GRU
MSE: 32.963505108315225
MAE: 4.223993725246853
EVS: -0.04509610526363028
