Model: GRU
MSE: 31.212320551921795
MAE: 4.289186866195114
EVS: 0.051307142675135364
