Model: GRU
MSE: 29.401634797799083
MAE: 4.196528823287399
EVS: 0.13011736431706067
