Model: GRU
MSE: 22.85525492873074
MAE: 3.5642054875691733
EVS: 0.1039542518549752
