Model: GRU
MSE: 22.35899148318272
MAE: 3.662915318100541
EVS: 0.29693139011376013
