Model: GRU
MSE: 35.27071048573238
MAE: 4.085827845114249
EVS: -0.34963097031946133
