Model: GRU
MSE: 19.625474668680326
MAE: 3.4843890402052136
EVS: 0.25691566343816474
