Model: GRU
MSE: 17.581136799963108
MAE: 3.0846095791569463
EVS: 0.3497290575347991
