Model: GRU
MSE: 18.538770448794107
MAE: 3.3007353146870932
EVS: 0.31752196491509577
