Model: GRU
MSE: 20.69810501226744
MAE: 3.7391495881257235
EVS: 0.2144365767241141
