Model: GRU
MSE: 41.72891209300028
MAE: 5.118496117768465
EVS: -0.017836674444993594
