Model: GRU
MSE: 18.49778032970487
MAE: 3.4149252397042735
EVS: 0.26747028419671004
