Model: GRU
MSE: 29.057243474687876
MAE: 3.9904341344480163
EVS: 0.11173973424800476
