Model: GRU
MSE: 23.282232564104948
MAE: 3.5393042740998446
EVS: 0.16011441997553888
