Model: GRU
MSE: 24.035939695195466
MAE: 3.4021799829271107
EVS: 0.07944248138148158
