Model: GRU
MSE: 26.398649838741356
MAE: 3.7386500747115523
EVS: 0.011376542809876322
