Model: GRU
MSE: 20.47345367523064
MAE: 3.4899779072514288
EVS: 0.31696406619346007
