Model: GRU
MSE: 33.39429731799012
MAE: 4.385186848817049
EVS: -0.08137306968350488
