Model: GRU
MSE: 23.57756923495299
MAE: 3.437858087045175
EVS: 0.13321187841912996
