Model: GRU
MSE: 19.372191178077493
MAE: 3.243266564828378
EVS: 0.2516214928084438
