Model: GRU
MSE: 35.43484188186264
MAE: 4.552032770933928
EVS: -0.027398665939234235
