Model: GRU
MSE: 17.918525972131278
MAE: 3.285088221232096
EVS: 0.35200445434402894
