Model: GRU
MSE: 21.840345445150728
MAE: 3.725034095622875
EVS: 0.36080876689916397
