Model: GRU
MSE: 37.51730827782788
MAE: 4.94483666949802
EVS: 0.13752295292041394
