Model: GRU
MSE: 20.581887216858334
MAE: 3.359242739500823
EVS: 0.24654635864957863
