Model: GRU
MSE: 18.288661877857262
MAE: 3.2965253723992243
EVS: 0.34021355221066607
