Model: GRU
MSE: 20.132753895704386
MAE: 3.228332766780147
EVS: 0.25782578089213337
