Model: GRU
MSE: 18.145526329203616
MAE: 3.244025459995976
EVS: 0.29273615295955413
