Model: GRU
MSE: 17.958877505575636
MAE: 3.028684474803783
EVS: 0.3361544394223145
