Model: GRU
MSE: 26.69273482329858
MAE: 4.100181809178105
EVS: 0.2344488228239464
