Model: GRU
MSE: 18.4129877528953
MAE: 2.975312586183901
EVS: 0.30363449529805164
