Model: GRU
MSE: 25.72787601363507
MAE: 3.723483933342828
EVS: 0.041788901652717314
