Model: GRU
MSE: 30.135482274682833
MAE: 4.6024707864832
EVS: 0.31511059705364686
