Model: GRU
MSE: 17.65169923310425
MAE: 3.1139894944650157
EVS: 0.32713377998473303
