Model: GRU
MSE: 38.17697728257245
MAE: 4.66184609024613
EVS: 0.032108200176698576
