Model: GRU
MSE: 21.316994361928884
MAE: 3.4358193786055953
EVS: 0.17497641632467287
