Model: GRU
MSE: 22.223417329743977
MAE: 3.5736135553430626
EVS: 0.17140793510802788
