Model: GRU
MSE: 29.75092934015181
MAE: 4.424544122483995
EVS: 0.1301858736389947
