Model: GRU
MSE: 20.39758489283441
MAE: 3.4894922221148454
EVS: 0.31788142139171827
