Model: GRU
MSE: 22.409062278684225
MAE: 3.818731519911024
EVS: 0.29094462543299404
