Model: GRU
MSE: 27.409897958467802
MAE: 3.6965288056267633
EVS: 0.05241856316989635
