Model: GRU
MSE: 21.303942640658786
MAE: 3.484814820466218
EVS: 0.23893656051047785
