Model: GRU
MSE: 18.089684369161333
MAE: 3.3254920641581216
EVS: 0.31253682865151655
