Model: GRU
MSE: 28.35113903788625
MAE: 3.888707002003988
EVS: 0.130659907099413
