Model: GRU
MSE: 24.169211140235255
MAE: 3.820414984667743
EVS: 0.16127487618706193
