Model: GRU
MSE: 43.12519183422782
MAE: 5.293930583530003
EVS: -0.034028358811416526
