Model: GRU
MSE: 1167.3824212536908
MAE: 33.67635628029152
EVS: -0.30654169043466495
