Model: GRU
MSE: 24.938913863404608
MAE: 3.5923670839380333
EVS: 0.0211544582036578
