Model: GRU
MSE: 19.328577158012195
MAE: 3.2887836032443576
EVS: 0.245964719918921
