Model: GRU
MSE: 19.564162903136733
MAE: 3.46419945469609
EVS: 0.3105080404085707
