Model: GRU
MSE: 27.06791858479569
MAE: 4.075305355919732
EVS: 0.088279355307611
