Model: GRU
MSE: 2754.2973541540737
MAE: 52.24655956692166
EVS: 0.03460618341709398
