Model: GRU
MSE: 19.4386905022579
MAE: 3.1779016388787165
EVS: 0.2570520663186039
