Model: GRU
MSE: 17.57229321490811
MAE: 3.3287092491432473
EVS: 0.3671159911236984
