Model: GRU
MSE: 34.330574975414535
MAE: 3.8523259869328252
EVS: -0.2534426972128103
