Model: GRU
MSE: 36.94838654462761
MAE: 4.512443524819833
EVS: -0.013999076733488547
