Model: GRU
MSE: 35.90486141721973
MAE: 5.122748057047526
EVS: 0.3338345455117412
