Model: GRU
MSE: 20.280943454388197
MAE: 3.5791079733106823
EVS: 0.28738717136441494
