Model: GRU
MSE: 2049.074693878223
MAE: 44.89957117151331
EVS: -0.29938803666726965
