Model: GRU
MSE: 21.4035603489881
MAE: 3.3593642623336226
EVS: 0.2518146855979754
