Model: GRU
MSE: 43.48626584537765
MAE: 5.385864928916648
EVS: 0.07331509704437478
