Model: GRU
MSE: 25.81189120290875
MAE: 3.7177660730150013
EVS: 0.04659989160927458
