Model: GRU
MSE: 36.54566116926605
MAE: 4.628309638411911
EVS: -0.03309075677153106
