Model: GRU
MSE: 22.4313219371396
MAE: 3.5228705052976257
EVS: 0.17779902862007457
