Model: GRU
MSE: 27.0988410628722
MAE: 3.6777302777325667
EVS: -0.045298150176395824
