Model: GRU
MSE: 34.01975726589706
MAE: 4.744401596210621
EVS: 0.20042577954345409
