Model: GRU
MSE: 18.722528445049722
MAE: 3.4699309490345143
EVS: 0.3333930974415791
