Model: GRU
MSE: 24.195631059596145
MAE: 3.249648853584572
EVS: 0.13956297175474552
