Model: GRU
MSE: 20.489723775883416
MAE: 3.6915357731006764
EVS: 0.22219900746528243
