Model: GRU
MSE: 28.227633395528798
MAE: 3.87101051542494
EVS: 0.07616732170322427
