Model: GRU
MSE: 23.648515497603064
MAE: 3.4960968052899397
EVS: 0.13009544554031638
