Model: GRU
MSE: 18.375326270758435
MAE: 3.3190816596702293
EVS: 0.2866313185290935
