Model: GRU
MSE: 24.238792200890387
MAE: 3.6176043263188116
EVS: 0.12746672481882315
