Model: GRU
MSE: 25.059104822646937
MAE: 3.7998375362820096
EVS: 0.08500544877609562
