Model: GRU
MSE: 41.53283534731333
MAE: 4.869949199535228
EVS: -0.4577233517561252
