Model: GRU
MSE: 28.651792738898983
MAE: 3.9044841307180898
EVS: 0.16902547752064945
