Model: GRU
MSE: 26.480657293911378
MAE: 3.6943024882563837
EVS: 0.13279653061844054
