Model: GRU
MSE: 32683.617502101963
MAE: 180.71634306731048
EVS: 1.1102230246251565e-16
