Model: GRU
MSE: 17.50779144380322
MAE: 3.042810810936822
EVS: 0.32923793940220625
