Model: GRU
MSE: 17.287164807358447
MAE: 3.0065187524866173
EVS: 0.3380484692272989
