Model: GRU
MSE: 21.40063503566078
MAE: 3.7123931602195457
EVS: 0.2808612969015074
