Model: GRU
MSE: 25.602331221718586
MAE: 3.721072762100785
EVS: 0.06722843910830001
