Model: GRU
MSE: 19.783927391374586
MAE: 3.533474392361111
EVS: 0.3143201398977582
