Model: GRU
MSE: 22.030044665037614
MAE: 3.812267815625226
EVS: 0.34085875963558154
