Model: GRU
MSE: 20.596335913327486
MAE: 3.0634124720538103
EVS: 0.30306435475316884
