Model: GRU
MSE: 19.91606699924769
MAE: 3.1567726488466614
EVS: 0.27230926961237956
