Model: GRU
MSE: 21.074266045001238
MAE: 3.5712289103755244
EVS: 0.2852409397775423
