Model: GRU
MSE: 17.27970570806362
MAE: 3.1142147735313133
EVS: 0.3224687065583872
