Model: GRU
MSE: 37.74880383724467
MAE: 5.118622797506827
EVS: 0.17350712767173415
