Model: GRU
MSE: 21.618316526974198
MAE: 3.4807060382984303
EVS: 0.2949769833309759
