Model: GRU
MSE: 18.385541635918244
MAE: 3.1572220060560436
EVS: 0.37428390706525727
