Model: GRU
MSE: 17.55199476806984
MAE: 3.19475398240266
EVS: 0.3150302698467329
