Model: GRU
MSE: 25.630973165051973
MAE: 3.8325324411745423
EVS: 0.13383387927883228
