Model: GRU
MSE: 28.66737151662432
MAE: 4.239197766339338
EVS: 0.27706144935180554
