Model: GRU
MSE: 20.96531621463196
MAE: 3.4082939359876843
EVS: 0.1771436790521177
