Model: GRU
MSE: 20.995197283089073
MAE: 3.6568261958934642
EVS: 0.25030768900728506
