Model: GRU
MSE: 47.33825027513163
MAE: 5.583453513957836
EVS: -0.05497406189930998
