Model: GRU
MSE: 20.323099608322703
MAE: 3.344405315540455
EVS: 0.23020545828983519
