Model: GRU
MSE: 25.18060519939322
MAE: 3.8092754858511464
EVS: 0.1570510907529019
