Model: GRU
MSE: 18.734166755235577
MAE: 3.3310637650666415
EVS: 0.28758073739689227
