Model: GRU
MSE: 2874.910371908999
MAE: 53.3611156322338
EVS: -0.07951469287313162
