Model: GRU
MSE: 33.99596844677525
MAE: 4.278569115532769
EVS: 0.027024206011675322
