Model: GRU
MSE: 22.551584572208824
MAE: 3.7093527581956653
EVS: 0.2679846619397931
