Model: GRU
MSE: 30.71338392362856
MAE: 4.005840460459392
EVS: 0.07802434233760702
