Model: GRU
MSE: 19.70287266551721
MAE: 3.3350409578394005
EVS: 0.3300978436834159
