Model: GRU
MSE: 21.23829476919965
MAE: 3.476501871038366
EVS: 0.16729334912503002
