Model: GRU
MSE: 18.350142318863526
MAE: 3.030904081132677
EVS: 0.3357020837997692
