Model: GRU
MSE: 2136.3551236300486
MAE: 44.24880501076027
EVS: -5.835510254839637
