Model: GRU
MSE: 25.180559696791473
MAE: 3.5528145013032137
EVS: 0.08794225073348727
