Model: GRU
MSE: 25.79844625990276
MAE: 3.723008385411015
EVS: -0.008943675223164194
