Model: GRU
MSE: 46.22860822602356
MAE: 5.394103933263708
EVS: -0.2437455175457448
