Model: GRU
MSE: 40.66420439483678
MAE: 5.322875340779622
EVS: 0.12329405489692458
