Model: GRU
MSE: 24.409803856406338
MAE: 3.841981955936977
EVS: 0.1886328507074907
