Model: GRU
MSE: 16.29259736315808
MAE: 3.1204050558584706
EVS: 0.3605881810176843
