Model: GRU
MSE: 1444.5897937386396
MAE: 37.464349534776474
EVS: -0.609841282300277
