Model: GRU
MSE: 19.72187669483869
MAE: 3.388407106752749
EVS: 0.29254997005693395
