Model: GRU
MSE: 18.005573358084902
MAE: 3.1429967173823603
EVS: 0.2992956748792861
