Model: GRU
MSE: 21.154993781124876
MAE: 3.273910469479031
EVS: 0.2509868374274048
