Model: GRU
MSE: 35.55376661031768
MAE: 4.175423268918638
EVS: -0.3122003224441099
