Model: GRU
MSE: 21.013380539812587
MAE: 3.3460405667622886
EVS: 0.1767133081377018
