Model: GRU
MSE: 19.393627604095954
MAE: 3.618470721774631
EVS: 0.2457867311993942
