Model: GRU
MSE: 18.9600000368659
MAE: 3.242094781663683
EVS: 0.30333520000549996
