Model: GRU
MSE: 18.759187549026407
MAE: 3.4220846317432545
EVS: 0.2812307165650575
