Model: GRU
MSE: 19.6184568994901
MAE: 3.232955950277823
EVS: 0.2300627552389114
