Model: GRU
MSE: 17.117450842754504
MAE: 3.150829173900463
EVS: 0.3338466086237617
