Model: GRU
MSE: 21.520259664898056
MAE: 3.4710072411431208
EVS: 0.24776729900549932
