Model: GRU
MSE: 17.093004823574365
MAE: 3.2192540168762207
EVS: 0.33014160592360386
