Model: GRU
MSE: 18.611348607830838
MAE: 3.4028663811860262
EVS: 0.3415064935634119
