Model: GRU
MSE: 25.39120870578874
MAE: 3.525187615995054
EVS: 0.10074010425186652
