Model: GRU
MSE: 24.747181385578507
MAE: 4.081973323115596
EVS: 0.28219754951630127
