Model: GRU
MSE: 34.05791683632542
MAE: 4.436944996869123
EVS: 0.06614829264486777
