Model: GRU
MSE: 26.8308782963347
MAE: 3.6693158502931946
EVS: -0.025912968744584486
