Model: GRU
MSE: 20.30819979760687
MAE: 3.2298345919008606
EVS: 0.22268621155344737
