Model: GRU
MSE: 22.55668128756365
MAE: 3.6755323939853244
EVS: 0.11695942751680344
