Model: GRU
MSE: 673.4375347797467
MAE: 25.465941871915543
EVS: 0.010738251565573731
