Model: GRU
MSE: 21.840605869413004
MAE: 3.6200455559624567
EVS: 0.2932224724319611
