Model: GRU
MSE: 17.53327872820312
MAE: 3.178575551068341
EVS: 0.31555988166339277
