Model: GRU
MSE: 19.187466270809324
MAE: 3.180139523965341
EVS: 0.2792917031283346
