Model: GRU
MSE: 25.367171905822815
MAE: 3.7073985735575357
EVS: 0.10384228036392251
