Model: GRU
MSE: 24.320576653512028
MAE: 3.9359773883113154
EVS: 0.2860412382734785
