Model: GRU
MSE: 23.628539643729408
MAE: 3.7090664263124817
EVS: 0.19782605054631852
