Model: GRU
MSE: 21.16793782082374
MAE: 3.434153397878011
EVS: 0.2207529281269821
