Model: GRU
MSE: 20.114533858840687
MAE: 3.370801360518844
EVS: 0.2167145555363894
