Model: GRU
MSE: 17.928523933922012
MAE: 3.1206582917107477
EVS: 0.29626863086808175
