Model: GRU
MSE: 24.804311844763046
MAE: 3.8888351122538247
EVS: 0.19330071373257807
