Model: GRU
MSE: 23.485141975820667
MAE: 3.6976721198470504
EVS: 0.125577457936356
