Model: GRU
MSE: 20.370786068989304
MAE: 3.1969446252893516
EVS: 0.2199477446265481
