Model: GRU
MSE: 20.41759368637783
MAE: 3.4466985243338124
EVS: 0.20650753737445604
