Model: GRU
MSE: 17.793066428438628
MAE: 3.1910620442143194
EVS: 0.303731178923626
