Model: GRU
MSE: 20.480443890007077
MAE: 3.3044307320206254
EVS: 0.19904016002945546
