Model: GRU
MSE: 20.92425198243619
MAE: 3.2905945248074002
EVS: 0.22428555227862546
