Model: GRU
MSE: 25.621634018960794
MAE: 3.662419001261393
EVS: 0.07256211118776501
