Model: GRU
MSE: 18.89025666777668
MAE: 3.4059055822866933
EVS: 0.28978128913805046
