Model: GRU
MSE: 24.207723948101282
MAE: 3.6189671798988625
EVS: 0.050716381850541836
