Model: GRU
MSE: 971.2923832612234
MAE: 30.690870496961807
EVS: -0.12506668088711903
