Model: GRU
MSE: 20.029905837074036
MAE: 3.3304983421608254
EVS: 0.31279180613908475
