Model: GRU
MSE: 19.939569203293896
MAE: 3.5126733073481806
EVS: 0.23836259780748148
