Model: GRU
MSE: 21.414384572664876
MAE: 3.5711115377920644
EVS: 0.21966732788806242
