Model: GRU
MSE: 18.045212294114577
MAE: 3.09320428636339
EVS: 0.3185376556041052
