Model: GRU
MSE: 27.239886594811455
MAE: 3.7258427054793746
EVS: 0.08246414345306108
