Model: GRU
MSE: 22.661384882294904
MAE: 3.5366693955880626
EVS: 0.2022651507423111
