Model: GRU
MSE: 20.766148370305203
MAE: 3.656235659563983
EVS: 0.27108567838527153
