Model: GRU
MSE: 19.975713584528254
MAE: 3.452251399004901
EVS: 0.22786852804582058
