Model: GRU
MSE: 18.875791106383716
MAE: 3.1313231786092124
EVS: 0.3192208961049575
