Model: GRU
MSE: 17.81065608915257
MAE: 3.0880966186523438
EVS: 0.32557613544812547
