Model: GRU
MSE: 24.016608347122883
MAE: 3.6105782014352306
EVS: 0.06998321615810044
