Model: GRU
MSE: 26.45296686313075
MAE: 4.1387519130000365
EVS: 0.2776698820296334
