Model: GRU
MSE: 20.602725310905758
MAE: 3.70066679848565
EVS: 0.2301267442005741
