Model: GRU
MSE: 19.979665098079437
MAE: 3.4912297460767956
EVS: 0.406072288025798
