Model: GRU
MSE: 28.221901655742073
MAE: 4.344673421647814
EVS: 0.34017437440253195
