Model: GRU
MSE: 15.50764279783831
MAE: 3.0154188297413014
EVS: 0.39277673988447837
