Model: GRU
MSE: 25.790803462669036
MAE: 4.169093132019043
EVS: 0.3077459862338501
