Model: GRU
MSE: 28.196693674322347
MAE: 3.8967808617485895
EVS: 0.020754449026067268
