Model: GRU
MSE: 18.730548742493745
MAE: 3.027591828946714
EVS: 0.29639405997014623
