Model: GRU
MSE: 25.759015121633816
MAE: 4.197488237310339
EVS: 0.31979940183157574
