Model: GRU
MSE: 33.26646575378873
MAE: 4.405188118969953
EVS: 0.035671497032057964
