Model: GRU
MSE: 19.06523554616245
MAE: 3.3489850185535572
EVS: 0.316157124547072
