Model: GRU
MSE: 23.392582582096473
MAE: 3.77163588559186
EVS: 0.2769291510392773
