Model: GRU
MSE: 17.006787008222485
MAE: 3.1440432336595325
EVS: 0.3358296856230254
