Model: GRU
MSE: 47.48700301777309
MAE: 5.713935216267903
EVS: 0.19945551914921067
