Model: GRU
MSE: 23.788757846975596
MAE: 3.4126766522725425
EVS: 0.08237604038495794
