Model: GRU
MSE: 21.5633406730975
MAE: 3.4821925869694463
EVS: 0.17754979152904338
