Model: GRU
MSE: 19.844716866992325
MAE: 3.203123304578993
EVS: 0.26473881075416594
