Model: GRU
MSE: 24.408148352085078
MAE: 3.789562454930058
EVS: 0.15877798861971826
