Model: GRU
MSE: 21.167793643540502
MAE: 3.319674951058847
EVS: 0.17353361291916813
