Model: GRU
MSE: 21.05449263831076
MAE: 3.467283284222638
EVS: 0.2758277274382035
