Model: GRU
MSE: 25.458993677326514
MAE: 3.965079342877423
EVS: 0.3272693278649067
