Model: GRU
MSE: 21.29957070100556
MAE: 3.56535835619326
EVS: 0.29100956187818905
