Model: GRU
MSE: 20.984696961332897
MAE: 3.564446113727711
EVS: 0.22545633033854595
