Model: GRU
MSE: 20.66132840588355
MAE: 3.3773292788752802
EVS: 0.2209745230645711
