Model: GRU
MSE: 29.244737744780245
MAE: 3.998913058528194
EVS: 0.026635632764871353
