Model: GRU
MSE: 23.232438971368143
MAE: 3.695583431809037
EVS: 0.16490423763282924
