Model: GRU
MSE: 20.99740505324419
MAE: 3.5370488873234502
EVS: 0.1869372515889799
