Model: GRU
MSE: 27.868214590234462
MAE: 4.244055659682663
EVS: 0.24046246688374961
