Model: GRU
MSE: 26.21595332508193
MAE: 4.160959791254114
EVS: 0.27613485901188317
