Model: GRU
MSE: 20.780286983583498
MAE: 3.6479102593881114
EVS: 0.26088017359780413
