Model: GRU
MSE: 16.624978049187355
MAE: 3.3276744065461337
EVS: 0.38077637107472173
