Model: GRU
MSE: 27.345631302652396
MAE: 3.925929652320014
EVS: 0.17610991001564413
