Model: GRU
MSE: 38.436748570429046
MAE: 4.6583747157344115
EVS: -0.10386144007930964
