Model: GRU
MSE: 23.704415391044652
MAE: 3.60509694064105
EVS: 0.2928023082313408
