Model: GRU
MSE: 22.23978522565381
MAE: 3.69638259322555
EVS: 0.2912878545207106
