Model: GRU
MSE: 22.350122145092328
MAE: 3.5085957845052085
EVS: 0.295486237706467
