Model: GRU
MSE: 27.240164721039964
MAE: 3.8668350290369102
EVS: 0.05227188097981006
