Model: GRU
MSE: 25.635435867999124
MAE: 3.7635289121557167
EVS: 0.13927389426159642
