Model: GRU
MSE: 21.459804468778263
MAE: 3.479833373317012
EVS: 0.15765394537115496
