Model: GRU
MSE: 26.060904613661645
MAE: 3.944538716916685
EVS: 0.14082368378015608
