Model: GRU
MSE: 22.80206762032804
MAE: 3.5140897786175764
EVS: 0.1378153167717937
