Model: GRU
MSE: 27.353856565042616
MAE: 3.981865229430022
EVS: 0.20324541744065205
