Model: GRU
MSE: 23.67436447501941
MAE: 3.5430477460225425
EVS: 0.11412601610088935
