Model: GRU
MSE: 28.94289627667388
MAE: 4.331898901197645
EVS: 0.1498439917426787
