Model: GRU
MSE: 19.89294837939338
MAE: 3.460581390946
EVS: 0.31637229934360656
