Model: GRU
MSE: 21.60176914422961
MAE: 3.2550353474087186
EVS: 0.24363580645660599
