Model: GRU
MSE: 33.04680122892565
MAE: 4.617230203416613
EVS: 0.11700653687091511
