Model: GRU
MSE: 1539.5323781617826
MAE: 38.854260762532554
EVS: -0.1448357140356562
