Model: GRU
MSE: 19.42592363270357
MAE: 3.253557876304344
EVS: 0.30428051358551955
