Model: GRU
MSE: 24.294995146386068
MAE: 3.8298008530228227
EVS: 0.16970898130655399
