Model: GRU
MSE: 19.094200263591606
MAE: 3.3784461551242404
EVS: 0.34645418509214865
