Model: GRU
MSE: 40.06967283722703
MAE: 4.958516032607467
EVS: 0.05485594159942042
