Model: GRU
MSE: 37.963746620405104
MAE: 4.720780743492974
EVS: -0.027248939554922247
