Model: GRU
MSE: 23.631458440876393
MAE: 3.641973477822763
EVS: 0.24538609641741482
