Model: GRU
MSE: 31.973826742958778
MAE: 4.269753879970974
EVS: 0.2741484031561193
