Model: GRU
MSE: 16941.52552664784
MAE: 130.06319540518302
EVS: 0.015122741206933132
