Model: GRU
MSE: 25.11048984152476
MAE: 3.6593175287599915
EVS: 0.031242471774858394
