Model: GRU
MSE: 32.08970138690638
MAE: 4.546232665026629
EVS: 0.15324949247969322
