Model: GRU
MSE: 18.18338077255127
MAE: 3.355802394725658
EVS: 0.29981607846650415
