Model: GRU
MSE: 18.279363912324673
MAE: 3.210697297696714
EVS: 0.344559000628771
