Model: GRU
MSE: 16.767349999437304
MAE: 3.0242244225961192
EVS: 0.3529077154303808
