Model: GRU
MSE: 28.537298385311598
MAE: 3.91458507820412
EVS: 0.048490126585997495
