Model: GRU
MSE: 29.769228026955513
MAE: 4.3560736267654985
EVS: 0.17013459926364283
