Model: GRU
MSE: 26.334384875387826
MAE: 3.7914987670050726
EVS: -0.002384688711900118
