Model: GRU
MSE: 21.830168421919165
MAE: 3.28380083154749
EVS: 0.20803125163458414
