Model: GRU
MSE: 23.68787755602951
MAE: 3.593595275172481
EVS: 0.16753207117709512
