Model: GRU
MSE: 25.55445015757802
MAE: 3.393117215898302
EVS: 0.05085109428606516
