Model: GRU
MSE: 19.455298967385588
MAE: 3.2197999071191856
EVS: 0.257307064911372
