Model: GRU
MSE: 25.954362361400204
MAE: 3.744322935740153
EVS: 0.12897083882099836
