Model: GRU
MSE: 31.54257827058316
MAE: 4.372112450776277
EVS: 0.10619847650033565
