Model: GRU
MSE: 23.32840064756262
MAE: 3.763157155778673
EVS: 0.22205224359365405
