Model: GRU
MSE: 28.54936012421026
MAE: 3.8862491890236184
EVS: 0.10461832611115496
