Model: GRU
MSE: 1333.0103136247246
MAE: 36.18192644472475
EVS: 0.0627053887518374
