Model: GRU
MSE: 28.976153667116343
MAE: 4.380271752675374
EVS: 0.24229663588321504
