Model: GRU
MSE: 21.290207886543318
MAE: 3.5575155505427607
EVS: 0.379371994640475
