Model: GRU
MSE: 27.3358072760109
MAE: 4.089278874573885
EVS: 0.2080750517582597
