Model: GRU
MSE: 312.3639278398147
MAE: 16.88587710150966
EVS: -0.043385842268042873
