Model: GRU
MSE: 17.557491388817432
MAE: 3.2270519115306713
EVS: 0.35053842697007276
