Model: GRU
MSE: 19.298250544109823
MAE: 3.4898856304309986
EVS: 0.33080769462676274
