Model: GRU
MSE: 27.670610806272308
MAE: 4.143093939180727
EVS: 0.10985264371133541
