Model: GRU
MSE: 26.325625516761622
MAE: 3.9702309679102012
EVS: 0.14108643310105884
