Model: GRU
MSE: 24.18172132163145
MAE: 3.741311126285129
EVS: 0.24246146225783383
