Model: GRU
MSE: 23.317897279742088
MAE: 3.4378840305187084
EVS: 0.15930214992411706
