Model: GRU
MSE: 33.82070173018186
MAE: 4.675651691578053
EVS: 0.1459060119322655
