Model: GRU
MSE: 18.66079112063115
MAE: 3.26690438941673
EVS: 0.28929661165547793
