Model: GRU
MSE: 29.669480301593552
MAE: 3.9270476941709167
EVS: -0.13996714303448976
