Model: GRU
MSE: 44.70660662231924
MAE: 5.363056695019758
EVS: -0.1166511784409936
