Model: GRU
MSE: 30.62709791914444
MAE: 4.389901938261809
EVS: 0.26523898122536493
