Model: GRU
MSE: 19.246035819493592
MAE: 3.4407621136418096
EVS: 0.2790295021827993
