Model: GRU
MSE: 20.513891156842757
MAE: 3.414586137842249
EVS: 0.24717253511858028
