Model: GRU
MSE: 4086.229917497386
MAE: 63.73369315818504
EVS: 0.04826977791580178
