Model: GRU
MSE: 20.207719822467272
MAE: 3.361472765604655
EVS: 0.3813736537655912
