Model: GRU
MSE: 24.053068305723823
MAE: 3.5170103267387107
EVS: 0.1374061741931638
