Model: GRU
MSE: 1483.0551662397531
MAE: 38.17015612566912
EVS: 0.00016927430201141291
