Model: GRU
MSE: 23.241994727668953
MAE: 3.671735163088198
EVS: 0.08794710251160376
