Model: GRU
MSE: 42.64896171652598
MAE: 5.03426221564964
EVS: -0.05621223924149432
