Model: GRU
MSE: 15.164801502712997
MAE: 3.088007238176134
EVS: 0.4055960028294213
