Model: GRU
MSE: 27.705547721420746
MAE: 4.116183722460711
EVS: 0.16089501425223518
