Model: GRU
MSE: 39.563669894486964
MAE: 4.270667570608634
EVS: -0.2478872709564861
