Model: GRU
MSE: 17.65373916907191
MAE: 3.094927752459491
EVS: 0.3732462229180671
