Model: GRU
MSE: 634.3125403448813
MAE: 24.6429353290134
EVS: -0.06132377682503698
