Model: GRU
MSE: 31.23310685204618
MAE: 4.046321586326316
EVS: -0.22588141977313403
