Model: GRU
MSE: 16.27325208386222
MAE: 3.2165888327139394
EVS: 0.3833715984405931
