Model: GRU
MSE: 44.568557697685456
MAE: 5.362551318274604
EVS: 0.060285451693034564
