Model: GRU
MSE: 2417.8173250038835
MAE: 48.725519250940394
EVS: -0.6721518434909068
