Model: GRU
MSE: 22.82209539035793
MAE: 3.435066752963596
EVS: 0.10910848687997332
