Model: GRU
MSE: 19.571525134912967
MAE: 3.547356640851056
EVS: 0.38345830400849923
