Model: GRU
MSE: 25.540386184943465
MAE: 3.9465381834242077
EVS: 0.05310630550453488
