Model: GRU
MSE: 22.038498889613848
MAE: 3.640239574291088
EVS: 0.2525234268580945
