Model: GRU
MSE: 20.553280085633205
MAE: 3.4240601151077836
EVS: 0.19549954074248077
