Model: GRU
MSE: 24.95771049096757
MAE: 3.920291158888075
EVS: 0.13007819323758318
