Model: GRU
MSE: 33.867229766013516
MAE: 4.541220753281205
EVS: 0.14202392502858407
