Model: GRU
MSE: 32.46658353186544
MAE: 3.822679713920311
EVS: -0.13463060446350683
