Model: GRU
MSE: 33.43821204449195
MAE: 4.288138742800112
EVS: -0.009072102221131528
