Model: GRU
MSE: 23.403235868203115
MAE: 3.7627223509329335
EVS: 0.3355832584413174
