Model: GRU
MSE: 46.013289388510444
MAE: 5.622032677685773
EVS: 0.10832447599533257
