Model: GRU
MSE: 34.353706300934036
MAE: 4.513317920543529
EVS: -0.049015754365828945
