Model: GRU
MSE: 25.714943264664154
MAE: 3.7096598236649125
EVS: 0.044998776673155105
