Model: GRU
MSE: 44.47488424896031
MAE: 5.055141466635245
EVS: -0.21950402227534305
