Model: GRU
MSE: 20.916862143552095
MAE: 3.5770842764112682
EVS: 0.31707140129921296
