Model: GRU
MSE: 24.403949406740846
MAE: 3.7956452193083585
EVS: 0.19581563454072537
