Model: GRU
MSE: 31.171556079158226
MAE: 4.669071939256456
EVS: 0.2950683834934087
