Model: GRU
MSE: 26.35751295700466
MAE: 3.9033900013676397
EVS: 0.1910163837024803
