Model: GRU
MSE: 21.348658440993514
MAE: 3.3799935976664224
EVS: 0.1842888798956419
