Model: GRU
MSE: 17.03177670488698
MAE: 3.1522936114558466
EVS: 0.333966543504
