Model: GRU
MSE: 29.89501352083023
MAE: 4.28427247647886
EVS: 0.06828624192095567
