Model: GRU
MSE: 26.284897427939214
MAE: 4.2396304695694536
EVS: 0.27240112745430656
