Model: GRU
MSE: 20.657758065607563
MAE: 3.320447144684968
EVS: 0.19491424941260882
