Model: GRU
MSE: 30.024287808204992
MAE: 4.266410809976083
EVS: 0.15692756357790716
