Model: GRU
MSE: 36.48278204263017
MAE: 4.606450522387469
EVS: 0.006052616446173165
