Model: GRU
MSE: 23.23494702024469
MAE: 3.6326898115652577
EVS: 0.1719965084970405
