Model: GRU
MSE: 20.07162760292751
MAE: 3.424144532945421
EVS: 0.3250729680275882
