Model: GRU
MSE: 19.967734483553723
MAE: 3.20528272346214
EVS: 0.23841373737941174
