Model: GRU
MSE: 23.738723229727206
MAE: 3.7666647699144153
EVS: 0.2366784511343093
