Model: GRU
MSE: 27.90044354087012
MAE: 4.05889657691673
EVS: 0.13098543211363778
