Model: GRU
MSE: 20.12588514015456
MAE: 3.4137386039451316
EVS: 0.24414311007291534
