Model: GRU
MSE: 24.680820185307454
MAE: 3.7369628659001104
EVS: 0.1258611911228441
