Model: GRU
MSE: 19.086308353833743
MAE: 3.456674611126935
EVS: 0.2781733654556291
