Model: GRU
MSE: 24.84575741401732
MAE: 3.6066657348915383
EVS: 0.1965103623218194
