Model: GRU
MSE: 279.13005462111437
MAE: 15.938902296401837
EVS: 0.015486983480041183
