Model: GRU
MSE: 23.168036413716134
MAE: 3.6422492133246527
EVS: 0.16980866111410375
