Model: GRU
MSE: 22.405418124411653
MAE: 3.4369266827901206
EVS: 0.17168535466763957
