Model: GRU
MSE: 32.469636927806725
MAE: 4.838460904580575
EVS: 0.33067224724991273
