Model: GRU
MSE: 17.357395850276184
MAE: 3.153212300053349
EVS: 0.31897598572364605
