Model: GRU
MSE: 20.2736614073953
MAE: 3.4920365545484753
EVS: 0.28147609864497336
