Model: GRU
MSE: 25.448711160598677
MAE: 3.8728550098560475
EVS: 0.23650921171585015
