Model: GRU
MSE: 24.735806150407353
MAE: 3.983867715906214
EVS: 0.3263571687312744
