Model: GRU
MSE: 907.8450097053443
MAE: 29.693627039591473
EVS: -0.02580972552881411
