Model: GRU
MSE: 25.60854733076612
MAE: 3.668735910345007
EVS: 0.023921221044578833
