Model: GRU
MSE: 29.86199864628969
MAE: 4.170638578909415
EVS: 0.1483135180237939
