Model: GRU
MSE: 43.37478509971593
MAE: 5.334180054841219
EVS: 0.036220185150236395
