Model: GRU
MSE: 24.33609967979957
MAE: 3.596913037476716
EVS: 0.1046175873034485
