Model: GRU
MSE: 19.586991524891236
MAE: 3.427773669913963
EVS: 0.269795385099733
