Model: GRU
MSE: 20.092321501400352
MAE: 3.39116311956335
EVS: 0.25068386233907036
