Model: GRU
MSE: 34.76877890484343
MAE: 4.416659761358191
EVS: -0.07612468278876161
