Model: GRU
MSE: 16.094134888150652
MAE: 3.0118805920636214
EVS: 0.38340993574287163
