Model: GRU
MSE: 23.758537643573398
MAE: 3.4027129632455333
EVS: 0.14552581764127326
