Model: GRU
MSE: 27.514902937317107
MAE: 4.034553792741564
EVS: 0.09551642887685541
