Model: GRU
MSE: 21.04484883993725
MAE: 3.375976156305384
EVS: 0.19464445325501278
