Model: GRU
MSE: 16.091184838994245
MAE: 3.0392366691871926
EVS: 0.3744006686328447
