Model: GRU
MSE: 26.627834194851747
MAE: 3.79805291140521
EVS: 0.013817891586746622
