Model: GRU
MSE: 26.644165454465988
MAE: 3.872145476164641
EVS: 0.09255934302599278
