Model: GRU
MSE: 33.17173447902217
MAE: 4.535522884792751
EVS: 0.13463584663459216
