Model: GRU
MSE: 17.78648942954473
MAE: 3.133142100440131
EVS: 0.34347396436015487
