Model: GRU
MSE: 15.918770680591487
MAE: 2.9411441131874367
EVS: 0.39915598110475803
