Model: GRU
MSE: 22.36684552184285
MAE: 3.6004738101252802
EVS: 0.18737288816416953
