Model: GRU
MSE: 23.34706635633214
MAE: 3.7361536732426397
EVS: 0.11780161271084655
