Model: GRU
MSE: 18.330720922370322
MAE: 3.2061875837820546
EVS: 0.2949771017873649
