Model: GRU
MSE: 28.167527106391272
MAE: 4.285285490530509
EVS: 0.11491319129330402
