Model: GRU
MSE: 18.533694746002293
MAE: 3.235714559201841
EVS: 0.3149952801867594
