Model: GRU
MSE: 19.900598172441285
MAE: 3.369811428917779
EVS: 0.2572655418634744
