Model: GRU
MSE: 23.505851383988674
MAE: 3.7986041528207286
EVS: 0.25273624200003075
