Model: GRU
MSE: 27.486483928928557
MAE: 4.028010915826868
EVS: 0.18495780562513142
