Model: GRU
MSE: 34.42468208183471
MAE: 4.4677586202268245
EVS: -0.0028084090833351283
