Model: GRU
MSE: 20.442721662547935
MAE: 3.2975860878273293
EVS: 0.22306440577742015
