Model: GRU
MSE: 10044.876925631486
MAE: 100.09823212800202
EVS: 1.1102230246251565e-16
