Model: GRU
MSE: 19.944015863320036
MAE: 3.3320424291822643
EVS: 0.2450604142228645
