Model: GRU
MSE: 20.354775264677528
MAE: 3.3584639407970287
EVS: 0.2189002881025931
