Model: GRU
MSE: 34.98955069389177
MAE: 4.666296711674443
EVS: -0.009153756782020572
