Model: GRU
MSE: 24.804060673327303
MAE: 3.8017936459294073
EVS: 0.19986950586972207
