Model: GRU
MSE: 19.15514910939066
MAE: 3.4831206533643932
EVS: 0.324241650715686
