Model: GRU
MSE: 32.839829663014235
MAE: 4.330895565174244
EVS: -0.009697816681463411
