Model: GRU
MSE: 21.611544313153445
MAE: 3.7162275667543763
EVS: 0.2940714535594362
