Model: GRU
MSE: 34.591506886915894
MAE: 4.391357845730251
EVS: 0.06547679882308644
