Model: GRU
MSE: 20.97689619558433
MAE: 3.2426313470911095
EVS: 0.24204768369281449
