Model: GRU
MSE: 19.519190005016654
MAE: 3.2609274122450085
EVS: 0.2338253791867302
