Model: GRU
MSE: 21.181815724128633
MAE: 3.6854445139567056
EVS: 0.2253290910423844
