Model: GRU
MSE: 623.5778020618511
MAE: 24.458003220734774
EVS: 0.003615717400389018
