Model: GRU
MSE: 20.517327253201806
MAE: 3.52469774528786
EVS: 0.2070515196461582
