Model: GRU
MSE: 24.566342663517364
MAE: 3.897632369288692
EVS: 0.1857973418465968
