Model: GRU
MSE: 19.276550577851367
MAE: 3.3125966919793024
EVS: 0.333729293775209
