Model: GRU
MSE: 16.258848350868092
MAE: 2.9511567221747503
EVS: 0.37703244138275205
