Model: GRU
MSE: 17.265701378894452
MAE: 3.18078848167702
EVS: 0.3465867733291119
