Model: GRU
MSE: 20.353231669759182
MAE: 3.547601788132279
EVS: 0.29983996102801025
