Model: GRU
MSE: 16.754237182487554
MAE: 3.0123185051812067
EVS: 0.3630631443914626
