Model: GRU
MSE: 27.745194572617407
MAE: 3.982694802460847
EVS: 0.18616633971151364
