Model: GRU
MSE: 21.065585271197296
MAE: 3.5365219292817294
EVS: 0.24880822580726636
