Model: GRU
MSE: 18.237953051926844
MAE: 3.2618176142374673
EVS: 0.34474940925128494
