Model: GRU
MSE: 8645.592678148209
MAE: 92.81937097620082
EVS: -0.1837437676944682
