Model: GRU
MSE: 24.395032653514505
MAE: 4.046811351069698
EVS: 0.29804505586235
