Model: GRU
MSE: 18.657529471422322
MAE: 3.575819351055004
EVS: 0.3789299301750797
