Model: GRU
MSE: 23.20094545153278
MAE: 3.703532413200096
EVS: 0.25004037259533873
