Model: GRU
MSE: 29.51702175003897
MAE: 3.871355727866844
EVS: 0.0021980610847468496
