Model: GRU
MSE: 18.809958548725735
MAE: 3.495313432481554
EVS: 0.2884934021228034
