Model: GRU
MSE: 25.9810752771137
MAE: 4.0308481852213545
EVS: 0.20087787343386265
