Model: GRU
MSE: 18.490298697567376
MAE: 3.1795823132550276
EVS: 0.27213146797011023
