Model: GRU
MSE: 24.01981647284067
MAE: 3.7287264046845614
EVS: 0.15057737343190603
