Model: GRU
MSE: 29.01761189434456
MAE: 4.076968669891357
EVS: 0.11648085509986039
