Model: GRU
MSE: 20.7040555101325
MAE: 4.02326378998933
EVS: 0.35099472882875227
