Model: GRU
MSE: 19.77205202533805
MAE: 3.8608462898819536
EVS: 0.28902434586316084
