Model: GRU
MSE: 18.691071577480493
MAE: 3.5166131302162453
EVS: 0.35649678054755474
