Model: GRU
MSE: 19.728969637541628
MAE: 3.692062607517949
EVS: 0.2349162444123596
