Model: GRU
MSE: 13.8212858252229
MAE: 2.990122018037019
EVS: 0.4529484345255511
