Model: GRU
MSE: 15.549458500821983
MAE: 3.5091806517706976
EVS: 0.3971970052308482
