Model: GRU
MSE: 23.565788278171887
MAE: 4.070778352242929
EVS: 0.1923970916841926
