Model: GRU
MSE: 16.821185153471998
MAE: 3.4601072382043907
EVS: 0.43865148638615925
