Model: GRU
MSE: 21.844338603834558
MAE: 4.19400852697867
EVS: 0.34425895548073127
