Model: GRU
MSE: 28.238920580208557
MAE: 4.546834097968207
EVS: 0.07470289000231367
