Model: GRU
MSE: 24.5561595739504
MAE: 4.004599945885794
EVS: 0.13189825511610898
