Model: GRU
MSE: 14.290281433289348
MAE: 3.2719917473969637
EVS: 0.45593261111781713
