Model: GRU
MSE: 15.175937757878282
MAE: 3.0246743979277433
EVS: 0.4202102918835343
