Model: GRU
MSE: 14.632956582379775
MAE: 3.417596375500714
EVS: 0.4690653677545764
