Model: GRU
MSE: 19.1363940526124
MAE: 3.463212560724329
EVS: 0.35255331823868286
