Model: GRU
MSE: 15.048747348928146
MAE: 3.1944593676814326
EVS: 0.4066526440059567
