Model: GRU
MSE: 13.274923960055217
MAE: 3.1206056630169905
EVS: 0.47411245363632026
