Model: GRU
MSE: 17.025635119616393
MAE: 3.5096921920776367
EVS: 0.485820681819661
