Model: GRU
MSE: 23.630238656765847
MAE: 4.1273255436508745
EVS: 0.17143660191055476
