Model: GRU
MSE: 19.870705765995304
MAE: 3.681988009700069
EVS: 0.3860486403004526
