Model: GRU
MSE: 17.237601978558384
MAE: 3.559143896456118
EVS: 0.3449914249810463
