Model: GRU
MSE: 23.865487632116043
MAE: 3.952142256277579
EVS: 0.37360621920714254
