Model: GRU
MSE: 20.58056462025505
MAE: 3.929417274616383
EVS: 0.19900623380751514
