Model: GRU
MSE: 24.608834358603577
MAE: 4.218301578804299
EVS: 0.28540302905296944
