Model: GRU
MSE: 17.219173230778964
MAE: 3.342250929938422
EVS: 0.3204226386905721
