Model: GRU
MSE: 22.421074853839098
MAE: 4.072846589265047
EVS: 0.24763040307956374
