Model: GRU
MSE: 19.29112856902234
MAE: 3.838828757957176
EVS: 0.3052992676750671
