Model: GRU
MSE: 21.923795162447142
MAE: 4.092510329352485
EVS: 0.368988086360056
