Model: GRU
MSE: 14.194159399139657
MAE: 3.309720039367676
EVS: 0.4420274651264927
