Model: GRU
MSE: 22.853261754132845
MAE: 3.975262889155635
EVS: 0.26793923556024546
