Model: GRU
MSE: 38.25169333438836
MAE: 5.294258185006954
EVS: -0.17226099171921994
