Model: GRU
MSE: 841.759156017138
MAE: 28.324725645559806
EVS: -0.42285403546333766
