Model: GRU
MSE: 21.108671076557247
MAE: 3.984954904626917
EVS: 0.3659963647695038
