Model: GRU
MSE: 18.491152996119336
MAE: 3.4060938976429127
EVS: 0.3722663027865065
