Model: GRU
MSE: 13.880034654934283
MAE: 3.0237620141771107
EVS: 0.44889416268685234
