Model: GRU
MSE: 19.034858944920963
MAE: 3.898165084697582
EVS: 0.31578171083673445
