Model: GRU
MSE: 14.717499740084417
MAE: 3.2212560794971608
EVS: 0.42610028568480673
