Model: GRU
MSE: 28.43359192960383
MAE: 4.424805689741064
EVS: 0.09774215291490007
