Model: GRU
MSE: 24.23735882615516
MAE: 3.9804127128035933
EVS: 0.2932456711484578
