Model: GRU
MSE: 29.362820275606314
MAE: 4.424357793949269
EVS: -0.10778191229272926
