Model: GRU
MSE: 14.670453695258242
MAE: 3.29703336291843
EVS: 0.4192755408277975
