Model: GRU
MSE: 31.301143980219607
MAE: 4.838843310320819
EVS: -0.027251274403716552
