Model: GRU
MSE: 18.88931169620211
MAE: 3.8503649499681263
EVS: 0.39856482736718013
