Model: GRU
MSE: 16.569979831327963
MAE: 3.4196891608061613
EVS: 0.3454252309075504
