Model: GRU
MSE: 23.80849083990187
MAE: 4.075326950461776
EVS: 0.41252927249443794
