Model: GRU
MSE: 23.120581352030747
MAE: 3.7666085617882863
EVS: 0.17369088914131958
