Model: GRU
MSE: 23.58879181546379
MAE: 3.7944746370668763
EVS: 0.2656413504774605
