Model: GRU
MSE: 18.872606319653382
MAE: 3.55529225314105
EVS: 0.3202643029977451
