Model: GRU
MSE: 17.91306516034567
MAE: 3.697207662794325
EVS: 0.3186568415112494
