Model: GRU
MSE: 19.22412954057708
MAE: 3.833168948138202
EVS: 0.3158591771740392
