Model: GRU
MSE: 16.210338936126206
MAE: 3.4942879853425204
EVS: 0.469657204684804
