Model: GRU
MSE: 21.269467889493306
MAE: 3.97792116800944
EVS: 0.3370210695172683
