Model: GRU
MSE: 23.269373748645034
MAE: 3.9683066297460488
EVS: 0.18990739708261162
