Model: GRU
MSE: 16.812578456401955
MAE: 3.5238704681396484
EVS: 0.38964183139373654
