Model: GRU
MSE: 27.397672148412614
MAE: 4.659270215917517
EVS: 0.08591984970227229
