Model: GRU
MSE: 17.246309291357516
MAE: 3.569094657897949
EVS: 0.4095221441346042
