Model: GRU
MSE: 16.43903209522199
MAE: 3.4852586852179632
EVS: 0.43982723031630777
