Model: GRU
MSE: 17.700490586775036
MAE: 3.6122423984386303
EVS: 0.30179930537606947
