Model: GRU
MSE: 16.707294700612902
MAE: 3.4826898045010037
EVS: 0.33721207090944827
