Model: GRU
MSE: 20.080857118347367
MAE: 3.822630846941913
EVS: 0.2812417118353935
