Model: GRU
MSE: 15.945204394788876
MAE: 3.4881658024258084
EVS: 0.40925562448478525
