Model: GRU
MSE: 21.611414632743795
MAE: 3.9437720510694714
EVS: 0.22346468707795142
