Model: GRU
MSE: 18.45736454610811
MAE: 3.7528556364553944
EVS: 0.31222010907893427
