Model: GRU
MSE: 17.786038351782736
MAE: 3.7072470276444047
EVS: 0.438842881450216
