Model: GRU
MSE: 28.20632812331993
MAE: 4.551176927707814
EVS: 0.20067464962772108
