Model: GRU
MSE: 18.662184131025917
MAE: 3.648823455527977
EVS: 0.2594153677264508
