Model: GRU
MSE: 18.773068828723403
MAE: 3.6111541677404335
EVS: 0.3304992115197076
