Model: GRU
MSE: 15.134577649813233
MAE: 3.256312917779993
EVS: 0.40310191340918844
