Model: GRU
MSE: 18.235195758754816
MAE: 3.439294108638057
EVS: 0.34943027682565486
