Model: GRU
MSE: 18.286623046817628
MAE: 3.5121728932416
EVS: 0.40854829422924943
