Model: GRU
MSE: 21.925728109012407
MAE: 4.0420816739400225
EVS: 0.19402491054636684
