Model: GRU
MSE: 22.67458738834532
MAE: 4.2313467749842895
EVS: 0.11338301813258223
