Model: GRU
MSE: 19.527115845654947
MAE: 3.6384150187174478
EVS: 0.2981450996352395
