Model: GRU
MSE: 20.458343068071507
MAE: 3.9158750816627785
EVS: 0.23400666280175597
