Model: GRU
MSE: 19.33385226573956
MAE: 3.8707964332015425
EVS: 0.4033487240564215
