Model: GRU
MSE: 13.706506392293612
MAE: 3.0254030757480197
EVS: 0.45600009050892953
