Model: GRU
MSE: 20.407886214176532
MAE: 3.6163934425071433
EVS: 0.33151164274428513
