Model: GRU
MSE: 16.967278403605405
MAE: 3.631313094386348
EVS: 0.374623641108796
