Model: GRU
MSE: 17.691233890698044
MAE: 3.4684851787708424
EVS: 0.36240462048219024
