Model: GRU
MSE: 17.371437526596395
MAE: 3.612736560680248
EVS: 0.41897387469419756
