Model: GRU
MSE: 16.938912177323328
MAE: 3.367351320054796
EVS: 0.4154701326571981
