Model: GRU
MSE: 15.491316443797123
MAE: 3.389927034024839
EVS: 0.3873252390213926
