Model: GRU
MSE: 16.369499198233953
MAE: 3.4925164646572537
EVS: 0.36535591062933315
