Model: GRU
MSE: 14.933800431141773
MAE: 3.2293365796407065
EVS: 0.41844577748027256
