Model: GRU
MSE: 18.743944007175305
MAE: 3.553949885898166
EVS: 0.256513327639722
