Model: GRU
MSE: 19.671529757307386
MAE: 3.5706574298717357
EVS: 0.29861757469973327
