Model: GRU
MSE: 14.591928269746186
MAE: 3.2964453520598234
EVS: 0.4207678793486632
