Model: GRU
MSE: 23.796603633674195
MAE: 3.9337870986373336
EVS: 0.1421478871805758
