Model: GRU
MSE: 21.26819172241456
MAE: 3.705208089616564
EVS: 0.26463725622230083
