Model: GRU
MSE: 19.609426336931264
MAE: 3.646014407829002
EVS: 0.3537975470420366
