Model: GRU
MSE: 22.653222065808457
MAE: 3.815741115146213
EVS: 0.24009628744511102
