Model: GRU
MSE: 15.929349397954521
MAE: 3.458690555007369
EVS: 0.42416392246401136
