Model: GRU
MSE: 23.91207245662429
MAE: 4.010009094520852
EVS: 0.20494763520004744
