Model: GRU
MSE: 14.797182154328167
MAE: 3.139009458047372
EVS: 0.4530246964366068
