Model: GRU
MSE: 211.7443743205984
MAE: 13.664671023686727
EVS: 0.0065135534626492575
