Model: GRU
MSE: 23.57697544675116
MAE: 4.060675100043968
EVS: 0.23108528469746115
