Model: GRU
MSE: 17.600991481138223
MAE: 3.3510881353307655
EVS: 0.36108059990394115
