Model: GRU
MSE: 15.788408146570445
MAE: 3.3949910093236855
EVS: 0.40150687805939966
