Model: GRU
MSE: 12.847482805434698
MAE: 3.0344120838024
EVS: 0.4953113364182343
