Model: GRU
MSE: 16.298976819667587
MAE: 3.4439341580426253
EVS: 0.3551544014848138
