Model: GRU
MSE: 22.996767081604148
MAE: 4.004568064654315
EVS: 0.2699417625608904
