Model: GRU
MSE: 16.87396472247826
MAE: 3.5766670085765697
EVS: 0.3664750468571054
