Model: GRU
MSE: 27.530984515579828
MAE: 4.321910840493661
EVS: 0.09655832737700754
