Model: GRU
MSE: 17.393787645994195
MAE: 3.7037530651798956
EVS: 0.3124360173412122
