Model: GRU
MSE: 20.869009347771016
MAE: 3.689632362789578
EVS: 0.29744626470116275
