Model: GRU
MSE: 15.374670282359224
MAE: 3.417669031355116
EVS: 0.3928975667092093
