Model: GRU
MSE: 15.01343921632288
MAE: 3.435892175745081
EVS: 0.4185295630051422
