Model: GRU
MSE: 16.216403587116012
MAE: 3.451093488269382
EVS: 0.38213345527841613
