Model: GRU
MSE: 24.331362571962373
MAE: 4.201234534934715
EVS: 0.2796027554783721
