Model: GRU
MSE: 13.830524830044691
MAE: 3.2874178179988154
EVS: 0.45390889032162884
