Model: GRU
MSE: 442.78138368585434
MAE: 20.427771003158004
EVS: -0.012005881274365526
