Model: GRU
MSE: 15.482380944491913
MAE: 3.0829417970445423
EVS: 0.4082108099456475
