Model: GRU
MSE: 13.773846115689704
MAE: 3.2194840996353715
EVS: 0.4759682649853414
