Model: GRU
MSE: 20.5445056403843
MAE: 3.70346466700236
EVS: 0.2702330028031087
