Model: GRU
MSE: 19.35625863843646
MAE: 3.4136269887288413
EVS: 0.3142311244358129
