Model: GRU
MSE: 21.337036589706198
MAE: 3.962560777310972
EVS: 0.1673518573549697
