Model: GRU
MSE: 22.886341968716874
MAE: 4.0595747629801435
EVS: 0.22618282183095473
