Model: GRU
MSE: 20.947908228238948
MAE: 3.6691023685314037
EVS: 0.39369544251634614
