Model: GRU
MSE: 21.285406602888333
MAE: 3.954990298659713
EVS: 0.26425532620555336
