Model: GRU
MSE: 20.42392128264021
MAE: 3.407584896794072
EVS: 0.3401452833537264
