Model: GRU
MSE: 16.633077033874788
MAE: 3.424657768673367
EVS: 0.3407639582834573
