Model: GRU
MSE: 17.110250949805454
MAE: 3.7655199545401112
EVS: 0.32610315228824005
