Model: GRU
MSE: 20.670075323483346
MAE: 3.7216247982449002
EVS: 0.2710966294230598
