Model: GRU
MSE: 36.18147850802879
MAE: 5.166726615693834
EVS: 0.18700486866188037
