Model: GRU
MSE: 16.752052122519345
MAE: 3.6380116674635143
EVS: 0.360382589942287
