Model: GRU
MSE: 14.94055074309961
MAE: 3.2844814547786005
EVS: 0.4234434307048549
