Model: GRU
MSE: 16.371962451740938
MAE: 3.575845170904089
EVS: 0.3605586017064759
