Model: GRU
MSE: 33.16902524387988
MAE: 4.953116681840685
EVS: 0.07932596923509194
