Model: GRU
MSE: 26.32108966565931
MAE: 4.562206992396602
EVS: 0.09686299444868163
