Model: GRU
MSE: 18.35100323011036
MAE: 3.6455952326456704
EVS: 0.3293316785761041
