Model: GRU
MSE: 20.521957469278473
MAE: 3.982897493574354
EVS: 0.3448878739760197
