Model: GRU
MSE: 16.649459986487546
MAE: 3.460749687971892
EVS: 0.3531066571125152
