Model: GRU
MSE: 17.223639982820824
MAE: 3.666923258039686
EVS: 0.3247741184419637
