Model: GRU
MSE: 15.595716614724402
MAE: 3.3376938501993814
EVS: 0.40814992875611755
