Model: GRU
MSE: 14.49003052739751
MAE: 3.2689693768819175
EVS: 0.46027283525499463
