Model: GRU
MSE: 14.52339375289968
MAE: 3.120128490306713
EVS: 0.4437905563633634
