Model: GRU
MSE: 14.884772830072523
MAE: 3.2921325895521374
EVS: 0.4364569646672194
