Model: GRU
MSE: 14.53312844706169
MAE: 3.3432140526948153
EVS: 0.4284964285856473
