Model: GRU
MSE: 24.154116827853848
MAE: 3.8342468227658952
EVS: 0.12493398041468529
