Model: GRU
MSE: 18.135780068032766
MAE: 3.6147255014490196
EVS: 0.3705760452426413
