Model: GRU
MSE: 22.043555921168245
MAE: 3.8214246608592846
EVS: 0.2396785554036006
