Model: GRU
MSE: 14.757765038401674
MAE: 3.18143532011244
EVS: 0.4391839129987274
