Model: GRU
MSE: 22.07565402465777
MAE: 3.9944698015848794
EVS: 0.174216199812132
