Model: GRU
MSE: 15.392339645011768
MAE: 3.362219386630588
EVS: 0.4137744283773582
