Model: GRU
MSE: 14.982124139860685
MAE: 3.3191853099399142
EVS: 0.5049916605071305
