Model: GRU
MSE: 16.855142876298014
MAE: 3.6985833909776478
EVS: 0.43809017527629635
