Model: GRU
MSE: 15.817619188648049
MAE: 3.3850050855565956
EVS: 0.3841417729322728
