Model: GRU
MSE: 13.78687481093884
MAE: 3.063834967436614
EVS: 0.4764653512264171
