Model: GRU
MSE: 15.05634536994795
MAE: 3.29722856592249
EVS: 0.43930338468151986
