Model: GRU
MSE: 24.149069442981585
MAE: 4.0326361656188965
EVS: 0.1689521507494789
