Model: GRU
MSE: 16752.255831622464
MAE: 129.3031288429543
EVS: -0.1880840925565619
