Model: GRU
MSE: 18.238690405088718
MAE: 3.753772947523329
EVS: 0.3050823056736883
