Model: GRU
MSE: 17.491120773350925
MAE: 3.6831668571189597
EVS: 0.41201130257509666
