Model: GRU
MSE: 18.79942221135211
MAE: 3.707496907975939
EVS: 0.4745429188867759
