Model: GRU
MSE: 17.27448829377028
MAE: 3.48198198389124
EVS: 0.3391777167059806
