Model: GRU
MSE: 26.9913327915539
MAE: 4.183848080811678
EVS: 0.15891070703212995
