Model: GRU
MSE: 12.908285092507406
MAE: 3.0397582760563604
EVS: 0.5182248419937628
