Model: GRU
MSE: 15.982224408519903
MAE: 3.369880888197157
EVS: 0.3654327671843772
