Model: GRU
MSE: 16.9453064829305
MAE: 3.5011465461165816
EVS: 0.34598594577509845
