Model: GRU
MSE: 23.311479130786935
MAE: 4.150005446539985
EVS: 0.39398502014606096
