Model: GRU
MSE: 33.92606741653977
MAE: 4.799011632800102
EVS: 0.11111021561309486
