Model: GRU
MSE: 220.0164958097335
MAE: 13.893433703316582
EVS: -0.07162188972730932
