Model: GRU
MSE: 14.437224059910655
MAE: 3.1301252047220864
EVS: 0.4607298443463138
