Model: GRU
MSE: 19.783286573302863
MAE: 3.8456059561835394
EVS: 0.26074941563749277
