Model: GRU
MSE: 23.191647444335086
MAE: 4.084168363500525
EVS: 0.27940446987763445
