Model: GRU
MSE: 20.86515394801697
MAE: 4.056869241926405
EVS: 0.29264222751695435
