Model: GRU
MSE: 21.306151584469003
MAE: 3.9168944358825684
EVS: 0.24759638354220814
