Model: GRU
MSE: 15.714884988096216
MAE: 3.445086020010489
EVS: 0.37916677911002994
