Model: GRU
MSE: 36.387493128103934
MAE: 5.055069817437066
EVS: -0.18073205064871423
