Model: GRU
MSE: 28.045187631130375
MAE: 4.772772683037652
EVS: 0.04545881484133718
