Model: GRU
MSE: 18.500566591806578
MAE: 3.584162888703523
EVS: 0.3388735620379636
