Model: GRU
MSE: 21.162715955580545
MAE: 4.046114444732666
EVS: 0.22167410199593518
