Model: GRU
MSE: 21.28643101342797
MAE: 4.000721843154342
EVS: 0.40331258573612405
