Model: GRU
MSE: 30.088207212957613
MAE: 4.8035772111680775
EVS: 0.12078840713607342
