Model: GRU
MSE: 26.98935620558641
MAE: 4.462528246420401
EVS: 0.1849114530668161
