Model: GRU
MSE: 19.151476475360123
MAE: 3.6561960290979454
EVS: 0.2740945924097933
