Model: GRU
MSE: 18.15772551804494
MAE: 3.434033782393844
EVS: 0.35684421124272914
