Model: GRU
MSE: 27.298891131448475
MAE: 4.403284089905875
EVS: 0.22395900350086495
