Model: GRU
MSE: 17.379551850050643
MAE: 3.523742640459979
EVS: 0.4323254428444959
