Model: GRU
MSE: 19.410068688747522
MAE: 3.387209079883717
EVS: 0.3011743532985476
