Model: GRU
MSE: 20.72476508907386
MAE: 3.9392793443467884
EVS: 0.22351684058617893
