Model: GRU
MSE: 19.837092696271124
MAE: 3.6795758494624384
EVS: 0.30816518577172225
