Model: GRU
MSE: 19.30346263433233
MAE: 3.833183730090106
EVS: 0.29457844696987423
