Model: GRU
MSE: 28.99109797856644
MAE: 4.549090010779245
EVS: 0.01873963850897631
