Model: GRU
MSE: 14.155552713081356
MAE: 3.2308660083346896
EVS: 0.4843551006065401
