Model: GRU
MSE: 15.43177969218767
MAE: 3.2587375552565963
EVS: 0.39303634738935955
