Model: GRU
MSE: 224.75688602900087
MAE: 14.07221112869404
EVS: -0.06132870502710719
