Model: GRU
MSE: 17.69099560292959
MAE: 3.4720693782523826
EVS: 0.3072307248521998
