Model: GRU
MSE: 15.11094378409076
MAE: 3.4463732684100115
EVS: 0.40960507716540817
