Model: GRU
MSE: 19.335477258221417
MAE: 3.8947149735909923
EVS: 0.33489234107332144
