Model: GRU
MSE: 16.60537261557975
MAE: 3.4457346774913646
EVS: 0.43956765175925305
