Model: GRU
MSE: 16.8180753133017
MAE: 3.5469148600542986
EVS: 0.33361781359787024
