Model: GRU
MSE: 13.62318518001827
MAE: 3.1215321046334727
EVS: 0.48009917696396354
