Model: GRU
MSE: 25.6335946727493
MAE: 4.191422727372911
EVS: 0.21176827078015925
