Model: GRU
MSE: 19.116758079601958
MAE: 3.935020128885905
EVS: 0.3159915722207728
