Model: GRU
MSE: 19.024191066867793
MAE: 3.545723208674678
EVS: 0.3142322372699704
