Model: GRU
MSE: 18.180953078674396
MAE: 3.5913602157875344
EVS: 0.35326134670956644
