Model: GRU
MSE: 20.23730379339811
MAE: 3.9339767385412148
EVS: 0.4385503789855284
