Model: GRU
MSE: 19.263048180856096
MAE: 3.5464705891079373
EVS: 0.3314261488277124
