Model: GRU
MSE: 24.56124824835579
MAE: 4.071536223093669
EVS: 0.23649064197897696
