Model: GRU
MSE: 17.70628779383406
MAE: 3.628818458980984
EVS: 0.3690554408560146
