Model: GRU
MSE: 225.5184379014787
MAE: 14.11753205899839
EVS: -0.04083913903683567
