Model: GRU
MSE: 25.030461607407528
MAE: 4.206798217914723
EVS: 0.0549117946745773
