Model: GRU
MSE: 18.788702693785094
MAE: 3.426049267804181
EVS: 0.32893704111747
