Model: GRU
MSE: 15.920574983931518
MAE: 3.4507940433643483
EVS: 0.3691570799577534
