Model: GRU
MSE: 15.926699284070715
MAE: 3.47132177706118
EVS: 0.4034771322779086
