Model: GRU
MSE: 17.47019489005706
MAE: 3.7820151646931968
EVS: 0.40172658535129613
