Model: GRU
MSE: 22.289864569799235
MAE: 4.103779527876112
EVS: 0.2820767473595839
