Model: GRU
MSE: 22.222645421534168
MAE: 4.170628371062102
EVS: 0.21076190795266636
