Model: GRU
MSE: 20.505210516702643
MAE: 3.8704953723483615
EVS: 0.2777507709397139
