Model: GRU
MSE: 15.410097981058133
MAE: 3.4158245899059154
EVS: 0.4185125621037933
