Model: GRU
MSE: 17.450977778593362
MAE: 3.531340510756881
EVS: 0.3520234790095419
