Model: GRU
MSE: 18.80052975151622
MAE: 3.7370666751155146
EVS: 0.3254800781408673
