Model: GRU
MSE: 17.39467205015616
MAE: 3.2490823533799915
EVS: 0.3508185797987273
