Model: GRU
MSE: 22.734666030341625
MAE: 4.245816257264879
EVS: 0.2581852343525529
