Model: GRU
MSE: 53598.675097098334
MAE: 231.4539602774161
EVS: 1.1102230246251565e-16
