Model: GRU
MSE: 14.244417679568256
MAE: 3.176570945315891
EVS: 0.4722168895733976
