Model: GRU
MSE: 14.859039101812195
MAE: 3.204434041623716
EVS: 0.42586003526635696
