Model: GRU
MSE: 15.3259587045936
MAE: 3.414640956454807
EVS: 0.44327552586726615
