Model: GRU
MSE: 17.208481430358663
MAE: 3.4160903648093894
EVS: 0.3377909289414437
