Model: GRU
MSE: 28.3554372678778
MAE: 4.679186397128635
EVS: 0.07344512803301595
