Model: GRU
MSE: 681.5576881248669
MAE: 25.43675443104335
EVS: -0.25119718605546226
