Model: GRU
MSE: 30.29942232034987
MAE: 4.736038481747663
EVS: 0.1636918868822581
