Model: GRU
MSE: 15.22100419691737
MAE: 3.344281691092032
EVS: 0.3961038487163191
