Model: GRU
MSE: 19.764401853156446
MAE: 3.757987552218967
EVS: 0.2875172059540827
