Model: GRU
MSE: 20.61106382278831
MAE: 3.833570445025409
EVS: 0.22288987935866467
