Model: GRU
MSE: 18.441950156840633
MAE: 3.5453523706506798
EVS: 0.33982787131296976
