Model: GRU
MSE: 22.32525249107869
MAE: 4.202136463589138
EVS: 0.16351622719966286
