Model: GRU
MSE: 18.75438624707212
MAE: 3.57406128777398
EVS: 0.33655733197404225
