Model: GRU
MSE: 553.9896427007427
MAE: 22.967049598693848
EVS: -0.05237564214815871
