Model: GRU
MSE: 16.25455173352432
MAE: 3.4760756845827454
EVS: 0.3620746788331758
