Model: GRU
MSE: 22.379611442538902
MAE: 4.13162844269364
EVS: 0.193242326150718
