Model: GRU
MSE: 20.866567207725623
MAE: 3.39823885317202
EVS: 0.28248319280206
