Model: GRU
MSE: 17.793619584836083
MAE: 3.6117432558978044
EVS: 0.3902092496473617
