Model: GRU
MSE: 16.906496627454207
MAE: 3.575569364759657
EVS: 0.3498959955078581
