Model: GRU
MSE: 19.247468641538884
MAE: 3.61080390435678
EVS: 0.25992028931540023
