Model: GRU
MSE: 18.896077318691198
MAE: 3.5193942233368203
EVS: 0.2502786431530435
