Model: GRU
MSE: 21.641898786550488
MAE: 3.815817285467077
EVS: 0.25865261329085276
