Model: GRU
MSE: 18.831751380267374
MAE: 3.759934937512433
EVS: 0.2647634923930048
