Model: GRU
MSE: 19.148579175506516
MAE: 3.5909264352586536
EVS: 0.32434191935534085
