Model: GRU
MSE: 14.058650168229962
MAE: 3.2972601961206505
EVS: 0.44253677850138295
