Model: GRU
MSE: 16.028118351694165
MAE: 3.222439024183485
EVS: 0.3819589728539726
