Model: GRU
MSE: 27.622314388367663
MAE: 4.486709559405291
EVS: 0.2959421085897195
