Model: GRU
MSE: 25.099075291701965
MAE: 4.170918499981916
EVS: 0.21805483876084797
