Model: GRU
MSE: 22.513326042507828
MAE: 4.0178676534582065
EVS: 0.2128333543665173
