Model: GRU
MSE: 21.133607678557492
MAE: 3.4621423968562373
EVS: 0.38834424982018345
