Model: GRU
MSE: 18.212045487574734
MAE: 3.674020837854456
EVS: 0.30256013388928293
