Model: GRU
MSE: 17.239016847095122
MAE: 3.345450966446488
EVS: 0.3279086148805064
