Model: GRU
MSE: 24.598938369942964
MAE: 3.8993899910538286
EVS: 0.11985133623845412
