Model: GRU
MSE: 18.353944873365283
MAE: 3.6426527941668474
EVS: 0.271716589014248
