Model: GRU
MSE: 19.169295839945235
MAE: 3.8171986827143916
EVS: 0.24585918999004486
