Model: GRU
MSE: 16.896623456602054
MAE: 3.457736545138889
EVS: 0.32910586970253897
