Model: GRU
MSE: 18.611702275547973
MAE: 3.7989426012392395
EVS: 0.285043496160964
