Model: GRU
MSE: 14.223747305721066
MAE: 2.9901547078733093
EVS: 0.4521276124389543
