Model: GRU
MSE: 17.732575853760938
MAE: 3.5417576719213417
EVS: 0.3980198781267964
