Model: GRU
MSE: 19.22682388414631
MAE: 3.584413210550944
EVS: 0.3161775417400503
