Model: GRU
MSE: 16.034135244423982
MAE: 3.33969685766432
EVS: 0.4185878957441729
