Model: GRU
MSE: 19.43015352801722
MAE: 3.7074344599688493
EVS: 0.3214144435308013
