Model: GRU
MSE: 18.381827617387646
MAE: 3.8727019274676286
EVS: 0.45124744325085253
