Model: GRU
MSE: 17.637642254918777
MAE: 3.3885775053942644
EVS: 0.3427310384034268
