Model: GRU
MSE: 23.010909152563173
MAE: 3.821314670421459
EVS: 0.20800978565896666
