Model: GRU
MSE: 15.70308165774134
MAE: 3.286763827006022
EVS: 0.38315269027859733
