Model: GRU
MSE: 23.451091525937247
MAE: 4.31953818709762
EVS: 0.35904693366063
