Model: GRU
MSE: 15.147067983434352
MAE: 3.424336486392551
EVS: 0.412799916967199
