Model: GRU
MSE: 14.402377430309489
MAE: 3.3284014949092158
EVS: 0.46829779644723213
