Model: GRU
MSE: 15.181010198079441
MAE: 3.4177098274230957
EVS: 0.4031136392782423
