Model: GRU
MSE: 18.855303046982524
MAE: 3.8415356565404823
EVS: 0.2899500435632153
