Model: GRU
MSE: 15.297948856127995
MAE: 3.2866705611900047
EVS: 0.40688913351349
