Model: GRU
MSE: 14.831137695532393
MAE: 3.2537511896204063
EVS: 0.4147389038031901
