Model: GRU
MSE: 24.786152756300933
MAE: 4.258885931085657
EVS: 0.15174307337018644
