Model: GRU
MSE: 22.588429858459776
MAE: 3.9890304847999856
EVS: 0.29407115745870205
