Model: GRU
MSE: 18.328354235655784
MAE: 3.7461814527158386
EVS: 0.35197083067886736
