Model: GRU
MSE: 19.814802702646627
MAE: 3.877366065979004
EVS: 0.3263295528192114
