Model: GRU
MSE: 18.55582812460316
MAE: 3.629598282001637
EVS: 0.29518316103927456
