Model: GRU
MSE: 14.133707878579958
MAE: 3.249810960557726
EVS: 0.4410184300478027
