Model: GRU
MSE: 20.17514304455276
MAE: 3.7543112436930337
EVS: 0.2827390679119185
