Model: GRU
MSE: 15.40198360671172
MAE: 3.3138264550103083
EVS: 0.3947935221377453
