Model: GRU
MSE: 21.994241139648146
MAE: 4.099430878957112
EVS: 0.2493341623912374
