Model: GRU
MSE: 1812.0002465505083
MAE: 42.20112899497703
EVS: -0.11988697729040765
