Model: GRU
MSE: 18.708009971297024
MAE: 3.7971348939118563
EVS: 0.2850909857182533
