Model: GRU
MSE: 16.683934014466452
MAE: 3.6057500309414334
EVS: 0.4084067710873944
