Model: GRU
MSE: 19.957839603348273
MAE: 3.6354148299605757
EVS: 0.30533120298531313
