Model: GRU
MSE: 18.462829227737
MAE: 3.648880234471074
EVS: 0.35658381501679426
