Model: GRU
MSE: 20.19814465081325
MAE: 3.50558399271082
EVS: 0.29273731431064465
