Model: GRU
MSE: 15.223302315959936
MAE: 3.305573851973922
EVS: 0.41314598532417424
