Model: GRU
MSE: 18.861865713050015
MAE: 3.5545303556654186
EVS: 0.34070275442018083
