Model: GRU
MSE: 23.88200918536031
MAE: 4.339441352420383
EVS: 0.18155972695623823
