Model: GRU
MSE: 15.008083664988556
MAE: 2.9644527082090026
EVS: 0.4408774517472751
