Model: GRU
MSE: 23.392192582728157
MAE: 4.2113022274441185
EVS: 0.2835262627114785
