Model: GRU
MSE: 23.310065696581187
MAE: 4.020001941257053
EVS: 0.2605546043766387
