Model: GRU
MSE: 15.77687754344495
MAE: 3.3791207913999206
EVS: 0.41998605816219636
