Model: GRU
MSE: 22.030068446630096
MAE: 3.866419280016864
EVS: 0.2500395998576719
