Model: GRU
MSE: 25.325190337125015
MAE: 4.235768070927373
EVS: 0.1659392310400314
