Model: GRU
MSE: 21.50043043531469
MAE: 3.9732308387756348
EVS: 0.40797061296534953
