Model: GRU
MSE: 17.686312828081718
MAE: 3.7610249872560853
EVS: 0.40146342662806933
