Model: GRU
MSE: 17.08908509661928
MAE: 3.5916100254765264
EVS: 0.3489288397751129
