Model: GRU
MSE: 13.87572763711457
MAE: 3.1696485766658076
EVS: 0.4524643969861978
