Model: GRU
MSE: 27.25387288647552
MAE: 4.491016529224537
EVS: 0.23157163916825152
