Model: GRU
MSE: 19.435783699384654
MAE: 3.6840598494918257
EVS: 0.2864903757519687
