Model: GRU
MSE: 22.34569653527619
MAE: 4.201692598837393
EVS: 0.25766601423284863
