Model: GRU
MSE: 16.681108576314973
MAE: 3.470660757135462
EVS: 0.40668109719014045
