Model: GRU
MSE: 19.04691357401252
MAE: 3.7083439606207387
EVS: 0.30451706937685263
