Model: GRU
MSE: 17.05377894995078
MAE: 3.5359329294275352
EVS: 0.38491946037124547
