Model: GRU
MSE: 21.052881174755587
MAE: 3.6939080556233725
EVS: 0.24279736073722202
