Model: GRU
MSE: 18.78581477219837
MAE: 3.4592986989904335
EVS: 0.37128035116367686
