Model: GRU
MSE: 19.291187952282193
MAE: 3.516889112967032
EVS: 0.29355228837308045
