Model: GRU
MSE: 15.124155628903297
MAE: 3.245958822744864
EVS: 0.44956564227366125
