Model: GRU
MSE: 15.105779119456782
MAE: 3.2615855005052357
EVS: 0.42127229815800404
