Model: GRU
MSE: 16.424176697475364
MAE: 3.448568997559724
EVS: 0.4237385424133808
