Model: GRU
MSE: 15.504389500525997
MAE: 3.3003161748250327
EVS: 0.4262000924948409
