Model: GRU
MSE: 20.134066058983915
MAE: 3.8958452189410173
EVS: 0.25432148195385895
