Model: GRU
MSE: 18.55497734988818
MAE: 3.6372918552822537
EVS: 0.3917764453912186
