Model: GRU
MSE: 18.106053415396033
MAE: 3.7135219927187317
EVS: 0.2836828236532535
