Model: GRU
MSE: 20.90287988194812
MAE: 3.9717799292670355
EVS: 0.2543280371172266
