Model: GRU
MSE: 18.18502456974753
MAE: 3.6296357578701444
EVS: 0.27794755606301236
