Model: GRU
MSE: 14.311880279292213
MAE: 3.2397129270765515
EVS: 0.4753658044560396
