Model: GRU
MSE: 21.10830983254987
MAE: 3.9366890589396157
EVS: 0.24038280037353654
