Model: GRU
MSE: 24.405763883352147
MAE: 4.185727031142624
EVS: 0.18793257097045712
