Model: GRU
MSE: 16.86435855445313
MAE: 3.7286314787688077
EVS: 0.34470973326289855
