Model: GRU
MSE: 14.84794573538815
MAE: 3.3442954134058067
EVS: 0.49655893159198217
