Model: GRU
MSE: 18.250810583638845
MAE: 3.6035492685106068
EVS: 0.34391396548461295
