Model: GRU
MSE: 19.1179497116628
MAE: 3.5499903714215315
EVS: 0.28170555344467185
