Model: GRU
MSE: 24.020782772797627
MAE: 4.111901053675899
EVS: 0.07682584729678366
