Model: GRU
MSE: 24.231716546029457
MAE: 4.031996550383391
EVS: 0.15673458049523192
