Model: GRU
MSE: 17.724617582778794
MAE: 3.578222486707899
EVS: 0.3043941651472716
