Model: GRU
MSE: 15.327917879146947
MAE: 3.3613679497330278
EVS: 0.3961178273808673
