Model: GRU
MSE: 17.213754396709597
MAE: 3.5692181763825594
EVS: 0.45691589949483713
