Model: GRU
MSE: 20958.394626324236
MAE: 144.67972140842014
EVS: 0.0
