Model: GRU
MSE: 18.60088164456317
MAE: 3.5568245075367115
EVS: 0.32580761375631984
