Model: GRU
MSE: 34.23412152161604
MAE: 4.876940232736093
EVS: 0.0258173453282744
