Model: GRU
MSE: 2679.48366389917
MAE: 51.10297323156286
EVS: -1.698800516794388
