Model: GRU
MSE: 31.83401319027209
MAE: 4.395849693704535
EVS: 0.007425264970397305
