Model: GRU
MSE: 19.405341982466595
MAE: 3.8289474469644054
EVS: 0.37501505661617873
