Model: GRU
MSE: 42.19371487735518
MAE: 5.634217633141412
EVS: -0.06761713241326262
