Model: GRU
MSE: 18.186904682090802
MAE: 3.7705748875935874
EVS: 0.36467357720734295
