Model: GRU
MSE: 19.434515348712928
MAE: 3.4398468335469565
EVS: 0.3204771265258226
