Model: GRU
MSE: 14.755760223384843
MAE: 3.3746175412778503
EVS: 0.434500515656273
