Model: GRU
MSE: 13.167981327272678
MAE: 3.1120128631591797
EVS: 0.48079442967292974
