Model: GRU
MSE: 24.653294750652304
MAE: 4.111700534820557
EVS: 0.031204708774750567
