Model: GRU
MSE: 29.51877366495108
MAE: 4.38775948241905
EVS: 0.01887091669876595
