Model: GRU
MSE: 24.641553206612976
MAE: 4.27238114674886
EVS: 0.21664862932045648
