Model: GRU
MSE: 15.86087545750149
MAE: 3.333020669442636
EVS: 0.3912584646693895
