Model: GRU
MSE: 26.75112680498407
MAE: 4.209047176219799
EVS: 0.17925594799276734
