Model: GRU
MSE: 24.031131679003607
MAE: 4.08341105779012
EVS: 0.24013627311499441
