Model: GRU
MSE: 26.64530827407314
MAE: 4.15123929296221
EVS: 0.06080758312975376
