Model: GRU
MSE: 25.450891568643616
MAE: 4.182918477941443
EVS: 0.19522787924565232
