Model: GRU
MSE: 18.64883961793616
MAE: 3.5839554998609753
EVS: 0.33260158744270285
