Model: GRU
MSE: 15.540844237256469
MAE: 3.431708053306297
EVS: 0.40626660832185335
