Model: GRU
MSE: 25.792898377544308
MAE: 4.403902115645232
EVS: 0.2952681150472909
