Model: GRU
MSE: 33.448856062047014
MAE: 4.9280964710094315
EVS: 0.140869921341492
