Model: GRU
MSE: 18.629298490195627
MAE: 3.739835085692229
EVS: 0.2929255969121626
