Model: GRU
MSE: 47.36060228599478
MAE: 5.696272249575014
EVS: -0.21526566734462738
