Model: GRU
MSE: 15.46091918954126
MAE: 3.2895644505818686
EVS: 0.43168627907526236
