Model: GRU
MSE: 14.512066601837457
MAE: 3.223200109269884
EVS: 0.4425794772608046
