Model: GRU
MSE: 17.82007691720033
MAE: 3.5919543902079263
EVS: 0.39760166475980685
