Model: GRU
MSE: 21.045044554698045
MAE: 3.9340434427614563
EVS: 0.25128020452817224
