Model: GRU
MSE: 21.411951901584846
MAE: 3.946428493217186
EVS: 0.36263362698021195
