Model: GRU
MSE: 19.507680316227287
MAE: 3.8620382414923773
EVS: 0.29774890559801326
