Model: GRU
MSE: 13.432813001969029
MAE: 3.0080503357781305
EVS: 0.4793704300859759
