Model: GRU
MSE: 14.751883654099219
MAE: 3.478952513800727
EVS: 0.46307361330528596
