Model: GRU
MSE: 21.79851738972411
MAE: 3.810483012880598
EVS: 0.23054858255698252
