Model: GRU
MSE: 25.668383237199503
MAE: 4.34403297636244
EVS: 0.32602612536679054
