Model: GRU
MSE: 23.16810861348158
MAE: 3.7750401673493563
EVS: 0.1788325166058714
