Model: GRU
MSE: 17.755221859686227
MAE: 3.6035077660172075
EVS: 0.3765668455128881
