Model: GRU
MSE: 28.46076450465612
MAE: 4.698434798805802
EVS: 0.10101204384045204
