Model: GRU
MSE: 18.68653238625579
MAE: 3.623643822140164
EVS: 0.35116879103290166
