Model: GRU
MSE: 20.01386637275429
MAE: 3.859995894961887
EVS: 0.280408464438057
