Model: GRU
MSE: 13.46956047773687
MAE: 3.0609572022049516
EVS: 0.46652590554796924
