Model: GRU
MSE: 15.577060532605545
MAE: 3.4557505360356084
EVS: 0.3945278653990921
