Model: GRU
MSE: 16.839656815158776
MAE: 3.651217548935502
EVS: 0.43790868172324304
