Model: GRU
MSE: 14.44389825457699
MAE: 3.265048874749078
EVS: 0.4573564491749036
