Model: GRU
MSE: 19.707543475682424
MAE: 3.910416567767108
EVS: 0.29014115462520484
