Model: GRU
MSE: 14.492260287013929
MAE: 3.2417970586706093
EVS: 0.4249524936607324
