Model: GRU
MSE: 20.07193176030013
MAE: 3.496324927718551
EVS: 0.2938412649675469
