Model: GRU
MSE: 23.02833806625019
MAE: 4.020867753911902
EVS: 0.23400885349117928
