Model: GRU
MSE: 31.271797500471532
MAE: 4.222345198903765
EVS: -0.12637311752844171
