Model: GRU
MSE: 15.937848957448573
MAE: 3.380177727452031
EVS: 0.3742633679046028
