Model: GRU
MSE: 18.985283984296622
MAE: 3.6357094976637097
EVS: 0.4046112196373617
