Model: GRU
MSE: 26.310673687798936
MAE: 4.251425566496672
EVS: 0.23271948864815462
