Model: GRU
MSE: 2191.5186965320086
MAE: 46.54773132889359
EVS: 0.05140576515241424
