Model: GRU
MSE: 16.280108521750368
MAE: 3.4716478453742132
EVS: 0.3547430377807794
