Model: GRU
MSE: 24.03138713067451
MAE: 4.295724056385182
EVS: 0.09200402166305821
