Model: GRU
MSE: 23.3604011224327
MAE: 4.204180602674131
EVS: 0.16904651461838394
