Model: GRU
MSE: 15.503587213343897
MAE: 3.4091949816103333
EVS: 0.3938886276409652
