Model: GRU
MSE: 15.512214948108639
MAE: 3.4267148265132197
EVS: 0.4530156317063895
