Model: GRU
MSE: 22.459705558794084
MAE: 4.048539885768184
EVS: 0.31047167781070784
