Model: GRU
MSE: 18.27892298222969
MAE: 3.6689974820172346
EVS: 0.4199779545942952
