Model: GRU
MSE: 14.453759722920616
MAE: 3.1828216270164207
EVS: 0.4263557562422623
