Model: GRU
MSE: 19.801089217323025
MAE: 3.6832530586807817
EVS: 0.2550464288330091
