Model: GRU
MSE: 17.821011015882615
MAE: 3.732679278762252
EVS: 0.3031675309284304
