Model: GRU
MSE: 23.566475860899413
MAE: 3.9698062296266907
EVS: 0.28878561779991097
