Model: GRU
MSE: 16.974601471634752
MAE: 3.579307679776792
EVS: 0.42068749233341984
