Model: GRU
MSE: 16.431467757020712
MAE: 3.527168521174678
EVS: 0.39857255293651006
