Model: GRU
MSE: 19.409377903880063
MAE: 3.5618258758827492
EVS: 0.3160340586428867
