Model: GRU
MSE: 26.57850491988422
MAE: 4.44706717243901
EVS: -0.0325696037889911
