Model: GRU
MSE: 22.127597158857295
MAE: 3.889343297040021
EVS: 0.21173794725186423
