Model: GRU
MSE: 25.93037497738274
MAE: 4.386048935077809
EVS: 0.10982319233410598
