Model: GRU
MSE: 24.13400098833558
MAE: 4.163090529265227
EVS: 0.16943466428207332
