Model: GRU
MSE: 17.122250738479895
MAE: 3.531942747257374
EVS: 0.4596881401356725
