Model: GRU
MSE: 14.975930846691098
MAE: 3.315971745385064
EVS: 0.42539168275801953
