Model: GRU
MSE: 16.40765308511117
MAE: 3.4550764825608997
EVS: 0.42051206109544836
