Model: GRU
MSE: 21.08772016345436
MAE: 3.933592513755516
EVS: 0.24315743260091205
