Model: GRU
MSE: 22.521477939861683
MAE: 3.7951476485640914
EVS: 0.188181648931809
