Model: GRU
MSE: 21.80354584338334
MAE: 4.009290024086281
EVS: 0.2720057086393093
