Model: GRU
MSE: 16.499560620701637
MAE: 3.417395485772027
EVS: 0.40295746500894225
