Model: GRU
MSE: 21.510990674465347
MAE: 3.8963941468132868
EVS: 0.23236852713952738
