Model: GRU
MSE: 14.859267241099738
MAE: 3.454853552359122
EVS: 0.4119229028662892
