Model: GRU
MSE: 15.409014469692897
MAE: 3.495784706539578
EVS: 0.41236396616798954
