Model: GRU
MSE: 15.194845484416613
MAE: 3.529889195053666
EVS: 0.3972779435644924
