Model: GRU
MSE: 22.1727632446064
MAE: 4.112190617455377
EVS: 0.2138406101793443
