Model: GRU
MSE: 35.37727899304715
MAE: 4.7562051702428745
EVS: 0.12179749181303967
