Model: GRU
MSE: 18.515098195759645
MAE: 3.611291346726594
EVS: 0.2735959601362221
