Model: GRU
MSE: 24.32649102182634
MAE: 4.044602341122097
EVS: 0.1698624366207253
