Model: GRU
MSE: 26.723839011558034
MAE: 4.385073555840386
EVS: 0.20004404280393728
