Model: GRU
MSE: 20.568681910500832
MAE: 3.8905569005895546
EVS: 0.31753680359847536
