Model: GRU
MSE: 29.010479639930047
MAE: 4.81539194672196
EVS: 0.380527851531407
