Model: GRU
MSE: 15.62220428853969
MAE: 3.227814956947609
EVS: 0.37998248845456173
