Model: GRU
MSE: 16.861319196323503
MAE: 3.342548511646412
EVS: 0.36003720742792966
