Model: GRU
MSE: 16.33843548961357
MAE: 3.633931866398564
EVS: 0.3800082597960057
