Model: GRU
MSE: 16.437291303969825
MAE: 3.4821324525056063
EVS: 0.4705003632139192
