Model: GRU
MSE: 19.79996462208247
MAE: 3.543190567581742
EVS: 0.28622583995735085
