Model: GRU
MSE: 12.842029838961237
MAE: 3.0823335117763944
EVS: 0.5259536249125076
