Model: GRU
MSE: 22.286712256952974
MAE: 3.6567141391612865
EVS: 0.22846114265357187
