Model: GRU
MSE: 19.474550582786126
MAE: 3.598013171443233
EVS: 0.35199493630370304
