Model: GRU
MSE: 19.59426464182
MAE: 3.759437437410708
EVS: 0.27795735954779277
