Model: GRU
MSE: 22.84223971230422
MAE: 4.0714692716245295
EVS: 0.1816862143853013
