Model: GRU
MSE: 25.002451821676882
MAE: 4.575784330014829
EVS: 0.1920813299032904
