Model: GRU
MSE: 24.191630415950318
MAE: 3.746027946472168
EVS: 0.18690714726124635
