Model: GRU
MSE: 19.12948883669708
MAE: 3.6774862783926503
EVS: 0.25509627616784314
