Model: GRU
MSE: 30.32720621903386
MAE: 4.626695738898383
EVS: 0.09596883408027168
