Model: GRU
MSE: 217.08582358232056
MAE: 13.837732482839513
EVS: -0.016589043417053695
