Model: GRU
MSE: 22.59530865840335
MAE: 3.936231772104899
EVS: 0.11309079665050636
