Model: GRU
MSE: 76.05464349372572
MAE: 6.369344057860197
EVS: -1.0283749777699822
