Model: GRU
MSE: 13.79224515286077
MAE: 3.209394348992242
EVS: 0.47797229861585455
