Model: GRU
MSE: 15.233507702570192
MAE: 3.295720418294271
EVS: 0.399193851513832
