Model: GRU
MSE: 21.837042439270437
MAE: 4.018436749776204
EVS: 0.4191945186814756
