Model: GRU
MSE: 21.004383430437525
MAE: 3.966477809128938
EVS: 0.23585485943730833
