Model: GRU
MSE: 18.542849497698462
MAE: 3.6408248565815113
EVS: 0.3737803119554073
