Model: GRU
MSE: 23.00485287423099
MAE: 3.9978825604474104
EVS: 0.09601535038268139
