Model: GRU
MSE: 16.892466224741913
MAE: 3.510044892628988
EVS: 0.3363959544028038
