Model: GRU
MSE: 27.235767591028033
MAE: 4.050581296284993
EVS: 0.026074344433900998
