Model: GRU
MSE: 20.018790868595563
MAE: 3.5962905530576355
EVS: 0.36538964724404643
