Model: GRU
MSE: 19.050681755835672
MAE: 3.784530039186831
EVS: 0.3257827912262927
