Model: GRU
MSE: 22.64878169763362
MAE: 4.248508400387234
EVS: 0.32931421811488404
