Model: GRU
MSE: 18.334417360174417
MAE: 3.5066696449562356
EVS: 0.3152096255669553
