Model: GRU
MSE: 15.763839764888779
MAE: 3.302913612789578
EVS: 0.37669486601704594
