Model: GRU
MSE: 17.08595351709677
MAE: 3.7415241841916687
EVS: 0.39389158248028666
