Model: GRU
MSE: 22.133552404228094
MAE: 4.178060725883201
EVS: 0.3269652214386054
