Model: GRU
MSE: 27.997233404533603
MAE: 4.601315198121248
EVS: 0.03724804213198585
