Model: GRU
MSE: 14.946356330047694
MAE: 3.332901265886095
EVS: 0.4095297770513281
