Model: GRU
MSE: 17.734259829536647
MAE: 3.3794494425808943
EVS: 0.3147140629527333
