Model: GRU
MSE: 914.920034777381
MAE: 29.87012110816108
EVS: 0.1818162928546293
