Model: GRU
MSE: 16.1312956527757
MAE: 3.4923368206730596
EVS: 0.36831185088380947
