Model: GRU
MSE: 18.228685625554565
MAE: 3.6922396730493614
EVS: 0.3059331760124051
