Model: GRU
MSE: 17.245798543776672
MAE: 3.60043697003965
EVS: 0.3843285897313069
