Model: GRU
MSE: 15.579686567765007
MAE: 3.362784915500217
EVS: 0.43663045697565495
