Model: GRU
MSE: 17.127391297947103
MAE: 3.62091534226029
EVS: 0.3779372261147129
