Model: GRU
MSE: 20.465340227202947
MAE: 3.8838723323963307
EVS: 0.33148777698070786
