Model: GRU
MSE: 21.607005009153344
MAE: 3.9516935878329806
EVS: 0.3515290761755431
