Model: GRU
MSE: 17.81452657794408
MAE: 3.6423943484271013
EVS: 0.34373022404772446
