Model: GRU
MSE: 18.72380417767591
MAE: 3.7312666045294867
EVS: 0.3319011230209944
