Model: GRU
MSE: 31.912365432190086
MAE: 4.76360058342969
EVS: 0.027560791030707632
