Model: GRU
MSE: 18.584636799929424
MAE: 3.685408283163
EVS: 0.2922344229424284
