Model: GRU
MSE: 19.322968375991742
MAE: 3.872330383018211
EVS: 0.26909845060033377
