Model: GRU
MSE: 20.77941373355347
MAE: 3.773847491652877
EVS: 0.2557481392787798
