Model: GRU
MSE: 19.541311887919747
MAE: 3.8884033450373896
EVS: 0.23954739994106666
