Model: GRU
MSE: 19.794732412194712
MAE: 3.68415136690493
EVS: 0.3363452627819181
