Model: GRU
MSE: 14.859991837293263
MAE: 3.2599697466249817
EVS: 0.4111188435203491
