Model: GRU
MSE: 15.974335941140573
MAE: 3.285661979957863
EVS: 0.3898666569032234
