Model: GRU
MSE: 24.287533384717033
MAE: 4.04986392127143
EVS: 0.2402388520713571
