Model: GRU
MSE: 230.38177088878172
MAE: 14.216935482290056
EVS: -0.01878728325006973
