Model: GRU
MSE: 19.08571083950842
MAE: 3.631521785700763
EVS: 0.30042838546434314
