Model: GRU
MSE: 27.04139165130075
MAE: 4.274624437093735
EVS: 0.025407166905509038
