Model: GRU
MSE: 35.24548135070399
MAE: 4.970739700176098
EVS: 0.027459741164761353
