Model: GRU
MSE: 18.08953435847925
MAE: 3.579388282917164
EVS: 0.35762666677744637
