Model: GRU
MSE: 19.241783736459595
MAE: 3.595840471762198
EVS: 0.36129890985539836
