Model: GRU
MSE: 20.697106245337576
MAE: 4.098684434537534
EVS: 0.3432012343326062
