Model: GRU
MSE: 20.40614335639337
MAE: 3.9440168098167137
EVS: 0.20419881226411518
