Model: GRU
MSE: 25.308462399788336
MAE: 4.065020102041739
EVS: 0.0
