Model: GRU
MSE: 26.722994768618737
MAE: 4.447794066535102
EVS: 0.19045696756310837
