Model: GRU
MSE: 14.064346225930707
MAE: 3.2699302743982384
EVS: 0.4780614665481364
