Model: GRU
MSE: 25.98496846906719
MAE: 4.036968955287227
EVS: 0.07021899658159292
