Model: GRU
MSE: 31.70947713467895
MAE: 4.530261251661512
EVS: 0.19714603575086775
