Model: GRU
MSE: 10694.203579172354
MAE: 103.27857575593171
EVS: 1.1102230246251565e-16
