Model: GRU
MSE: 18.180567396580095
MAE: 3.4480568921124495
EVS: 0.3474726493167902
