Model: GRU
MSE: 24.844192914371895
MAE: 4.245912110363996
EVS: 0.16937419700387302
