Model: GRU
MSE: 19.032153602982195
MAE: 3.5924178582650645
EVS: 0.2863344515881002
