Model: GRU
MSE: 1335.546034982378
MAE: 36.02660532350893
EVS: -0.4377402130029129
