Model: GRU
MSE: 16.855309382550452
MAE: 3.4250741181550204
EVS: 0.34430191295226853
