Model: GRU
MSE: 19.682990827731736
MAE: 3.6833997479191534
EVS: 0.35545375796741585
