Model: GRU
MSE: 21.403302772346663
MAE: 3.676723356600161
EVS: 0.26798033413071487
