Model: GRU
MSE: 31.77663133252751
MAE: 4.722786373562283
EVS: 0.1945996638909464
