Model: GRU
MSE: 19.543359139051542
MAE: 3.779638272744638
EVS: 0.2265829672043148
