Model: GRU
MSE: 28.21093961880653
MAE: 4.576984105286775
EVS: 0.26714783165382383
