Model: GRU
MSE: 22.303003561968715
MAE: 3.7747715844048395
EVS: 0.1564110881394568
