Model: GRU
MSE: 17.723394520757715
MAE: 3.520155977319788
EVS: 0.34140352538404706
