Model: GRU
MSE: 16.755538733985606
MAE: 3.4998278088039823
EVS: 0.3350909331767724
