Model: GRU
MSE: 16.694762722288132
MAE: 3.5456388968008534
EVS: 0.39317185143876887
