Model: GRU
MSE: 35.33700150858415
MAE: 4.671879231929779
EVS: -0.021045357053525837
