Model: GRU
MSE: 17.0658741144713
MAE: 3.2834058514347784
EVS: 0.3920192190868036
