Model: GRU
MSE: 23.10770619336163
MAE: 3.6567274552804454
EVS: 0.1728324196149258
