Model: GRU
MSE: 16.102374342365994
MAE: 3.4726054580123336
EVS: 0.41568046556547056
