Model: GRU
MSE: 22.392415649138087
MAE: 4.103567759195964
EVS: 0.24325517625327553
