Model: GRU
MSE: 16.095302429708564
MAE: 3.4971401426527233
EVS: 0.41706710089341326
