Model: GRU
MSE: 30.942914057564597
MAE: 5.017271960223162
EVS: -0.046889558074788784
