Model: GRU
MSE: 23.194750563134996
MAE: 3.966530376010471
EVS: 0.2021679632370783
