Model: GRU
MSE: 21.80945268741324
MAE: 4.039905124240452
EVS: 0.4684721713487693
