Model: GRU
MSE: 24.024760745358176
MAE: 3.883746760232108
EVS: 0.1300660991530822
