Model: GRU
MSE: 16.021023239553514
MAE: 3.4661570654975042
EVS: 0.3781043953434018
