Model: GRU
MSE: 15.497028794252198
MAE: 3.4784839064986617
EVS: 0.3866752878853973
