Model: GRU
MSE: 13.184508119203807
MAE: 3.045056625648781
EVS: 0.49058435601332084
