Model: GRU
MSE: 19.80489413437676
MAE: 3.8171358461733216
EVS: 0.2809539355112385
