Model: GRU
MSE: 19.98197509940785
MAE: 3.710147080598054
EVS: 0.34825847828841217
