Model: GRU
MSE: 17.174206094383642
MAE: 3.527257106922291
EVS: 0.37458526744557075
