Model: GRU
MSE: 14.40731095105814
MAE: 3.21696553406892
EVS: 0.437253989351986
