Model: GRU
MSE: 23.451377679070987
MAE: 4.082202628806785
EVS: 0.15766550418337066
