Model: GRU
MSE: 20.077372067050664
MAE: 3.8384833689089173
EVS: 0.27622125114545804
