Model: GRU
MSE: 15.085446123379946
MAE: 3.2966850068834095
EVS: 0.4052274521457726
