Model: GRU
MSE: 23.261860000335815
MAE: 4.117581279189499
EVS: 0.2967073648871863
