Model: GRU
MSE: 18.6674082019449
MAE: 3.86490265528361
EVS: 0.3237217284128343
