Model: GRU
MSE: 19.374905194521894
MAE: 3.7985015445285373
EVS: 0.48346940094420254
