Model: GRU
MSE: 21.786522923929457
MAE: 3.7437806306061923
EVS: 0.2713353199580858
