Model: GRU
MSE: 17.663179826832877
MAE: 3.593447932490596
EVS: 0.3496309415025698
