Model: GRU
MSE: 20.115282064265422
MAE: 3.8676653967963324
EVS: 0.3337436096165819
