Model: GRU
MSE: 20.657776725880154
MAE: 3.9140975916827165
EVS: 0.2926923176903822
