Model: GRU
MSE: 16.882156037124915
MAE: 3.65290191438463
EVS: 0.3304641718402397
