Model: GRU
MSE: 18.433932035588743
MAE: 3.659662635238082
EVS: 0.2808942133771555
