Model: GRU
MSE: 18.365942632499944
MAE: 3.584022380687572
EVS: 0.3411413121386312
