Model: GRU
MSE: 16.284608043223393
MAE: 3.6394332779778376
EVS: 0.3647544795777986
