Model: GRU
MSE: 17.437390496331613
MAE: 3.756849271279794
EVS: 0.37247875186687374
