Model: GRU
MSE: 17.026019366799456
MAE: 3.536884060612431
EVS: 0.3593167475471699
