Model: GRU
MSE: 13.612740300696178
MAE: 3.145785437689887
EVS: 0.47693723477619443
