Model: GRU
MSE: 19.357402525997756
MAE: 3.824092953293412
EVS: 0.24919652588497365
