Model: GRU
MSE: 25.14782857792085
MAE: 4.230068330411558
EVS: 0.14355707033299125
