Model: GRU
MSE: 26.541641232917463
MAE: 4.145027697086334
EVS: 0.04416241217237993
