Model: GRU
MSE: 14.018640411290116
MAE: 3.111876399428756
EVS: 0.44813701057039723
