Model: GRU
MSE: 18.09537766497047
MAE: 3.535273887492992
EVS: 0.35341056796704584
