Model: GRU
MSE: 15.681903620607466
MAE: 3.2958033173172563
EVS: 0.37741044596333506
