Model: GRU
MSE: 15.98627561558227
MAE: 3.5779711582042553
EVS: 0.4054908612633945
