Model: GRU
MSE: 19.200870237018794
MAE: 3.6393902919910572
EVS: 0.33968238998517575
