Model: GRU
MSE: 14.46272842719071
MAE: 3.3705243004692926
EVS: 0.42606531891458377
