Model: GRU
MSE: 20.84823447410361
MAE: 3.7023953508447716
EVS: 0.27650162718533866
