Model: GRU
MSE: 24.183944943089998
MAE: 3.466381549835205
EVS: 0.13625380294798517
