Model: GRU
MSE: 16.06168172415923
MAE: 3.042319315451163
EVS: 0.36305149578724094
