Model: GRU
MSE: 29.16990269667347
MAE: 4.573989161738643
EVS: 0.23989232551212858
