Model: GRU
MSE: 17.223538318920223
MAE: 3.5458873996028193
EVS: 0.31628512285252464
