Model: GRU
MSE: 15.872045540299117
MAE: 3.1971757500259965
EVS: 0.3707047711938162
