Model: GRU
MSE: 28.1883834186837
MAE: 4.353639726285581
EVS: 0.23585964060333597
