Model: GRU
MSE: 16.575920807949345
MAE: 3.4888782324614347
EVS: 0.4298280194261076
