Model: GRU
MSE: 22.409469939433038
MAE: 3.733686712053087
EVS: 0.2909599953703006
