Model: GRU
MSE: 25.317019825424925
MAE: 4.439373404891403
EVS: 0.42868210599528866
