Model: GRU
MSE: 15.016735364081839
MAE: 3.324198563893636
EVS: 0.4037531114259365
