Model: GRU
MSE: 20.06949409048345
MAE: 3.840514447953966
EVS: 0.3173099290623842
