Model: GRU
MSE: 17.55780219082236
MAE: 3.7246243865401656
EVS: 0.30606611779652615
