Model: GRU
MSE: 16.464783762345718
MAE: 3.689496570163303
EVS: 0.41603903332720427
