Model: GRU
MSE: 18.465658010715146
MAE: 3.489398797353109
EVS: 0.33639012970466464
