Model: GRU
MSE: 16.23311836099381
MAE: 3.508816789697718
EVS: 0.3798461480701394
