Model: GRU
MSE: 22.498812778692383
MAE: 4.091301410286515
EVS: 0.1611382847852988
