Model: GRU
MSE: 2446.9946672241376
MAE: 49.211883544921875
EVS: 0.0
