Model: GRU
MSE: 15.164639183344605
MAE: 3.3601575604191534
EVS: 0.42267240292706854
