Model: GRU
MSE: 14.852602966090512
MAE: 3.227231467211688
EVS: 0.4102982945313661
