Model: GRU
MSE: 17.641009502857422
MAE: 3.5777982076009116
EVS: 0.30565321355704245
