Model: GRU
MSE: 12.88730189885704
MAE: 3.020217683580187
EVS: 0.49493425547222303
