Model: GRU
MSE: 16.30904368448627
MAE: 3.5824999985871493
EVS: 0.3601145736744443
