Model: GRU
MSE: 16.464418188913946
MAE: 3.3277280595567493
EVS: 0.3712709105983545
