Model: GRU
MSE: 21.013009575094127
MAE: 3.85185377686112
EVS: 0.16831410120631496
