Model: GRU
MSE: 20.45366947515919
MAE: 3.7870917320251465
EVS: 0.2522285262266736
