Model: GRU
MSE: 16.11827623503372
MAE: 3.511201346362079
EVS: 0.3632371075819685
