Model: GRU
MSE: 46.08978214274106
MAE: 5.543563542542635
EVS: -0.21612582044741968
