Model: GRU
MSE: 15.741372703305391
MAE: 3.2465711964501276
EVS: 0.41142857700788227
