Model: GRU
MSE: 6746.461327509737
MAE: 81.9757308959961
EVS: -0.04985813614432977
