Model: GRU
MSE: 24.27657562937184
MAE: 4.219888316260444
EVS: 0.25481626963665527
