Model: GRU
MSE: 14.639769115782151
MAE: 3.13910562020761
EVS: 0.4255568645996063
