Model: GRU
MSE: 111.26459644624636
MAE: 7.028993606567383
EVS: -1.976693628955955
