Model: GRU
MSE: 20.103767060443918
MAE: 3.5092840547914856
EVS: 0.36714534739199345
