Model: GRU
MSE: 16.206106282766644
MAE: 3.541987383807147
EVS: 0.36999939085827127
