Model: GRU
MSE: 15.86944265567363
MAE: 3.5683485490304454
EVS: 0.394158726349663
