Model: GRU
MSE: 18.17501329347091
MAE: 3.7424545817905
EVS: 0.28977657860354367
