Model: GRU
MSE: 18.61567533970617
MAE: 3.8070889578925238
EVS: 0.2897776645219867
