Model: GRU
MSE: 20.159717953344334
MAE: 3.765585360703645
EVS: 0.30135255165113306
