Model: GRU
MSE: 18.70177830987993
MAE: 3.594463683940746
EVS: 0.335069527199493
