Model: GRU
MSE: 622.1867359667783
MAE: 24.3100908420704
EVS: -0.1249794189120228
