Model: GRU
MSE: 15.91244248491149
MAE: 3.4741871975086354
EVS: 0.39241366181905046
