Model: GRU
MSE: 23.3025992180143
MAE: 3.8799624972873263
EVS: 0.2363171489328597
