Model: GRU
MSE: 554.3159069917981
MAE: 22.9756599355627
EVS: -0.04962331318203583
