Model: GRU
MSE: 17.113111518871694
MAE: 3.426733652750651
EVS: 0.411895948570857
