Model: GRU
MSE: 13.229810504669095
MAE: 3.2222396709300853
EVS: 0.4751625204138764
