Model: GRU
MSE: 19.946711950870856
MAE: 3.862489612014205
EVS: 0.38336593434224464
