Model: GRU
MSE: 17.190081624973413
MAE: 3.5010215794598616
EVS: 0.3356952437609859
