Model: GRU
MSE: 19.978161368995938
MAE: 3.90061941853276
EVS: 0.3239680216637163
