Model: GRU
MSE: 20.20279784941852
MAE: 3.9128855246084706
EVS: 0.27607343511172333
