Model: GRU
MSE: 19.18175726472441
MAE: 3.6838327513800726
EVS: 0.3740842604014031
