Model: GRU
MSE: 21.216460015962387
MAE: 3.9527617913705333
EVS: 0.26094529510538766
