Model: GRU
MSE: 18.749081346725493
MAE: 3.9352789808202675
EVS: 0.25560827600533176
