Model: GRU
MSE: 16.438576433162705
MAE: 3.3697700677094637
EVS: 0.37210235891146504
