Model: GRU
MSE: 21.345336679928533
MAE: 4.014703044184932
EVS: 0.3571875176694923
