Model: GRU
MSE: 19.246348390111923
MAE: 3.724446243709988
EVS: 0.34220818069316294
