Model: GRU
MSE: 19.709480240887988
MAE: 3.795500742064582
EVS: 0.3106910482172264
