Model: GRU
MSE: 15.295799909536889
MAE: 3.1731842005694353
EVS: 0.39320915211707597
