Model: GRU
MSE: 16.534061862323462
MAE: 3.639440147965043
EVS: 0.3745666253086408
