Model: GRU
MSE: 16.39392081159727
MAE: 3.358296270723696
EVS: 0.39310282388550777
