Model: GRU
MSE: 15.031079226252738
MAE: 3.327403527719003
EVS: 0.4137800387844903
