Model: GRU
MSE: 14.741486228511702
MAE: 3.274932437472873
EVS: 0.43676855237726375
