Model: GRU
MSE: 20.369905449149755
MAE: 3.90692988148442
EVS: 0.22348112789791685
