Model: GRU
MSE: 6983.403064756223
MAE: 83.40006679958768
EVS: -0.10509104363896471
