Model: GRU
MSE: 17.41601780128332
MAE: 3.193570101702655
EVS: 0.40864902624708965
