Model: GRU
MSE: 19.154953419363867
MAE: 3.61172937463831
EVS: 0.3550143868337876
