Model: GRU
MSE: 20.453128490141548
MAE: 3.7125873830583362
EVS: 0.24754838834075532
