Model: GRU
MSE: 17.748995314496604
MAE: 3.455950701678241
EVS: 0.30055231906178503
