Model: GRU
MSE: 22.71990778609023
MAE: 4.162427690294054
EVS: 0.2824871247696207
