Model: GRU
MSE: 14.41314405172925
MAE: 3.2683076152095087
EVS: 0.4448203600031736
