Model: GRU
MSE: 18.548553767364556
MAE: 3.43518634195681
EVS: 0.2635437410164988
