Model: GRU
MSE: 21.008195683513847
MAE: 3.5488027466668024
EVS: 0.286019578989281
