Model: GRU
MSE: 20.70145921139581
MAE: 3.722387022442288
EVS: 0.18065358239711038
