Model: GRU
MSE: 16.06648902434515
MAE: 3.4898670514424643
EVS: 0.3660396897882058
