Model: GRU
MSE: 21.488413033734073
MAE: 3.6398564179738364
EVS: 0.14743301070796422
