Model: GRU
MSE: 19.800497566776432
MAE: 3.713205920325385
EVS: 0.29430470494301086
