Model: GRU
MSE: 19.958184669184465
MAE: 3.764042889630353
EVS: 0.23523468477621623
