Model: GRU
MSE: 17.560506711892966
MAE: 3.6763163849159524
EVS: 0.48270415807034184
