Model: GRU
MSE: 13.699495991970151
MAE: 3.2466452916463218
EVS: 0.466859476054471
