Model: GRU
MSE: 226.77537977202994
MAE: 14.152612650835955
EVS: -0.05136947505964251
