Model: GRU
MSE: 14.292889690563648
MAE: 3.2954018204300493
EVS: 0.4421441149361959
