Model: GRU
MSE: 19.462875265979466
MAE: 3.481583242063169
EVS: 0.31224528576884747
