Model: GRU
MSE: 2091.6546346189853
MAE: 45.261443809226705
EVS: -0.7095899278328912
