Model: GRU
MSE: 17.238115386179686
MAE: 3.5023627281188965
EVS: 0.34485774919801027
