Model: GRU
MSE: 18.306966276236352
MAE: 3.57592041404159
EVS: 0.2731236765663987
