Model: GRU
MSE: 17.570111371207464
MAE: 3.4436331854926214
EVS: 0.3609534459915258
