Model: GRU
MSE: 23.72103639599133
MAE: 4.09703254699707
EVS: 0.1492981501938554
