Model: GRU
MSE: 20.090208844567407
MAE: 3.3635237835071705
EVS: 0.28574531660772085
