Model: GRU
MSE: 18.17184720466507
MAE: 3.7595983258000127
EVS: 0.3469494652049516
