Model: GRU
MSE: 20.381688371482394
MAE: 3.8796398727982133
EVS: 0.2214315852705443
