Model: GRU
MSE: 13.850982610152364
MAE: 3.2201727937769005
EVS: 0.4741003428862356
