Model: GRU
MSE: 22.599750431231307
MAE: 3.9734719417713307
EVS: 0.40752609949939667
