Model: GRU
MSE: 18.245341402528
MAE: 3.802277988857693
EVS: 0.344766256128492
