Model: GRU
MSE: 23.42342165394795
MAE: 4.193824715084499
EVS: 0.08232694655431039
