Model: GRU
MSE: 17.07903729637636
MAE: 3.5147625428658946
EVS: 0.4587756486658484
