Model: GRU
MSE: 19.13387376255307
MAE: 3.6004363519174083
EVS: 0.31164436832872056
