Model: GRU
MSE: 15.661148357559231
MAE: 3.287307297741925
EVS: 0.3790616305004443
