Model: GRU
MSE: 40.4107808007879
MAE: 5.640360761571814
EVS: -0.161955050351978
