Model: GRU
MSE: 15.619658524118146
MAE: 3.3890409999423556
EVS: 0.37981695768872126
