Model: GRU
MSE: 22.735497289398946
MAE: 4.0250664463749635
EVS: 0.2120456454973758
