Model: GRU
MSE: 15.399111045038639
MAE: 3.2138886981540256
EVS: 0.39623975879171147
