Model: GRU
MSE: 21.006271160409007
MAE: 3.8848549171730324
EVS: 0.31255645524875153
