Model: GRU
MSE: 16.875579490248466
MAE: 3.547131573712384
EVS: 0.3929021435801695
