Model: GRU
MSE: 15.091072475878535
MAE: 3.353295255590368
EVS: 0.4588122085299332
