Model: GRU
MSE: 18.97925019248508
MAE: 3.7771187358432345
EVS: 0.2627295248802398
