Model: GRU
MSE: 21.529570463563292
MAE: 3.7177465756734214
EVS: 0.26524197725085297
