Model: GRU
MSE: 19.49901185832012
MAE: 3.655702078783954
EVS: 0.3006668463168618
