Model: GRU
MSE: 15.400744903824826
MAE: 3.3540883594089084
EVS: 0.3961487042672496
