Model: GRU
MSE: 23.536166095732277
MAE: 3.9682744167469166
EVS: 0.23894927081534834
