Model: GRU
MSE: 14.680575671647713
MAE: 3.3253416308650263
EVS: 0.45837629422920034
