Model: GRU
MSE: 13.12822960464708
MAE: 3.1277119142037852
EVS: 0.48327758743219495
