Model: GRU
MSE: 22.565483085651447
MAE: 3.7494664898625127
EVS: 0.2854952971141632
