Model: GRU
MSE: 15.424683924174792
MAE: 3.5092412100897894
EVS: 0.4653533295316672
