Model: GRU
MSE: 2581.7819659560487
MAE: 50.37749565972222
EVS: -0.74268708719025
