Model: GRU
MSE: 17.314404084843872
MAE: 3.511175685458713
EVS: 0.3137745296898432
