Model: GRU
MSE: 23.53736701284622
MAE: 3.8542899555630155
EVS: 0.24803753546005636
