Model: GRU
MSE: 18.10813095199448
MAE: 3.5559808059974953
EVS: 0.34879506340479716
