Model: GRU
MSE: 24.488924660082787
MAE: 4.1432474454243975
EVS: 0.16831023953117996
