Model: GRU
MSE: 23.90229483321683
MAE: 3.991281686005769
EVS: 0.2073106230077033
