Model: GRU
MSE: 22.222056983365317
MAE: 4.168501129856816
EVS: 0.32879048003174793
