Model: GRU
MSE: 14.584070198900255
MAE: 3.348864890910961
EVS: 0.45693007219246007
