Model: GRU
MSE: 24.72295890156297
MAE: 4.0098291679664895
EVS: 0.23118147905329478
