Model: GRU
MSE: 18.58353189861406
MAE: 3.758942303834138
EVS: 0.36481622215625553
