Model: GRU
MSE: 19.21730996235495
MAE: 3.842479423240379
EVS: 0.35348215002558325
