Model: GRU
MSE: 15.465622995532312
MAE: 3.2215472680551036
EVS: 0.38697014959323484
