Model: GRU
MSE: 18.607598011947637
MAE: 3.5446557468838162
EVS: 0.3306914414460502
