Model: GRU
MSE: 31.923494074664898
MAE: 4.650304981640407
EVS: -0.009144139366476844
