Model: GRU
MSE: 19.842842518989055
MAE: 3.742719544304742
EVS: 0.21404308323793864
