Model: GRU
MSE: 22.112123998127217
MAE: 3.758615741023311
EVS: 0.2265899052438628
