Model: GRU
MSE: 23.47391988682807
MAE: 4.063093697583234
EVS: 0.3509551426140165
