Model: GRU
MSE: 17.463270027185057
MAE: 3.4720030184145325
EVS: 0.3752459535629932
