Model: GRU
MSE: 17.656407405735123
MAE: 3.512756753850866
EVS: 0.3350348315725554
