Model: GRU
MSE: 15.987972714750363
MAE: 3.536295255025228
EVS: 0.4172666378388826
