Model: GRU
MSE: 17.38908626959701
MAE: 3.6603085376598217
EVS: 0.3125564885811073
