Model: GRU
MSE: 20.394848209554144
MAE: 3.9669583285296404
EVS: 0.25071533164809967
