Model: GRU
MSE: 16.347864491892693
MAE: 3.553349318327727
EVS: 0.37563465396529216
