Model: GRU
MSE: 26.15422114686331
MAE: 4.158515998295376
EVS: 0.07361093766789895
