Model: GRU
MSE: 20.333167559727283
MAE: 3.8703583699685558
EVS: 0.3371046573103563
