Model: GRU
MSE: 21.123013184093864
MAE: 3.576979054345025
EVS: 0.3137449798784232
