Model: GRU
MSE: 15.964012446378918
MAE: 3.4718328052096896
EVS: 0.370242999745095
