Model: GRU
MSE: 18.519334097233184
MAE: 3.676193466892949
EVS: 0.3383910656155238
