Model: GRU
MSE: 17.967437713613915
MAE: 3.4799449178907604
EVS: 0.3333083714398939
