Model: GRU
MSE: 16.88996797465456
MAE: 3.3847579956054688
EVS: 0.32962841873201776
