Model: GRU
MSE: 25.532173492681732
MAE: 4.366265597166838
EVS: 0.1554993302901274
