Model: GRU
MSE: 15.518329004262526
MAE: 3.3623927434285483
EVS: 0.40677729560300024
