Model: GRU
MSE: 12.184720842411538
MAE: 2.848500057503029
EVS: 0.5352522852646487
