Model: GRU
MSE: 14.431256188716159
MAE: 3.210215957076461
EVS: 0.4799007666150855
