Model: GRU
MSE: 17.89005415394658
MAE: 3.746716534649884
EVS: 0.3974347889869869
