Model: GRU
MSE: 19.8694743782026
MAE: 3.880742408611156
EVS: 0.35706183479237896
