Model: GRU
MSE: 18.52499618943753
MAE: 3.798387262556288
EVS: 0.41559286641943805
