Model: GRU
MSE: 27.610544722043826
MAE: 4.56851632506759
EVS: 0.15549390146912312
