Model: GRU
MSE: 21.722075603463995
MAE: 3.9344217159129955
EVS: 0.26968804577115824
