Model: GRU
MSE: 21.441621831990346
MAE: 3.6853870904004133
EVS: 0.16375640147973702
