Model: GRU
MSE: 19.239510229304845
MAE: 3.4251263406541614
EVS: 0.30809849845197557
