Model: GRU
MSE: 16.918835909715707
MAE: 3.5620651245117188
EVS: 0.42193261411691463
