Model: GRU
MSE: 14.527986597974817
MAE: 3.18562270976879
EVS: 0.4255480850277549
