Model: GRU
MSE: 17.04101355283352
MAE: 3.5483673060381853
EVS: 0.3558526772008226
