Model: GRU
MSE: 21.767146420862325
MAE: 4.010614192044294
EVS: 0.21381201809277417
