Model: GRU
MSE: 16.192398751712854
MAE: 3.4059346870139793
EVS: 0.36023852640104814
