Model: GRU
MSE: 19.327364612142485
MAE: 3.788712916550813
EVS: 0.32500945733260045
