Model: GRU
MSE: 18.38176056733675
MAE: 3.666873878902859
EVS: 0.39571140037585184
