Model: GRU
MSE: 26.321033717296327
MAE: 4.220363087124294
EVS: 0.19433329668356103
