Model: GRU
MSE: 15.586565253955078
MAE: 3.519751778355351
EVS: 0.3900893493821531
