Model: GRU
MSE: 14.747384186551002
MAE: 3.335933773605912
EVS: 0.4197089073726391
