Model: GRU
MSE: 23.212469204740213
MAE: 3.8614719178941517
EVS: 0.23592066266164213
