Model: GRU
MSE: 15.58202819886235
MAE: 3.391147984398736
EVS: 0.39892960548959966
