Model: GRU
MSE: 16.22498145809432
MAE: 3.5078679897167064
EVS: 0.3742929818721962
