Model: GRU
MSE: 16.871222275963905
MAE: 3.294233127876564
EVS: 0.40263527784544906
