Model: GRU
MSE: 17.35366801648085
MAE: 3.6188826384367765
EVS: 0.392362613125232
