Model: GRU
MSE: 15.084230592160406
MAE: 3.4005963890640825
EVS: 0.42624393575338626
