Model: GRU
MSE: 18.153798536228148
MAE: 3.387229707505968
EVS: 0.3099778995771083
