Model: GRU
MSE: 16.491478972103238
MAE: 3.403770058243363
EVS: 0.5333621703733562
