Model: GRU
MSE: 18.630310545392245
MAE: 3.683901866277059
EVS: 0.44292678574621025
