Model: GRU
MSE: 15.927463649954436
MAE: 3.3325167938514992
EVS: 0.3880665045410796
