Model: GRU
MSE: 34.029847312141385
MAE: 4.810459348890516
EVS: 0.076371307807089
