Model: GRU
MSE: 19.162511917472816
MAE: 3.7226024203830295
EVS: 0.2414812783139797
