Model: GRU
MSE: 16.065455268691526
MAE: 3.4846680605853044
EVS: 0.3675169796710208
