Model: GRU
MSE: 20.45370560747051
MAE: 3.7520596892745406
EVS: 0.26526246483003857
