Model: GRU
MSE: 14.721617678638596
MAE: 3.4037424899913646
EVS: 0.4555603893247834
