Model: GRU
MSE: 19.64290346727083
MAE: 3.8302623430887857
EVS: 0.27754871848468854
