Model: GRU
MSE: 24.30402557767266
MAE: 3.5937084975066007
EVS: 0.40448712253890096
