Model: GRU
MSE: 20.05791330390752
MAE: 3.7455006352177374
EVS: 0.2801306806656836
