Model: GRU
MSE: 29.661037894167958
MAE: 4.5979142895451295
EVS: 0.1520810788609701
