Model: GRU
MSE: 20.448901390574477
MAE: 3.604819492057518
EVS: 0.2940360228335317
