Model: GRU
MSE: 21.105086498112282
MAE: 4.017853648574264
EVS: 0.3904989866363725
