Model: GRU
MSE: 25.853450258399405
MAE: 4.205930771651091
EVS: 0.26235792527325463
