Model: GRU
MSE: 31.373369086128605
MAE: 4.5866969073260275
EVS: 0.05595265278513606
