Model: GRU
MSE: 22.380835362217812
MAE: 3.9980688624911838
EVS: 0.2838905074319539
