Model: GRU
MSE: 14.24534065170563
MAE: 3.111310499685782
EVS: 0.4353426071502424
