Model: GRU
MSE: 24.043897897628362
MAE: 4.1944343249003095
EVS: 0.15154271272263398
