Model: GRU
MSE: 16.749880695051818
MAE: 3.536943788881655
EVS: 0.33997244083807454
