Model: GRU
MSE: 17.842814752224697
MAE: 3.620273978621871
EVS: 0.30624183812356087
