Model: GRU
MSE: 19.58734131529165
MAE: 3.9525772553903087
EVS: 0.28326314499715655
