Model: GRU
MSE: 21.874736804344476
MAE: 4.0088007185194225
EVS: 0.22600268622270558
