Model: GRU
MSE: 17.468633768167752
MAE: 3.5723787590309426
EVS: 0.3694822032975952
