Model: GRU
MSE: 18.47393671776084
MAE: 3.4907621807522244
EVS: 0.33466984062324334
