Model: GRU
MSE: 19.349940132369543
MAE: 3.65529563691881
EVS: 0.47661483806714067
