Model: GRU
MSE: 12.865486879457068
MAE: 2.9913689295450845
EVS: 0.49006790589725147
