Model: GRU
MSE: 20.419131745732514
MAE: 3.940163418098732
EVS: 0.32624815176468636
