Model: GRU
MSE: 23.3651730577031
MAE: 4.022025461550112
EVS: 0.2680757810644734
