Model: GRU
MSE: 22.88171689655294
MAE: 4.205880606615985
EVS: 0.3024268156897638
