Model: GRU
MSE: 28.091567499747566
MAE: 4.5862621201409235
EVS: 0.23711271974414594
