Model: GRU
MSE: 25.792660089945564
MAE: 4.434439985840409
EVS: 0.24720011221401383
