Model: GRU
MSE: 18.37352008374098
MAE: 3.500001730742278
EVS: 0.39833035622585
