Model: GRU
MSE: 34.40102607034984
MAE: 5.069027397367689
EVS: -0.06797420721182901
