Model: GRU
MSE: 19.336296682500553
MAE: 3.8674839161060475
EVS: 0.3828180629502731
