Model: GRU
MSE: 16.408878579199534
MAE: 3.3893882786786116
EVS: 0.36178268999770014
