Model: GRU
MSE: 17.791922004395182
MAE: 3.603190369076199
EVS: 0.3956455176047583
