Model: GRU
MSE: 15.678441871914266
MAE: 3.1712974972195096
EVS: 0.3842652857516138
