Model: GRU
MSE: 23.5719118116036
MAE: 4.331678673073098
EVS: 0.22812251699512853
