Model: GRU
MSE: 19.25098481442244
MAE: 3.7036473132945873
EVS: 0.23577617874811085
