Model: GRU
MSE: 19.64642440490496
MAE: 3.7094415028889975
EVS: 0.428498218329725
