Model: GRU
MSE: 19.150454238618
MAE: 3.749999028665048
EVS: 0.31930149314447576
