Model: GRU
MSE: 16.952882034352292
MAE: 3.387437696810122
EVS: 0.36393875625743644
