Model: GRU
MSE: 16.040452876857646
MAE: 3.451947053273519
EVS: 0.3907784854292632
