Model: GRU
MSE: 15.74274476465305
MAE: 3.2869011207863137
EVS: 0.3749230864141576
