Model: GRU
MSE: 18.163285873957008
MAE: 3.4821791825471102
EVS: 0.3645050717236217
