Model: GRU
MSE: 16.873773026595213
MAE: 3.370242648654514
EVS: 0.3498951815837913
