Model: GRU
MSE: 18.907393863686814
MAE: 3.478069305419922
EVS: 0.24927822139570566
