Model: GRU
MSE: 16.90774392037736
MAE: 3.589673978311044
EVS: 0.33496539782675017
