Model: GRU
MSE: 27.982298753921263
MAE: 4.400032826832363
EVS: 0.15600587147300982
