Model: GRU
MSE: 17.98489472210563
MAE: 3.656298602068866
EVS: 0.34542598197364516
