Model: GRU
MSE: 19.101282730583314
MAE: 3.4622636017975985
EVS: 0.31762066649844733
