Model: GRU
MSE: 16.77324990095471
MAE: 3.4993950349313243
EVS: 0.34440906633097856
