Model: GRU
MSE: 20.808666784651162
MAE: 3.8426249821980796
EVS: 0.25285819763465045
