Model: GRU
MSE: 16.43260066696968
MAE: 3.5188655853271484
EVS: 0.36070038197055854
