Model: GRU
MSE: 23.43244529052717
MAE: 4.172946046899866
EVS: 0.12154440522371424
