Model: GRU
MSE: 11.726075311016825
MAE: 2.878316526059751
EVS: 0.5453110211769252
