Model: GRU
MSE: 19.04408508588586
MAE: 3.786962385530825
EVS: 0.40732664920311035
