Model: GRU
MSE: 15.530875285642619
MAE: 3.391082198531539
EVS: 0.4541163592641362
