Model: GRU
MSE: 19.083875394132587
MAE: 3.888928801925094
EVS: 0.3015995337038011
