Model: GRU
MSE: 4051.2780248507684
MAE: 63.271258460150825
EVS: -0.7313255295005452
