Model: GRU
MSE: 19.67396482813672
MAE: 3.6191019305476435
EVS: 0.3128360812691795
