Model: GRU
MSE: 16.479293797444758
MAE: 3.5177504928023726
EVS: 0.36944283228160624
