Model: GRU
MSE: 17.010554730268698
MAE: 3.597061386814824
EVS: 0.3500966095676278
