Model: GRU
MSE: 19.309754487936853
MAE: 3.5589312094229237
EVS: 0.30394626319497164
