Model: GRU
MSE: 16.496419904765837
MAE: 3.2722990777757435
EVS: 0.40631739662582567
