Model: GRU
MSE: 17.563719090933134
MAE: 3.1851523364031755
EVS: 0.36616231057102255
