Model: GRU
MSE: 22.274176643991378
MAE: 3.5450329074153193
EVS: 0.2549528279731621
