Model: GRU
MSE: 24.71729383231778
MAE: 4.338315999066388
EVS: 0.43163612927382666
