Model: GRU
MSE: 20.212726217331053
MAE: 3.9626874217280634
EVS: 0.3836403338974895
