Model: GRU
MSE: 31.058978324499297
MAE: 4.857431870919687
EVS: 0.083137149666205
