Model: GRU
MSE: 23.42968162134553
MAE: 3.852818171183268
EVS: 0.2024970528718223
