Model: GRU
MSE: 16.823236571662502
MAE: 3.593692108436867
EVS: 0.38988949085934266
