Model: GRU
MSE: 17.524195587526577
MAE: 3.504883289337158
EVS: 0.374026005004942
