Model: GRU
MSE: 15.806226028606043
MAE: 3.341772273734764
EVS: 0.3748105029690362
