Model: GRU
MSE: 15.025598304201655
MAE: 3.312515523698595
EVS: 0.43971279055348556
