Model: GRU
MSE: 18.661498028211227
MAE: 3.704690315105297
EVS: 0.3696754733175852
