Model: GRU
MSE: 16.760653770894915
MAE: 3.515533959424054
EVS: 0.4296188329422933
