Model: GRU
MSE: 19.48934590987044
MAE: 3.573966211742825
EVS: 0.2524447660635284
