Model: GRU
MSE: 18.588392428292277
MAE: 3.5488732479236744
EVS: 0.3305757619003741
