Model: GRU
MSE: 17.944897306924783
MAE: 3.703861678088153
EVS: 0.31476570707830587
