Model: GRU
MSE: 17.033737747687056
MAE: 3.560000878793222
EVS: 0.4165524121376264
