Model: GRU
MSE: 24.007785780337244
MAE: 4.176838309676559
EVS: 0.27226286225871876
