Model: GRU
MSE: 16.866292218621833
MAE: 3.592506267406322
EVS: 0.3343745782013072
