Model: GRU
MSE: 16.18173426444119
MAE: 3.2723668063128435
EVS: 0.4676241878502655
