Model: GRU
MSE: 21.60427633696307
MAE: 3.837883472442627
EVS: 0.3033166220494059
