Model: GRU
MSE: 14.486309856386445
MAE: 3.3194915453592935
EVS: 0.45436817443624145
