Model: GRU
MSE: 24.157528767468747
MAE: 4.199037975735134
EVS: 0.3053565907029976
