Model: GRU
MSE: 12.897131016990173
MAE: 2.9371425840589733
EVS: 0.48791446656481596
