Model: GRU
MSE: 14.019837979230825
MAE: 3.323923358210811
EVS: 0.45596302885702067
