Model: GRU
MSE: 15.201690229917084
MAE: 3.342890562834563
EVS: 0.3994864572357174
