Model: GRU
MSE: 23.729104365247167
MAE: 4.316557425039786
EVS: 0.25566522383725143
