Model: GRU
MSE: 23.642747214768885
MAE: 3.907333568290428
EVS: 0.2688212874174315
