Model: GRU
MSE: 21.721543156743294
MAE: 3.7873190950464317
EVS: 0.26280562108345085
