Model: GRU
MSE: 18.625875860272927
MAE: 3.856072708412453
EVS: 0.35187505309982436
