Model: GRU
MSE: 14.63822886447138
MAE: 3.184035866348832
EVS: 0.47209895255810075
