Model: GRU
MSE: 16.831539908173184
MAE: 3.7029561643247253
EVS: 0.33545368929835584
