Model: GRU
MSE: 17.079071139425768
MAE: 3.536725891960992
EVS: 0.32188052614027673
