Model: GRU
MSE: 17.12761173639704
MAE: 3.6205914638660572
EVS: 0.32448257503056466
