Model: GRU
MSE: 15.685866510405983
MAE: 3.499202498683223
EVS: 0.4181665783624947
