Model: GRU
MSE: 17.17851973203397
MAE: 3.696320586734348
EVS: 0.3234688995133731
