Model: GRU
MSE: 20.298762047374424
MAE: 3.5179266576413757
EVS: 0.27084869525541133
