Model: GRU
MSE: 22.55634117320264
MAE: 3.915650067506013
EVS: 0.18708581896024057
