Model: GRU
MSE: 15.528430112449474
MAE: 3.397845992335567
EVS: 0.40634293724506565
