Model: GRU
MSE: 30.994830443755806
MAE: 4.543976660127993
EVS: -0.02905840056031983
