Model: GRU
MSE: 18.806585689468452
MAE: 3.7030397167912237
EVS: 0.35364891900666795
