Model: GRU
MSE: 21.36456004137146
MAE: 4.060292720794678
EVS: 0.2613402323657501
