Model: GRU
MSE: 16.849189430611272
MAE: 3.6555169776633933
EVS: 0.3624709448595115
