Model: GRU
MSE: 32.62727235083647
MAE: 4.833426124519772
EVS: 0.014345658310672471
