Model: GRU
MSE: 21.662695131767443
MAE: 3.8083244959513345
EVS: 0.26915014688169137
