Model: GRU
MSE: 14.44285771944057
MAE: 3.2294746858102306
EVS: 0.4566017878899533
