Model: GRU
MSE: 19.20937321595315
MAE: 3.7404419757701732
EVS: 0.3081787393085641
