Model: GRU
MSE: 30.295526880547715
MAE: 4.908296461458559
EVS: 0.09190640716840881
