Model: GRU
MSE: 21.022243654000267
MAE: 3.9221925735473633
EVS: 0.35864614168926445
