Model: GRU
MSE: 14.122959758623757
MAE: 3.2370563789650246
EVS: 0.457243842873857
