Model: GRU
MSE: 21.86537492313819
MAE: 3.883698498761212
EVS: 0.2220094289399719
