Model: GRU
MSE: 25.950899545047882
MAE: 4.450773062529387
EVS: 0.19964114237593933
