Model: GRU
MSE: 22.505963292674224
MAE: 3.9265621768103705
EVS: 0.13298687027935818
