Model: GRU
MSE: 17.149582421117113
MAE: 3.427322343543724
EVS: 0.32808217074048995
