Model: GRU
MSE: 18.688617982436252
MAE: 3.661870338298656
EVS: 0.40724759729390203
