Model: GRU
MSE: 15.849694851964538
MAE: 3.2759970735620567
EVS: 0.3793687854039475
