Model: GRU
MSE: 20.571955398459934
MAE: 3.8221376030533403
EVS: 0.26981528877528116
