Model: GRU
MSE: 18.889901823900196
MAE: 3.4031122348926686
EVS: 0.3423294105807956
