Model: GRU
MSE: 25.558760334715643
MAE: 4.368824022787589
EVS: 0.12049756656596544
