Model: GRU
MSE: 23.908371916049234
MAE: 4.258491056936759
EVS: 0.2089365744527243
