Model: GRU
MSE: 15.445314818197117
MAE: 3.393536603009259
EVS: 0.38715596696786125
