Model: GRU
MSE: 12.663660653196665
MAE: 3.000000247248897
EVS: 0.4971888151048569
