Model: GRU
MSE: 31.449727721257492
MAE: 5.018375855905038
EVS: 0.010377758275164184
