Model: GRU
MSE: 21.262478150089482
MAE: 3.7775967209427446
EVS: 0.3007877761301445
