Model: GRU
MSE: 18.320353685789332
MAE: 3.690722801067211
EVS: 0.4455775899702502
