Model: GRU
MSE: 16.9031562628065
MAE: 3.432411123205114
EVS: 0.3349855650315363
