Model: GRU
MSE: 19.49264340217572
MAE: 3.5997091929117837
EVS: 0.300345843437288
