Model: GRU
MSE: 17.00359924575452
MAE: 3.5640728915179216
EVS: 0.39614543277733316
