Model: GRU
MSE: 15.08701382273184
MAE: 3.28079331362689
EVS: 0.40935280821479636
