Model: GRU
MSE: 20.21396300081969
MAE: 3.9920294019911022
EVS: 0.324965741521711
