Model: GRU
MSE: 15.570411381402335
MAE: 3.451625382458722
EVS: 0.4343245835713099
