Model: GRU
MSE: 19.306603234613426
MAE: 3.5005940861172147
EVS: 0.3460207441280251
