Model: GRU
MSE: 18.71583585398341
MAE: 3.5840124200891563
EVS: 0.32534043043656313
