Model: GRU
MSE: 17.943433963416595
MAE: 3.6467638898778847
EVS: 0.29079648215048337
