Model: GRU
MSE: 32.03278530947633
MAE: 4.794213966087058
EVS: 0.25711416869254944
