Model: GRU
MSE: 23.091156216516907
MAE: 3.8144927201447665
EVS: 0.18408618376061447
