Model: GRU
MSE: 29.956087032090174
MAE: 4.516376972198486
EVS: 0.20839317027121962
