Model: GRU
MSE: 1240.8172991522513
MAE: 34.83880198443377
EVS: 0.02394407590874592
