Model: GRU
MSE: 19.223863706301465
MAE: 3.908543074572528
EVS: 0.24443756770965175
