Model: GRU
MSE: 20.83451498996217
MAE: 4.0993721220228405
EVS: 0.22869250935914287
