Model: GRU
MSE: 14.885528512225699
MAE: 3.0567597371560558
EVS: 0.41257812501457825
