Model: GRU
MSE: 17.580719375871208
MAE: 3.8007630418848106
EVS: 0.4047494823623816
