Model: GRU
MSE: 23.727657025395335
MAE: 4.2959324342233165
EVS: 0.2887301164062235
