Model: GRU
MSE: 13.832086004950758
MAE: 3.2027075025770397
EVS: 0.4518343747043987
