Model: GRU
MSE: 17.337549473708705
MAE: 3.4832883410983615
EVS: 0.367968390208668
