Model: GRU
MSE: 23.506936786050023
MAE: 3.7914669513702393
EVS: 0.14889487568920168
