Model: GRU
MSE: 23.555268377858916
MAE: 4.1596518799110695
EVS: 0.2571305916773946
