Model: GRU
MSE: 22.842988990302924
MAE: 4.239196053257695
EVS: 0.1320715058549321
