Model: GRU
MSE: 20.59177485940989
MAE: 3.7131200013337313
EVS: 0.2986071880322333
