Model: GRU
MSE: 30.12027495848193
MAE: 4.909185462527805
EVS: 0.021446089044101724
