Model: GRU
MSE: 17.85410595054281
MAE: 3.7763227356804743
EVS: 0.33013880455026434
