Model: GRU
MSE: 30.10428868128983
MAE: 4.893698030047947
EVS: 0.10006606822580622
