Model: GRU
MSE: 17.784541036376613
MAE: 3.5190549426608615
EVS: 0.35926165637861873
