Model: GRU
MSE: 16.50430300225311
MAE: 3.5372857164453575
EVS: 0.34830777882852715
