Model: GRU
MSE: 19.424395577150555
MAE: 3.6123343926888927
EVS: 0.3409242785918606
