Model: GRU
MSE: 16.930288047412148
MAE: 3.6690971939652055
EVS: 0.34328445622102466
