Model: GRU
MSE: 20.929803157592932
MAE: 3.68153030531747
EVS: 0.25080843139844
