Model: GRU
MSE: 17.697638643114455
MAE: 3.5986486187687627
EVS: 0.325097915189669
