Model: GRU
MSE: 951.5507691765556
MAE: 30.314512853269225
EVS: -0.29366051533724846
