Model: GRU
MSE: 14.378522667280171
MAE: 3.195993776674624
EVS: 0.4563983304276933
