Model: GRU
MSE: 21.717638677471978
MAE: 4.079958686122188
EVS: 0.28490533876404367
