Model: GRU
MSE: 18.92472313086957
MAE: 3.738819334242079
EVS: 0.3378357349639175
