Model: GRU
MSE: 13.547400478119293
MAE: 3.2779669761657715
EVS: 0.4693234144284566
