Model: GRU
MSE: 26.377283121608023
MAE: 4.413323861581308
EVS: 0.1969054219039038
