Model: GRU
MSE: 26.510031373367923
MAE: 4.438534030207881
EVS: 0.36130176203499076
