Model: GRU
MSE: 16.584717841280256
MAE: 3.492022479021991
EVS: 0.3474958508234488
