Model: GRU
MSE: 25.25907680276069
MAE: 4.100301989802608
EVS: 0.15652841996651545
