Model: GRU
MSE: 14.53019583815723
MAE: 3.320742536474157
EVS: 0.44131707886954497
