Model: GRU
MSE: 25.565531184618024
MAE: 4.36870202311763
EVS: 0.32600954602546595
