Model: GRU
MSE: 25.439999625959583
MAE: 4.304976560451366
EVS: 0.2143608027183227
