Model: GRU
MSE: 22.96720249389634
MAE: 4.040187853353995
EVS: 0.24607717098308057
