Model: GRU
MSE: 21.709935104745394
MAE: 3.9135203008298522
EVS: 0.27423551129268753
