Model: GRU
MSE: 15.598241663543183
MAE: 3.489292445006194
EVS: 0.3894006970453
