Model: GRU
MSE: 21.76914247012775
MAE: 3.8011948267618814
EVS: 0.17877707114414854
