Model: GRU
MSE: 18.52771302289593
MAE: 3.9122020403544107
EVS: 0.3096887528579364
