Model: GRU
MSE: 21.2967581075865
MAE: 3.8247133360968695
EVS: 0.3649416163109863
