Model: GRU
MSE: 25.03999793840656
MAE: 4.235118331732573
EVS: 0.09583806084146251
