Model: GRU
MSE: 20.863139462668205
MAE: 3.965448096946434
EVS: 0.314834753908924
