Model: GRU
MSE: 15.47081165601833
MAE: 3.2313968163949474
EVS: 0.39543551422017187
