Model: GRU
MSE: 19.367222218051538
MAE: 3.9322576346220792
EVS: 0.35390845970621754
