Model: GRU
MSE: 17.33752492279781
MAE: 3.6472753242210105
EVS: 0.3240706172080038
