Model: GRU
MSE: 22.271563302434153
MAE: 4.080581823984782
EVS: 0.3463333342231085
