Model: GRU
MSE: 22.919127710071923
MAE: 3.9752966982346996
EVS: 0.16764726928964369
