Model: GRU
MSE: 20.86108177965127
MAE: 3.5439561384695546
EVS: 0.17477467778519729
