Model: GRU
MSE: 21.244874333204862
MAE: 4.111061961562545
EVS: 0.15693946083127486
