Model: GRU
MSE: 25.900678989429657
MAE: 4.515899199026602
EVS: 0.27662462554475875
