Model: GRU
MSE: 14.057596134628882
MAE: 3.1575855678982205
EVS: 0.442082230427702
