Model: GRU
MSE: 20.264841242199275
MAE: 3.6512429360990173
EVS: 0.2277860582349691
