Model: GRU
MSE: 20.525999037336188
MAE: 4.026875584213822
EVS: 0.26216883934367363
