Model: GRU
MSE: 18.964903196011047
MAE: 3.6296909473560475
EVS: 0.2514278566552526
