Model: GRU
MSE: 19.899525491021492
MAE: 3.6234569726166903
EVS: 0.2397827442003827
