Model: GRU
MSE: 22.577595431628108
MAE: 3.8563565696988786
EVS: 0.18680300923702298
