Model: GRU
MSE: 14.868250588215048
MAE: 3.4545346719247325
EVS: 0.4637395850366278
