Model: GRU
MSE: 18.68963621524437
MAE: 3.4525660143958197
EVS: 0.26305930788350085
