Model: GRU
MSE: 17.173922237861614
MAE: 3.6806806634973595
EVS: 0.3325470591464864
