Model: GRU
MSE: 22.22234001606776
MAE: 4.170351134406196
EVS: 0.39419576333906536
