Model: GRU
MSE: 18.744163139349578
MAE: 3.739272541469998
EVS: 0.33418671702047453
