Model: GRU
MSE: 18.02053571060551
MAE: 3.5810208232314498
EVS: 0.3125817238441988
