Model: GRU
MSE: 14.79996649954473
MAE: 3.294407438348841
EVS: 0.41920043969993515
