Model: GRU
MSE: 16.63555244070241
MAE: 3.463657573417381
EVS: 0.3527240514774601
