Model: GRU
MSE: 27.81305717486669
MAE: 4.645339895177771
EVS: 0.08997092051388933
