Model: GRU
MSE: 16.43440985403925
MAE: 3.514494118867097
EVS: 0.3611005822216349
