Model: GRU
MSE: 25.820970517446135
MAE: 3.974932405683729
EVS: 0.10158557334394502
