Model: GRU
MSE: 25.25912855190881
MAE: 4.175197371730098
EVS: 0.3260129078319697
