Model: GRU
MSE: 14.408311606653864
MAE: 3.2702376930801957
EVS: 0.4590527860919178
