Model: GRU
MSE: 17.221976975556725
MAE: 3.5539065820199474
EVS: 0.3796874940911239
