Model: GRU
MSE: 20.01545262154315
MAE: 3.614104730111581
EVS: 0.2912521606381012
