Model: GRU
MSE: 588.5070749777775
MAE: 23.709645836441606
EVS: -0.04663789821130959
