Model: GRU
MSE: 20.95751232407071
MAE: 3.831810545038294
EVS: 0.24481510388145689
