Model: GRU
MSE: 28.775560892451228
MAE: 4.505833472524371
EVS: 0.10594001261666752
