Model: GRU
MSE: 17.83644771055189
MAE: 3.700976354104501
EVS: 0.322880224453687
