Model: GRU
MSE: 21.568821217758206
MAE: 3.6132738678543657
EVS: 0.22599715700587764
