Model: GRU
MSE: 22.64975973181919
MAE: 3.999529626634386
EVS: 0.25069114559925765
