Model: GRU
MSE: 58.701017331715896
MAE: 5.951868375142415
EVS: -0.6707731448302967
