Model: GRU
MSE: 18.3155764390046
MAE: 3.4460375750506365
EVS: 0.3223851582813966
