Model: GRU
MSE: 19.064788221330378
MAE: 3.852906668627704
EVS: 0.2953394482222257
