Model: GRU
MSE: 21.93782947407486
MAE: 3.7442292637295194
EVS: 0.3454867024219951
