Model: GRU
MSE: 19.97525545845287
MAE: 4.003222642121492
EVS: 0.3672925248114486
