Model: GRU
MSE: 23.27235415020348
MAE: 4.0666427259091975
EVS: 0.40456390054956604
