Model: GRU
MSE: 19.52472300238832
MAE: 3.476216369205051
EVS: 0.30188703465384015
