Model: GRU
MSE: 18.766760076857558
MAE: 3.7315981299788863
EVS: 0.26113544951368295
