Model: GRU
MSE: 17.288566529669986
MAE: 3.524007938526295
EVS: 0.41008283637056286
