Model: GRU
MSE: 22.19097033396513
MAE: 4.1136527944494174
EVS: 0.3149757730185735
