Model: GRU
MSE: 20.74796860671478
MAE: 4.037831271136248
EVS: 0.31540278605078587
