Model: GRU
MSE: 14.90046635035642
MAE: 3.3414503556710704
EVS: 0.4454666685371177
