Model: GRU
MSE: 21.629744808164645
MAE: 3.882044792175293
EVS: 0.3619043112806011
