Model: GRU
MSE: 25.101399486659485
MAE: 4.37504134354768
EVS: 0.1413005494774794
