Model: GRU
MSE: 16.714255226246646
MAE: 3.536516860679344
EVS: 0.3364716420250313
