Model: GRU
MSE: 27.69739599966688
MAE: 4.4687245686848955
EVS: 0.4085821125388258
