Model: GRU
MSE: 20.3442212480376
MAE: 3.7683059904310436
EVS: 0.2807153447616243
