Model: GRU
MSE: 18.346452176623576
MAE: 3.498266855875651
EVS: 0.4038966966379651
