Model: GRU
MSE: 18.810283859267596
MAE: 3.7795695375513145
EVS: 0.2964438261681257
