Model: GRU
MSE: 25.46442943577094
MAE: 4.361062332435891
EVS: 0.17286854042605582
