Model: GRU
MSE: 23.283862926077763
MAE: 4.24124382160328
EVS: 0.21954733290223238
