Model: GRU
MSE: 20.889085657915505
MAE: 3.9988400671217175
EVS: 0.3849154690279267
