Model: GRU
MSE: 30.928398880380747
MAE: 4.638978922808612
EVS: 0.03831078232975982
