Model: GRU
MSE: 18.0958164843226
MAE: 3.757394790649414
EVS: 0.35725319996308924
