Model: GRU
MSE: 19.951244250089697
MAE: 3.9104574344776295
EVS: 0.2568723044950788
