Model: GRU
MSE: 16.596321844949905
MAE: 3.448428259955512
EVS: 0.40963104776083437
