Model: GRU
MSE: 15.626166691554632
MAE: 3.4531652839095504
EVS: 0.38064984884845077
