Model: GRU
MSE: 39.113160886799086
MAE: 5.192979746394688
EVS: -0.23198364033921748
