Model: GRU
MSE: 31.183693314137443
MAE: 4.745465031376591
EVS: -0.011840065772957153
