Model: GRU
MSE: 18.097510257557236
MAE: 3.7698407349763094
EVS: 0.41675409406640695
