Model: GRU
MSE: 20.076978960664174
MAE: 3.813404507107205
EVS: 0.30468693858495355
