Model: GRU
MSE: 20.314447556988725
MAE: 3.915542408272072
EVS: 0.3501383632920183
