Model: GRU
MSE: 19.71400973493363
MAE: 3.8069464189034923
EVS: 0.30817921480922605
