Model: GRU
MSE: 16.74638058100314
MAE: 3.5186305752506963
EVS: 0.366483169426137
