Model: GRU
MSE: 17.927638368392326
MAE: 3.5581436863651983
EVS: 0.31637694230220303
