Model: GRU
MSE: 16.60028211079764
MAE: 3.695321966100622
EVS: 0.34135037385455624
