Model: GRU
MSE: 14.148962756457355
MAE: 3.3289045757717557
EVS: 0.4733976501881483
