Model: GRU
MSE: 14.139982008717807
MAE: 3.23654626916956
EVS: 0.47435177707030174
