Model: GRU
MSE: 22.82499290572294
MAE: 4.064465045928955
EVS: 0.18951557756132353
