Model: GRU
MSE: 15.091915857316112
MAE: 3.342817924640797
EVS: 0.4083438210286594
