Model: GRU
MSE: 23.434528758190954
MAE: 4.242381378456399
EVS: 0.19823797612312732
