Model: GRU
MSE: 18.195918072313393
MAE: 3.5545393979107893
EVS: 0.3710328526006309
