Model: GRU
MSE: 23.87196227634902
MAE: 4.2184039928295
EVS: 0.2835637363741813
