Model: GRU
MSE: 24.68861317126819
MAE: 4.026596793421993
EVS: 0.26824882900208336
