Model: GRU
MSE: 17.608593774501262
MAE: 3.5701657047978155
EVS: 0.30673419099278654
