Model: GRU
MSE: 19.73130615740913
MAE: 3.8160566135689065
EVS: 0.3323982538986143
