Model: GRU
MSE: 16.356863998957678
MAE: 3.2794195457741067
EVS: 0.4854141650780971
