Model: GRU
MSE: 22.064259975466626
MAE: 3.9169386934351036
EVS: 0.14528553986011628
