Model: GRU
MSE: 21.729603462528218
MAE: 3.8639163264521845
EVS: 0.27952887543840743
