Model: GRU
MSE: 16.1696254332315
MAE: 3.2863937660499856
EVS: 0.35807398849760097
