Model: GRU
MSE: 16.542252255988014
MAE: 3.417258518713492
EVS: 0.36050005926299666
