Model: GRU
MSE: 29.183137217419258
MAE: 4.664286935770953
EVS: 0.16676727255969637
