Model: GRU
MSE: 60851.67997166469
MAE: 246.63027954101562
EVS: 0.0
