Model: GRU
MSE: 16.496648205869104
MAE: 3.3483365023577654
EVS: 0.4138221932119296
