Model: GRU
MSE: 19.106567097426232
MAE: 3.5282586062396013
EVS: 0.31997695162250017
