Model: GRU
MSE: 28.33947530645032
MAE: 3.998453144516264
EVS: -0.022406992681494264
