Model: GRU
MSE: 16.377288943385025
MAE: 3.4637405784041793
EVS: 0.35610616119864724
