Model: GRU
MSE: 12.162447192806313
MAE: 2.9778261184692383
EVS: 0.5254794405019536
