Model: GRU
MSE: 29.479194419243623
MAE: 4.478594091203478
EVS: 0.17405595743492697
