Model: GRU
MSE: 20.9069096121752
MAE: 3.8426096351058394
EVS: 0.1855644763173906
