Model: GRU
MSE: 19.729171773240978
MAE: 3.675932495682328
EVS: 0.28891847538050663
