Model: GRU
MSE: 18.420028829463206
MAE: 3.589321224777787
EVS: 0.342000097357979
