Model: GRU
MSE: 17.38532312011288
MAE: 3.54257039670591
EVS: 0.3778704320906766
