Model: GRU
MSE: 36.55074881889438
MAE: 5.174891123065242
EVS: -0.2945293377299847
