Model: GRU
MSE: 27.73490328276462
MAE: 4.078754972528528
EVS: 0.19188045190642922
