Model: GRU
MSE: 20.468689844001187
MAE: 3.9865710117198803
EVS: 0.37914846240899547
