Model: GRU
MSE: 16.05666752878811
MAE: 3.498534326200132
EVS: 0.3641916985180904
