Model: GRU
MSE: 20.065231822593383
MAE: 3.6749821415653936
EVS: 0.283409273898964
