Model: GRU
MSE: 12.969686688081984
MAE: 2.8826248380872936
EVS: 0.48522160929828295
