Model: GRU
MSE: 19.662233057911592
MAE: 3.7436688564441822
EVS: 0.3211341302622067
