Model: GRU
MSE: 15.56745091006343
MAE: 3.3886565455683955
EVS: 0.38591350973560234
