Model: GRU
MSE: 17.866450889905067
MAE: 3.5890796096236617
EVS: 0.29073842649290804
