Model: GRU
MSE: 26.569568291982907
MAE: 4.292758871007849
EVS: 0.13916183127805637
