Model: GRU
MSE: 14.846943094118716
MAE: 3.352798850448043
EVS: 0.4246152778407166
