Model: GRU
MSE: 24.591871837074
MAE: 4.310323512112653
EVS: 0.20431033586009073
