Model: GRU
MSE: 19.184033785815885
MAE: 3.892459339565701
EVS: 0.39351865428974864
