Model: GRU
MSE: 19.620063314427508
MAE: 3.855480335376881
EVS: 0.42411555076059937
