Model: GRU
MSE: 16.7731009031706
MAE: 3.4461374282836914
EVS: 0.35982999459989573
