Model: GRU
MSE: 15.286016023805612
MAE: 3.138555579715305
EVS: 0.39345460445217106
