Model: GRU
MSE: 19.458126319827063
MAE: 3.787281937069363
EVS: 0.23943133911373393
