Model: GRU
MSE: 20.137243708210267
MAE: 3.7645858305471913
EVS: 0.3988070405351054
