Model: GRU
MSE: 15.664411397378595
MAE: 3.3796716619420937
EVS: 0.3855560937966931
