Model: GRU
MSE: 16.3034154468149
MAE: 3.5221741287796586
EVS: 0.45724068585180344
