Model: GRU
MSE: 15.925531601029677
MAE: 3.34264576876605
EVS: 0.3821158231285574
