Model: GRU
MSE: 18.8094096592869
MAE: 3.858623416335494
EVS: 0.2936443280687744
