Model: GRU
MSE: 26.204265545392815
MAE: 4.4829465371591075
EVS: 0.10238280570466218
