Model: GRU
MSE: 20.366954521321876
MAE: 3.620169162750244
EVS: 0.20643357886449953
