Model: GRU
MSE: 19.464179333834046
MAE: 3.674030657167788
EVS: 0.29838834586292384
