Model: GRU
MSE: 17.917663155120998
MAE: 3.703967235706471
EVS: 0.2941648332310789
