Model: GRU
MSE: 19.327015671869535
MAE: 3.815577083163791
EVS: 0.3532278538549497
