Model: GRU
MSE: 23.981265439143144
MAE: 3.77555278495506
EVS: 0.13558255407176678
