Model: GRU
MSE: 24.975819254888588
MAE: 4.104105896419949
EVS: 0.12728801992583705
