Model: GRU
MSE: 21.923648856775177
MAE: 3.9989581637912326
EVS: 0.18127222826185563
