Model: GRU
MSE: 21.720888556536153
MAE: 3.7872021109969527
EVS: 0.17240859535856523
