Model: GRU
MSE: 18.83334340259815
MAE: 3.6844625649628817
EVS: 0.32378678865557575
