Model: GRU
MSE: 18.671031938396272
MAE: 3.6765494346618652
EVS: 0.260185418662249
