Model: GRU
MSE: 23.2138289026258
MAE: 3.963397732487431
EVS: 0.3837263266590578
