Model: GRU
MSE: 22.537671745962967
MAE: 4.066750561749494
EVS: 0.27230129413314264
