Model: GRU
MSE: 13.677929373514761
MAE: 3.1863657810069896
EVS: 0.46148878706210805
