Model: GRU
MSE: 19.87726384018883
MAE: 3.8626885414123535
EVS: 0.3630514318678828
