Model: GRU
MSE: 16.579206090661845
MAE: 3.5300742431923195
EVS: 0.36757259417099275
