Model: GRU
MSE: 19.86285943112729
MAE: 3.913896578329581
EVS: 0.29714200227784204
