Model: GRU
MSE: 25.053059999770895
MAE: 3.9288545184665256
EVS: 0.13250957675325004
