Model: GRU
MSE: 18.455074839477053
MAE: 3.7814755616364657
EVS: 0.2819357056774491
