Model: GRU
MSE: 19.87076463132376
MAE: 3.8061824727941445
EVS: 0.21444926466669356
