Model: GRU
MSE: 24.046461660290046
MAE: 4.189270619992857
EVS: 0.16281790842214627
