Model: GRU
MSE: 20.604491977013147
MAE: 3.796232435438368
EVS: 0.3282295107859292
