Model: GRU
MSE: 16.071029466210323
MAE: 3.381304475996229
EVS: 0.41481975962973006
