Model: GRU
MSE: 17.950307321287774
MAE: 3.671185784869724
EVS: 0.37382791994615294
