Model: GRU
MSE: 15.592223823677935
MAE: 3.3785394386008933
EVS: 0.4153288915376441
