Model: GRU
MSE: 23.08570587204856
MAE: 3.9163034933584706
EVS: 0.16896006332413605
