Model: GRU
MSE: 16.461884787318315
MAE: 3.250686433580187
EVS: 0.40383644003463803
