Model: GRU
MSE: 18.84314320406679
MAE: 3.6748803986443415
EVS: 0.29054995051163557
