Model: GRU
MSE: 17.905246602008834
MAE: 3.742414439166034
EVS: 0.3356135841593145
