Model: GRU
MSE: 15.261098699684824
MAE: 3.395685390189842
EVS: 0.4251731622677791
