Model: GRU
MSE: 19.27574894800721
MAE: 3.7738651346277305
EVS: 0.2807327348752069
