Model: GRU
MSE: 8500.600460803193
MAE: 91.99779143156829
EVS: -0.4693889381691616
