Model: GRU
MSE: 15.554215758398758
MAE: 3.3509996908682362
EVS: 0.38297197655787074
