Model: GRU
MSE: 18.71938363726295
MAE: 3.67149144631845
EVS: 0.2773435619166552
