Model: GRU
MSE: 15.85501621708747
MAE: 3.5087145699395075
EVS: 0.3704859609815764
