Model: GRU
MSE: 20.40681451324537
MAE: 3.708519617716471
EVS: 0.32840965597302085
