Model: GRU
MSE: 17.70702968718577
MAE: 3.5270960949085377
EVS: 0.29764962265806083
