Model: GRU
MSE: 18.504528935859746
MAE: 3.844849127310294
EVS: 0.4425836905192705
