Model: GRU
MSE: 15.221244275547827
MAE: 3.172007331141719
EVS: 0.39779688963360893
