Model: GRU
MSE: 23.79989595878758
MAE: 4.064090216601336
EVS: 0.29798309754387065
