Model: GRU
MSE: 33.0871491474934
MAE: 4.76602155190927
EVS: 0.15676497310104276
