Model: GRU
MSE: 20.69779888205179
MAE: 3.5832207997639975
EVS: 0.28432363144470163
