Model: GRU
MSE: 26.901205756586066
MAE: 4.237117608388265
EVS: 0.08356019114912538
