Model: GRU
MSE: 21.892329809702634
MAE: 3.9040804350817644
EVS: 0.2588666267621904
