Model: GRU
MSE: 14.501551814834691
MAE: 3.1384666054337114
EVS: 0.4283218348378536
