Model: GRU
MSE: 19.439544204094233
MAE: 3.759867933061388
EVS: 0.3010934061389866
