Model: GRU
MSE: 18.621272921485495
MAE: 3.70284656242088
EVS: 0.33619174981862054
