Model: GRU
MSE: 17.6693005205098
MAE: 3.460528515003346
EVS: 0.3665675060723671
