Model: GRU
MSE: 18.137197324250682
MAE: 3.5635871357387967
EVS: 0.34650793199372243
