Model: GRU
MSE: 18.893913886741124
MAE: 3.6125889707494667
EVS: 0.3421466750626574
