Model: GRU
MSE: 17.908600207098644
MAE: 3.2929112293102123
EVS: 0.36267128629334955
