Model: GRU
MSE: 18.94025685151485
MAE: 3.6947346086855286
EVS: 0.2814448387014733
