Model: GRU
MSE: 18.03769161916548
MAE: 3.65806805645978
EVS: 0.3559498520672093
