Model: GRU
MSE: 19.285489475944832
MAE: 3.6834150596901223
EVS: 0.29643327808377673
