Model: GRU
MSE: 16.730341292011534
MAE: 3.528013229370117
EVS: 0.36002148957141367
