Model: GRU
MSE: 18.037810722477904
MAE: 3.738927858847159
EVS: 0.3245191328843293
