Model: GRU
MSE: 30.507633078265215
MAE: 4.8292614265724465
EVS: 0.03808638208854165
