Model: GRU
MSE: 16.883288853487482
MAE: 3.5829600051597312
EVS: 0.36713888025146013
