Model: GRU
MSE: 1468.7523355875062
MAE: 38.07403190047653
EVS: 0.24080643884845465
