Model: GRU
MSE: 16.69680760074639
MAE: 3.5826023949517145
EVS: 0.45317711105630776
