Model: GRU
MSE: 22.769322933731523
MAE: 4.187496432551631
EVS: 0.1268259224905921
