Model: GRU
MSE: 15.367216053733497
MAE: 3.1197869424466735
EVS: 0.3980948118957508
