Model: GRU
MSE: 15.250576199285584
MAE: 3.452915385917381
EVS: 0.436743130842978
