Model: GRU
MSE: 439.2241787218844
MAE: 20.315988734916406
EVS: -0.051601576478126354
