Model: GRU
MSE: 14.930987739129503
MAE: 3.0592820909288196
EVS: 0.40929219846786835
