Model: GRU
MSE: 217.95017657614966
MAE: 13.768557763761944
EVS: -0.02298627209233417
