Model: GRU
MSE: 16.900599739120512
MAE: 3.378487198441117
EVS: 0.32924425922593326
