Model: GRU
MSE: 20.798686667110182
MAE: 4.11664957470364
EVS: 0.3697736984238038
