Model: GRU
MSE: 21.897319512290643
MAE: 4.124482719986527
EVS: 0.33098172656717506
