Model: GRU
MSE: 15.34295619404638
MAE: 3.4444847106933594
EVS: 0.45636568837602565
