Model: GRU
MSE: 20.999929311385838
MAE: 4.055921731171785
EVS: 0.32433038859421603
