Model: GRU
MSE: 16.14827489983293
MAE: 3.3702750735812717
EVS: 0.3734772315559931
