Model: GRU
MSE: 14.07066162861807
MAE: 3.043665161839238
EVS: 0.44871823709945713
