Model: GRU
MSE: 13.871712407645756
MAE: 2.96944648248178
EVS: 0.44929703715111446
