Model: GRU
MSE: 19.195234855553256
MAE: 3.857665680072926
EVS: 0.2958226837380923
