Model: GRU
MSE: 14.226412810290892
MAE: 3.2247847097891347
EVS: 0.4351351692030121
