Model: GRU
MSE: 15.032664160055901
MAE: 3.350483611777977
EVS: 0.4175359233217879
