Model: GRU
MSE: 24.008929454261988
MAE: 4.0800215933057995
EVS: 0.18463018733467418
