Model: GRU
MSE: 23.789234291215532
MAE: 3.740534023002342
EVS: 0.17049197260625482
