Model: GRU
MSE: 22.047072425525787
MAE: 3.781127753081145
EVS: 0.29948593071403307
