Model: GRU
MSE: 19.333518921389626
MAE: 3.7917826617205583
EVS: 0.25558896378996065
