Model: GRU
MSE: 18.326568882921368
MAE: 3.5903350247277155
EVS: 0.32328398294997884
