Model: GRU
MSE: 21.674871973225148
MAE: 3.86097455907751
EVS: 0.33363266578930006
