Model: GRU
MSE: 13.745876127400786
MAE: 3.1111996438768177
EVS: 0.4782522122030385
