Model: GRU
MSE: 17.562241062540917
MAE: 3.6271957468103477
EVS: 0.3718470392519857
