Model: GRU
MSE: 20.29043906552185
MAE: 3.9230773713853626
EVS: 0.3696234493845828
