Model: GRU
MSE: 14.61966348118768
MAE: 3.3476486382661044
EVS: 0.419554741001117
