Model: GRU
MSE: 15.298697177200161
MAE: 3.5356249279446073
EVS: 0.403469226309204
