Model: GRU
MSE: 946.5971807605871
MAE: 30.256139543321396
EVS: -0.12342860780976661
