Model: GRU
MSE: 27.69703308711624
MAE: 4.539499636049624
EVS: -0.025877739554401424
