Model: GRU
MSE: 15.42106643338578
MAE: 3.3965119609126337
EVS: 0.4061213612910064
