Model: GRU
MSE: 24.539652310446037
MAE: 4.192690796322292
EVS: 0.26397092544183887
