Model: GRU
MSE: 16.25452034113825
MAE: 3.3756079497160734
EVS: 0.3633740046707872
