Model: GRU
MSE: 17.23387926400133
MAE: 3.4718421123645924
EVS: 0.3171166978049119
