Model: GRU
MSE: 19.164744235116082
MAE: 3.7855165799458823
EVS: 0.3403394467876335
