Model: GRU
MSE: 27.578551803327702
MAE: 4.560184884954382
EVS: 0.22021214091015406
