Model: GRU
MSE: 19.557180240420006
MAE: 3.762694906305384
EVS: 0.3603878282644175
