Model: GRU
MSE: 14.753585094382442
MAE: 3.1925717106571905
EVS: 0.4206056537364874
