Model: GRU
MSE: 17.76996901060477
MAE: 3.6145269340938992
EVS: 0.3823235193550427
