Model: GRU
MSE: 16.820268742008096
MAE: 3.4567911095089383
EVS: 0.3377318050476352
