Model: GRU
MSE: 24.014379360626823
MAE: 4.18289762073093
EVS: 0.21185886546059407
