Model: GRU
MSE: 17.86565894656023
MAE: 3.6668855525829174
EVS: 0.3156855064591877
