Model: GRU
MSE: 18.315849643728807
MAE: 3.7147475525184914
EVS: 0.37445058393194697
