Model: GRU
MSE: 18.895168977885245
MAE: 3.8517127566867404
EVS: 0.2526496957827822
