Model: GRU
MSE: 24.562839217456073
MAE: 3.8584884714197227
EVS: 0.2859217415553552
