Model: GRU
MSE: 23.94686859041914
MAE: 4.250005810349076
EVS: 0.1288618599572332
