Model: GRU
MSE: 18.953239540617183
MAE: 3.6015332539876304
EVS: 0.3330879989412212
