Model: GRU
MSE: 19.37272880259998
MAE: 3.9204119223135487
EVS: 0.31380543319769105
