Model: GRU
MSE: 18.695440930888683
MAE: 3.692165639665392
EVS: 0.3067038320459674
