Model: GRU
MSE: 19.85723187401787
MAE: 3.594773628093578
EVS: 0.31040771601477735
