Model: GRU
MSE: 19.117150793690026
MAE: 3.7687849468655057
EVS: 0.3121000400847861
