Model: GRU
MSE: 17.28250771109611
MAE: 3.617184356406883
EVS: 0.37757849938189714
