Model: GRU
MSE: 22.644596903283006
MAE: 3.817464069083885
EVS: 0.27201073994118297
