Model: GRU
MSE: 20.0586032526892
MAE: 3.956056930400707
EVS: 0.3979515549031989
