Model: GRU
MSE: 19.527027737990736
MAE: 3.729659504360623
EVS: 0.3398462795109608
