Model: GRU
MSE: 19.345356038113735
MAE: 3.4163826483267323
EVS: 0.30273680053669727
