Model: GRU
MSE: 15.773719447866808
MAE: 3.395019460607458
EVS: 0.3938454426532668
