Model: GRU
MSE: 18.525437357279273
MAE: 3.542507048006411
EVS: 0.3348000768576306
