Model: GRU
MSE: 22.02688277210338
MAE: 3.621024167096173
EVS: 0.3242762985065083
