Model: GRU
MSE: 18.842841291848444
MAE: 3.6195426517062717
EVS: 0.3041335984753941
