Model: GRU
MSE: 17.722486560760554
MAE: 3.6676618258158364
EVS: 0.3423264199090078
