Model: sequential_25
MSE: 0.0673424911838083
MAE: 0.2595043182373047
EVS: 1.0
