Model: sequential_25
MSE: 2.1447349686275934
MAE: 1.0522200266520183
EVS: 0.6571022088404304
