Model: GRU
MSE: 9.946619959722632
MAE: 2.144369681676229
EVS: 0.3391257115322267
