Model: GRU
MSE: 19.122700432425713
MAE: 2.8498534626430936
EVS: -0.2943436873511933
