Model: GRU
MSE: 11.938946240977092
MAE: 2.235130610289397
EVS: 0.25588695792795246
