Model: GRU
MSE: 10.442876447566253
MAE: 2.286364696643971
EVS: 0.29930870988524716
