Model: GRU
MSE: 9.679263757002618
MAE: 1.8171155011212383
EVS: 0.4179485990597346
