Model: GRU
MSE: 10.063264691254334
MAE: 2.3811480115961143
EVS: 0.32203419192465477
