Model: GRU
MSE: 26.60025783001479
MAE: 3.829389051154808
EVS: -0.5276520025443616
