Model: GRU
MSE: 24.025803916757113
MAE: 3.4122212727864585
EVS: -0.5673781902956552
