Model: GRU
MSE: 12.297243575019335
MAE: 2.1664122652124473
EVS: 0.17663253377066834
