Model: GRU
MSE: 9.930379951632093
MAE: 2.260119879687274
EVS: 0.3520082414512825
