Model: GRU
MSE: 10.870554867391597
MAE: 2.363407841435185
EVS: 0.27400603335169205
