Model: GRU
MSE: 14.5502390462868
MAE: 2.6621901017648204
EVS: 0.33142292196084566
