Model: GRU
MSE: 24.102499257306572
MAE: 3.7692172085797346
EVS: -0.39626942834401957
