Model: GRU
MSE: 21.475215161065027
MAE: 3.1623833267777055
EVS: -0.43962388039830946
