Model: GRU
MSE: 10.590025772687845
MAE: 2.0691897604200573
EVS: 0.39499599494925375
