Model: GRU
MSE: 13.474844912061949
MAE: 2.1323152824684426
EVS: 0.14215516133591943
