Model: GRU
MSE: 29.817310164348697
MAE: 3.95214816376015
EVS: -0.7768940160103228
