Model: GRU
MSE: 10.634344021984575
MAE: 2.3445753079873546
EVS: 0.2835456206356377
