Model: GRU
MSE: 9.228361596099486
MAE: 2.5672293415776006
EVS: 0.5144272226035858
