Model: GRU
MSE: 12.811808755353063
MAE: 2.3807192555180303
EVS: 0.3696626347964024
