Model: GRU
MSE: 20.8788196615328
MAE: 2.9463112001065856
EVS: -0.3967458100566281
