Model: GRU
MSE: 20.604339348854367
MAE: 3.176772877022072
EVS: -0.3919741740124081
