Model: GRU
MSE: 13.830449718209268
MAE: 2.137692853256508
EVS: 0.16480837023883588
