Model: GRU
MSE: 19.797683441370836
MAE: 2.937556196142126
EVS: -0.3314172266133968
