Model: GRU
MSE: 9.482601487246576
MAE: 2.0116333255061396
EVS: 0.37698387355479657
