Model: GRU
MSE: 19.497700984778778
MAE: 3.0104677412245007
EVS: -0.24120811271327813
