Model: GRU
MSE: 9.966095266179629
MAE: 2.0752165759051286
EVS: 0.3472433395712121
