Model: GRU
MSE: 31.105312657185415
MAE: 4.259511197054827
EVS: -0.872737909617147
