Model: GRU
MSE: 11.806331233341318
MAE: 2.618804039778533
EVS: 0.2405352777034031
