Model: GRU
MSE: 8.750331078421977
MAE: 2.0731022181334318
EVS: 0.41044444420768966
