Model: GRU
MSE: 10.508540121820328
MAE: 2.297597955774378
EVS: 0.2920047695799082
