Model: GRU
MSE: 27.551752196687783
MAE: 3.253776055795175
EVS: -0.8457215915029435
