Model: GRU
MSE: 21.494276336967456
MAE: 3.4576193226708307
EVS: -0.13413819034193897
