Model: GRU
MSE: 22.52547932040768
MAE: 3.608688310340599
EVS: -0.3054022611130951
