Model: GRU
MSE: 11.572064045035075
MAE: 2.7866585519578724
EVS: 0.31148994222114657
