Model: GRU
MSE: 20.448422793023298
MAE: 3.0090338035866067
EVS: -0.37167305378074267
