Model: GRU
MSE: 11.531110374381589
MAE: 2.4453281738139965
EVS: 0.229230232142683
