Model: GRU
MSE: 24.396731256677093
MAE: 3.650542647750289
EVS: -0.45517343337328064
