Model: GRU
MSE: 22.898295436318474
MAE: 2.941120359632704
EVS: -0.5547880973881785
