Model: GRU
MSE: 9.747493281728365
MAE: 2.015828741921319
EVS: 0.3444564986400924
