Model: GRU
MSE: 17.436221430259746
MAE: 2.796037718101784
EVS: -0.1837038550435095
