Model: GRU
MSE: 11.082365109382328
MAE: 2.1404112400832
EVS: 0.2738872410005113
