Model: GRU
MSE: 20.645656246374184
MAE: 3.345111785111604
EVS: -0.2955489997035323
