Model: GRU
MSE: 26.944742021992937
MAE: 3.544676736549095
EVS: -0.7379031374690939
