Model: GRU
MSE: 10.009311247957312
MAE: 2.034564327310633
EVS: 0.3443173755183465
