Model: GRU
MSE: 11.005450142413615
MAE: 2.318128320905897
EVS: 0.29580834339623985
