Model: GRU
MSE: 20.04638802860975
MAE: 3.0335046185387506
EVS: -0.33503341223458927
