Model: GRU
MSE: 10.524313328149708
MAE: 2.4132086789166487
EVS: 0.29147038818485327
