Model: GRU
MSE: 11.40194125349735
MAE: 2.19700821240743
EVS: 0.23523169561963553
