Model: GRU
MSE: 9.323252846592899
MAE: 2.5990991769013583
EVS: 0.4901328871207715
