Model: GRU
MSE: 9.745157886242682
MAE: 2.004911422729492
EVS: 0.3554251120927746
