Model: GRU
MSE: 19.480303643398514
MAE: 2.8396716912587485
EVS: -0.3122595410061082
