Model: GRU
MSE: 12.668141710084942
MAE: 2.5511598498732955
EVS: 0.14685661964553143
