Model: GRU
MSE: 12.47555086658765
MAE: 2.850112703111437
EVS: 0.2222931952388396
