Model: GRU
MSE: 5.905035295711114
MAE: 1.7835281160142686
EVS: 0.596980402006725
