Model: GRU
MSE: 11.192155811914073
MAE: 2.6220330397288003
EVS: 0.2844125162621608
