Model: GRU
MSE: 21.406630451086087
MAE: 3.068489578035143
EVS: -0.42780841790707824
