Model: GRU
MSE: 10.546208695291476
MAE: 2.0683834199552185
EVS: 0.3911958075763966
