Model: GRU
MSE: 11.978655269030158
MAE: 2.7330492160938404
EVS: 0.2437956023436243
