Model: GRU
MSE: 10.446411268853142
MAE: 2.5832136118853533
EVS: 0.31291923461313786
