Model: GRU
MSE: 258.35622562330326
MAE: 15.598479341577601
EVS: -0.013570597535379259
