Model: GRU
MSE: 1073.1404623353835
MAE: 32.53432817812319
EVS: -0.027466081843003032
