Model: GRU
MSE: 11.16690399540813
MAE: 2.150125847922431
EVS: 0.2693191914534414
