Model: GRU
MSE: 22.756409311743855
MAE: 3.4632362723350525
EVS: -0.2300031543314336
