Model: GRU
MSE: 7.336810562852752
MAE: 2.167298087367305
EVS: 0.557516696281662
