Model: GRU
MSE: 28.67632040437009
MAE: 3.6663893681985362
EVS: -0.8217105173763026
