Model: GRU
MSE: 11.241267835176583
MAE: 2.3835461051375777
EVS: 0.24426266670093866
