Model: GRU
MSE: 20.383777673873666
MAE: 2.8948743519959628
EVS: -0.3678606542729288
