Model: GRU
MSE: 14.863758091358083
MAE: 3.0920039547814264
EVS: 0.13423808038650442
