Model: GRU
MSE: 11.590972398439828
MAE: 2.3222526532632335
EVS: 0.22036835627596585
