Model: GRU
MSE: 10.538808035063415
MAE: 2.3076179733982793
EVS: 0.3198520950062519
