Model: GRU
MSE: 21.379893882456876
MAE: 3.2434812210224293
EVS: -0.40428527731242925
