Model: GRU
MSE: 5.189240087375024
MAE: 1.504787762959798
EVS: 0.6537061840315502
