Model: GRU
MSE: 9.37689516146212
MAE: 2.1702688976570412
EVS: 0.36846223579997306
