Model: GRU
MSE: 12.022157796391355
MAE: 2.8050652698234275
EVS: 0.2885564243925739
