Model: GRU
MSE: 23.772747953986364
MAE: 3.4339930746290417
EVS: -0.5015390128589325
