Model: GRU
MSE: 9.77178166136705
MAE: 2.3722525702582464
EVS: 0.3827651430268557
