Model: GRU
MSE: 11.050132576866384
MAE: 2.1049831134301646
EVS: 0.2583919635472378
