Model: GRU
MSE: 28.10657014800947
MAE: 3.9416066893824824
EVS: -0.5897049128515215
