Model: GRU
MSE: 14.830480682222076
MAE: 3.195733070373535
EVS: 0.16244244378306139
