Model: GRU
MSE: 21.270419961108903
MAE: 3.3200333030135543
EVS: -0.2837807817699549
