Model: GRU
MSE: 24.37998731391999
MAE: 2.9938995131739863
EVS: -0.6496569705696487
