Model: GRU
MSE: 11.964271029678962
MAE: 2.5243616810551397
EVS: 0.19865270532614687
