Model: GRU
MSE: 9.774575649547698
MAE: 2.4123857816060386
EVS: 0.3909657153851488
