Model: GRU
MSE: 22.782185494909154
MAE: 3.197700509318599
EVS: -0.5444974122109638
