Model: GRU
MSE: 18.495828137577192
MAE: 3.007190192187274
EVS: -0.1408678466536395
