Model: GRU
MSE: 23.339759384756537
MAE: 3.0049008704997875
EVS: -0.5847236541309362
