Model: GRU
MSE: 7.98024391394127
MAE: 2.057704378057409
EVS: 0.44106052713698773
