Model: GRU
MSE: 27.659966820034217
MAE: 4.138586273899785
EVS: -0.5464497339688872
