Model: GRU
MSE: 14.870266567918836
MAE: 3.1468637784322104
EVS: 0.12487391585335972
