Model: GRU
MSE: 19.59429367803752
MAE: 3.2238969714553267
EVS: -0.2976661050084608
