Model: GRU
MSE: 12.065685691194439
MAE: 2.7266609138912625
EVS: 0.2125395286964431
