Model: GRU
MSE: 11.816831103234032
MAE: 2.1143364553098327
EVS: 0.22957180479786254
