Model: GRU
MSE: 23.118778531893618
MAE: 3.1163211133744984
EVS: -0.5303909345011311
