Model: GRU
MSE: 8.700213601452502
MAE: 2.113282468583849
EVS: 0.414331484158048
