Model: GRU
MSE: 14.620505257752232
MAE: 3.0815743693598994
EVS: 0.3094768960604666
