Model: GRU
MSE: 15.830883988174193
MAE: 2.6310385598076715
EVS: 0.3040853054910224
