Model: GRU
MSE: 14.681120165039983
MAE: 2.691661172442966
EVS: 0.36853159137474023
