Model: GRU
MSE: 22.892875419996585
MAE: 3.3633773061964245
EVS: -0.35293894022773165
