Model: GRU
MSE: 11.063101954158443
MAE: 2.382058276070489
EVS: 0.25584334120850305
