Model: GRU
MSE: 10.948513381616632
MAE: 2.2864943080478244
EVS: 0.264400926244187
