Model: GRU
MSE: 8.349447017473738
MAE: 2.31965665464048
EVS: 0.5357975484796738
