Model: GRU
MSE: 7.622287285098859
MAE: 1.9685949307900887
EVS: 0.485245530025059
