Model: GRU
MSE: 11.139146397051078
MAE: 2.2522608085914895
EVS: 0.24986136485231403
