Model: GRU
MSE: 10.792152912578091
MAE: 2.149186540532995
EVS: 0.32705851412870857
