Model: GRU
MSE: 12.481609332663304
MAE: 2.704049984614054
EVS: 0.1926367533260237
