Model: GRU
MSE: 10.432955687274951
MAE: 2.102410484243322
EVS: 0.2971542533857088
