Model: GRU
MSE: 9.996278473089351
MAE: 2.2384285661909313
EVS: 0.32675662599377386
