Model: GRU
MSE: 11.595623914208318
MAE: 2.302979681226942
EVS: 0.21909620245581762
