Model: GRU
MSE: 10.956748909255012
MAE: 2.1922389931148953
EVS: 0.26239369921341194
