Model: GRU
MSE: 10.79188417009738
MAE: 2.6061789636258728
EVS: 0.3118810849723984
