Model: GRU
MSE: 10.332113592869568
MAE: 2.5162439346313477
EVS: 0.3371592055270973
