Model: GRU
MSE: 19.218911791905242
MAE: 2.832750823762682
EVS: -0.29878962567633804
