Model: GRU
MSE: 13.13804183796635
MAE: 2.5471779240502253
EVS: 0.12640871446870472
