Model: GRU
MSE: 23.013885662142815
MAE: 3.0352886744907925
EVS: -0.3164537797705418
