Model: GRU
MSE: 11.087970788560058
MAE: 2.6143914328681097
EVS: 0.29658436412586
