Model: GRU
MSE: 21.75334566395262
MAE: 3.2902666374489113
EVS: -0.4393112300034143
