Model: GRU
MSE: 11.216555706665126
MAE: 2.9518246827302157
EVS: 0.5281794998714885
