Model: GRU
MSE: 11.80783491976983
MAE: 2.150969796710544
EVS: 0.23498837038848064
