Model: GRU
MSE: 11.925381834666677
MAE: 2.2199705839157104
EVS: 0.21536962067096477
