Model: GRU
MSE: 8.27245808065845
MAE: 1.7651418182584975
EVS: 0.5672862525786506
