Model: GRU
MSE: 5.467743060696977
MAE: 1.9168334360475894
EVS: 0.6275874081288216
