Model: GRU
MSE: 24.914977870513354
MAE: 3.7484585267526134
EVS: -0.4766045486359598
