Model: GRU
MSE: 11.288094093489033
MAE: 2.344183356673629
EVS: 0.24570872580708125
