Model: GRU
MSE: 25.762612278148346
MAE: 3.5904471344417996
EVS: -0.6092990123266102
