Model: GRU
MSE: 12.123590106880211
MAE: 2.9388566193757235
EVS: 0.30668594230183743
