Model: GRU
MSE: 987.9519692231156
MAE: 31.149228272614657
EVS: -0.1910288300025571
