Model: GRU
MSE: 13.247240199752843
MAE: 2.3405998194659197
EVS: 0.3337923495978514
