Model: GRU
MSE: 14631.787766701584
MAE: 120.90056044967086
EVS: 0.0
