Model: GRU
MSE: 11.1590688553346
MAE: 2.0504483028694436
EVS: 0.2562200721174053
