Model: GRU
MSE: 9.803984166604812
MAE: 1.8877501840944644
EVS: 0.3594858750941776
