Model: GRU
MSE: 28.768533292838192
MAE: 4.17483696767262
EVS: -0.44144153240885675
