Model: GRU
MSE: 13.216927623676392
MAE: 2.879881841165048
EVS: 0.1807249774889298
