Model: GRU
MSE: 11.597520670226848
MAE: 1.9329827714849401
EVS: 0.3442953245035767
