Model: GRU
MSE: 10.48671088110025
MAE: 2.4354682763417563
EVS: 0.3071855297445013
