Model: GRU
MSE: 20.027321033409887
MAE: 3.808955430984497
EVS: -0.0898849469832883
