Model: GRU
MSE: 19.853925132057924
MAE: 2.930707666609022
EVS: -0.3465043698725885
