Model: GRU
MSE: 13.365437000450651
MAE: 3.07156064775255
EVS: 0.2490009027987291
