Model: GRU
MSE: 11.43653388396419
MAE: 2.045777329692134
EVS: 0.2457285988381247
