Model: GRU
MSE: 6.4872734476897955
MAE: 1.72381681866116
EVS: 0.5469855041569583
