Model: GRU
MSE: 12.421530696693491
MAE: 2.862227854905305
EVS: 0.26243427372382244
