Model: GRU
MSE: 10.330088710567427
MAE: 2.1896264288160534
EVS: 0.4090945122438642
