Model: GRU
MSE: 10.016834817073729
MAE: 2.2157159204836243
EVS: 0.35795485426551377
