Model: GRU
MSE: 22.613286829020375
MAE: 3.0209582293475115
EVS: -0.535273179961022
