Model: GRU
MSE: 21.658928755599806
MAE: 3.497562663895743
EVS: -0.18957976898396445
