Model: GRU
MSE: 10.198952024078482
MAE: 2.265775097741021
EVS: 0.31390842550827625
