Model: GRU
MSE: 12.454045828846688
MAE: 2.038947423299154
EVS: 0.2908181396928309
