Model: GRU
MSE: 11.454478274314091
MAE: 2.349548931475039
EVS: 0.2344652271436276
