Model: GRU
MSE: 12.053118608696229
MAE: 2.5097469930295593
EVS: 0.19178331647000235
