Model: GRU
MSE: 25.38661721453239
MAE: 3.6324568816593716
EVS: -0.37608265065342583
