Model: GRU
MSE: 10.023323821507322
MAE: 2.380165859504982
EVS: 0.3550276072463948
