Model: GRU
MSE: 11.913095786534871
MAE: 2.4174216676641396
EVS: 0.19795694788008444
