Model: GRU
MSE: 9.07175248460876
MAE: 1.886578604027077
EVS: 0.5090659272605931
