Model: GRU
MSE: 135.22484941580618
MAE: 10.960413074051893
EVS: -0.016974852917536865
