Model: GRU
MSE: 20.918330673607972
MAE: 3.3026496039496527
EVS: -0.3398433251086068
