Model: GRU
MSE: 12.467814886405703
MAE: 2.3554920885297985
EVS: 0.16009834575034354
