Model: GRU
MSE: 8224.50280016623
MAE: 90.60714015254268
EVS: -0.00827935295922777
