Model: GRU
MSE: 17.00177041476398
MAE: 2.987508526554814
EVS: -0.15380602799189402
