Model: GRU
MSE: 10.762877326309546
MAE: 2.4154438354350902
EVS: 0.30064308442925114
