Model: GRU
MSE: 11.40965322467711
MAE: 2.59188445409139
EVS: 0.2740827663655616
