Model: GRU
MSE: 12.968679480847685
MAE: 2.7180597605528654
EVS: 0.15051843147428023
