Model: GRU
MSE: 12.527852788675697
MAE: 2.725569318842005
EVS: 0.16884576645505367
