Model: GRU
MSE: 18.270557588760024
MAE: 3.7386498627839266
EVS: 0.044268388244236845
