Model: GRU
MSE: 11.609672024486265
MAE: 2.5121635595957437
EVS: 0.24762062799123663
