Model: GRU
MSE: 12.712214969738868
MAE: 2.3724253265946
EVS: 0.143554048628299
