Model: GRU
MSE: 19.685959695260856
MAE: 3.9655746000784413
EVS: 0.08008479428531101
