Model: GRU
MSE: 13.374028562232331
MAE: 3.230055261541296
EVS: 0.32659180807904276
