Model: GRU
MSE: 17.655825342620737
MAE: 3.523974339167277
EVS: 0.02227905883806036
