Model: GRU
MSE: 11.472826407839367
MAE: 1.9403887810530487
EVS: 0.24427170520075225
