Model: GRU
MSE: 11.174154696279388
MAE: 2.6639691017292164
EVS: 0.3248228925252332
