Model: GRU
MSE: 10.55267897111395
MAE: 2.41409879260593
EVS: 0.29068236185620955
