Model: GRU
MSE: 12.117613646489032
MAE: 2.384131846604524
EVS: 0.18897308176230254
