Model: GRU
MSE: 10.834959730115804
MAE: 2.556918391474971
EVS: 0.3027183312642181
