Model: GRU
MSE: 10.649685530819331
MAE: 2.221558367764508
EVS: 0.3004985346217588
