Model: GRU
MSE: 23.845248996031017
MAE: 3.556751701566908
EVS: -0.4824048722380825
