Model: GRU
MSE: 11.735917566486174
MAE: 3.0251247264720775
EVS: 0.516590963817555
