Model: GRU
MSE: 19.421678371086468
MAE: 3.022765009491532
EVS: -0.2756013089270668
