Model: GRU
MSE: 22.097793679952105
MAE: 3.1920341032522694
EVS: -0.34307951440177487
