Model: GRU
MSE: 13.720518347578913
MAE: 2.959898003825435
EVS: 0.14871786325926506
