Model: GRU
MSE: 9.948002026552466
MAE: 2.2352996049103915
EVS: 0.3420744475483425
