Model: GRU
MSE: 17.57472859293573
MAE: 3.607963862242522
EVS: 0.09431513836328764
