Model: GRU
MSE: 10.942202455279038
MAE: 2.6920619717350713
EVS: 0.3314301978056914
