Model: GRU
MSE: 12.733759587372285
MAE: 2.0589016366887978
EVS: 0.22910832906418865
