Model: GRU
MSE: 25.015060180585806
MAE: 3.372304174635145
EVS: -0.6355692723476882
