Model: GRU
MSE: 12.17156346013634
MAE: 2.84160249321549
EVS: 0.2626889462974705
