Model: GRU
MSE: 11.334091498769483
MAE: 2.786723013277407
EVS: 0.31126568706395774
