Model: GRU
MSE: 16.6131095482919
MAE: 3.5997505364594637
EVS: 0.2345073608200695
