Model: GRU
MSE: 5.520329082786922
MAE: 1.656146932531286
EVS: 0.6577893193831783
