Model: GRU
MSE: 25.205331080898326
MAE: 3.360029794551708
EVS: -0.6725496099724342
