Model: GRU
MSE: 5.499543800672284
MAE: 1.5573460614239727
EVS: 0.6178847682788632
