Model: GRU
MSE: 10.570718031485379
MAE: 2.064947596302739
EVS: 0.34646326342810096
