Model: GRU
MSE: 10.39979734019221
MAE: 1.9572858368908916
EVS: 0.30393860874642575
