Model: GRU
MSE: 10.806118736256124
MAE: 2.4752868016560874
EVS: 0.28360771046501176
