Model: GRU
MSE: 32.13119830065376
MAE: 4.627386552946908
EVS: -0.3386147221687379
