Model: GRU
MSE: 13.76028033153001
MAE: 2.949184470706516
EVS: 0.16251542156328336
