Model: GRU
MSE: 18.314023665650986
MAE: 3.7387978765699597
EVS: 0.030680609591114183
