Model: GRU
MSE: 36.0542467803852
MAE: 4.822276813643319
EVS: -0.41541979984466715
