Model: GRU
MSE: 11.016474225997289
MAE: 2.1918346970169633
EVS: 0.2690364972809277
