Model: GRU
MSE: 11.113415171873463
MAE: 2.3788488617649786
EVS: 0.25250134575790506
