Model: GRU
MSE: 10.350288463770328
MAE: 2.1245082042835377
EVS: 0.331763496644238
