Model: GRU
MSE: 13.559353007197204
MAE: 3.00179773789865
EVS: 0.16805938604110215
