Model: GRU
MSE: 24.787501855067504
MAE: 3.6860790605898255
EVS: -0.5806933927202247
