Model: GRU
MSE: 22.8278710242112
MAE: 3.199334672519139
EVS: -0.30861887169612223
