Model: GRU
MSE: 12.872040357452416
MAE: 2.8058626740067094
EVS: 0.18250799433256504
