Model: GRU
MSE: 21.081535908438802
MAE: 2.970586820884987
EVS: -0.37877930503104973
