Model: GRU
MSE: 10.238796629664918
MAE: 2.0491467935067638
EVS: 0.3137993387184528
