Model: GRU
MSE: 28.196331224284204
MAE: 3.928450443126537
EVS: -0.6411780981408814
