Model: GRU
MSE: 18.11966592434494
MAE: 2.750804212358263
EVS: -0.2282854161454504
