Model: GRU
MSE: 10.807933216948404
MAE: 1.9358857119524921
EVS: 0.35924844656813404
