Model: GRU
MSE: 8.241484262613481
MAE: 2.263667265574137
EVS: 0.48912373748120286
