Model: GRU
MSE: 25.119325656611203
MAE: 3.8469169395310536
EVS: -0.2822256774721761
