Model: GRU
MSE: 21.044177940107367
MAE: 3.012173961710047
EVS: -0.4178614319876439
