Model: GRU
MSE: 10.142585685017584
MAE: 1.9473786530671295
EVS: 0.39027997152657434
