Model: GRU
MSE: 414.5375646828702
MAE: 19.974712831002694
EVS: -0.04757785114104629
