Model: GRU
MSE: 1928.5410800629386
MAE: 43.74100197686089
EVS: -0.028538562274076806
