Model: GRU
MSE: 12.667215689809392
MAE: 2.434052423194603
EVS: 0.16185182316904712
