Model: GRU
MSE: 10.89550467838078
MAE: 2.345177235426726
EVS: 0.26671007728888785
