Model: GRU
MSE: 11.144288372599526
MAE: 2.0454338215015553
EVS: 0.2753039520128475
