Model: GRU
MSE: 11.237690438554603
MAE: 2.0107702325891563
EVS: 0.2788378353850771
