Model: GRU
MSE: 13.540724675597588
MAE: 3.065224523897524
EVS: 0.20508013458257102
