Model: GRU
MSE: 13.942855389571823
MAE: 3.0292151239183216
EVS: 0.17744983426821848
