Model: GRU
MSE: 10.338902217551011
MAE: 2.1045241532502352
EVS: 0.3212434583292637
