Model: GRU
MSE: 8992.46853663215
MAE: 94.58072492811415
EVS: -2.188357055292689
