Model: GRU
MSE: 6.104838087525751
MAE: 1.7756746610005696
EVS: 0.5838471928936754
