Model: GRU
MSE: 12.335550643084828
MAE: 2.2008542308100947
EVS: 0.3871311986758965
