Model: GRU
MSE: 23.624502682030116
MAE: 3.3630734196415655
EVS: -0.5622218619424608
