Model: GRU
MSE: 11.856757659674692
MAE: 2.3327253836172597
EVS: 0.20251271126284898
