Model: GRU
MSE: 11.31543261707326
MAE: 2.5705200919398554
EVS: 0.25263207684009226
