Model: GRU
MSE: 10.32364050148216
MAE: 2.468239916695489
EVS: 0.3310058794937166
