Model: GRU
MSE: 6.407089037566965
MAE: 2.0473270063047058
EVS: 0.599129884942364
