Model: GRU
MSE: 14.23776889701209
MAE: 3.3309502601623535
EVS: 0.3078758483669767
