Model: GRU
MSE: 13.764208361235033
MAE: 2.773705694410536
EVS: 0.10074879780207402
