Model: GRU
MSE: 20.118889353513563
MAE: 3.126133018069797
EVS: -0.35832094496530154
