Model: GRU
MSE: 24.908983817513008
MAE: 3.1511466238233776
EVS: -0.652613050715305
