Model: GRU
MSE: 10.708707765372674
MAE: 2.2904016265162714
EVS: 0.2785090682437177
