Model: GRU
MSE: 24.180243954607278
MAE: 3.184049703456737
EVS: -0.6353495095433999
