Model: GRU
MSE: 15.213572154053528
MAE: 3.2093379850740784
EVS: 0.11301952907591994
