Model: GRU
MSE: 20.21490945853545
MAE: 3.0248782811341464
EVS: -0.37169029715548385
