Model: GRU
MSE: 10.89534180956454
MAE: 2.211707627331769
EVS: 0.3803600656860716
