Model: GRU
MSE: 10.586362862605283
MAE: 2.3302655661547624
EVS: 0.2875611085969738
