Model: GRU
MSE: 16.084250519835738
MAE: 3.547111882103814
EVS: 0.1874880597202475
