Model: GRU
MSE: 9.974866765639726
MAE: 2.156683639243797
EVS: 0.3440124168537756
