Model: GRU
MSE: 10.974599265366976
MAE: 2.312112728754679
EVS: 0.2776779867378749
