Model: GRU
MSE: 13.858100544042802
MAE: 2.962552582776105
EVS: 0.1404329438430576
