Model: GRU
MSE: 9.47046821174897
MAE: 2.1526180814813682
EVS: 0.3654421478045583
