Model: GRU
MSE: 34.99923032435132
MAE: 4.96839353773329
EVS: -0.6364214297500355
