Model: GRU
MSE: 12.836339800814665
MAE: 2.6232817614520036
EVS: 0.14174627970175657
