Model: GRU
MSE: 21.355403434141408
MAE: 3.2812201888472945
EVS: -0.3526571704046926
