Model: GRU
MSE: 26.635827402033943
MAE: 3.852472764474374
EVS: -0.4944600940775399
