Model: GRU
MSE: 9.999130511755943
MAE: 2.3244764186717846
EVS: 0.32979515724634034
