Model: GRU
MSE: 22.1858480176036
MAE: 3.585286025647764
EVS: -0.3789734252868524
