Model: GRU
MSE: 8.916655626791428
MAE: 2.175605155803539
EVS: 0.48784789363771486
