Model: GRU
MSE: 9.75158511927913
MAE: 2.244656456841363
EVS: 0.3435968183402933
