Model: GRU
MSE: 9.285961747371267
MAE: 2.103172019675926
EVS: 0.37774210034744615
