Model: GRU
MSE: 10.674526823139592
MAE: 2.6819183738143355
EVS: 0.325498426319597
