Model: GRU
MSE: 21.871669419635865
MAE: 3.3261697204024703
EVS: -0.45477297447202436
