Model: GRU
MSE: 11.998032621556497
MAE: 2.7259293573874013
EVS: 0.23909384500653497
