Model: GRU
MSE: 12.958673781240307
MAE: 3.003608067830404
EVS: 0.2618274213170696
