Model: GRU
MSE: 11.601414045260569
MAE: 1.985807524787055
EVS: 0.24248171238386174
