Model: GRU
MSE: 20.732415484944095
MAE: 3.191159972438106
EVS: -0.40547983311769387
