Model: GRU
MSE: 13.773069951437444
MAE: 2.916550539158009
EVS: 0.1054431639036667
