Model: GRU
MSE: 14.712149235424025
MAE: 3.0059501506664135
EVS: 0.07690049974858881
