Model: GRU
MSE: 21.28395746019605
MAE: 3.9817052858847157
EVS: -0.0861553783217639
