Model: GRU
MSE: 11.019163059362336
MAE: 2.4885852690096253
EVS: 0.25777155385276107
