Model: GRU
MSE: 11.541090142529848
MAE: 2.2245849150198476
EVS: 0.2570828359806212
