Model: GRU
MSE: 14.444888154235784
MAE: 3.237705778192591
EVS: 0.16183843767720407
