Model: GRU
MSE: 23.92921116667213
MAE: 3.0810159842173257
EVS: -0.5858380176360749
