Model: GRU
MSE: 12.095287557232874
MAE: 2.9040177133348255
EVS: 0.3102842813233989
