Model: GRU
MSE: 21.64932108283064
MAE: 3.32813979961254
EVS: -0.4129595479438739
