Model: GRU
MSE: 9.515225067733798
MAE: 1.8883250642705847
EVS: 0.38540961591280853
