Model: GRU
MSE: 22.41630629998986
MAE: 2.979451797626637
EVS: -0.4896654528267972
