Model: GRU
MSE: 9.882375867332064
MAE: 2.490375872011538
EVS: 0.3503821645080619
