Model: GRU
MSE: 12.62990648870134
MAE: 2.813928869035509
EVS: 0.2051869820419615
