Model: GRU
MSE: 12.188152174659947
MAE: 2.7893430391947427
EVS: 0.25624972263113677
