Model: GRU
MSE: 1240.6793211059758
MAE: 34.9863084157308
EVS: -0.16622788207242034
