Model: GRU
MSE: 24.016673175686307
MAE: 3.5439983120671026
EVS: -0.574378590631881
