Model: GRU
MSE: 18.293824039236995
MAE: 3.748975815596404
EVS: 0.0797259199696998
