Model: GRU
MSE: 11.130815340247299
MAE: 2.5773102619029857
EVS: 0.29468514573827953
