Model: GRU
MSE: 427.21587896726555
MAE: 20.307119881665265
EVS: -0.007451455527931916
