Model: GRU
MSE: 13.93490626073359
MAE: 2.3728998281337597
EVS: 0.06460228270515633
