Model: GRU
MSE: 13.035269582452246
MAE: 2.8939567936791315
EVS: 0.19253461686734974
