Model: GRU
MSE: 9.021928689469709
MAE: 2.149134459318938
EVS: 0.39305224225099267
