Model: GRU
MSE: 9.182726437339557
MAE: 2.254573115596065
EVS: 0.38843501601385955
