Model: GRU
MSE: 635.4853409884327
MAE: 24.903668676103866
EVS: 0.1233240766253132
