Model: GRU
MSE: 21.466793925162623
MAE: 3.1695651743147106
EVS: -0.3525439583741652
