Model: GRU
MSE: 14.22671072957027
MAE: 3.173469578778302
EVS: 0.19004268977036687
