Model: GRU
MSE: 10.871201108890773
MAE: 2.9006113652829772
EVS: 0.479485435185135
