Model: GRU
MSE: 10.798022742507724
MAE: 2.4445379928306297
EVS: 0.28184221849974944
