Model: GRU
MSE: 6.91369439002008
MAE: 2.1063898934258356
EVS: 0.5479103264305081
