Model: GRU
MSE: 7.213248565130024
MAE: 1.7957721109743472
EVS: 0.5663299276886926
