Model: GRU
MSE: 11.406597312479109
MAE: 2.555280411684955
EVS: 0.2695097563199489
