Model: GRU
MSE: 11.716031248670369
MAE: 2.621042154453419
EVS: 0.22812273995752363
