Model: GRU
MSE: 14.468241125351188
MAE: 3.034021430545383
EVS: 0.13127963570204626
