Model: GRU
MSE: 7.672918477249825
MAE: 2.201475841027719
EVS: 0.5527996392319605
