Model: GRU
MSE: 20.9841126581708
MAE: 3.2554854110435203
EVS: -0.3907169070831944
