Model: GRU
MSE: 16.146284337607813
MAE: 2.5138116236086243
EVS: 0.24297270002613547
