Model: GRU
MSE: 10.947380923440084
MAE: 2.005783681516294
EVS: 0.3560366101433392
