Model: GRU
MSE: 10.4466907784887
MAE: 1.8656956531383373
EVS: 0.3240011117989784
