Model: GRU
MSE: 10.23481673689197
MAE: 2.053212254135697
EVS: 0.3307131493729607
