Model: GRU
MSE: 11.620823201151248
MAE: 2.682343535953098
EVS: 0.2549967564656498
