Model: GRU
MSE: 18.273592208360284
MAE: 2.9603946208953857
EVS: -0.20129626936839307
