Model: GRU
MSE: 10.560820729757518
MAE: 2.4108899964226618
EVS: 0.28957725828899084
