Model: GRU
MSE: 5.682072660190611
MAE: 1.83427185482449
EVS: 0.6028387056779746
