Model: GRU
MSE: 7.106633300138838
MAE: 2.248411258061727
EVS: 0.5959637312171153
