Model: GRU
MSE: 19.27002030927022
MAE: 2.9511370129055448
EVS: -0.30327929743254045
