Model: GRU
MSE: 28.13142602799971
MAE: 3.922921957793059
EVS: -0.6716797967188131
