Model: GRU
MSE: 9.796020235218764
MAE: 2.3672643590856484
EVS: 0.3642290071762354
