Model: GRU
MSE: 9.74758450123584
MAE: 2.0629504609991005
EVS: 0.3493269626260571
