Model: GRU
MSE: 11.859650085377623
MAE: 2.34258653499462
EVS: 0.20747140469462844
