Model: GRU
MSE: 11.884468653861347
MAE: 2.4340108853799327
EVS: 0.20264158302690982
