Model: GRU
MSE: 7.186780097128955
MAE: 2.181900642536305
EVS: 0.5431698096481148
