Model: GRU
MSE: 6094.391352167097
MAE: 77.97081982647931
EVS: -0.006761649955469018
