Model: GRU
MSE: 10.38479710364844
MAE: 2.067443953620063
EVS: 0.3680993462503116
