Model: GRU
MSE: 10.282559634792294
MAE: 2.3306283067773887
EVS: 0.31270314119277387
