Model: GRU
MSE: 11.098871604197427
MAE: 2.453888177871704
EVS: 0.2729279294807422
