Model: GRU
MSE: 11.426021680615596
MAE: 2.1710976406379983
EVS: 0.34033912424148705
