Model: GRU
MSE: 10.490060789449295
MAE: 1.8524458761568423
EVS: 0.30408742091431495
