Model: GRU
MSE: 23.090894529526352
MAE: 3.0662459797329373
EVS: -0.5064597168566944
