Model: GRU
MSE: 16.601104048664276
MAE: 3.62972950052332
EVS: 0.20680086970407807
