Model: GRU
MSE: 22.90684914351147
MAE: 3.085396157370673
EVS: -0.5307595308261774
