Model: GRU
MSE: 21426.600001182647
MAE: 146.32757003219038
EVS: 4.440892098500626e-16
