Model: GRU
MSE: 12.944436132072546
MAE: 2.637386922483091
EVS: 0.14434772483224434
