Model: GRU
MSE: 12.644208014868937
MAE: 2.687560072651616
EVS: 0.19495447920017384
