Model: GRU
MSE: 9.433302106987606
MAE: 2.1376394872312194
EVS: 0.3871605980013214
