Model: GRU
MSE: 18921.719441338297
MAE: 137.50269967538338
EVS: -4.440892098500626e-16
