Model: GRU
MSE: 11.661611747286678
MAE: 2.530743545956082
EVS: 0.24961301314314643
