Model: GRU
MSE: 11.915774222657136
MAE: 2.409197356965807
EVS: 0.20260641037826244
