Model: GRU
MSE: 11.529033061420016
MAE: 2.5867222944895425
EVS: 0.23587713510437158
