Model: GRU
MSE: 13.187305693436441
MAE: 2.635831497333668
EVS: 0.12378361326184073
