Model: GRU
MSE: 23.073854875211417
MAE: 3.374546174649839
EVS: -0.47435958006328294
