Model: GRU
MSE: 10.465214152000673
MAE: 1.9606217366677743
EVS: 0.3397086167857595
