Model: GRU
MSE: 12.787938639847848
MAE: 2.8267982006073
EVS: 0.1963103992794344
