Model: GRU
MSE: 13.817717720443987
MAE: 2.755785906756366
EVS: 0.41519706110536314
