Model: GRU
MSE: 10.353367521667925
MAE: 1.8620499063421179
EVS: 0.32892926831768
