Model: GRU
MSE: 9.440908181916527
MAE: 2.6710016109325267
EVS: 0.5582812432397075
