Model: GRU
MSE: 18.84015297770133
MAE: 2.9946107511167175
EVS: -0.27538077595958343
