Model: GRU
MSE: 11.01558674717007
MAE: 2.060436169306437
EVS: 0.28084972739476466
