Model: GRU
MSE: 12.72874724374283
MAE: 2.004561773052922
EVS: 0.2734243202789953
