Model: GRU
MSE: 21.46814604862533
MAE: 3.2825623069490706
EVS: -0.22466084226855232
