Model: GRU
MSE: 18.341697789064366
MAE: 2.8178626696268716
EVS: -0.24192245749284935
