Model: GRU
MSE: 10.56393606234756
MAE: 2.4953110924473516
EVS: 0.3370662499815208
