Model: GRU
MSE: 10.172021920560727
MAE: 2.3271857544227883
EVS: 0.3216129378390925
