Model: GRU
MSE: 11.068108642146898
MAE: 2.6517524630935103
EVS: 0.30099430731576293
