Model: GRU
MSE: 10.809072723922943
MAE: 2.083944382490935
EVS: 0.2729293340711566
