Model: GRU
MSE: 23.25320944332296
MAE: 3.3246711183477333
EVS: -0.4913180290166774
