Model: GRU
MSE: 22.965278779178163
MAE: 3.315045416355133
EVS: -0.2743364523462706
