Model: GRU
MSE: 21.227761938716394
MAE: 3.3503576472953513
EVS: -0.3625767410089562
