Model: GRU
MSE: 12.402441275664538
MAE: 2.992472189444083
EVS: 0.31406630542928726
