Model: GRU
MSE: 25.719831808598816
MAE: 3.727833359329789
EVS: -0.6344246359826631
