Model: GRU
MSE: 10.061844609323787
MAE: 2.093310267836959
EVS: 0.35004646310621435
