Model: GRU
MSE: 9.936232793835222
MAE: 2.1247457574915
EVS: 0.3381483070277036
