Model: GRU
MSE: 23.46907946180087
MAE: 3.4433328134042247
EVS: -0.4044709534196924
