Model: GRU
MSE: 21.26743507486306
MAE: 2.99822203318278
EVS: -0.44033801627034674
