Model: GRU
MSE: 24.20320025510025
MAE: 3.462097159138432
EVS: -0.5723962448006488
