Model: GRU
MSE: 402.6898304113463
MAE: 19.661399629380966
EVS: -0.08603448921586021
