Model: GRU
MSE: 9.724596504417564
MAE: 2.1116952807814986
EVS: 0.3647675091331716
