Model: GRU
MSE: 11.929242329757171
MAE: 2.8031990704713046
EVS: 0.27171167667771867
