Model: GRU
MSE: 22.346842717063552
MAE: 3.0955381128523083
EVS: -0.5093551480228069
