Model: GRU
MSE: 10.017244974835911
MAE: 1.936434613333808
EVS: 0.4097825028989899
