Model: GRU
MSE: 19.41000086260965
MAE: 2.978489142877084
EVS: -0.26452960261681735
