Model: GRU
MSE: 242.58499797829117
MAE: 15.096802782129359
EVS: 0.0037671960334021426
