Model: GRU
MSE: 25.46361054567777
MAE: 3.3000414636400013
EVS: -0.690679465539104
