Model: GRU
MSE: 11.701114263299726
MAE: 1.962384859720866
EVS: 0.25114350772040783
