Model: GRU
MSE: 10.80125782828428
MAE: 2.319843150951244
EVS: 0.28082288558941726
