Model: GRU
MSE: 8.572586045248272
MAE: 1.8228083186679416
EVS: 0.433909350514747
