Model: GRU
MSE: 139.95472974034263
MAE: 11.176847537358602
EVS: -0.01283897079769436
