Model: GRU
MSE: 11.452063797311578
MAE: 2.3219781275148743
EVS: 0.22863612642331732
