Model: GRU
MSE: 11.790125693305757
MAE: 2.4236897362603083
EVS: 0.43642353616092744
