Model: GRU
MSE: 5.586553215602509
MAE: 1.6313536078841597
EVS: 0.6324717608086463
