Model: GRU
MSE: 31.14923119124068
MAE: 4.526217195722792
EVS: -0.6838138640576994
