Model: GRU
MSE: 10.494344026362295
MAE: 2.0326087563126176
EVS: 0.39198485942049377
