Model: GRU
MSE: 11.372382013101761
MAE: 2.692226948561492
EVS: 0.2998551968486528
