Model: GRU
MSE: 6.393849641676864
MAE: 1.854253477520413
EVS: 0.5518993007259898
