Model: GRU
MSE: 10.800855035820897
MAE: 2.2630262198271573
EVS: 0.2732674174340569
