Model: GRU
MSE: 2642.3005029826463
MAE: 51.27093972100152
EVS: 0.08428685528772706
