Model: GRU
MSE: 10.650559382381937
MAE: 2.3527016286496765
EVS: 0.2863426897806338
