Model: GRU
MSE: 10.358746512221364
MAE: 1.990751169345997
EVS: 0.37102241285066495
