Model: GRU
MSE: 9.512338550474498
MAE: 2.138373516224049
EVS: 0.3598904777534946
