Model: GRU
MSE: 12.32553919305707
MAE: 2.815748691558838
EVS: 0.2400016487164942
