Model: GRU
MSE: 11.544591831049713
MAE: 2.57065017135055
EVS: 0.2612910965701545
