Model: GRU
MSE: 9.990796636751085
MAE: 2.1717171845612704
EVS: 0.3451108060088429
