Model: GRU
MSE: 18.65780065661051
MAE: 2.7977163879959672
EVS: -0.23950810715111692
