Model: GRU
MSE: 19.85823829814845
MAE: 2.872237382111726
EVS: -0.3144466078503463
