Model: GRU
MSE: 11.946136157046478
MAE: 2.013391618375425
EVS: 0.33085940694296145
