Model: GRU
MSE: 12.445454200780963
MAE: 2.677623324924045
EVS: 0.19501850907811258
