Model: GRU
MSE: 19.0582175797442
MAE: 2.9612609015570746
EVS: -0.2922943922400001
