Model: GRU
MSE: 19.409037934087767
MAE: 3.4000353106745966
EVS: -0.17783832694008095
