Model: GRU
MSE: 26.380544188320172
MAE: 3.837306199250398
EVS: -0.5308695693889036
