Model: GRU
MSE: 12.042914010405994
MAE: 2.6242071522606745
EVS: 0.22980534305098044
