Model: GRU
MSE: 4872.78172041104
MAE: 69.55872090657552
EVS: -1.3335378444331698
