Model: GRU
MSE: 11.526399193366819
MAE: 2.607346049061528
EVS: 0.24773798721220064
