Model: GRU
MSE: 9.406984722485717
MAE: 1.8753715356190999
EVS: 0.3816939380246027
