Model: GRU
MSE: 24.929309419882525
MAE: 3.494878230271516
EVS: -0.6275981584747061
