Model: GRU
MSE: 15.377424605038524
MAE: 3.3891423366687916
EVS: 0.20927172625781798
