Model: GRU
MSE: 20.498697654131632
MAE: 3.2761294930069536
EVS: -0.3892792108377958
