Model: GRU
MSE: 147.21736277905018
MAE: 11.484695218227527
EVS: -0.03213049756109698
