Model: GRU
MSE: 12.637415677439298
MAE: 2.9024895473762795
EVS: 0.2348052296512192
