Model: GRU
MSE: 13.154325157678302
MAE: 2.8992100998207375
EVS: 0.16826384283105644
