Model: GRU
MSE: 9.486279281247873
MAE: 2.039907632050691
EVS: 0.3661413579354157
