Model: GRU
MSE: 9.094845284528867
MAE: 2.2014274420561613
EVS: 0.3875406365765508
