Model: GRU
MSE: 11.486683498833102
MAE: 2.644447185375072
EVS: 0.2731401549826289
