Model: GRU
MSE: 10.347735741042099
MAE: 2.4277685306690358
EVS: 0.31313606599400323
