Model: GRU
MSE: 767.8034202782393
MAE: 27.428793801201714
EVS: -0.04193712184574028
