Model: GRU
MSE: 14.264648642204772
MAE: 3.0610678284256547
EVS: 0.1350728887095095
