Model: GRU
MSE: 10.234824903347274
MAE: 2.4877166394834167
EVS: 0.36301570884005463
