Model: GRU
MSE: 10.847703575535379
MAE: 1.985290739271376
EVS: 0.3129865410364926
