Model: GRU
MSE: 10.592492046393318
MAE: 2.059859858618842
EVS: 0.30039949447637515
