Model: GRU
MSE: 9.529932025478157
MAE: 2.3389201517458313
EVS: 0.3723886859443586
