Model: GRU
MSE: 11.706655897241061
MAE: 2.311368986412331
EVS: 0.2133229881026606
