Model: GRU
MSE: 9.64157299044052
MAE: 2.116813686158922
EVS: 0.3560516697628151
