Model: GRU
MSE: 9.751762770196164
MAE: 2.0280970025945595
EVS: 0.3479585412433288
