Model: GRU
MSE: 12.10161426877553
MAE: 2.714736081935741
EVS: 0.20562084999325103
