Model: GRU
MSE: 23.34132513511128
MAE: 3.413084047812003
EVS: -0.5302054294582328
