Model: GRU
MSE: 11.335682376387695
MAE: 2.4212136975041143
EVS: 0.23652835408142714
