Model: GRU
MSE: 29.621658456411474
MAE: 4.929019018455788
EVS: -0.3005705168377337
