Model: GRU
MSE: 11.437423666318914
MAE: 2.728769796865958
EVS: 0.2870161078280934
