Model: GRU
MSE: 147.67940202613084
MAE: 11.518567743124786
EVS: -0.018671516136860244
