Model: GRU
MSE: 10.358087165620805
MAE: 2.1710930930243597
EVS: 0.30243947917538716
