Model: GRU
MSE: 11.359701386198411
MAE: 2.570869966789528
EVS: 0.2614144853983966
