Model: GRU
MSE: 9.397132197815138
MAE: 1.9174038922345196
EVS: 0.44235567286747224
