Model: GRU
MSE: 6.971264800601013
MAE: 1.9280646995261863
EVS: 0.6073785549760882
