Model: GRU
MSE: 11.047730226870035
MAE: 2.563412895909062
EVS: 0.28727340827251036
