Model: GRU
MSE: 5291.757395682721
MAE: 72.63948384037724
EVS: -0.028333536960145844
