Model: GRU
MSE: 20.845005071589824
MAE: 3.117468516031901
EVS: -0.3875477292382359
