Model: GRU
MSE: 12.824688125532433
MAE: 2.7550318329422563
EVS: 0.1821429322517092
