Model: GRU
MSE: 21.187117884077544
MAE: 3.09093036475005
EVS: -0.3999022440390596
