Model: GRU
MSE: 10.692674875097175
MAE: 2.4821386955402516
EVS: 0.29532595132850037
