Model: GRU
MSE: 27.580246940289246
MAE: 4.2225699777956365
EVS: -0.5208594151093224
