Model: GRU
MSE: 12.52271807505631
MAE: 2.8228007599159524
EVS: 0.20635358143452887
