Model: GRU
MSE: 10.127112220296963
MAE: 2.1080335864314326
EVS: 0.33750432298193644
