Model: GRU
MSE: 20.217345536475907
MAE: 3.2369888182039612
EVS: -0.3727677381465866
