Model: GRU
MSE: 10.49448238131257
MAE: 2.24082522922092
EVS: 0.2930406808927609
