Model: GRU
MSE: 22.773597823721
MAE: 3.3326552797246864
EVS: -0.5126363052035317
