Model: GRU
MSE: 11.468724091863603
MAE: 2.7187812240035445
EVS: 0.2814381457368341
