Model: GRU
MSE: 14.1032990312438
MAE: 3.1992998829594366
EVS: 0.244552515611696
