Model: GRU
MSE: 27.61010557661841
MAE: 3.354138453801473
EVS: -0.7832913873665821
