Model: GRU
MSE: 11.327113386932389
MAE: 2.238766493620696
EVS: 0.3162748091959665
