Model: GRU
MSE: 11.007123383658653
MAE: 2.4441407963081643
EVS: 0.25840309398963357
