Model: GRU
MSE: 10.41027251882223
MAE: 2.164299311461272
EVS: 0.4526471612688422
