Model: GRU
MSE: 13.98747298718405
MAE: 2.1756145816158363
EVS: 0.13156639991110164
