Model: GRU
MSE: 12.800510636484805
MAE: 2.4018256664276123
EVS: 0.1375644590293249
