Model: GRU
MSE: 10.482730680765817
MAE: 2.7241139235319913
EVS: 0.46834628009667134
