Model: GRU
MSE: 20.493439404820165
MAE: 3.517483022477892
EVS: -0.19202155097992235
