Model: GRU
MSE: 22.2830087295016
MAE: 3.184968188956932
EVS: -0.4842995719107217
