Model: GRU
MSE: 19.334650088269115
MAE: 3.0167687645664922
EVS: -0.29980307891151914
