Model: GRU
MSE: 13.946918062701688
MAE: 3.1370409859551325
EVS: 0.19963908438512357
