Model: GRU
MSE: 10.26426326639884
MAE: 2.432144836143211
EVS: 0.3188207156108871
