Model: GRU
MSE: 8.424174779856989
MAE: 2.5445316279375993
EVS: 0.5948708990748208
