Model: GRU
MSE: 23.181594004843333
MAE: 3.3372237417432995
EVS: -0.5379071547843433
