Model: GRU
MSE: 10.486769360614154
MAE: 2.4728771845499673
EVS: 0.33896268208075575
