Model: GRU
MSE: 11.38832401675544
MAE: 2.3601338863372803
EVS: 0.23425173387442877
