Model: GRU
MSE: 9.354514947353799
MAE: 2.0545896777400263
EVS: 0.3709140416456973
