Model: GRU
MSE: 12.142128852775976
MAE: 2.882593684726291
EVS: 0.28146491964438136
