Model: GRU
MSE: 21.044513048767275
MAE: 3.1014114485846624
EVS: -0.4164550389447754
