Model: GRU
MSE: 11.172140985210804
MAE: 2.3209294654704906
EVS: 0.2569007326095335
