Model: GRU
MSE: 12.155058352011414
MAE: 2.2571963204277887
EVS: 0.21642660329047125
