Model: GRU
MSE: 13.535379328419992
MAE: 3.035625554897167
EVS: 0.21743905916636141
