Model: GRU
MSE: 11.946652103677861
MAE: 2.2407685297506825
EVS: 0.19647811299048967
