Model: GRU
MSE: 11.44029192375348
MAE: 2.0410115983751087
EVS: 0.28844233528732655
