Model: GRU
MSE: 9.432289793187953
MAE: 2.017572049741392
EVS: 0.36761675699383933
