Model: GRU
MSE: 19.992190341477453
MAE: 2.9970291278980397
EVS: -0.2710429281703344
