Model: GRU
MSE: 20.516808645288545
MAE: 3.050004420457063
EVS: -0.3815009137519194
