Model: GRU
MSE: 9.478970175773613
MAE: 2.1129994127485485
EVS: 0.4198829560407852
