Model: GRU
MSE: 5.548649470277
MAE: 1.8138773529617875
EVS: 0.6170968477119279
