Model: GRU
MSE: 10.71318789920177
MAE: 2.419911887910631
EVS: 0.29297359835736025
