Model: GRU
MSE: 10.523503924218472
MAE: 2.6174334861614086
EVS: 0.3441861050592768
