Model: GRU
MSE: 21.318901461220907
MAE: 2.960171401500702
EVS: -0.22080889167603623
