Model: GRU
MSE: 15.463212339036009
MAE: 3.0887229442596436
EVS: 0.056976357506027364
