Model: GRU
MSE: 13.148872928429476
MAE: 2.401125247831698
EVS: 0.11428411926784166
