Model: GRU
MSE: 10.70121650706735
MAE: 2.1862957036053694
EVS: 0.2792282778044316
