Model: GRU
MSE: 13.00553650067769
MAE: 2.112263220327872
EVS: 0.26526383403292786
