Model: GRU
MSE: 10.64467013410364
MAE: 2.2049424913194446
EVS: 0.29188854545531073
