Model: GRU
MSE: 11.578978840874655
MAE: 2.2313909044972173
EVS: 0.22207439228324943
