Model: GRU
MSE: 23.06658966921935
MAE: 3.539180208135534
EVS: -0.5258904754692058
