Model: GRU
MSE: 9.860865152467865
MAE: 2.055251465903388
EVS: 0.3538734229575312
