Model: GRU
MSE: 10.393281039583986
MAE: 2.4082279558534974
EVS: 0.33266498063331096
