Model: GRU
MSE: 11.836999310851684
MAE: 2.016143940113209
EVS: 0.3308928235485038
