Model: GRU
MSE: 16.488928008127463
MAE: 3.3377740029935485
EVS: 0.03954759971706856
