Model: GRU
MSE: 22.73652548586106
MAE: 3.1002966033087835
EVS: -0.5384745077461794
