Model: GRU
MSE: 22.455191862812107
MAE: 2.86800569958157
EVS: -0.5198772744461331
