Model: GRU
MSE: 925.496130713383
MAE: 30.15878352412471
EVS: -0.0826293075213691
