Model: GRU
MSE: 18.848051018356593
MAE: 3.1086088109899452
EVS: -0.25513871850376435
