Model: GRU
MSE: 11.913463723136074
MAE: 2.5639273237299034
EVS: 0.2082289215098413
