Model: GRU
MSE: 10.219128051761968
MAE: 2.0228275369714805
EVS: 0.3683473547931134
