Model: GRU
MSE: 10.78452696480562
MAE: 2.2752257099858038
EVS: 0.27369830071475
