Model: GRU
MSE: 11.572621037929874
MAE: 2.3619926505618625
EVS: 0.22243642300230826
