Model: GRU
MSE: 8.91900989191756
MAE: 2.5240857247953064
EVS: 0.49681866799670793
