Model: GRU
MSE: 5.926828013449494
MAE: 1.7498827510409884
EVS: 0.5934422563450754
