Model: GRU
MSE: 23.361475085094913
MAE: 3.3491355489801475
EVS: -0.5492866792822986
