Model: GRU
MSE: 5.582002680127289
MAE: 1.6993986235724554
EVS: 0.6142408413439344
