Model: GRU
MSE: 20.725039788966427
MAE: 3.3224890143783004
EVS: -0.2574908379274121
