Model: GRU
MSE: 20.138520453426484
MAE: 2.978166112193355
EVS: -0.36710503410509054
