Model: GRU
MSE: 8.123442586028771
MAE: 2.2928844646171287
EVS: 0.5526941993519447
