Model: GRU
MSE: 10.069629864893832
MAE: 2.248583299142343
EVS: 0.32436324929067895
