Model: GRU
MSE: 13.755649248345351
MAE: 3.1640781826443143
EVS: 0.2567185996756999
