Model: GRU
MSE: 19.234319249163946
MAE: 3.709069812739337
EVS: -0.0872014194470343
