Model: GRU
MSE: 14.41454515713275
MAE: 3.0745721658070884
EVS: 0.12449528797937615
