Model: GRU
MSE: 21.58342764643608
MAE: 2.9559783626485756
EVS: -0.46528853140867565
