Model: GRU
MSE: 10.100122197575066
MAE: 2.0353196373692266
EVS: 0.3229140097993274
