Model: GRU
MSE: 10.109792849186814
MAE: 1.963707756113123
EVS: 0.3367994702252023
