Model: GRU
MSE: 10.301984025061513
MAE: 2.218104909967493
EVS: 0.30599064100726925
