Model: GRU
MSE: 24.234810580279486
MAE: 3.2479639848073325
EVS: -0.6275181032468709
