Model: GRU
MSE: 11.023998997886979
MAE: 2.487731200677377
EVS: 0.2930554273345142
