Model: GRU
MSE: 11.571195983804694
MAE: 2.5467806039033114
EVS: 0.2575668689211711
