Model: GRU
MSE: 8.584831586268027
MAE: 2.48356944543344
EVS: 0.5623784181293847
