Model: GRU
MSE: 10.25925831731009
MAE: 2.156877217469392
EVS: 0.4298077508637089
