Model: GRU
MSE: 144.19054796940733
MAE: 11.352695147196451
EVS: -0.03130328743283628
