Model: GRU
MSE: 10.1030930434457
MAE: 2.1170957441683167
EVS: 0.3346669870286777
