Model: GRU
MSE: 20.588482502270768
MAE: 2.893636774133753
EVS: -0.39133391851437094
