Model: GRU
MSE: 14.686636724980106
MAE: 3.0403298448633262
EVS: 0.09355621041287077
