Model: GRU
MSE: 31.405224299542905
MAE: 3.767176385279055
EVS: -1.058905719743485
