Model: GRU
MSE: 10.423097285098436
MAE: 2.1876605263462774
EVS: 0.37903671905494196
