Model: GRU
MSE: 19.07445288882361
MAE: 2.993432115625452
EVS: -0.2929551659867262
