Model: GRU
MSE: 9.66861662718566
MAE: 2.091096118644432
EVS: 0.36675188102332557
