Model: GRU
MSE: 11.810607804395161
MAE: 2.587641133202447
EVS: 0.22815317133994106
