Model: GRU
MSE: 11.992344218708766
MAE: 2.4380787213643393
EVS: 0.1971938477766335
