Model: GRU
MSE: 11.524903066397169
MAE: 2.5844762325286865
EVS: 0.22602626170249973
