Model: GRU
MSE: 10.341560488135295
MAE: 2.1429606985162803
EVS: 0.3132276605618881
