Model: GRU
MSE: 586.4494739092676
MAE: 23.911380767822266
EVS: 0.002151122697460872
