Model: GRU
MSE: 24.252165310124862
MAE: 3.05132207164058
EVS: -0.6325295520869507
