Model: GRU
MSE: 11.766457865672034
MAE: 2.167732839231138
EVS: 0.20748868687824185
