Model: GRU
MSE: 10.862053591692606
MAE: 2.2932775108902543
EVS: 0.27015960178780496
