Model: GRU
MSE: 142.57801967582444
MAE: 11.291942260883472
EVS: -0.015348751092148172
