Model: GRU
MSE: 10.025783554774746
MAE: 2.436268506226716
EVS: 0.3709410662315692
