Model: GRU
MSE: 9.965679342831422
MAE: 2.3267278406355114
EVS: 0.35079419874968654
