Model: GRU
MSE: 13.179533787792176
MAE: 3.11501912717466
EVS: 0.34602687646446106
