Model: GRU
MSE: 25.84854700885407
MAE: 3.5978932468979448
EVS: -0.6337126206350243
