Model: GRU
MSE: 10.980044215681103
MAE: 2.21725661666305
EVS: 0.4278615651374912
