Model: GRU
MSE: 10.69643343013433
MAE: 2.0676190941422075
EVS: 0.366296629744168
