Model: GRU
MSE: 23.861957332528746
MAE: 3.493505663341946
EVS: -0.4957177422603174
