Model: GRU
MSE: 6.835985936128275
MAE: 2.124386531335336
EVS: 0.5852394562814651
