Model: GRU
MSE: 11.509818900137134
MAE: 2.2201034934432418
EVS: 0.2286381693654841
