Model: GRU
MSE: 10.40957604071647
MAE: 2.001453479131063
EVS: 0.3167076852883254
