Model: GRU
MSE: 10.772133249788785
MAE: 2.290684841297291
EVS: 0.2809160407406587
