Model: GRU
MSE: 15.143752316241759
MAE: 3.318996023248743
EVS: 0.17459529083615133
