Model: GRU
MSE: 24.164646474416
MAE: 3.7116904258728027
EVS: -0.21716131824989127
