Model: GRU
MSE: 9.549601588451207
MAE: 2.3260883490244546
EVS: 0.37735605600959987
