Model: GRU
MSE: 9.916395140167511
MAE: 2.3664631755263716
EVS: 0.3421005482037154
