Model: GRU
MSE: 11.219044451486575
MAE: 2.220546316217493
EVS: 0.24720579119607944
