Model: GRU
MSE: 10.063914316517119
MAE: 2.142681289602209
EVS: 0.3271832562031476
