Model: GRU
MSE: 12.579368491508681
MAE: 2.4236804555963585
EVS: 0.33806096190815926
