Model: GRU
MSE: 12.599018464850262
MAE: 2.8130396207173667
EVS: 0.22649161120182104
