Model: GRU
MSE: 12.444956197998872
MAE: 2.7857948585792824
EVS: 0.228090880615063
