Model: GRU
MSE: 10.612145677856393
MAE: 2.4765088116681135
EVS: 0.30001643557420554
