Model: GRU
MSE: 11.345801988662672
MAE: 2.4391925776446306
EVS: 0.263452630371549
