Model: GRU
MSE: 14.42795373727521
MAE: 3.05289915755943
EVS: 0.08347617346700997
