Model: GRU
MSE: 10.773088189456777
MAE: 2.2635899208210133
EVS: 0.28315608470927933
