Model: GRU
MSE: 23.26868352680235
MAE: 3.1545604246634023
EVS: -0.5473912008860236
