Model: GRU
MSE: 25.22355720033325
MAE: 3.3920821377209256
EVS: -0.4391004495687969
