Model: GRU
MSE: 20.92558530092467
MAE: 2.9496064097793013
EVS: -0.4031423827545968
