Model: GRU
MSE: 11.917022856458159
MAE: 2.2795407507154675
EVS: 0.20116953539088545
