Model: GRU
MSE: 9.913628403171758
MAE: 2.219145969108299
EVS: 0.45599587822703846
