Model: GRU
MSE: 10.368383890020866
MAE: 2.277058000917788
EVS: 0.3221273394828631
