Model: GRU
MSE: 7.0162542392268605
MAE: 2.2499229554776794
EVS: 0.5527961374163779
