Model: GRU
MSE: 25.59819485627852
MAE: 3.976677417755127
EVS: -0.4900105902351488
