Model: GRU
MSE: 11.295052978774265
MAE: 2.3596709392688893
EVS: 0.2448300375236332
