Model: GRU
MSE: 5.6133200291758385
MAE: 1.6984170807732477
EVS: 0.6088545194613202
