Model: GRU
MSE: 14.028405983573286
MAE: 2.551828693460535
EVS: 0.4204338451043048
