Model: GRU
MSE: 23.78536902618037
MAE: 3.392581577654238
EVS: -0.5711365103366834
