Model: GRU
MSE: 35.47012346468174
MAE: 4.978519457357901
EVS: -0.8633845555005375
