Model: GRU
MSE: 11.37843042093006
MAE: 2.342836538950602
EVS: 0.23343223307909022
