Model: GRU
MSE: 9.779835689038862
MAE: 2.0261905546541565
EVS: 0.3638626318948134
