Model: GRU
MSE: 22.036116298078124
MAE: 3.1076586467248424
EVS: -0.49222906885532747
