Model: GRU
MSE: 11.072325677152195
MAE: 2.5933739697491682
EVS: 0.28615738747035
