Model: GRU
MSE: 25.249708030094805
MAE: 3.2984691902443215
EVS: -0.685446563181199
