Model: GRU
MSE: 17.529873808329302
MAE: 2.956807913603606
EVS: -0.1896147109928148
