Model: GRU
MSE: 11.080066035654774
MAE: 2.506078013667354
EVS: 0.2638427737439524
