Model: GRU
MSE: 10.638836165906907
MAE: 2.934706687927246
EVS: 0.5392739542594791
