Model: GRU
MSE: 18.565246941688528
MAE: 2.7754304850542986
EVS: -0.26000234482548823
