Model: GRU
MSE: 10.776387904941144
MAE: 2.430891195933024
EVS: 0.2843061702587868
