Model: GRU
MSE: 11.493328982746974
MAE: 2.2398241184375904
EVS: 0.24943553770373572
