Model: GRU
MSE: 10.560914713411853
MAE: 2.314655401088573
EVS: 0.2973156864695057
