Model: GRU
MSE: 15.227936403610693
MAE: 3.4533957287117287
EVS: 0.23408656805680916
