Model: GRU
MSE: 12.517153844566804
MAE: 2.1101565890842013
EVS: 0.2640503911674196
