Model: GRU
MSE: 10.456980394383049
MAE: 2.2868327211450645
EVS: 0.31828240418998077
