Model: GRU
MSE: 11.42610579589332
MAE: 2.530600212238453
EVS: 0.25656371812108636
