Model: GRU
MSE: 21.850743208322047
MAE: 3.271145988393713
EVS: -0.4717705629314104
