Model: GRU
MSE: 6.702237188684598
MAE: 1.9864878831086334
EVS: 0.5646049087022518
