Model: GRU
MSE: 10.291673949199044
MAE: 2.0636640654669867
EVS: 0.30926478899736487
