Model: GRU
MSE: 10.213386892702813
MAE: 2.0500104868853533
EVS: 0.3535701108655719
