Model: GRU
MSE: 10.623968071180267
MAE: 2.299574534098307
EVS: 0.31812347377134376
