Model: GRU
MSE: 16.170814465625426
MAE: 3.4577029192889177
EVS: 0.13665117701560126
