Model: GRU
MSE: 12.907861443734502
MAE: 3.261106252670288
EVS: 0.5354666562676522
