Model: GRU
MSE: 21.22418088933289
MAE: 2.845254138663963
EVS: -0.4405524668573122
