Model: GRU
MSE: 20.019726349768664
MAE: 3.0738709061234086
EVS: -0.2700890256267967
