Model: GRU
MSE: 11.778124609920836
MAE: 2.570403160872283
EVS: 0.22262184801732032
