Model: GRU
MSE: 10.912147515241452
MAE: 2.330914744624385
EVS: 0.40329033035542405
