Model: GRU
MSE: 17896.316144052504
MAE: 133.72378257468895
EVS: 0.0
