Model: GRU
MSE: 14.375130484562842
MAE: 2.531465433262013
EVS: 0.32522616391211323
