Model: GRU
MSE: 23.976124101753832
MAE: 3.485555330912272
EVS: -0.48814111605189736
