Model: GRU
MSE: 23.626823802776723
MAE: 3.0442744802545616
EVS: -0.5959207663216717
