Model: GRU
MSE: 9.366038631868294
MAE: 2.1744408430876554
EVS: 0.37007872567112676
