Model: GRU
MSE: 20.57485748750904
MAE: 3.1134914733745434
EVS: -0.3893150252097113
