Model: GRU
MSE: 11.406712032388247
MAE: 2.4078530029014305
EVS: 0.430545977857399
