Model: GRU
MSE: 11.716978471533807
MAE: 2.0332654228916875
EVS: 0.2208508891799652
