Model: GRU
MSE: 12.65539823823628
MAE: 3.00239681314539
EVS: 0.28965690682290535
