Model: GRU
MSE: 16.254078474858858
MAE: 3.3437887827555337
EVS: 0.06350162119291847
