Model: GRU
MSE: 13.166704995675833
MAE: 2.918690292923539
EVS: 0.17532291919250587
