Model: GRU
MSE: 9.664579669131248
MAE: 2.0477315761424877
EVS: 0.350742697406748
