Model: GRU
MSE: 9.403551174155247
MAE: 2.361991529111509
EVS: 0.3665320229985821
