Model: GRU
MSE: 10.677259573845983
MAE: 2.2979648731372975
EVS: 0.3459041651064414
