Model: GRU
MSE: 5.605759804493651
MAE: 1.5544396418112296
EVS: 0.6073241762116229
