Model: GRU
MSE: 12.582108184634947
MAE: 2.943444534584328
EVS: 0.2762120556140194
