Model: GRU
MSE: 10.799204212120479
MAE: 2.2663462780140065
EVS: 0.27974202127082615
