Model: GRU
MSE: 11.854361560674375
MAE: 2.005115606166698
EVS: 0.2856200837937727
