Model: GRU
MSE: 13.837517510544465
MAE: 3.105568320662887
EVS: 0.2588915864903575
