Model: GRU
MSE: 11.026735850586638
MAE: 1.9320785910994918
EVS: 0.2891101270799351
