Model: GRU
MSE: 14.02205033927847
MAE: 3.4012565082973905
EVS: 0.5025700654695338
