Model: GRU
MSE: 13.852492888934675
MAE: 2.7652845647599964
EVS: 0.13176573863800356
