Model: GRU
MSE: 6.132960808174506
MAE: 1.954340272479587
EVS: 0.5863198188880253
