Model: GRU
MSE: 29.656712852720553
MAE: 4.071085664961073
EVS: -0.5892399757103239
