Model: GRU
MSE: 11.682176447325341
MAE: 2.1006244906672724
EVS: 0.2688921139307363
