Model: GRU
MSE: 10.72640402978139
MAE: 2.6544660638879845
EVS: 0.2981258697022383
