Model: GRU
MSE: 20.182668575377253
MAE: 3.2021191031844527
EVS: -0.31406461940191877
