Model: GRU
MSE: 10.998710475812992
MAE: 2.6302793555789523
EVS: 0.31795146708895683
