Model: GRU
MSE: 16.97027419883044
MAE: 3.7202189321871155
EVS: 0.28343958529991875
