Model: GRU
MSE: 25.82708476780722
MAE: 3.2327477667066784
EVS: -0.7217805570871669
