Model: GRU
MSE: 30.306319507004286
MAE: 4.421760753349021
EVS: -0.5612613873164267
