Model: GRU
MSE: 11.402995928942937
MAE: 2.490838677794845
EVS: 0.2340838416257014
