Model: GRU
MSE: 19.888302796840275
MAE: 3.002097818586561
EVS: -0.33964643431108077
