Model: GRU
MSE: 12.689743783324081
MAE: 2.9010549474645546
EVS: 0.2144756621807533
