Model: GRU
MSE: 11.797869009955118
MAE: 2.615045194272642
EVS: 0.24942553553276314
