Model: GRU
MSE: 10.547127589431158
MAE: 2.320215825681333
EVS: 0.36900277848603646
