Model: GRU
MSE: 6.582476489406384
MAE: 1.8494826776010018
EVS: 0.5668324824649882
