Model: GRU
MSE: 20.75147173454582
MAE: 3.0123537558096425
EVS: -0.40560851615571614
