Model: GRU
MSE: 26.293229509455934
MAE: 3.2162503401438394
EVS: -0.7764638604901566
