Model: GRU
MSE: 10.764139648840533
MAE: 2.553798860973782
EVS: 0.29529903152426673
