Model: GRU
MSE: 9.448583650412353
MAE: 1.9619976061361808
EVS: 0.428394039481097
