Model: GRU
MSE: 14.370628781034203
MAE: 2.728891478644477
EVS: 0.048696484037838106
