Model: GRU
MSE: 10.817207854953105
MAE: 2.081717469074108
EVS: 0.2824262445229997
