Model: GRU
MSE: 10.899363517619433
MAE: 2.5835658532601817
EVS: 0.30018742471619864
