Model: GRU
MSE: 19.997209066037588
MAE: 3.0533581221545183
EVS: -0.3479241547341927
