Model: GRU
MSE: 25.79115221418197
MAE: 3.407530802267569
EVS: -0.6552572558392757
