Model: GRU
MSE: 25.967490070922647
MAE: 3.915252438297978
EVS: -0.512503208333017
