Model: GRU
MSE: 20.122478736977882
MAE: 3.1971523496839733
EVS: -0.3618282102272645
