Model: GRU
MSE: 800.3038455120289
MAE: 27.982489974410445
EVS: -0.1645202542339137
