Model: GRU
MSE: 6.523932126107824
MAE: 2.135524308239972
EVS: 0.549609538509799
