Model: GRU
MSE: 14.878785649058322
MAE: 3.3094504144456653
EVS: 0.22727085705611505
