Model: GRU
MSE: 23.204545899196688
MAE: 3.1729387726102556
EVS: -0.3265541777034382
