Model: GRU
MSE: 10.955799406665074
MAE: 2.2984734376271567
EVS: 0.2672303895368081
