Model: GRU
MSE: 140.84581434764945
MAE: 11.227718638049232
EVS: 0.00391457669528239
