Model: GRU
MSE: 13.01483816640812
MAE: 2.5569585782510265
EVS: 0.1358573638720768
