Model: GRU
MSE: 11.392340193046866
MAE: 2.2649988156777843
EVS: 0.2898644085191092
