Model: GRU
MSE: 11.929644942450905
MAE: 2.457417373304014
EVS: 0.2013034657439443
