Model: GRU
MSE: 11.52539422195958
MAE: 2.6603896264676696
EVS: 0.27022612922011446
