Model: GRU
MSE: 11.653715265381878
MAE: 2.384565485848321
EVS: 0.23217379792974802
