Model: GRU
MSE: 21.946018834258524
MAE: 3.157503604888916
EVS: -0.4629655867314122
