Model: GRU
MSE: 10.824899649641038
MAE: 2.0261794637750694
EVS: 0.3683478608892973
