Model: GRU
MSE: 7.905941033667544
MAE: 2.2326284602836326
EVS: 0.512776663339712
