Model: GRU
MSE: 10.82905612988175
MAE: 2.4203733691462763
EVS: 0.3007917075918305
