Model: GRU
MSE: 6.941912761357539
MAE: 2.039461692174276
EVS: 0.5274241142285906
