Model: GRU
MSE: 23.782393167258753
MAE: 3.6173437436421714
EVS: -0.41714534401570447
