Model: GRU
MSE: 12.334378105362475
MAE: 2.457334182880543
EVS: 0.4527123230856889
