Model: GRU
MSE: 23.554798920211343
MAE: 3.187510543399387
EVS: -0.5920036385891865
