Model: GRU
MSE: 6.519356860450663
MAE: 1.8990968068440754
EVS: 0.5471882808287356
