Model: GRU
MSE: 26.988850116593355
MAE: 4.136732436992504
EVS: -0.4275209620210998
