Model: GRU
MSE: 18.79037035200954
MAE: 2.9564057985941568
EVS: -0.2724660682842788
