Model: GRU
MSE: 12.576655259312401
MAE: 2.5195791368131286
EVS: 0.16127415038922333
