Model: GRU
MSE: 10.901213620328758
MAE: 2.4260294878924333
EVS: 0.28923470296633913
