Model: GRU
MSE: 10.84411678961337
MAE: 2.303336832258436
EVS: 0.291151515326753
