Model: GRU
MSE: 12.995973929115685
MAE: 2.9928995415016457
EVS: 0.19830698500876298
