Model: GRU
MSE: 12.01578575307316
MAE: 2.7711849300949662
EVS: 0.27262728463788166
