Model: GRU
MSE: 13.255691413595967
MAE: 2.370624860127767
EVS: 0.10963792502913594
