Model: GRU
MSE: 13.196324039322716
MAE: 3.110816717147827
EVS: 0.28061709722964245
