Model: GRU
MSE: 20.20821977468756
MAE: 3.1968706360569707
EVS: -0.3610698787864266
