Model: GRU
MSE: 8.641345884774662
MAE: 2.1585521168178983
EVS: 0.41925214221035834
