Model: GRU
MSE: 6.1066508700904265
MAE: 1.8840302714595087
EVS: 0.5791989506207417
