Model: GRU
MSE: 10.231326163725482
MAE: 2.3224344606752747
EVS: 0.31066330492890615
