Model: GRU
MSE: 9.356341560436746
MAE: 2.18723076361197
EVS: 0.3936825489103465
