Model: GRU
MSE: 15.848617412583643
MAE: 3.5164842428984464
EVS: 0.2423787253554971
