Model: GRU
MSE: 7735.693703873711
MAE: 87.8698546798141
EVS: 0.017511310010663195
