Model: GRU
MSE: 9.293696983380675
MAE: 2.129181491004096
EVS: 0.37702761310469324
