Model: GRU
MSE: 9.281835885599095
MAE: 2.0792242421044245
EVS: 0.37563204532332783
