Model: GRU
MSE: 9.339672066373454
MAE: 2.300233240480776
EVS: 0.3767954749696041
