Model: GRU
MSE: 9.708869968701155
MAE: 1.9363219296490704
EVS: 0.3560865816325012
