Model: GRU
MSE: 8.014354739206336
MAE: 2.3773486967440003
EVS: 0.5403330747701499
