Model: GRU
MSE: 9.511238614878302
MAE: 2.194126420550876
EVS: 0.366622864064326
