Model: GRU
MSE: 12.292174512615706
MAE: 2.4765731493631997
EVS: 0.17640494215721736
