Model: GRU
MSE: 11.320254742408931
MAE: 2.1000254065902144
EVS: 0.2813535029659936
