Model: GRU
MSE: 24.267455905484162
MAE: 3.713008651026973
EVS: -0.4950183253789564
