Model: GRU
MSE: 11.139915736250991
MAE: 2.123106903500027
EVS: 0.3269232062206531
