Model: GRU
MSE: 21.410845902495637
MAE: 3.0452939492684825
EVS: -0.4538473782820398
