Model: GRU
MSE: 11.24860958514529
MAE: 2.3994873894585504
EVS: 0.24460556273727563
