Model: GRU
MSE: 10.338307716739292
MAE: 1.8999332542772647
EVS: 0.33498875257832983
