Model: GRU
MSE: 11.187273523211433
MAE: 1.9774747689565022
EVS: 0.26143020461111743
