Model: GRU
MSE: 23.391259253936262
MAE: 3.2346408792904446
EVS: -0.3063363458580608
