Model: GRU
MSE: 11.10179068698095
MAE: 2.6593574771174677
EVS: 0.2601218465407388
