Model: GRU
MSE: 12.126448172855506
MAE: 2.73750783779003
EVS: 0.22591880332718473
