Model: GRU
MSE: 11.143674307009105
MAE: 3.0132403108808727
EVS: 0.5858834920883209
