Model: GRU
MSE: 12.826884929776554
MAE: 2.0326633365065963
EVS: 0.254907878812775
