Model: GRU
MSE: 20.466988276188264
MAE: 3.092465568471838
EVS: -0.3835749920887088
