Model: GRU
MSE: 32422.811286158194
MAE: 180.02213485152632
EVS: 4.440892098500626e-16
