Model: GRU
MSE: 10.415631413892868
MAE: 2.2616361247168646
EVS: 0.2983040942631092
