Model: GRU
MSE: 23.282614258344886
MAE: 3.401085376739502
EVS: -0.4696494737884842
