Model: GRU
MSE: 22.94161709964671
MAE: 3.1354900201161704
EVS: -0.5311980944974093
