Model: GRU
MSE: 11.93521599740673
MAE: 2.4538216590881348
EVS: 0.19693007167773968
