Model: GRU
MSE: 11.766090357246481
MAE: 2.287587951730799
EVS: 0.20821809318353857
