Model: GRU
MSE: 19.72011914772254
MAE: 2.9245972103542752
EVS: -0.3331679117736883
