Model: GRU
MSE: 20.413774142685995
MAE: 3.25077215830485
EVS: -0.28170643028419007
