Model: GRU
MSE: 10.640922993748426
MAE: 2.0186896324157715
EVS: 0.39011867404440015
