Model: GRU
MSE: 11.317878393201548
MAE: 2.4387718041737876
EVS: 0.2554622721941242
