Model: GRU
MSE: 10.657651100585268
MAE: 2.1910724993105286
EVS: 0.2831775529339273
