Model: GRU
MSE: 10.22991048016526
MAE: 2.078332706733986
EVS: 0.33079187729352133
