Model: GRU
MSE: 10.07088783139045
MAE: 2.0303096418027526
EVS: 0.33815493612364167
