Model: GRU
MSE: 11.147058107889617
MAE: 2.096315171983507
EVS: 0.35954886298698885
