Model: GRU
MSE: 22.854371676459962
MAE: 3.0191818873087564
EVS: -0.5480650311003681
