Model: GRU
MSE: 7.261888629588047
MAE: 2.1200788815816245
EVS: 0.5232999858674389
