Model: GRU
MSE: 10.592055014078758
MAE: 2.514123890135023
EVS: 0.3119666983148327
