Model: GRU
MSE: 10.201276525783841
MAE: 2.124915705786811
EVS: 0.31500719176618686
