Model: GRU
MSE: 20.207676767842333
MAE: 3.1674228774176703
EVS: -0.3063652229852796
