Model: GRU
MSE: 9.98566296920391
MAE: 2.3472558657328286
EVS: 0.3272766877536202
