Model: GRU
MSE: 12.014243877862773
MAE: 2.1157310318063804
EVS: 0.2040989458590865
