Model: GRU
MSE: 21.80652839120776
MAE: 3.442662565796464
EVS: -0.4048906716138567
