Model: GRU
MSE: 7.3224380730580565
MAE: 2.2327175405290394
EVS: 0.5734431192115963
