Model: GRU
MSE: 20.41357205558423
MAE: 3.0778145083674677
EVS: -0.38024885651822515
