Model: GRU
MSE: 10.421475875107456
MAE: 2.112841835728398
EVS: 0.30736804802672524
