Model: GRU
MSE: 24.770118771854214
MAE: 3.427815569771661
EVS: -0.6076806746763375
