Model: GRU
MSE: 10.030850063756018
MAE: 2.1195526034743697
EVS: 0.32839255803166223
