Model: GRU
MSE: 20.418316108410053
MAE: 2.8911759941666215
EVS: -0.38635245855433675
