Model: GRU
MSE: 23.19801448582388
MAE: 3.1836978682765253
EVS: -0.5686594741330775
