Model: GRU
MSE: 23.8028736464603
MAE: 3.2953279283311634
EVS: -0.6023160668606213
