Model: GRU
MSE: 11.315177452396249
MAE: 2.23426385279055
EVS: 0.38722932252637177
