Model: GRU
MSE: 7.4667898873994325
MAE: 2.235730701022678
EVS: 0.5379723002672497
