Model: GRU
MSE: 21.402793860914798
MAE: 2.97429409733525
EVS: -0.37540872613302256
