Model: GRU
MSE: 8.88902636017297
MAE: 2.6079468903718173
EVS: 0.5391459003568047
