Model: GRU
MSE: 9.171535343166962
MAE: 1.932285397141068
EVS: 0.3922110179951611
