Model: GRU
MSE: 6.4694124433166325
MAE: 1.553038720731382
EVS: 0.5510354328819194
