Model: GRU
MSE: 20.08469988067984
MAE: 3.064634852939182
EVS: -0.340217215007947
