Model: GRU
MSE: 11.60519779934002
MAE: 2.6871669469056307
EVS: 0.2804159484021187
