Model: GRU
MSE: 10.204751920516257
MAE: 2.402631159181948
EVS: 0.3163093796119162
