Model: GRU
MSE: 11.237542218730665
MAE: 2.2770425566920527
EVS: 0.2480865931107915
