Model: GRU
MSE: 19.258375711324916
MAE: 3.788325645305492
EVS: 0.005403381366307802
