Model: GRU
MSE: 10.261845831568163
MAE: 2.5857343673706055
EVS: 0.3606279209391082
