Model: GRU
MSE: 20.930842600144434
MAE: 2.9667899167096174
EVS: -0.3556046268855031
