Model: GRU
MSE: 9.38931075431924
MAE: 2.140188694000244
EVS: 0.3699587022591273
