Model: GRU
MSE: 14.206080416378477
MAE: 2.9611596354731806
EVS: 0.11557868581365216
