Model: GRU
MSE: 11.169729000850214
MAE: 2.4964123920158103
EVS: 0.2649982969442406
