Model: GRU
MSE: 22.037118569995183
MAE: 3.5960945376643427
EVS: -0.2785279448791633
