Model: GRU
MSE: 23.008754792644996
MAE: 3.1561517185635037
EVS: -0.5465300677209715
