Model: GRU
MSE: 13.396077820330245
MAE: 2.8132330223366067
EVS: 0.14338892501794376
