Model: GRU
MSE: 10.872630549534817
MAE: 2.34352175394694
EVS: 0.2687765613446168
