Model: GRU
MSE: 10.084547252738648
MAE: 2.264791250228882
EVS: 0.3388909837328954
