Model: GRU
MSE: 11.16702521043209
MAE: 2.3414702680375843
EVS: 0.25583090292474575
