Model: GRU
MSE: 10.584349689325714
MAE: 2.5150980949401855
EVS: 0.31541851538271437
