Model: GRU
MSE: 9.961880034275138
MAE: 2.0863655938042536
EVS: 0.35255917472144427
