Model: GRU
MSE: 13.56524742762914
MAE: 2.7619033213014954
EVS: 0.13408617408302814
