Model: GRU
MSE: 22.04828196914885
MAE: 3.1897325339140714
EVS: -0.4490769403546466
