Model: GRU
MSE: 24.42188057682774
MAE: 3.445998439082393
EVS: -0.5866460523628634
