Model: GRU
MSE: 13.376868223367968
MAE: 2.6497103814725524
EVS: 0.12319765494987656
