Model: GRU
MSE: 10.810081771648887
MAE: 2.4269337124294705
EVS: 0.2861144702417774
