Model: GRU
MSE: 26.100173911314208
MAE: 4.031455014433179
EVS: -0.282868436190558
