Model: GRU
MSE: 11.122867181380434
MAE: 2.077117575539483
EVS: 0.2779213416378561
