Model: GRU
MSE: 12.856609205714298
MAE: 2.8658396756207503
EVS: 0.19575291471542478
