Model: GRU
MSE: 21.699331176202392
MAE: 3.7143022042733653
EVS: -0.33601201536470393
