Model: GRU
MSE: 19.962659482185945
MAE: 3.019396834903293
EVS: -0.34665086913657306
