Model: GRU
MSE: 27834.07134074673
MAE: 166.79131967050057
EVS: -4.440892098500626e-16
