Model: GRU
MSE: 19.960448009818727
MAE: 3.076090724379928
EVS: -0.3347153874688671
