Model: GRU
MSE: 9.031857672099656
MAE: 2.5295423490029796
EVS: 0.5668039810219568
