Model: GRU
MSE: 10.281996303260453
MAE: 2.341403351889716
EVS: 0.30847287335364193
