Model: GRU
MSE: 11.350183708967373
MAE: 2.1414335833655462
EVS: 0.2669038423474914
