Model: GRU
MSE: 14.540800283529245
MAE: 2.864840542828595
EVS: 0.05286720754205221
