Model: GRU
MSE: 18.044387290972704
MAE: 2.965879970126682
EVS: -0.22457641426264918
