Model: GRU
MSE: 23.590912497699726
MAE: 3.3332745057565196
EVS: -0.5081355006980908
