Model: GRU
MSE: 22.612260591503386
MAE: 3.564281035352636
EVS: -0.49622849811654657
