Model: GRU
MSE: 9.250531871359499
MAE: 2.1664496704384133
EVS: 0.38734859446323666
