Model: GRU
MSE: 18.520517567603942
MAE: 2.7133603360917835
EVS: -0.2402880270010972
