Model: GRU
MSE: 12.262697516568753
MAE: 2.888748840049461
EVS: 0.24534302312113265
