Model: GRU
MSE: 19.288527048390968
MAE: 2.89073407208478
EVS: -0.3077142297738873
