Model: GRU
MSE: 11.359811338291122
MAE: 2.304996861351861
EVS: 0.23795527805109107
