Model: GRU
MSE: 12.114730023837799
MAE: 2.442516247431437
EVS: 0.18747080698271135
