Model: GRU
MSE: 10.392661651482506
MAE: 2.3901044969205505
EVS: 0.30816706391391
