Model: GRU
MSE: 10.184167030306444
MAE: 2.2666890267972595
EVS: 0.3152184392883268
