Model: GRU
MSE: 10.470981772509246
MAE: 2.0876327797218606
EVS: 0.30023721102090106
