Model: GRU
MSE: 14.460645936065495
MAE: 3.260215821089568
EVS: 0.23012975139964553
