Model: GRU
MSE: 20.905518086680065
MAE: 3.28951178656684
EVS: -0.40604491407701615
