Model: GRU
MSE: 24.724008211081077
MAE: 3.119328640125416
EVS: -0.678759394180722
