Model: GRU
MSE: 781.1564848730159
MAE: 27.637669104116934
EVS: -0.16665140153563907
