Model: GRU
MSE: 3205.3600834854533
MAE: 56.48315147117332
EVS: -0.011550386015660496
