Model: GRU
MSE: 21.76112619299444
MAE: 2.930883363441185
EVS: -0.47172400628955313
