Model: GRU
MSE: 11.05909632150959
MAE: 2.331505369257044
EVS: 0.3603073417134601
