Model: GRU
MSE: 23.469029016170836
MAE: 3.5981024901072183
EVS: -0.46111665195889273
