Model: GRU
MSE: 14.050582112471462
MAE: 3.1996105600286415
EVS: 0.28303249390713436
