Model: GRU
MSE: 12.93123815520746
MAE: 2.4787262633994773
EVS: 0.13399233469641436
