Model: GRU
MSE: 11.948393680942397
MAE: 2.210502350771869
EVS: 0.23981871750082384
