Model: GRU
MSE: 5.4880087653936
MAE: 1.6383842273994729
EVS: 0.6666947149242075
