Model: GRU
MSE: 11.250480262287805
MAE: 2.312871703395137
EVS: 0.24200097324284986
