Model: GRU
MSE: 23.63550536804825
MAE: 3.2611178821987576
EVS: -0.4928090398048861
