Model: GRU
MSE: 11.479257615616023
MAE: 2.4486900258947304
EVS: 0.23869536821771897
