Model: GRU
MSE: 9.775749519993226
MAE: 2.199612582171405
EVS: 0.3508365163006434
