Model: GRU
MSE: 22.8687346487749
MAE: 3.2621593651948153
EVS: -0.40395531158057163
