Model: GRU
MSE: 10.087492266747777
MAE: 1.9747867142712627
EVS: 0.33754824705233677
