Model: GRU
MSE: 22.512205400074293
MAE: 3.701306148811623
EVS: -0.3170387585659762
