Model: GRU
MSE: 13.037462497824322
MAE: 2.3089503712124295
EVS: 0.3397753340430252
