Model: GRU
MSE: 28.82141216137172
MAE: 4.000774100974754
EVS: -0.7693074907273516
