Model: GRU
MSE: 10.907296985790481
MAE: 2.1025067611976906
EVS: 0.2655966356525473
