Model: GRU
MSE: 20.626476270228743
MAE: 3.2309083585385925
EVS: -0.39092289862200325
