Model: GRU
MSE: 9.622740946776663
MAE: 2.094292234491419
EVS: 0.35510644502875466
