Model: GRU
MSE: 12.559836298704434
MAE: 2.262363460328844
EVS: 0.3917636856032287
