Model: GRU
MSE: 14.5404620887163
MAE: 3.1946761696426957
EVS: 0.21642755944729752
