Model: GRU
MSE: 12.034958209874496
MAE: 2.543520547725536
EVS: 0.21222425201781914
