Model: GRU
MSE: 17.001654529952532
MAE: 3.1107916522909096
EVS: -0.12687312373013726
