Model: GRU
MSE: 21.08693224169088
MAE: 3.1644171873728433
EVS: -0.4119966507020747
