Model: GRU
MSE: 23.8463772061114
MAE: 3.5054837509437844
EVS: -0.5450455125280691
