Model: GRU
MSE: 21.127062167749028
MAE: 4.131449761214079
EVS: 0.08727027989562486
