Model: GRU
MSE: 18.372483125971023
MAE: 3.070809973610772
EVS: -0.24606203295608786
