Model: GRU
MSE: 10.353833069925386
MAE: 2.133052251957081
EVS: 0.3397831118201394
