Model: GRU
MSE: 20.661838751741673
MAE: 3.1608479111282914
EVS: -0.33011804876744466
