Model: GRU
MSE: 13.096571680621233
MAE: 2.8714152618690774
EVS: 0.18972171705570073
