Model: GRU
MSE: 19.755918162418585
MAE: 2.898220698038737
EVS: -0.298922280996994
