Model: GRU
MSE: 9.418844849610535
MAE: 1.985849106753314
EVS: 0.3669142751634964
