Model: GRU
MSE: 11.32248081105402
MAE: 2.0702631650147616
EVS: 0.2514199093020755
