Model: GRU
MSE: 10.627360219640877
MAE: 2.34392136114615
EVS: 0.28533300068149914
