Model: GRU
MSE: 13.783551241231965
MAE: 2.9273627863989935
EVS: 0.13530976819355833
