Model: GRU
MSE: 11.221096577710686
MAE: 2.5505757685060853
EVS: 0.27563207812823054
