Model: GRU
MSE: 158.59466981952426
MAE: 11.95598597879763
EVS: -0.0626091067211565
