Model: GRU
MSE: 24.984877486441306
MAE: 3.2481317078625715
EVS: -0.6613855240996391
