Model: GRU
MSE: 14.374431325006974
MAE: 2.552849019015277
EVS: 0.4219060740470302
