Model: GRU
MSE: 21.76892396381538
MAE: 3.230623059802585
EVS: -0.42771212655709023
