Model: GRU
MSE: 24.899965849395375
MAE: 3.1304729602955006
EVS: -0.6895671043699283
