Model: GRU
MSE: 11.696073078101042
MAE: 2.410813252131144
EVS: 0.21288147489974996
