Model: GRU
MSE: 10.998448564290356
MAE: 2.3498303448712385
EVS: 0.25898987098457205
