Model: GRU
MSE: 13.135842969096222
MAE: 2.7475709561948425
EVS: 0.14476613241627412
