Model: GRU
MSE: 14.418839797273163
MAE: 3.2079199331778065
EVS: 0.26174205102760506
