Model: GRU
MSE: 11.314001560150235
MAE: 2.0834868351618447
EVS: 0.24244202146891958
