Model: GRU
MSE: 11.866943970550976
MAE: 2.55847962697347
EVS: 0.21745067649577543
