Model: GRU
MSE: 20.368950213653164
MAE: 2.9117737434528492
EVS: -0.3508229779640686
