Model: GRU
MSE: 11.378792434262627
MAE: 2.4024058447943792
EVS: 0.2503540001397535
