Model: GRU
MSE: 14.005378243297125
MAE: 2.892263968785604
EVS: 0.08497302219948977
