Model: GRU
MSE: 10.92020760212477
MAE: 2.5568531177662037
EVS: 0.27803598025707577
