Model: GRU
MSE: 10.16429854427183
MAE: 2.3639804168983742
EVS: 0.3412895286918295
