Model: GRU
MSE: 23.04843293490973
MAE: 3.1177478543034307
EVS: -0.5496115641143133
