Model: GRU
MSE: 10.04644021557674
MAE: 2.3186749793865062
EVS: 0.3256089014570748
