Model: GRU
MSE: 10.790926782479817
MAE: 2.4926595334653503
EVS: 0.29756094226044705
