Model: GRU
MSE: 11.374897179593157
MAE: 2.060389898441456
EVS: 0.35396258854762197
