Model: GRU
MSE: 20.19823055978757
MAE: 3.1034983882197626
EVS: -0.26701105116701696
