Model: GRU
MSE: 12.4848323971403
MAE: 2.805872926005611
EVS: 0.25357499991768295
