Model: GRU
MSE: 10.846279978785704
MAE: 2.437408341301812
EVS: 0.27832713618827887
