Model: GRU
MSE: 10.909253500064573
MAE: 2.1612166651973017
EVS: 0.2978826433171764
