Model: GRU
MSE: 13.895799130614348
MAE: 2.989452591648808
EVS: 0.12426170017288296
