Model: GRU
MSE: 10.674091340334675
MAE: 2.0822291020993835
EVS: 0.33906133158967255
