Model: GRU
MSE: 10.951352017910278
MAE: 2.4366335250713207
EVS: 0.2708939342111193
