Model: GRU
MSE: 12.215472713863933
MAE: 2.667312772185714
EVS: 0.19762182582220733
