Model: GRU
MSE: 11.203670097253768
MAE: 2.335761900301333
EVS: 0.24520544363681673
