Model: GRU
MSE: 26.13632413268502
MAE: 3.534037391344706
EVS: -0.7629478345338787
