Model: GRU
MSE: 9.052835573738253
MAE: 2.638453059726291
EVS: 0.5709432949540663
