Model: GRU
MSE: 22.855312053556787
MAE: 3.312695847617255
EVS: -0.5427934029223893
