Model: GRU
MSE: 21.13988622031833
MAE: 3.328028166735614
EVS: -0.2907964150399125
