Model: GRU
MSE: 9.9068469706366
MAE: 2.333312997111568
EVS: 0.34810310099728115
