Model: GRU
MSE: 10.798717483704827
MAE: 2.290294611895526
EVS: 0.2809809447549081
