Model: GRU
MSE: 11.114687642048056
MAE: 2.0304353590364808
EVS: 0.26733154803059844
