Model: GRU
MSE: 13.19145545273068
MAE: 2.319487969080607
EVS: 0.2911120899336568
