Model: GRU
MSE: 10.769028879788534
MAE: 2.0605767965316772
EVS: 0.29367554838164744
