Model: GRU
MSE: 11.215651208998816
MAE: 2.4911493636943676
EVS: 0.2504753726311564
