Model: GRU
MSE: 22.499767448125777
MAE: 3.312115051128246
EVS: -0.5006287607906603
