Model: GRU
MSE: 24.093119029417636
MAE: 3.439205452247902
EVS: -0.5747020731732964
