Model: GRU
MSE: 10.060317042731564
MAE: 2.1132361270763256
EVS: 0.3936636874245114
