Model: GRU
MSE: 21.176417446709465
MAE: 3.2468204586594194
EVS: -0.37418541876806977
