Model: GRU
MSE: 12.525407818448386
MAE: 2.071455337383129
EVS: 0.2075824437949796
