Model: GRU
MSE: 20.18799623295747
MAE: 3.2577981419033475
EVS: -0.36591825279657786
