Model: GRU
MSE: 27579.665908731797
MAE: 166.0265751591435
EVS: 4.440892098500626e-16
