Model: GRU
MSE: 7.371996848096034
MAE: 2.3642974429660373
EVS: 0.5278283317864227
