Model: GRU
MSE: 21.767351124533374
MAE: 3.4834256525392884
EVS: -0.30086042756356135
