Model: GRU
MSE: 15.128529099376507
MAE: 3.0366405734309443
EVS: 0.043119436770510444
