Model: GRU
MSE: 20.519575913260073
MAE: 3.069809427967778
EVS: -0.35310041011973103
