Model: GRU
MSE: 18.65700020152315
MAE: 2.908515629944978
EVS: -0.2636954467862185
