Model: GRU
MSE: 11.853924104466481
MAE: 2.3140216491840504
EVS: 0.2713207429577361
