Model: GRU
MSE: 14.44114169174583
MAE: 3.115564408125701
EVS: 0.1441093992060597
