Model: GRU
MSE: 10.161619384065476
MAE: 1.9418596338342737
EVS: 0.3594921685147521
