Model: GRU
MSE: 13.785137894086514
MAE: 2.615001740279021
EVS: 0.3664881067844159
