Model: GRU
MSE: 13.993651452794952
MAE: 3.209646984382912
EVS: 0.22457383569279377
