Model: GRU
MSE: 9.019764762622549
MAE: 2.2595689826541476
EVS: 0.3922937915560625
