Model: GRU
MSE: 20.472755454117422
MAE: 3.0040551026662192
EVS: -0.37133056850906465
