Model: GRU
MSE: 12.985373767418704
MAE: 2.8839180999332004
EVS: 0.20315228495623983
