Model: GRU
MSE: 9.411814524460599
MAE: 2.0046016022011086
EVS: 0.39174031786394714
