Model: GRU
MSE: 14.194516144049079
MAE: 3.0432864560021295
EVS: 0.14704139995994858
