Model: GRU
MSE: 11.302286808780385
MAE: 2.3181381578798645
EVS: 0.24507699807953864
