Model: GRU
MSE: 24.535658279402035
MAE: 3.468357139163547
EVS: -0.6155639143227056
