Model: GRU
MSE: 11.199062688212415
MAE: 2.0873612430360584
EVS: 0.30503896803143304
