Model: GRU
MSE: 9.053958137455036
MAE: 2.519661576659591
EVS: 0.5111739348884998
