Model: GRU
MSE: 6.086065572099894
MAE: 1.8848426783526386
EVS: 0.5737935480584603
