Model: GRU
MSE: 11.28705387868491
MAE: 2.689528818483706
EVS: 0.29792744438324203
