Model: GRU
MSE: 6.079359777028476
MAE: 1.7251681310159188
EVS: 0.5996497124132502
