Model: GRU
MSE: 10.681229199161525
MAE: 2.2347433655350297
EVS: 0.2957202348615886
