Model: GRU
MSE: 20.48303040314848
MAE: 3.172214949572528
EVS: -0.35675152514022845
