Model: GRU
MSE: 10.958134711930462
MAE: 2.271222397133156
EVS: 0.26358424191441565
