Model: GRU
MSE: 10.982027186355195
MAE: 2.5230035428647644
EVS: 0.28559996438649504
