Model: GRU
MSE: 19.85729564711932
MAE: 2.844963727173982
EVS: -0.32948567640644155
