Model: GRU
MSE: 7262.317398938316
MAE: 85.13278085214121
EVS: -2.220446049250313e-16
