Model: GRU
MSE: 10.21204982563255
MAE: 2.1618456840515137
EVS: 0.3194193283889082
