Model: GRU
MSE: 10.453554261430238
MAE: 2.5065783571313927
EVS: 0.6273796459520945
