Model: GRU
MSE: 7.725068255505751
MAE: 2.351496873078523
EVS: 0.5481842386683549
