Model: GRU
MSE: 13.97753415626599
MAE: 3.166591661947745
EVS: 0.2151602050633571
