Model: GRU
MSE: 11.815078459035773
MAE: 2.21337628364563
EVS: 0.3511870838436053
