Model: GRU
MSE: 18.387682390386505
MAE: 2.8331554995642767
EVS: -0.2481903219478776
