Model: GRU
MSE: 11.755410110422098
MAE: 2.658261122526946
EVS: 0.24446105872707324
