Model: GRU
MSE: 12.553509592262955
MAE: 2.786880404860885
EVS: 0.17898450523152065
