Model: GRU
MSE: 19.689061572310006
MAE: 2.9796950728804976
EVS: -0.30320801210936876
