Model: GRU
MSE: 10.253055547265914
MAE: 2.774845971001519
EVS: 0.5193653566181309
