Model: GRU
MSE: 22.820573728622335
MAE: 3.152291183118467
EVS: -0.509829061464135
