Model: GRU
MSE: 12.610380058209223
MAE: 2.353764843057703
EVS: 0.30047666577391463
