Model: GRU
MSE: 9.061281642428085
MAE: 2.138239374867192
EVS: 0.3905055406269685
