Model: GRU
MSE: 22.292209016789087
MAE: 3.2726379412191884
EVS: -0.4414367753176536
