Model: GRU
MSE: 12.792231523780906
MAE: 2.4710112854286477
EVS: 0.1409228126035842
