Model: GRU
MSE: 11.857717070126727
MAE: 2.2676345242394342
EVS: 0.38678677315024
