Model: GRU
MSE: 10.268146295851466
MAE: 2.5490113894144693
EVS: 0.40297897257548043
