Model: GRU
MSE: 12.980147139366746
MAE: 3.006437319296378
EVS: 0.2436858353700634
