Model: GRU
MSE: 11.41993635643109
MAE: 2.5123586654663086
EVS: 0.2472573717661064
