Model: GRU
MSE: 14.232872564561827
MAE: 2.3211416138543024
EVS: 0.2837951076768439
