Model: GRU
MSE: 27.486040838182596
MAE: 4.132730801900228
EVS: -0.5063689086058116
