Model: GRU
MSE: 10.023873409820153
MAE: 2.134730100631714
EVS: 0.3442844994525356
