Model: GRU
MSE: 12.22559308335299
MAE: 2.942675572854501
EVS: 0.48121082858479247
