Model: GRU
MSE: 10.70515687772386
MAE: 2.1202912772143327
EVS: 0.3069707672027776
