Model: GRU
MSE: 10.425542146575363
MAE: 2.400876928258825
EVS: 0.30062731711575064
