Model: GRU
MSE: 8.767395779818411
MAE: 1.9851068567346644
EVS: 0.44217481386999224
