Model: GRU
MSE: 5459.480945492148
MAE: 73.74730526959455
EVS: -0.40247681088375065
