Model: GRU
MSE: 11.12540701431994
MAE: 2.6410062224776656
EVS: 0.34877437573109304
