Model: GRU
MSE: 10.38455738244971
MAE: 1.984835315633703
EVS: 0.31385785789036325
