Model: GRU
MSE: 22.248307276687914
MAE: 3.641207642025418
EVS: -0.12491231829619309
