Model: GRU
MSE: 11.175936752081
MAE: 2.1208969045568398
EVS: 0.2749629570377712
