Model: GRU
MSE: 10.580076695173894
MAE: 2.359520611939607
EVS: 0.2871657887006889
