Model: GRU
MSE: 13.848142869157469
MAE: 2.37477230142664
EVS: 0.2945043801378058
