Model: GRU
MSE: 11.512596691302441
MAE: 2.6138186013257063
EVS: 0.23571129283627656
