Model: GRU
MSE: 12.911966752371415
MAE: 2.6829108132256403
EVS: 0.16554017059285542
