Model: GRU
MSE: 15.4608491419002
MAE: 3.396165936081498
EVS: 0.22945204170429556
