Model: GRU
MSE: 5.226099099836431
MAE: 1.8091915095293964
EVS: 0.6353539397137
