Model: GRU
MSE: 12.518382372317623
MAE: 2.498795001595109
EVS: 0.160966557097166
