Model: GRU
MSE: 19.254791221797767
MAE: 3.065888519640322
EVS: -0.24904487032914746
