Model: GRU
MSE: 11.195329232034656
MAE: 2.2112286620669894
EVS: 0.2457277707287776
