Model: GRU
MSE: 6.73241742797823
MAE: 1.5998747172179046
EVS: 0.5399988929476187
