Model: GRU
MSE: 11.241942099959962
MAE: 2.2555978298187256
EVS: 0.2628332685110024
