Model: GRU
MSE: 13.50763490919983
MAE: 2.3817249867651196
EVS: 0.09000464697985922
