Model: GRU
MSE: 12.171210785450976
MAE: 2.5491077811629683
EVS: 0.19090714000509168
