Model: GRU
MSE: 21.837004702548704
MAE: 3.2875949806637235
EVS: -0.46068354950280765
