Model: GRU
MSE: 24.843816631196894
MAE: 3.3387830743083247
EVS: -0.6697877596915673
