Model: GRU
MSE: 14.506359173400233
MAE: 2.822307582254763
EVS: 0.05097826576150166
