Model: GRU
MSE: 11.393248443272038
MAE: 2.69994846979777
EVS: 0.3134750757082061
