Model: GRU
MSE: 22.435595892239736
MAE: 3.5958958113635027
EVS: -0.4750686277037328
