Model: GRU
MSE: 29.429649426807828
MAE: 4.348182536937572
EVS: -0.42493520851321986
