Model: GRU
MSE: 11.508186048841388
MAE: 2.3615534040662975
EVS: 0.2275628675975634
