Model: GRU
MSE: 19.1913701344602
MAE: 2.9848939224525735
EVS: -0.30302117052419675
