Model: GRU
MSE: 16.256664359499602
MAE: 3.396582020653619
EVS: 0.08569342651963363
