Model: GRU
MSE: 8.053908569141724
MAE: 2.310963030214663
EVS: 0.557173683240765
