Model: GRU
MSE: 10.441595295629382
MAE: 2.0948603594744646
EVS: 0.3163982666613787
