Model: GRU
MSE: 10.684510088764894
MAE: 2.6417659830164024
EVS: 0.30032667463936735
