Model: GRU
MSE: 8.982322291490956
MAE: 2.080645102041739
EVS: 0.4074146823413636
