Model: GRU
MSE: 12.102894824108969
MAE: 2.768076437490958
EVS: 0.21082042084988817
