Model: GRU
MSE: 11.526457054532463
MAE: 1.7910064856211345
EVS: 0.2748949033634328
