Model: GRU
MSE: 11.9234968708278
MAE: 2.483034716712104
EVS: 0.20564778834959252
