Model: GRU
MSE: 21.221245221493685
MAE: 2.8805883548877858
EVS: -0.4393188097375227
