Model: GRU
MSE: 18.40805120531574
MAE: 3.102223007767289
EVS: -0.24981608603638983
