Model: GRU
MSE: 12.513370176365394
MAE: 2.6744745749014394
EVS: 0.2005706373393118
