Model: GRU
MSE: 11.96943088188498
MAE: 2.259009458400585
EVS: 0.20253747432394642
