Model: GRU
MSE: 10.710005048832711
MAE: 2.555732815353959
EVS: 0.29739317756602357
