Model: GRU
MSE: 11.860053637116112
MAE: 2.4390749489819563
EVS: 0.2017225655292365
