Model: GRU
MSE: 11.268578184193363
MAE: 2.2087347507476807
EVS: 0.24121332707716392
