Model: GRU
MSE: 11.828221833005896
MAE: 2.653525122889766
EVS: 0.24718224061710337
