Model: GRU
MSE: 12.829170049143876
MAE: 2.6346778957932084
EVS: 0.14757913333174544
