Model: GRU
MSE: 11.404803870910033
MAE: 2.6129173790967024
EVS: 0.2526906738818089
