Model: GRU
MSE: 10.416900051783566
MAE: 2.050356396922359
EVS: 0.3067681955370196
