Model: GRU
MSE: 10.242681323387169
MAE: 2.286816455699779
EVS: 0.31094115855208904
