Model: GRU
MSE: 26.348879076849048
MAE: 3.6384081840515137
EVS: -0.7410975854037938
