Model: GRU
MSE: 11.586901288898147
MAE: 2.3442385373292147
EVS: 0.42214619188870006
