Model: GRU
MSE: 1101.5698112966413
MAE: 32.930157060976384
EVS: -0.15714043577579195
