Model: GRU
MSE: 10.121246876797116
MAE: 2.063051841877125
EVS: 0.31977375073983483
