Model: GRU
MSE: 11.310498733689565
MAE: 2.2989686065249972
EVS: 0.23833094721377668
