Model: GRU
MSE: 6.8452811821723
MAE: 2.0664846897125244
EVS: 0.5565788620859917
