Model: GRU
MSE: 11.586966767506881
MAE: 2.3292965712370695
EVS: 0.221681502445075
