Model: GRU
MSE: 11.275486480952042
MAE: 2.1969330928943775
EVS: 0.2444853330186002
