Model: GRU
MSE: 6.730486409133594
MAE: 1.9867004111961082
EVS: 0.5751362877083623
