Model: GRU
MSE: 10.482420879270508
MAE: 1.924777905146281
EVS: 0.36167174132690894
