Model: GRU
MSE: 26.324729679949215
MAE: 3.9596417568348072
EVS: -0.582081874908148
