Model: GRU
MSE: 11.611388776547289
MAE: 1.9877227324026603
EVS: 0.3257081812256907
