Model: GRU
MSE: 10.836936591451126
MAE: 2.303166910454079
EVS: 0.2710842285271148
