Model: GRU
MSE: 14.184929104894406
MAE: 2.9459109085577504
EVS: 0.1264834594539217
