Model: GRU
MSE: 15.708985127427024
MAE: 3.352557173481694
EVS: 0.1363019664301902
