Model: GRU
MSE: 17.9535848716849
MAE: 2.862190847043638
EVS: -0.2084529780519233
