Model: GRU
MSE: 5.960458383058884
MAE: 1.9812591429109927
EVS: 0.6032408401164326
