Model: GRU
MSE: 12.08634310619955
MAE: 2.7172279711122864
EVS: 0.23555783417880893
