Model: GRU
MSE: 19.11480527884171
MAE: 2.961062201747188
EVS: -0.2541810512679148
