Model: GRU
MSE: 14.459004355439708
MAE: 3.170694686748363
EVS: 0.18336680460765664
