Model: GRU
MSE: 14.796929766642231
MAE: 3.185307423273722
EVS: 0.12008232969299681
