Model: GRU
MSE: 10.792496506211434
MAE: 2.189651515748766
EVS: 0.3029262719565614
