Model: GRU
MSE: 19.83309823675506
MAE: 2.8213808713135897
EVS: -0.33293106198412326
