Model: GRU
MSE: 9.337307491377892
MAE: 2.1066636685971862
EVS: 0.4156677858640353
