Model: GRU
MSE: 23.475623263164017
MAE: 3.4628599484761557
EVS: -0.5622096256332241
