Model: GRU
MSE: 11.950435252863965
MAE: 2.2105697702478477
EVS: 0.2342561852354803
