Model: GRU
MSE: 13.574392593095899
MAE: 2.7965650116955794
EVS: 0.1258591876949472
