Model: GRU
MSE: 10.746275275699078
MAE: 2.099351503230907
EVS: 0.2765879104944411
