Model: GRU
MSE: 15.05405965145563
MAE: 3.177451522262008
EVS: 0.09942161712776365
