Model: GRU
MSE: 10.925834415624433
MAE: 2.4469044031920255
EVS: 0.2756551613131002
