Model: GRU
MSE: 11.829542327162695
MAE: 2.0189043151007757
EVS: 0.2624164459266669
