Model: GRU
MSE: 12.722819426730844
MAE: 2.9866780175103083
EVS: 0.2822480318429288
