Model: GRU
MSE: 21.0304293414491
MAE: 3.1889846324920654
EVS: -0.36768619210270814
