Model: GRU
MSE: 13.780917767589811
MAE: 3.1040086304699934
EVS: 0.17372502373991405
