Model: GRU
MSE: 23.073500777117008
MAE: 3.2491809968595153
EVS: -0.5443224793083454
