Model: GRU
MSE: 10.702713931395026
MAE: 2.0657634381894714
EVS: 0.2853385184851097
