Model: GRU
MSE: 12.636446549580304
MAE: 2.478999455769857
EVS: 0.1552894240975894
