Model: GRU
MSE: 24.241982785584153
MAE: 3.3379259364945546
EVS: -0.36397512575785296
