Model: GRU
MSE: 6.422960512872797
MAE: 1.9278151194254558
EVS: 0.5801427430693764
