Model: GRU
MSE: 12.87780875554951
MAE: 3.0167230146902577
EVS: 0.29382882262650145
