Model: GRU
MSE: 24.906376916490622
MAE: 3.629702091217041
EVS: -0.45356766708244245
