Model: GRU
MSE: 12.649591751359857
MAE: 2.3093254566192627
EVS: 0.14819843668773092
