Model: GRU
MSE: 11.12796181800734
MAE: 2.2701831040558993
EVS: 0.25169202722649797
