Model: GRU
MSE: 6.779508723525699
MAE: 1.8036218572545935
EVS: 0.5290933525922747
