Model: GRU
MSE: 8.600587560516512
MAE: 2.072641708232738
EVS: 0.4324680913167884
