Model: GRU
MSE: 12.134174800209566
MAE: 2.491680728064643
EVS: 0.1910572493096243
