Model: GRU
MSE: 251.15532768110683
MAE: 15.306015661784581
EVS: 0.03225574744277793
