Model: GRU
MSE: 12.252007000663719
MAE: 2.8358909642254866
EVS: 0.2588144884943334
