Model: GRU
MSE: 1011.8050542405307
MAE: 31.47662212230541
EVS: -0.41672013986882184
