Model: GRU
MSE: 21.484866574835838
MAE: 3.153476008662471
EVS: -0.4030634887386473
