Model: GRU
MSE: 11.995095863201051
MAE: 2.7502594700566045
EVS: 0.24679658330226406
