Model: GRU
MSE: 21.858631661482242
MAE: 3.6110411043520325
EVS: -0.38059153292129455
