Model: GRU
MSE: 12.976433339082163
MAE: 2.7904479327025236
EVS: 0.15603280647524276
