Model: GRU
MSE: 11.990052934905625
MAE: 2.679107083214654
EVS: 0.23371676965918742
