Model: GRU
MSE: 12.324227528772823
MAE: 2.5141580369737415
EVS: 0.17481360297791804
