Model: GRU
MSE: 7141.065145069208
MAE: 84.42284817165799
EVS: 0.05969785245425774
