Model: GRU
MSE: 19.732582847645315
MAE: 3.0250830826935946
EVS: -0.3046100586817009
