Model: GRU
MSE: 12.782265636949367
MAE: 2.8835092738822654
EVS: 0.23635561944973182
