Model: GRU
MSE: 12.822816085400417
MAE: 2.76475570819996
EVS: 0.1996942466907924
