Model: GRU
MSE: 9.685563593444774
MAE: 2.007566973015114
EVS: 0.3900222497569412
