Model: GRU
MSE: 10.101463182546965
MAE: 2.822815594849763
EVS: 0.5368953358384516
