Model: GRU
MSE: 25.00611823579998
MAE: 3.8124480070891202
EVS: -0.5108512551433937
