Model: GRU
MSE: 24.258354125705182
MAE: 3.489285380751998
EVS: -0.5624008291344393
