Model: GRU
MSE: 10.41575644047195
MAE: 2.211876736746894
EVS: 0.3020417373012185
