Model: GRU
MSE: 12.84083685975567
MAE: 2.981295868202492
EVS: 0.24494989256427668
