Model: GRU
MSE: 11.49011642161055
MAE: 2.2046718774018466
EVS: 0.22597740903057506
