Model: GRU
MSE: 5.723806231647468
MAE: 1.708087338341607
EVS: 0.6073964327880212
