Model: GRU
MSE: 16.121097303640006
MAE: 3.601926503358064
EVS: 0.30324411990798217
