Model: GRU
MSE: 20.97506645084165
MAE: 3.171028588499342
EVS: -0.20180173845065585
