Model: GRU
MSE: 22.439956027326367
MAE: 3.185578814259282
EVS: -0.5028200676590016
