Model: GRU
MSE: 11.241849142303787
MAE: 2.6517341755054615
EVS: 0.2784020526516844
