Model: GRU
MSE: 9.90770152484777
MAE: 2.195447427255136
EVS: 0.3351156718250069
