Model: GRU
MSE: 23.410766771036293
MAE: 3.1730287693164967
EVS: -0.5782002240306139
