Model: GRU
MSE: 20.087251074147648
MAE: 2.9872066621427185
EVS: -0.35526050245820073
