Model: GRU
MSE: 19.19528516055477
MAE: 2.878207974963718
EVS: -0.30340528321057514
