Model: GRU
MSE: 21.73422596943501
MAE: 3.508864067218922
EVS: -0.2825129649883489
