Model: GRU
MSE: 11.138957450627421
MAE: 2.43613608678182
EVS: 0.25389333358389643
