Model: GRU
MSE: 10.212869245504315
MAE: 1.893027040693495
EVS: 0.3170892258962017
