Model: GRU
MSE: 6.067537312521289
MAE: 2.134928403077302
EVS: 0.595350140046774
