Model: GRU
MSE: 776.123038283737
MAE: 27.554863894427264
EVS: -0.13544202750318157
