Model: GRU
MSE: 11.711922019124039
MAE: 2.312941727814851
EVS: 0.36877841696844027
