Model: GRU
MSE: 11.385121216689969
MAE: 2.7507360069840043
EVS: 0.3202474219387169
