Model: GRU
MSE: 12.261945633799701
MAE: 2.950516594780816
EVS: 0.24630622999022955
