Model: GRU
MSE: 19.903562809991676
MAE: 3.089549506152118
EVS: -0.3285513492873935
