Model: GRU
MSE: 11.262280580991797
MAE: 2.5100658293123597
EVS: 0.26355737888347885
