Model: GRU
MSE: 13.56351350870149
MAE: 2.9393078044608787
EVS: 0.1659857535438446
