Model: GRU
MSE: 11.399582755300093
MAE: 2.3473615028240062
EVS: 0.23224022113254283
