Model: GRU
MSE: 22.711124024355065
MAE: 3.5013323624928794
EVS: -0.4977393219632602
