Model: GRU
MSE: 4587.18201969599
MAE: 67.62963824801975
EVS: 0.0962252725893844
