Model: GRU
MSE: 31.941495014796075
MAE: 4.419320759949861
EVS: -0.7820361243217835
