Model: GRU
MSE: 17.62821479623077
MAE: 2.8671037444361933
EVS: -0.19559208399764394
