Model: GRU
MSE: 17.270946374416866
MAE: 3.621990168536151
EVS: 0.09946084653584863
