Model: GRU
MSE: 11.422026214256777
MAE: 2.740838721946434
EVS: 0.3149426444900787
