Model: GRU
MSE: 11.69127683247561
MAE: 2.6261055822725647
EVS: 0.23811981119741765
