Model: GRU
MSE: 9388.528633139005
MAE: 96.71801192672164
EVS: -1.3191925034872796
