Model: GRU
MSE: 13.758802412905915
MAE: 3.0403485033247204
EVS: 0.17910541262306456
