Model: GRU
MSE: 13.59956305972358
MAE: 2.849282141085024
EVS: 0.13202662977499213
