Model: GRU
MSE: 16.28645536014093
MAE: 3.5795969609861022
EVS: 0.21338206592096132
