Model: GRU
MSE: 23.77648534289774
MAE: 3.3303885371596724
EVS: -0.5692435264665165
