Model: GRU
MSE: 9.134752088636763
MAE: 2.1409760934335216
EVS: 0.3907465475664075
