Model: GRU
MSE: 11.985822732241642
MAE: 2.7134274729975947
EVS: 0.252409223760769
