Model: GRU
MSE: 12.09132868190245
MAE: 2.248917738596598
EVS: 0.419293942552598
