Model: GRU
MSE: 10.194154517669253
MAE: 2.3063674679508916
EVS: 0.3188980040051941
