Model: GRU
MSE: 20.45742907097048
MAE: 3.081959927523578
EVS: -0.3541435759952658
