Model: GRU
MSE: 6.190805834554544
MAE: 1.6074790866286666
EVS: 0.59161950588372
