Model: GRU
MSE: 22.573737021304403
MAE: 3.3835985042430736
EVS: -0.4269024779570829
