Model: GRU
MSE: 12.94806480814555
MAE: 2.409553161373845
EVS: 0.4197294140864274
