Model: GRU
MSE: 142.78392998547037
MAE: 11.290879585124829
EVS: -0.03083889121885308
