Model: GRU
MSE: 11.510215430715764
MAE: 2.117389890882704
EVS: 0.2931087204340149
