Model: GRU
MSE: 10.477823577424168
MAE: 2.283254111254657
EVS: 0.30262239056364293
