Model: GRU
MSE: 19.709897199083965
MAE: 3.0050995614793568
EVS: -0.336613152820014
