Model: GRU
MSE: 20.862882290078932
MAE: 3.0583431544127286
EVS: -0.41644759955479915
