Model: GRU
MSE: 16.236693848207416
MAE: 2.654670732992667
EVS: 0.26917337251294915
