Model: GRU
MSE: 11.415338922354465
MAE: 2.6780328662307173
EVS: 0.265929671465744
