Model: GRU
MSE: 24.25956996223804
MAE: 3.6418797351695873
EVS: -0.44829520349084584
