Model: GRU
MSE: 11.569166711743646
MAE: 2.5647054513295493
EVS: 0.24848694821106443
