Model: GRU
MSE: 23.04118751685544
MAE: 3.2989186445871987
EVS: -0.51207231615751
