Model: GRU
MSE: 25.371784359466304
MAE: 3.584545894905373
EVS: -0.6233594247133787
