Model: GRU
MSE: 9.947701256702674
MAE: 1.8412851404260706
EVS: 0.34694586348726597
