Model: GRU
MSE: 10.535188101222788
MAE: 2.5613811634205006
EVS: 0.2966864572114635
