Model: GRU
MSE: 12.281887373567939
MAE: 2.7158214074594005
EVS: 0.223692713920575
