Model: GRU
MSE: 24.31666620298939
MAE: 3.5120471583472357
EVS: -0.5066256414527484
