Model: GRU
MSE: 23.928248538198947
MAE: 3.3067554544519493
EVS: -0.6198645029457803
