Model: GRU
MSE: 23.160614993593068
MAE: 3.1205245830394603
EVS: -0.5714154873503259
