Model: GRU
MSE: 23.20943717674755
MAE: 3.5162782492461027
EVS: -0.4323656716249782
