Model: GRU
MSE: 10.112585491550009
MAE: 2.186150409557201
EVS: 0.3211276287680661
