Model: GRU
MSE: 24.036337562822787
MAE: 3.537042246924506
EVS: -0.5194583539117781
