Model: GRU
MSE: 9.900359887782148
MAE: 1.9397935955612748
EVS: 0.3973635785542762
