Model: GRU
MSE: 15.465440609425498
MAE: 3.4026783837212458
EVS: 0.15706696803109133
