Model: GRU
MSE: 10.1985036998301
MAE: 1.9256708092159696
EVS: 0.33081687200018506
