Model: GRU
MSE: 12.386471555414792
MAE: 2.256701434100116
EVS: 0.365374053648474
