Model: GRU
MSE: 10.443216742992332
MAE: 1.9916494245882388
EVS: 0.3408505522763381
