Model: GRU
MSE: 21.194701930578415
MAE: 3.144361937487567
EVS: -0.3966429786064791
