Model: GRU
MSE: 10.91676412311464
MAE: 2.1563733948601618
EVS: 0.3154725930458302
