Model: GRU
MSE: 9.217144158319403
MAE: 2.214227049439042
EVS: 0.3815721697322215
