Model: GRU
MSE: 10.102393141863889
MAE: 2.1057742878242776
EVS: 0.32084951258195227
