Model: GRU
MSE: 21.845122232643202
MAE: 3.2062140040927463
EVS: -0.4560706902524285
