Model: GRU
MSE: 11.615046107326839
MAE: 2.8120869442268654
EVS: 0.3169949754762902
