Model: GRU
MSE: 10.358905939254374
MAE: 2.109970728556315
EVS: 0.4081048330123518
