Model: GRU
MSE: 13.12511765661474
MAE: 2.8988727728525796
EVS: 0.19157745930600323
