Model: GRU
MSE: 10.902962435358909
MAE: 2.236002074347602
EVS: 0.2665463853321415
