Model: GRU
MSE: 21.33850828524696
MAE: 3.2599236611966735
EVS: -0.42419816794875786
