Model: GRU
MSE: 23.37724804864355
MAE: 3.560163215354637
EVS: -0.5125798467091711
