Model: GRU
MSE: 10.029562662504642
MAE: 2.257729141800492
EVS: 0.3337038988014317
