Model: GRU
MSE: 19.317257370555176
MAE: 3.0826507144504123
EVS: -0.271019321718063
