Model: GRU
MSE: 26.186814460120214
MAE: 3.797245732060185
EVS: -0.6273017906246645
