Model: GRU
MSE: 6.970756525189845
MAE: 1.9406338179552998
EVS: 0.5481794904287369
