Model: GRU
MSE: 16.836418829377635
MAE: 2.8432865849247686
EVS: 0.2886360708651141
