Model: GRU
MSE: 19.056826176532542
MAE: 2.979895759511877
EVS: -0.2939217503393723
