Model: GRU
MSE: 12.19535218476619
MAE: 2.813945523014775
EVS: 0.24469510347273082
