Model: GRU
MSE: 28.84734759600078
MAE: 3.605512345278705
EVS: -0.8550726146686076
