Model: GRU
MSE: 11.376595808344586
MAE: 2.145249508045338
EVS: 0.2370721864793992
