Model: GRU
MSE: 11.68373565627203
MAE: 2.4202836442876747
EVS: 0.221106035791372
