Model: GRU
MSE: 12.806361045916068
MAE: 2.8260523478190103
EVS: 0.19297143072917178
