Model: GRU
MSE: 10.085540653416588
MAE: 2.2150018038573087
EVS: 0.3244296453480594
