Model: GRU
MSE: 9.132612216313065
MAE: 1.9535634959185566
EVS: 0.4337671903126047
