Model: GRU
MSE: 10.740962236862456
MAE: 2.4199418668393737
EVS: 0.3034771669901656
