Model: GRU
MSE: 25.60110556793804
MAE: 3.763349868633129
EVS: -0.6505634611534494
