Model: GRU
MSE: 13.698078720195447
MAE: 3.112409653487029
EVS: 0.19911278107715635
