Model: GRU
MSE: 139.24153198361458
MAE: 11.171742418298015
EVS: 0.027525903666133833
