Model: GRU
MSE: 10.622753086120442
MAE: 2.147819589685511
EVS: 0.3164026780563125
