Model: GRU
MSE: 22.145118061881785
MAE: 3.413743734359741
EVS: -0.2940150592620028
