Model: GRU
MSE: 9.876388506690372
MAE: 2.0089288375995777
EVS: 0.340035517352946
