Model: GRU
MSE: 5.324508580017672
MAE: 1.6514532124554668
EVS: 0.6405350765472474
