Model: GRU
MSE: 3689.995284331305
MAE: 60.595988520869504
EVS: -0.27024461372675423
