Model: GRU
MSE: 11.519226191954804
MAE: 2.1268409711343272
EVS: 0.33366187237552214
