Model: GRU
MSE: 13.461131933769266
MAE: 3.0955925252702503
EVS: 0.2507287382993387
