Model: GRU
MSE: 11.211688376819499
MAE: 2.1530668558897794
EVS: 0.3311071706046198
