Model: GRU
MSE: 11.608245920425917
MAE: 2.1942233686093933
EVS: 0.29745462379950705
