Model: GRU
MSE: 148.7674535701373
MAE: 11.558304980949119
EVS: -0.022287044624813346
