Model: GRU
MSE: 10.024051143618822
MAE: 2.172857399340029
EVS: 0.3511454857549402
