Model: GRU
MSE: 11.486982268796984
MAE: 2.6761019406495272
EVS: 0.2698685748353884
