Model: GRU
MSE: 9.782809251478758
MAE: 1.8574506000236228
EVS: 0.3814053071657788
