Model: GRU
MSE: 24.370124988200196
MAE: 3.330861179916947
EVS: -0.6537515788710566
