Model: GRU
MSE: 10.736604058723659
MAE: 2.4735314581129284
EVS: 0.2920824705984013
