Model: GRU
MSE: 21.235473449195357
MAE: 3.63590325249566
EVS: 0.0
