Model: GRU
MSE: 21.998132133516425
MAE: 3.6212954874391907
EVS: -0.09786050125909718
