Model: GRU
MSE: 13.481529038220303
MAE: 2.8319858268455222
EVS: -0.274663686275024
