Model: GRU
MSE: 11.253480643488123
MAE: 2.7929953469170465
EVS: -0.012619571311516031
