Model: GRU
MSE: 17.168570185144212
MAE: 3.746043293564408
EVS: -0.18891687942105118
