Model: GRU
MSE: 20.299508105185
MAE: 3.5523732326648854
EVS: -0.07778368829668758
