Model: GRU
MSE: 35.277212057669004
MAE: 4.611595372358958
EVS: -2.3269760422311507
