Model: GRU
MSE: 23.198807233007233
MAE: 3.5767241937142833
EVS: -0.20525193779252393
