Model: GRU
MSE: 12.091353231482731
MAE: 3.0873655213250055
EVS: 0.0955245484468239
