Model: GRU
MSE: 9.674887618829947
MAE: 2.126496050092909
EVS: 0.06464553663373251
