Model: GRU
MSE: 31.43706120284931
MAE: 4.0867682165569725
EVS: -0.7310162047348874
