Model: GRU
MSE: 14.897344649077715
MAE: 3.250541361393752
EVS: -0.4200961965923704
