Model: GRU
MSE: 14.612104724847459
MAE: 3.139207619207877
EVS: -0.2979644811889537
