Model: GRU
MSE: 31.22995804878553
MAE: 4.49191771613227
EVS: -1.6029792359613717
