Model: GRU
MSE: 20.986642986576584
MAE: 3.474668171670702
EVS: -0.15512800603598875
