Model: GRU
MSE: 26.40405642773691
MAE: 4.3414448058163675
EVS: -1.0065328959983577
