Model: GRU
MSE: 28.56739709560366
MAE: 4.618381888778122
EVS: -0.3564112408265716
