Model: GRU
MSE: 33.32294402646457
MAE: 4.84394296893367
EVS: -0.40881350057989185
