Model: GRU
MSE: 737.816600120678
MAE: 26.95318850764522
EVS: -0.11495216110873407
