Model: GRU
MSE: 225.56425821117702
MAE: 10.501618950455278
EVS: -9.078433083148743
