Model: GRU
MSE: 9.741540565063875
MAE: 2.2892528154231884
EVS: -0.12450856960363632
