Model: GRU
MSE: 19.068111150012534
MAE: 3.0717318852742515
EVS: -0.06497868782796679
