Model: GRU
MSE: 32.836396164325976
MAE: 4.905667862406483
EVS: -2.1810468137138264
