Model: GRU
MSE: 81.2900530747494
MAE: 5.599349357463695
EVS: -6.709520824382693
