Model: GRU
MSE: 22.88572207236384
MAE: 3.424012166482431
EVS: -0.19145983872559413
