Model: GRU
MSE: 17.78219482246336
MAE: 3.752534831011737
EVS: -0.2798397556644745
