Model: GRU
MSE: 22.4138704218758
MAE: 3.594728469848633
EVS: -1.003216165523924
