Model: GRU
MSE: 24.86879377457279
MAE: 4.326493439850984
EVS: -0.3791807980582942
