Model: GRU
MSE: 10.909949108859294
MAE: 2.7944502300686307
EVS: 0.09380222562186591
