Model: GRU
MSE: 19.306228619742907
MAE: 3.7008697898299605
EVS: 0.13306873278739206
