Model: GRU
MSE: 16.62563671875655
MAE: 3.632956619615908
EVS: -0.28624315115867893
