Model: GRU
MSE: 16.265170675601034
MAE: 3.4631675790857384
EVS: -0.25206143990373
