Model: GRU
MSE: 14.64798221457179
MAE: 3.0469986774303295
EVS: -0.43904233290690087
