Model: GRU
MSE: 1522.5043712638887
MAE: 38.848566125940394
EVS: -0.3067424502528846
