Model: GRU
MSE: 21.303187054487452
MAE: 4.066231595145331
EVS: -1.0271674968251108
