Model: GRU
MSE: 42.2389164909526
MAE: 5.0251397446349815
EVS: -1.5451237802078617
