Model: GRU
MSE: 21.32164019180394
MAE: 3.9733118834318937
EVS: -0.33583924941848164
