Model: GRU
MSE: 17.67220176228216
MAE: 3.605901100017406
EVS: -0.5265603671564003
