Model: GRU
MSE: 16.877572398743716
MAE: 3.701785105246085
EVS: 0.03035194705944999
