Model: GRU
MSE: 30.490997500774593
MAE: 4.75681236938194
EVS: -0.41048083531324364
