Model: GRU
MSE: 16.931693628514328
MAE: 3.768562246251989
EVS: -0.049715426414297825
