Model: GRU
MSE: 20.05718812941656
MAE: 3.5832072187353066
EVS: -0.9282633382747585
