Model: GRU
MSE: 21.063622903132764
MAE: 3.683018454483577
EVS: -0.09518954947530345
