Model: GRU
MSE: 74.34810077934671
MAE: 7.411292460229662
EVS: -4.292376232105302
