Model: GRU
MSE: 23.343755609681494
MAE: 3.3861169770911888
EVS: -0.07397059192700395
