Model: GRU
MSE: 11.468906218160226
MAE: 2.6433298852708607
EVS: -0.11738821195681348
