Model: GRU
MSE: 1830.7962524693855
MAE: 42.668763902452255
EVS: 2.220446049250313e-16
