Model: GRU
MSE: 16.074390807642363
MAE: 3.521362481293855
EVS: 0.048703332595426474
