Model: GRU
MSE: 13.96122494353067
MAE: 3.1348673325997813
EVS: -0.18350136263118144
