Model: GRU
MSE: 13.250746712101966
MAE: 3.127644768467656
EVS: -0.0808381113943748
