Model: GRU
MSE: 11.977909897619567
MAE: 2.9953997753284596
EVS: 0.11249727915995467
