Model: GRU
MSE: 12.13083668502765
MAE: 2.8890133875387685
EVS: -0.039703378680877144
