Model: GRU
MSE: 15.074411362126037
MAE: 3.462052822113037
EVS: 0.030918529786412186
