Model: GRU
MSE: 11.360780869979479
MAE: 2.7217764457066855
EVS: -0.11587222626372218
