Model: GRU
MSE: 41.587609939507004
MAE: 5.20624546651487
EVS: -2.96709648145238
