Model: GRU
MSE: 11.42557867364001
MAE: 2.703089157740275
EVS: -0.06822723675124776
