Model: GRU
MSE: 182.86036544895148
MAE: 9.409943337793704
EVS: -12.177646915354297
