Model: GRU
MSE: 60.46369782090446
MAE: 6.0462522617092835
EVS: -1.8348997960137563
