Model: GRU
MSE: 22.340584247439388
MAE: 3.4808951218922934
EVS: -0.22388547627461874
