Model: GRU
MSE: 19.123325012637906
MAE: 3.512621702971282
EVS: -0.49632029235758046
