Model: GRU
MSE: 9.509895376378449
MAE: 2.3604379759894476
EVS: 0.09065442486898367
