Model: GRU
MSE: 28.153020369114614
MAE: 4.478385158947536
EVS: -0.48992072791558683
