Model: GRU
MSE: 23.00031929001395
MAE: 4.03763684520015
EVS: -0.1572650430109901
