Model: GRU
MSE: 40.02987373841914
MAE: 4.440632515483433
EVS: -1.1863494030722843
