Model: GRU
MSE: 26.58864842778642
MAE: 4.688291532021982
EVS: -0.4120436746532392
