Model: GRU
MSE: 19.74647971374854
MAE: 3.7356112003326416
EVS: -0.7833031982458631
