Model: GRU
MSE: 54.8673464188535
MAE: 6.345780253410339
EVS: -2.740967377429204
