Model: GRU
MSE: 23.67959532425857
MAE: 4.144575531835909
EVS: -1.0643456013001629
