Model: GRU
MSE: 11.579783376395302
MAE: 2.6397435311917907
EVS: -0.09448769379879596
