Model: GRU
MSE: 14.82189259325228
MAE: 3.2740134044929787
EVS: -0.18267264426320629
