Model: GRU
MSE: 107.80581545317219
MAE: 8.007284923836037
EVS: -3.633804542181493
