Model: GRU
MSE: 18.914876683541117
MAE: 3.400575657685598
EVS: -0.8592965357486062
