Model: GRU
MSE: 11.925140586729201
MAE: 2.584192231849388
EVS: -0.12940432222530562
