Model: GRU
MSE: 18.46084579384191
MAE: 3.5493726321944483
EVS: -0.7371580964654958
