Model: GRU
MSE: 27.498607601199005
MAE: 4.711282147301568
EVS: -0.5411414992862864
