Model: GRU
MSE: 65.9143726311003
MAE: 7.441131600627193
EVS: -0.0364788638265332
