Model: GRU
MSE: 11.242566833070184
MAE: 2.6057872948823153
EVS: -0.05937338226926614
