Model: GRU
MSE: 21.35778127621663
MAE: 3.908001749603837
EVS: 0.03563356773397797
