Model: GRU
MSE: 21.689787550496096
MAE: 3.382639200599105
EVS: -0.1914197663682189
