Model: GRU
MSE: 13.306518776713903
MAE: 2.8605521431675665
EVS: -0.21830485958946055
