Model: GRU
MSE: 13.930123312003364
MAE: 3.174784024556478
EVS: -0.15460077740291478
