Model: GRU
MSE: 13.56210424380748
MAE: 2.9344766360742076
EVS: -0.24417537393805722
