Model: GRU
MSE: 37.357130331405514
MAE: 4.850569943586986
EVS: -0.9402097127154365
