Model: GRU
MSE: 16.180300526020613
MAE: 3.1807270226655184
EVS: -0.542815990214254
