Model: GRU
MSE: 19.710375043200102
MAE: 3.4578283451221608
EVS: -0.09854419723400176
