Model: GRU
MSE: 15.639093063756828
MAE: 3.0357092221577964
EVS: -0.26141816126671746
