Model: GRU
MSE: 43.56669528462221
MAE: 5.745359151451676
EVS: -3.2094835276095006
