Model: GRU
MSE: 10.047459050056128
MAE: 2.2710825072394476
EVS: 0.02089701160453239
