Model: GRU
MSE: 17.009706092726717
MAE: 3.6126667746791132
EVS: -0.3089686384889261
