Model: GRU
MSE: 11.033488150007027
MAE: 2.313913513112951
EVS: -0.04364781502668591
