Model: GRU
MSE: 13.890883360880455
MAE: 3.336229430304633
EVS: -0.02620104846094984
