Model: GRU
MSE: 21.403903673529914
MAE: 4.136309548660561
EVS: -0.9494421984129904
