Model: GRU
MSE: 21.65184470529816
MAE: 3.7942938142352634
EVS: -1.0092642236741178
