Model: GRU
MSE: 25.643600639881537
MAE: 4.115178792564957
EVS: -0.30099251238582947
