Model: GRU
MSE: 14.857391441592249
MAE: 3.2117473549313016
EVS: -0.30080100901536455
