Model: GRU
MSE: 10.02177625678704
MAE: 2.5168764149701155
EVS: 0.1191530286243686
