Model: GRU
MSE: 11.922984608001302
MAE: 2.6559424841845476
EVS: -0.16442259348409993
