Model: GRU
MSE: 37.31147112545767
MAE: 4.796858213565968
EVS: -2.1287543922479024
