Model: GRU
MSE: 24.98960481911127
MAE: 4.500931898752849
EVS: -0.17462311466166436
