Model: GRU
MSE: 14.268963211771725
MAE: 2.9095958603752985
EVS: -0.22374720584774477
