Model: GRU
MSE: 29.037580550809068
MAE: 4.412054971412376
EVS: -0.3881413425033713
