Model: GRU
MSE: 43.932341253570684
MAE: 5.066715319951375
EVS: -3.010930120237245
