Model: GRU
MSE: 19.044133035609843
MAE: 3.6009254543869584
EVS: -0.5058996385201437
