Model: GRU
MSE: 18.07703039269757
MAE: 3.1835759061354176
EVS: 0.0030171705071921906
