Model: GRU
MSE: 205.62988991105553
MAE: 10.344285839133793
EVS: -14.45077700935646
