Model: GRU
MSE: 19.670640717147233
MAE: 3.2722743175647877
EVS: -0.06677224424625994
