Model: GRU
MSE: 25.277551110619235
MAE: 4.12209305939851
EVS: -1.3059670610511223
