Model: GRU
MSE: 10.954461601648083
MAE: 2.7766065509231
EVS: 0.06468606392530785
