Model: GRU
MSE: 21.634364599424284
MAE: 3.325160097192835
EVS: -0.14338423785908705
