Model: GRU
MSE: 26.905080303409914
MAE: 3.9616541178138167
EVS: -0.40528927104368284
