Model: GRU
MSE: 800.1029251395994
MAE: 28.06698558948658
EVS: -0.21374617693120124
