Model: GRU
MSE: 10.46101626456131
MAE: 2.4634370097407587
EVS: -0.011935945377514967
