Model: GRU
MSE: 13.832245704659611
MAE: 2.9089153519383184
EVS: -0.33007532175970167
