Model: GRU
MSE: 9873.038240218058
MAE: 99.31196000840929
EVS: 2.220446049250313e-16
