Model: GRU
MSE: 14.26103761054483
MAE: 3.2089002397325306
EVS: -0.11329990843085791
