Model: GRU
MSE: 17.612966986250278
MAE: 3.7289298198841236
EVS: -0.1104291479339996
