Model: GRU
MSE: 9.926178483843922
MAE: 2.5017018671388978
EVS: 0.03701323360631914
