Model: GRU
MSE: 23.17836665530671
MAE: 4.427368446632668
EVS: -0.16829528707630503
