Model: GRU
MSE: 23.293365187379194
MAE: 3.9530057553891784
EVS: -0.2957352016719148
