Model: GRU
MSE: 89.21897797067021
MAE: 6.276469062875818
EVS: -7.701353079258027
