Model: GRU
MSE: 11.252853403531871
MAE: 2.808367066913181
EVS: -0.10583498638602373
