Model: GRU
MSE: 120.99801249768208
MAE: 8.536841388101932
EVS: -9.324258467698257
