Model: GRU
MSE: 33.43155347815699
MAE: 5.160605942761457
EVS: -0.1780875993440263
