Model: GRU
MSE: 92.35700043100206
MAE: 6.94193724349693
EVS: -4.839164957862676
