Model: GRU
MSE: 9.715488649371819
MAE: 2.5110151679427535
EVS: -0.16692115346866276
