Model: GRU
MSE: 27.792019566477055
MAE: 4.1007175999028345
EVS: -0.5642219610005874
