Model: GRU
MSE: 16.47952132092416
MAE: 3.1733859137252525
EVS: -0.494427271895181
