Model: GRU
MSE: 24.009349270322346
MAE: 3.844709449344211
EVS: -0.1629521851068303
