Model: GRU
MSE: 20.7239896459917
MAE: 3.9769727918836804
EVS: -1.0370312961969383
