Model: GRU
MSE: 55.4736270254682
MAE: 5.1317511752799705
EVS: -2.049858020993358
