Model: GRU
MSE: 11.193422986941107
MAE: 2.284931394788954
EVS: -0.10032433929925832
