Model: GRU
MSE: 54.8737877674288
MAE: 5.955837898784214
EVS: -4.887382654845574
