Model: GRU
MSE: 479.23640979778065
MAE: 15.669561191841408
EVS: -31.99574067425157
