Model: GRU
MSE: 23.093574067398094
MAE: 3.218588294806304
EVS: -0.2784443460729149
