Model: GRU
MSE: 18.34081115379033
MAE: 2.717892187613028
EVS: -0.02220471479693753
