Model: GRU
MSE: 27.793940772208284
MAE: 4.443363648873788
EVS: -0.29285525610820007
