Model: GRU
MSE: 21.30025776232388
MAE: 3.8129103426580078
EVS: -1.0935703569506803
