Model: GRU
MSE: 28.14406065044064
MAE: 4.258327749040392
EVS: -1.7191300455680674
