Model: GRU
MSE: 19.84465332498555
MAE: 3.879591506940347
EVS: -0.8778439355303727
