Model: GRU
MSE: 12.70705462197352
MAE: 2.6656808146723994
EVS: -0.20266443752239738
