Model: GRU
MSE: 23.52618606114817
MAE: 3.6142401960161
EVS: -0.27593554188307845
