Model: GRU
MSE: 16.87530574226976
MAE: 3.753168989110876
EVS: -0.013604020502930414
