Model: GRU
MSE: 21.261252593951287
MAE: 3.5238494254924633
EVS: -0.09540658040006633
