Model: GRU
MSE: 32.697429762411325
MAE: 4.789308256573147
EVS: -1.7970539016776579
