Model: GRU
MSE: 74.50899296563263
MAE: 5.380703032016754
EVS: -5.482707392131699
