Model: GRU
MSE: 36.86907475559434
MAE: 5.515708340538873
EVS: -0.6322683077628588
