Model: GRU
MSE: 11.348900239949595
MAE: 2.8240357328344277
EVS: 0.08455804922512222
