Model: GRU
MSE: 29.380996022396634
MAE: 4.627249002456665
EVS: -1.8881084047138437
