Model: GRU
MSE: 20.25905179268579
MAE: 3.179818515424375
EVS: -0.05869815982029358
