Model: GRU
MSE: 34.99113149008923
MAE: 4.584824791661015
EVS: -2.0117699639228896
