Model: GRU
MSE: 27.557986613966385
MAE: 4.595173654732881
EVS: -1.6698785950200197
