Model: GRU
MSE: 13.598059079794076
MAE: 2.953746204023008
EVS: -0.23115107189794237
