Model: GRU
MSE: 47.92762275527654
MAE: 5.229780022744779
EVS: -3.321088487394813
