Model: GRU
MSE: 22.380937376548513
MAE: 3.629966671268145
EVS: -0.4711054967126329
