Model: GRU
MSE: 11.461000801668636
MAE: 2.7142247800473807
EVS: 0.019835351205728657
