Model: GRU
MSE: 15.455469813741376
MAE: 3.2544885211520724
EVS: -0.13461495884303742
