Model: GRU
MSE: 11.504580673358365
MAE: 2.805969759269997
EVS: -0.09132498269850986
