Model: GRU
MSE: 18.239487457981138
MAE: 3.816994455125597
EVS: -0.2748236827253372
