Model: GRU
MSE: 20.82212730183453
MAE: 3.630432464458324
EVS: -0.9800629642246055
