Model: GRU
MSE: 24.816324762972457
MAE: 3.7718130968235157
EVS: -0.3636455920750039
