Model: GRU
MSE: 18.040360768436813
MAE: 3.4014362538302385
EVS: -0.08227726253097911
