Model: GRU
MSE: 17.202135155409803
MAE: 3.4776208897431693
EVS: -0.6839588384730269
