Model: GRU
MSE: 11.376085270375883
MAE: 2.624264946690312
EVS: -0.0889256032089647
