Model: GRU
MSE: 14.179707251378591
MAE: 3.453786355477792
EVS: 0.17707986081566818
