Model: GRU
MSE: 153.4172849552904
MAE: 9.091915798408014
EVS: -9.223427363873094
