Model: GRU
MSE: 33.80668095243926
MAE: 5.489427548867685
EVS: -0.09099262980558587
