Model: GRU
MSE: 12.541041258676373
MAE: 2.8069182766808405
EVS: -0.2324318177008975
