Model: GRU
MSE: 16.84920797569237
MAE: 3.4818787927980774
EVS: -0.15135812015258998
