Model: GRU
MSE: 31.36088036130779
MAE: 4.920456767082214
EVS: -1.844422841973608
