Model: GRU
MSE: 17.539003555022234
MAE: 3.3203942157604076
EVS: -0.682510680031359
