Model: GRU
MSE: 14.345870606300117
MAE: 3.425339115990533
EVS: -0.05967623524206633
