Model: GRU
MSE: 27.843780756152007
MAE: 4.138485330122489
EVS: -0.4878402881393151
