Model: GRU
MSE: 297.26279715407884
MAE: 12.694474237936515
EVS: -22.457252545927588
