Model: GRU
MSE: 20.75262221547385
MAE: 3.929759467089618
EVS: -0.603669202177648
