Model: GRU
MSE: 16.81291888089175
MAE: 3.1466108163197837
EVS: -0.6382302525144508
