Model: GRU
MSE: 15.665484838524328
MAE: 3.2433085132528237
EVS: -0.5362567265814864
