Model: GRU
MSE: 19.552783647158314
MAE: 3.887978465468795
EVS: -0.11609783893296455
