Model: GRU
MSE: 21.842947526674156
MAE: 3.7346813965726784
EVS: -0.1353662562153548
