Model: GRU
MSE: 10.51350589048118
MAE: 2.6855688624911838
EVS: 0.09283725981321922
