Model: GRU
MSE: 16.707963691370555
MAE: 3.5723451685022423
EVS: -0.16007962038461243
