Model: GRU
MSE: 26.059676389811134
MAE: 4.444040792959708
EVS: -2.195955825719662
