Model: GRU
MSE: 11.907202280325494
MAE: 2.9564066992865667
EVS: -0.1584978884167616
