Model: GRU
MSE: 11.933740174566108
MAE: 2.6283059120178223
EVS: -0.15806199323550096
