Model: GRU
MSE: 3779.915411373611
MAE: 61.398229387071396
EVS: 2.220446049250313e-16
