Model: GRU
MSE: 29.38959560549651
MAE: 4.508427249060737
EVS: -0.28969077082706773
