Model: GRU
MSE: 34.790202350533534
MAE: 4.60732983218299
EVS: -3.07862781834013
