Model: GRU
MSE: 17.766264546555426
MAE: 3.5695241888364158
EVS: -0.5326227927719163
