Model: GRU
MSE: 11.206934437424277
MAE: 2.6701940607141563
EVS: -0.13546993355007397
