Model: GRU
MSE: 19.10850785242633
MAE: 3.645167659830164
EVS: -0.8176529820553855
