Model: GRU
MSE: 21.009392908120887
MAE: 3.9291056836092912
EVS: -1.0566657186336528
