Model: GRU
MSE: 21.760824083854004
MAE: 3.94472129256637
EVS: -0.736183833750804
