Model: GRU
MSE: 38.98562230937427
MAE: 5.273988411382392
EVS: -1.1695277967043722
