Model: GRU
MSE: 80.41145063868609
MAE: 6.578697027983488
EVS: -5.654159782153189
