Model: GRU
MSE: 11.097727747000674
MAE: 2.400833341810438
EVS: -0.07274257582987831
