Model: GRU
MSE: 12.575388966792879
MAE: 2.929268245343809
EVS: -0.08960895762379573
