Model: GRU
MSE: 12.057409451407485
MAE: 2.840792342468544
EVS: -0.18523072714067146
