Model: GRU
MSE: 37.71161416982271
MAE: 4.84685856324655
EVS: -0.6101328335476275
