Model: GRU
MSE: 65.89278214637245
MAE: 5.21163327605636
EVS: -6.53573523741768
