Model: GRU
MSE: 22.38650163555755
MAE: 4.211268762747447
EVS: -1.1913058933201084
