Model: GRU
MSE: 18.014945421292268
MAE: 3.730271507192541
EVS: -0.28402010997973215
