Model: GRU
MSE: 11.238940291185243
MAE: 2.185356104815448
EVS: -0.05971752834184629
