Model: GRU
MSE: 15.256185727892412
MAE: 3.080858106966372
EVS: -0.4717656395263574
