Model: GRU
MSE: 44.612195322005164
MAE: 5.310979657702976
EVS: -1.1244685348580554
