Model: GRU
MSE: 18.524460259022835
MAE: 3.6684915754530163
EVS: -1.0486164959396254
