Model: GRU
MSE: 515.1092431838541
MAE: 22.194102817111546
EVS: -0.25843783218108585
