Model: GRU
MSE: 13.247294994541555
MAE: 2.9857562603773893
EVS: -0.15648325190609502
