Model: GRU
MSE: 48516.86867496633
MAE: 220.2423570421007
EVS: 2.220446049250313e-16
