Model: GRU
MSE: 11.972061150476941
MAE: 2.966691776558205
EVS: 0.16549298245546162
