Model: GRU
MSE: 24.57801151353866
MAE: 4.026501136797446
EVS: -1.3803550848071233
