Model: GRU
MSE: 12.06812225793731
MAE: 2.828737144117002
EVS: -0.16992036411432654
