Model: GRU
MSE: 13.801955839531324
MAE: 3.0955778051305702
EVS: -0.20012331969745012
