Model: GRU
MSE: 11.910348959350408
MAE: 3.0095216963026257
EVS: 0.08545147256658858
