Model: GRU
MSE: 28.68747839455004
MAE: 4.6969766970034
EVS: -1.7058711044187027
