Model: GRU
MSE: 20.163304716915768
MAE: 4.210626390245226
EVS: -0.14134156759658412
