Model: GRU
MSE: 14.941636075836128
MAE: 3.188123764815154
EVS: -0.2821609431062013
