Model: GRU
MSE: 29.634883365166825
MAE: 3.8453545327539795
EVS: -1.6192299239292849
