Model: GRU
MSE: 13.656772212210862
MAE: 3.0954126605281123
EVS: -0.0433128689648723
