Model: GRU
MSE: 25.753514068794598
MAE: 4.0451542580569235
EVS: -1.4106573839966483
