Model: GRU
MSE: 20.99398938663373
MAE: 3.9521167741881476
EVS: -0.9811022948340764
