Model: GRU
MSE: 13.00856930587381
MAE: 3.122903753209997
EVS: 0.04317767814328499
