Model: GRU
MSE: 22.39421910018843
MAE: 3.9189998926939786
EVS: -0.6469815315888698
