Model: GRU
MSE: 19.876122514937453
MAE: 2.786762405324865
EVS: -0.09782250919268543
