Model: GRU
MSE: 13.330638158058408
MAE: 3.232144832611084
EVS: 0.001322724375908746
