Model: GRU
MSE: 29.662706926868537
MAE: 4.397512954694253
EVS: -1.9039744983532758
