Model: GRU
MSE: 37.6593979248268
MAE: 4.91514155599806
EVS: -1.0696636830549804
