Model: GRU
MSE: 15.874818541166384
MAE: 3.3101946866070784
EVS: -0.553234197035348
