Model: GRU
MSE: 13.910543974994413
MAE: 2.8861043144155434
EVS: -0.30945092171708755
