Model: GRU
MSE: 489.5511242627891
MAE: 21.634223973309552
EVS: -0.20149149383663123
