Model: GRU
MSE: 23.830686589496786
MAE: 3.9566577319745666
EVS: -0.5881603140443079
