Model: GRU
MSE: 27.02845047432948
MAE: 4.594123008074583
EVS: -1.655776149104414
