Model: GRU
MSE: 12.664120359644462
MAE: 2.86603014115934
EVS: -0.20299809985023565
