Model: GRU
MSE: 13.886582880197905
MAE: 2.9226121836238437
EVS: -0.3334001136005731
