Model: GRU
MSE: 19.96426838966932
MAE: 3.3472261782045716
EVS: -0.05930532483594986
