Model: GRU
MSE: 19.893784760813165
MAE: 3.931628779128746
EVS: -0.48086570707668397
