Model: GRU
MSE: 32.13393333137505
MAE: 4.674353138164237
EVS: -0.5016425965283526
