Model: GRU
MSE: 11.889545785294468
MAE: 2.654068620116622
EVS: -0.14688099967559354
