Model: GRU
MSE: 19.009708814472756
MAE: 3.7826649171334727
EVS: -0.40280268513249995
