Model: GRU
MSE: 14.234974619436287
MAE: 3.1974736054738364
EVS: -0.49672329618076194
