Model: GRU
MSE: 34.745558752164825
MAE: 4.68117156514415
EVS: -0.7427527928771303
