Model: GRU
MSE: 14.808980159709494
MAE: 3.3389092959739544
EVS: -0.4314362213623364
