Model: GRU
MSE: 10.89732849584627
MAE: 2.658828523423937
EVS: 0.03501335184598586
