Model: GRU
MSE: 14.360987235128439
MAE: 3.1774125364091663
EVS: -0.3815903427261971
