Model: GRU
MSE: 18.672026015927738
MAE: 3.5790985072100603
EVS: -0.6546652138036666
