Model: GRU
MSE: 12.460692494678353
MAE: 2.648013538784451
EVS: -0.193507408529358
