Model: GRU
MSE: 21.86526508268022
MAE: 4.226613362630208
EVS: -0.08970797850088252
