Model: GRU
MSE: 18.469845701156256
MAE: 2.8295804306312844
EVS: 0.05262086579470926
