Model: GRU
MSE: 44.920488527271495
MAE: 5.335840521035371
EVS: -2.5918745236018372
