Model: GRU
MSE: 22.532391778724122
MAE: 3.9677217448199236
EVS: -0.7033588010396985
