Model: GRU
MSE: 23.905351950027175
MAE: 3.565163866237358
EVS: -0.2789671190107992
