Model: GRU
MSE: 13.97294431478809
MAE: 2.6620691352420383
EVS: -0.36586324884345545
