Model: GRU
MSE: 24.92948615396258
MAE: 3.935090453536422
EVS: -0.36931945207586026
