Model: GRU
MSE: 24.07460991007864
MAE: 3.3957055939568415
EVS: -0.34186994102339074
