Model: GRU
MSE: 19.69744681689467
MAE: 3.65338271856308
EVS: -0.7660983956255052
