Model: GRU
MSE: 18.75409560943939
MAE: 3.8828113432283753
EVS: -0.1667828924155712
