Model: GRU
MSE: 12.23045554712681
MAE: 2.7163846139554626
EVS: -0.17343919028265686
