Model: GRU
MSE: 21.856101410300695
MAE: 3.706132588563142
EVS: -0.09753546324828344
