Model: GRU
MSE: 12.636883167165914
MAE: 2.967216659475256
EVS: -0.16231972679983198
