Model: GRU
MSE: 10.099795066938636
MAE: 2.5724947629151522
EVS: 0.10490162789283386
