Model: GRU
MSE: 232.1166780682012
MAE: 10.534694530345776
EVS: -9.218714263202473
