Model: GRU
MSE: 14.94728248713858
MAE: 3.2527697969366005
EVS: -0.20711073367929367
