Model: GRU
MSE: 120.85286402094533
MAE: 8.829996894907069
EVS: -3.7886913837190157
