Model: GRU
MSE: 91.89156991556035
MAE: 6.958898954921299
EVS: -5.0352166575798005
