Model: GRU
MSE: 31.177040919244266
MAE: 4.466556747754415
EVS: -1.2793309151225971
