Model: GRU
MSE: 19.827548599890658
MAE: 4.056488796516701
EVS: -0.1754125964252169
