Model: GRU
MSE: 55.616952961663856
MAE: 6.217796312438117
EVS: -4.332568295652401
