Model: GRU
MSE: 19.367321214508426
MAE: 3.607191664201242
EVS: -0.8843070132654138
