Model: GRU
MSE: 25.792214239039208
MAE: 4.585444362075241
EVS: -0.3077331432245849
