Model: GRU
MSE: 13.054795239496682
MAE: 2.813006864653693
EVS: -0.22995726770573865
