Model: GRU
MSE: 21.021167576369457
MAE: 3.69066756411835
EVS: -0.9327516307563124
