Model: GRU
MSE: 13.59968411191662
MAE: 3.108005413302669
EVS: -0.28420733211625127
