Model: GRU
MSE: 26.41009747472488
MAE: 4.224677280143455
EVS: -1.5493650147105988
