Model: GRU
MSE: 14.736220345048517
MAE: 2.9210514757368298
EVS: -0.44839842048390643
