Model: GRU
MSE: 9.750528926651983
MAE: 2.6572956244150796
EVS: 0.14103801902274304
