Model: GRU
MSE: 15.44139316393489
MAE: 3.499223479518184
EVS: -0.11850964780453355
