Model: GRU
MSE: 35.31519922362345
MAE: 4.606356488333808
EVS: -3.0472466691784987
