Model: GRU
MSE: 11.673953622762442
MAE: 2.646672831641303
EVS: -0.10741523234917083
