Model: GRU
MSE: 28.043003491954483
MAE: 3.791263116730584
EVS: -0.4371746197392672
