Model: GRU
MSE: 86.11661367278195
MAE: 7.664839135275947
EVS: -4.6315879687433075
