Model: GRU
MSE: 19.6697654219707
MAE: 3.8709684477912054
EVS: 0.02245346791231806
