Model: GRU
MSE: 18.595778585690283
MAE: 2.8146404690212674
EVS: -0.0352945826541875
