Model: GRU
MSE: 19.266972189265683
MAE: 3.0786821047465005
EVS: -0.04693465639841632
