Model: GRU
MSE: 21.910397349505747
MAE: 3.197432476061362
EVS: -0.22221029960228433
