Model: GRU
MSE: 39.64283163254407
MAE: 5.207067639739425
EVS: -3.5653253764877055
