Model: GRU
MSE: 17.131947725979302
MAE: 3.434797551896837
EVS: -0.44508825784877115
