Model: GRU
MSE: 14.60922385605894
MAE: 3.045796831448873
EVS: -0.3612079474653431
