Model: GRU
MSE: 135.88842997045703
MAE: 8.48690222700437
EVS: -8.74585809105256
