Model: GRU
MSE: 18.622669369909385
MAE: 3.948723647329542
EVS: -0.19638359126518568
