Model: GRU
MSE: 9.483037735077005
MAE: 2.2728392945395575
EVS: 0.06934701306158142
