Model: GRU
MSE: 88.3053599373144
MAE: 6.44675189477426
EVS: -7.635299064143705
