Model: GRU
MSE: 17.098282499707164
MAE: 3.522863582328514
EVS: -0.8308318517213817
