Model: GRU
MSE: 224.82124882667026
MAE: 14.639070334257903
EVS: -0.03401499344776515
