Model: GRU
MSE: 61.626506417532795
MAE: 7.162918240935714
EVS: -0.014378402897403442
