Model: GRU
MSE: 39.702626364247074
MAE: 4.682823004545988
EVS: -2.635965749014624
