Model: GRU
MSE: 22.31624480270434
MAE: 3.6421789858076306
EVS: -0.23870564929668525
