Model: GRU
MSE: 20.71093822502127
MAE: 4.024350938973604
EVS: -1.0276962865369534
