Model: GRU
MSE: 21.96196160213702
MAE: 4.190837692331384
EVS: -0.40984840119686883
