Model: GRU
MSE: 23.3243280681899
MAE: 4.193863484594557
EVS: -1.3871861438833832
