Model: GRU
MSE: 28.787826259645627
MAE: 4.9230893982781305
EVS: -0.2816506767253808
