Model: GRU
MSE: 12.821783201600898
MAE: 2.995521730846829
EVS: -0.09208776914544958
