Model: GRU
MSE: 13.579470644058638
MAE: 2.8976383959805525
EVS: -0.32399383589984043
