Model: GRU
MSE: 22.152384204325948
MAE: 3.343963466308735
EVS: 0.03989589902122692
