Model: GRU
MSE: 22.373042409570207
MAE: 3.5903298181516154
EVS: -0.16615597326910425
