Model: GRU
MSE: 13.520274220050501
MAE: 2.7905803940914296
EVS: -0.32572589684450204
