Model: GRU
MSE: 20.41113350298214
MAE: 4.192502074771458
EVS: -0.2659064812881762
