Model: GRU
MSE: 29.356749667944214
MAE: 4.940479914347331
EVS: -0.9382350731448028
