Model: GRU
MSE: 5927.797046936158
MAE: 76.92609575059679
EVS: 2.220446049250313e-16
