Model: GRU
MSE: 27.669558261583703
MAE: 4.35879295402103
EVS: -1.6921511032216654
