Model: GRU
MSE: 536.1770574499291
MAE: 22.676510563603156
EVS: -0.22614795688473022
