Model: GRU
MSE: 20.328781444169223
MAE: 3.7006356153223248
EVS: -0.8852396479103652
