Model: GRU
MSE: 17.283072222965956
MAE: 3.530311142956769
EVS: -0.6739022982917593
