Model: GRU
MSE: 24.793628672405113
MAE: 4.401414941858362
EVS: -1.4139850853686142
