Model: GRU
MSE: 32.09989338087358
MAE: 4.165745543109046
EVS: -0.46103051509839843
