Model: GRU
MSE: 23.431847470331824
MAE: 3.7711510828563144
EVS: -0.14673442205408582
