Model: GRU
MSE: 19.92073804505903
MAE: 3.8751536475287542
EVS: -0.9340715632214156
