Model: GRU
MSE: 25.317264377559166
MAE: 4.474760603021692
EVS: -0.2968444291328747
