Model: GRU
MSE: 32.95895966050901
MAE: 4.441117755792759
EVS: -0.7456229635450691
