Model: GRU
MSE: 10.658043068252937
MAE: 2.6428742585358798
EVS: 0.009124188675487144
