Model: GRU
MSE: 32.21502794272293
MAE: 4.654213750803912
EVS: -0.6199985697672712
