Model: GRU
MSE: 15.709685261502898
MAE: 3.2061987188127308
EVS: -0.5324569955168186
