Model: GRU
MSE: 22.522877391155724
MAE: 3.8218624503524214
EVS: -0.03553599198399482
