Model: GRU
MSE: 40.01747061830955
MAE: 4.978822276548103
EVS: -2.1394794126384276
