Model: GRU
MSE: 33.26583298889915
MAE: 4.980051204010293
EVS: -2.1486604211957276
