Model: GRU
MSE: 76.88063167282134
MAE: 7.624696056048076
EVS: -0.04695401609254146
