Model: GRU
MSE: 10.457787576886647
MAE: 2.549892443197745
EVS: 0.01263166146205863
