Model: GRU
MSE: 22.056302418993567
MAE: 3.9065854637711137
EVS: -0.6152603683451063
