Model: GRU
MSE: 17.89739545640148
MAE: 3.81095822652181
EVS: -0.13595866138231116
