Model: GRU
MSE: 106.38019043189522
MAE: 8.685598757531908
EVS: -2.467687052927779
