Model: GRU
MSE: 23.513502771844337
MAE: 3.637369253017284
EVS: -0.31135921722291937
