Model: GRU
MSE: 45.47867590115865
MAE: 4.133241582799841
EVS: -3.470501561416347
