Model: GRU
MSE: 1895.588090375553
MAE: 43.40556561505353
EVS: -0.1348811711646729
