Model: GRU
MSE: 22.23845482040254
MAE: 4.443276864510995
EVS: 0.0034689600337505233
