Model: GRU
MSE: 23.323441939616764
MAE: 3.2368373605940075
EVS: -0.24680964193502009
