Model: GRU
MSE: 14.692368847523783
MAE: 3.312781148486667
EVS: -0.15805908334266872
