Model: GRU
MSE: 12.45133582435823
MAE: 2.8391047936898692
EVS: 0.0005262600500350878
