Model: GRU
MSE: 18.118727818337735
MAE: 3.715422343324732
EVS: -0.7810250352819632
