Model: GRU
MSE: 18.613928215481828
MAE: 3.1105457323568837
EVS: -0.03474864258768928
