Model: GRU
MSE: 15.503118544331315
MAE: 3.204037079104671
EVS: -0.5147723134795443
