Model: GRU
MSE: 20.566598193222667
MAE: 3.686850951777564
EVS: -0.8213516022682033
