Model: GRU
MSE: 14.486192973984641
MAE: 3.2853625460907265
EVS: -0.3862313954155334
