Model: GRU
MSE: 23.14622492185828
MAE: 3.902651963410554
EVS: -0.0913955532000783
