Model: GRU
MSE: 37.33129337823795
MAE: 4.912962507318567
EVS: -0.8851892757799935
