Model: GRU
MSE: 20.377194420317007
MAE: 3.625461514349337
EVS: -0.8790014493452283
