Model: GRU
MSE: 40.39713947605569
MAE: 5.083500650193956
EVS: -2.069997265641985
