Model: GRU
MSE: 10.347286784415914
MAE: 2.2077823126757585
EVS: -0.011996536488737775
