Model: GRU
MSE: 179.1892278193918
MAE: 12.97998931672838
EVS: -0.05271543412344748
