Model: GRU
MSE: 20.38360477890241
MAE: 3.9309821746967457
EVS: -0.6313214090305435
