Model: GRU
MSE: 19.969717560908503
MAE: 3.9526053887826427
EVS: -0.31152467635562897
