Model: GRU
MSE: 16.042567333313894
MAE: 3.1743121494849524
EVS: -0.7933182973077562
