Model: GRU
MSE: 19.737541764873363
MAE: 3.277569532394409
EVS: -0.0996531571839101
