Model: GRU
MSE: 13.443850996602107
MAE: 3.088054445054796
EVS: -0.13718327063178926
