Model: GRU
MSE: 20.164196557744365
MAE: 3.6061360659422697
EVS: -0.9134744568665882
