Model: GRU
MSE: 18.24303748888838
MAE: 3.6525869877250106
EVS: -0.7917341335591281
