Model: GRU
MSE: 40.603239501236786
MAE: 4.96221015519566
EVS: -1.1350291399411527
