Model: GRU
MSE: 13.624355494192727
MAE: 2.862520363595751
EVS: -0.3364536254254773
