Model: GRU
MSE: 24.141802236153225
MAE: 4.233789514612268
EVS: -0.24251352786160907
