Model: GRU
MSE: 329.02756596012694
MAE: 12.71446786986457
EVS: -23.400463261678222
