Model: GRU
MSE: 53.12056899753519
MAE: 5.988075477736337
EVS: -1.509996712199098
