Model: GRU
MSE: 16.900158537491304
MAE: 3.5795916274741844
EVS: -0.19211879806649068
