Model: GRU
MSE: 23.675555614713648
MAE: 3.7764625781112247
EVS: -0.3142862710212757
