Model: GRU
MSE: 54.41438272862032
MAE: 3.724492722087436
EVS: -3.980741597968829
