Model: GRU
MSE: 24.28307668095132
MAE: 3.842846146336308
EVS: -0.21606657269072493
