Model: GRU
MSE: 11.02354458344995
MAE: 2.5315874682532415
EVS: -0.06594007899406717
