Model: GRU
MSE: 14.015318651117648
MAE: 3.1675181300551802
EVS: -0.3739798518998889
