Model: GRU
MSE: 11.14527642528296
MAE: 2.7072774834103055
EVS: -0.0976104656902479
