Model: GRU
MSE: 193.09268561488068
MAE: 9.308849537814105
EVS: -14.055715040706142
