Model: GRU
MSE: 16.78429841012669
MAE: 2.5213667021857367
EVS: 0.06286640357449402
