Model: GRU
MSE: 13.447108672127934
MAE: 2.844738898453889
EVS: -0.583306095508743
