Model: GRU
MSE: 27.514728827585184
MAE: 4.007751879868684
EVS: -2.2643176084568317
