Model: GRU
MSE: 29.08299951799909
MAE: 3.851343773029469
EVS: -0.6147695626170167
