Model: GRU
MSE: 22.845678257598586
MAE: 4.042270892196232
EVS: -1.2420600503101187
