Model: GRU
MSE: 32.82613410333535
MAE: 4.815493256957443
EVS: -0.7357984264009851
