Model: GRU
MSE: 14.745766491998284
MAE: 3.1239200168185763
EVS: -0.18973905823851056
