Model: GRU
MSE: 16.75493584093553
MAE: 3.0869514324046947
EVS: -0.6099641251231647
