Model: GRU
MSE: 12.939320939273998
MAE: 3.0725395856080233
EVS: -0.21418846359304888
