Model: GRU
MSE: 12.673984697975426
MAE: 2.6500057026191994
EVS: -0.23460117591993002
