Model: GRU
MSE: 25.57348417570725
MAE: 4.263216340983355
EVS: -1.3379152509142513
