Model: GRU
MSE: 176.13798385199135
MAE: 8.948614336826184
EVS: -17.39387196620792
