Model: GRU
MSE: 15.128440903420714
MAE: 3.1950850310149015
EVS: -0.45234891935397825
