Model: GRU
MSE: 24.651607650161868
MAE: 3.871291864801336
EVS: -0.8100862397767163
