Model: GRU
MSE: 26.93392827194917
MAE: 4.207191484945792
EVS: -0.27456120323293853
