Model: GRU
MSE: 19.517037418849853
MAE: 3.7785702546437583
EVS: -0.6948124694453222
