Model: GRU
MSE: 12.292064382209373
MAE: 2.6432215814237243
EVS: -0.18068867443756553
