Model: GRU
MSE: 20.51740258027942
MAE: 3.658685694138209
EVS: -0.9794132699201474
