Model: GRU
MSE: 25.867864920174693
MAE: 4.3132215473386974
EVS: -0.8169635390580505
