Model: GRU
MSE: 54.91771604052605
MAE: 6.824468815768206
EVS: -0.024768345260142155
