Model: GRU
MSE: 17.834080000649582
MAE: 3.7862747686880605
EVS: -0.09140513533118555
