Model: GRU
MSE: 12.05811651478388
MAE: 2.833452107729735
EVS: -0.17779862049572226
