Model: GRU
MSE: 3464.7992800553884
MAE: 58.73732580457415
EVS: 0.1635835319833422
