Model: GRU
MSE: 13.642641145860008
MAE: 3.10169674732067
EVS: -0.12454398475296125
