Model: GRU
MSE: 17.47913340167665
MAE: 3.7124249515710055
EVS: -0.46566898736213647
