Model: GRU
MSE: 29.433723927154134
MAE: 4.6067807409498425
EVS: -0.20348516932877647
