Model: GRU
MSE: 64.83702874565122
MAE: 6.217112260836142
EVS: -2.346626033660912
