Model: GRU
MSE: 30.75266402281504
MAE: 4.49575040296272
EVS: -0.5786301451765077
