Model: GRU
MSE: 109.69608219803784
MAE: 7.92656871786824
EVS: -4.054399657603342
