Model: GRU
MSE: 28.506033633289984
MAE: 4.0155421804498745
EVS: -0.5499852233710156
