Model: GRU
MSE: 10.255024098477408
MAE: 2.596796168221368
EVS: 0.07084154616276672
