Model: GRU
MSE: 17.696280170757746
MAE: 3.7442260318332248
EVS: -0.14934969101470386
