Model: GRU
MSE: 9.050525196983926
MAE: 2.266757541232639
EVS: 0.13341869986634425
