Model: GRU
MSE: 22.46499267254124
MAE: 3.018917957941691
EVS: -0.23280383374050695
