Model: GRU
MSE: 19.609785044656512
MAE: 3.759175839247527
EVS: -0.8813378663508367
