Model: GRU
MSE: 23.980483741265466
MAE: 4.208220420060335
EVS: -0.6952347858608916
