Model: GRU
MSE: 27.207257045364255
MAE: 4.020896364141394
EVS: -0.46247315707241765
