Model: GRU
MSE: 9.650810697448108
MAE: 2.551233079698351
EVS: 0.1095927720323786
