Model: GRU
MSE: 72.41191417150105
MAE: 6.502342025438945
EVS: -1.7651633375769036
