Model: GRU
MSE: 44.54308389080725
MAE: 4.98333982847355
EVS: -3.3786142555249397
