Model: GRU
MSE: 31.621018052072063
MAE: 4.281701238067062
EVS: -2.033556083907884
