Model: GRU
MSE: 10.542129418903137
MAE: 2.5473296907213
EVS: 0.0063049974873622405
