Model: GRU
MSE: 20.325062751680964
MAE: 3.759280138545566
EVS: -0.9296133211727866
