Model: GRU
MSE: 13.184601280823749
MAE: 2.889999177720812
EVS: -0.20294572774071895
