Model: GRU
MSE: 35.65878098283528
MAE: 5.033488619106787
EVS: -0.557565383958921
