Model: GRU
MSE: 12.100318324000161
MAE: 2.730678160985311
EVS: -0.16071435114276067
