Model: GRU
MSE: 22.459598318381992
MAE: 4.122633121631764
EVS: -0.7532917980283653
