Model: GRU
MSE: 22.16932148175417
MAE: 3.1906194951799183
EVS: -0.23298334196866866
