Model: GRU
MSE: 59.54690440179519
MAE: 4.9375264556319625
EVS: -4.7651385210476
