Model: GRU
MSE: 671.7922757805272
MAE: 20.590770506433078
EVS: -17.59974569005823
