Model: GRU
MSE: 100.88290582085298
MAE: 6.98733017179701
EVS: -7.597506171987593
