Model: GRU
MSE: 12.720565279075116
MAE: 2.731218108424434
EVS: -0.19170716049679393
