Model: GRU
MSE: 14.94174612879277
MAE: 3.2487125396728516
EVS: -0.23603071937351627
