Model: GRU
MSE: 19.33932604527731
MAE: 4.037435319688585
EVS: -0.19443153205373287
