Model: GRU
MSE: 1467.4441166267816
MAE: 38.13763357091833
EVS: -0.2744742733115544
