Model: GRU
MSE: 168.9373460252162
MAE: 10.161860898688987
EVS: -4.873103787886088
