Model: GRU
MSE: 475.3196315720503
MAE: 21.550249947441948
EVS: -0.07210565626350296
