Model: GRU
MSE: 22.589830684556325
MAE: 4.476860364278157
EVS: 0.052247725140704304
