Model: GRU
MSE: 17.194177634765268
MAE: 3.691079616546631
EVS: -0.08829705223710071
