Model: GRU
MSE: 18.85675876513096
MAE: 3.507173487433681
EVS: -0.8405676268310376
