Model: GRU
MSE: 23.925201557848123
MAE: 3.8018712997436523
EVS: -0.20722480628706297
