Model: GRU
MSE: 11.015023492203124
MAE: 2.5393722631313183
EVS: -0.07011470623073013
