Model: GRU
MSE: 21.000495322545156
MAE: 3.625076346927219
EVS: -0.04595164438657906
