Model: GRU
MSE: 28.680012045057907
MAE: 4.859625851666486
EVS: -0.44180418293520773
