Model: GRU
MSE: 79.48540373637479
MAE: 6.795853658958718
EVS: -3.3209202227304466
