Model: GRU
MSE: 16.177817288059014
MAE: 3.437469906277127
EVS: -0.283632967687258
