Model: GRU
MSE: 18.04233716713709
MAE: 3.8379200829399958
EVS: -0.25673444963095626
