Model: GRU
MSE: 15.949911705893841
MAE: 3.523061575712981
EVS: -0.2301512234121581
