Model: GRU
MSE: 12.091803340830442
MAE: 2.670674725815102
EVS: -0.1577961224775446
