Model: GRU
MSE: 21.88963453797801
MAE: 3.81540964267872
EVS: -0.06347611264374997
