Model: GRU
MSE: 10.539553433124908
MAE: 2.3015492757161455
EVS: -0.022775324460408752
