Model: GRU
MSE: 13.105991221333044
MAE: 3.1002058188120523
EVS: -0.033885511814958136
