Model: GRU
MSE: 9.808802918731882
MAE: 2.3767776136045105
EVS: 0.08614975423328153
