Model: GRU
MSE: 22.118761710850396
MAE: 4.09849915239546
EVS: -0.8599772982353511
