Model: GRU
MSE: 20.75056925425068
MAE: 3.687021358145608
EVS: -0.9107929539958306
