Model: GRU
MSE: 30.228524121371056
MAE: 4.564790045773542
EVS: -1.884020373852973
