Model: GRU
MSE: 16.474598491712154
MAE: 3.6801161942658602
EVS: 0.03552228702565785
