Model: GRU
MSE: 341.1704775814601
MAE: 13.53599594257496
EVS: -21.27416571906829
