Model: GRU
MSE: 328.23258077077037
MAE: 14.140683328663862
EVS: -14.862196280751963
