Model: GRU
MSE: 18.74964831315851
MAE: 3.7194074436470315
EVS: -0.5004729988732297
