Model: GRU
MSE: 77.06364745553692
MAE: 7.387225239365189
EVS: -1.2201142393785775
