Model: GRU
MSE: 934.0684748967627
MAE: 30.363372590806748
EVS: -0.19279182584618715
