Model: GRU
MSE: 12.439762993931263
MAE: 2.860763355537697
EVS: -0.18027610832588792
