Model: GRU
MSE: 21.738476677417843
MAE: 4.009346299701267
EVS: -0.6384370422553278
