Model: GRU
MSE: 13.893622377567201
MAE: 3.281692275294551
EVS: -0.0061735693066942154
