Model: GRU
MSE: 13.54314574507941
MAE: 3.0180655232182256
EVS: -0.14676200367621028
