Model: GRU
MSE: 22.211360839525387
MAE: 3.5483858210069164
EVS: -1.1711972764498793
