Model: GRU
MSE: 25.76103753426142
MAE: 4.737895047223127
EVS: -0.2330497012723689
