Model: GRU
MSE: 20.203639046591647
MAE: 4.064213278117003
EVS: -0.8371374183217215
