Model: GRU
MSE: 10.634309731448386
MAE: 2.682808187272814
EVS: 0.017025130341120076
