Model: GRU
MSE: 11.206706878666822
MAE: 2.5829534707246005
EVS: -0.09337566578672263
