Model: GRU
MSE: 36.20949523043916
MAE: 5.099173704783122
EVS: -0.5180092198551864
