Model: GRU
MSE: 170.4051221369774
MAE: 9.653315826698586
EVS: -6.084337255067781
