Model: GRU
MSE: 20.579339867894404
MAE: 3.7349340562467224
EVS: -0.570443894801437
