Model: GRU
MSE: 350.8213248390174
MAE: 18.435246714839227
EVS: -0.07767387811186666
