Model: GRU
MSE: 42.02807655137476
MAE: 4.873397756505896
EVS: -0.9948156732090874
