Model: GRU
MSE: 15.317806144009262
MAE: 2.9987982202459267
EVS: -0.45668525651346337
