Model: GRU
MSE: 135.2064929168383
MAE: 8.460367287908282
EVS: -4.17809326347871
