Model: GRU
MSE: 23.070916296972634
MAE: 3.624720330591555
EVS: -0.17415348300482458
