Model: GRU
MSE: 21.004564214000514
MAE: 4.244240902088307
EVS: 0.2596843793314767
