Model: GRU
MSE: 36.839957216487655
MAE: 5.19346132101836
EVS: -0.8262635702947385
