Model: GRU
MSE: 31.243620322165686
MAE: 4.458738737636143
EVS: -0.5399177516418405
