Model: GRU
MSE: 362.7350019220957
MAE: 18.480193879869248
EVS: -0.18506825816953798
