Model: GRU
MSE: 270.0886558400146
MAE: 16.176677068074543
EVS: -0.0320673659120887
