Model: GRU
MSE: 29.769816352556628
MAE: 4.544544142705423
EVS: -2.4450687406118443
