Model: GRU
MSE: 30.911184111681997
MAE: 4.714672812709102
EVS: -1.7970725550834326
