Model: GRU
MSE: 18.368914234378188
MAE: 3.0567388704844882
EVS: 0.0018175738400321162
