Model: GRU
MSE: 16.288219935361095
MAE: 3.619492764826174
EVS: -0.3029254737974443
