Model: GRU
MSE: 11.54723900972484
MAE: 2.645454857084486
EVS: -0.10587751405963752
