Model: GRU
MSE: 24.783653011704995
MAE: 4.141183729524966
EVS: -0.14254786489562954
