Model: GRU
MSE: 12.342791351082367
MAE: 2.7775142634356462
EVS: -0.21286662115233312
