Model: GRU
MSE: 34.58650548499156
MAE: 5.119318677319421
EVS: -0.9017711900096514
