Model: GRU
MSE: 13.707410191807261
MAE: 3.209352493286133
EVS: 0.015924415209936482
