Model: GRU
MSE: 16.046036749620313
MAE: 3.4082809554206
EVS: -0.22905159389328245
