Model: GRU
MSE: 11.878694743633686
MAE: 2.9409861388029874
EVS: -0.0008741714547699786
