Model: GRU
MSE: 13.376905371736518
MAE: 3.272360916490908
EVS: -0.023840245511898672
