Model: GRU
MSE: 18.37199507984928
MAE: 3.622266177777891
EVS: -0.7945482639699628
