Model: GRU
MSE: 10.285114965041963
MAE: 2.203923340196963
EVS: 0.1851505845004806
