Model: GRU
MSE: 11.993658976264797
MAE: 2.889643766261913
EVS: -0.024645788637474242
