Model: GRU
MSE: 22.239578202778475
MAE: 3.7371689478556314
EVS: -0.11994437050255113
