Model: GRU
MSE: 13.55292058882716
MAE: 2.8843604458702936
EVS: -0.296413417180053
