Model: GRU
MSE: 16.688133368754045
MAE: 3.5422548011497215
EVS: -0.24147628414921307
