Model: GRU
MSE: 14.131128735087376
MAE: 3.263748601630882
EVS: -0.01201193325195593
