Model: GRU
MSE: 23.35209820703281
MAE: 4.03331164960508
EVS: -0.002114182695968747
