Model: GRU
MSE: 12.619088800240577
MAE: 2.824378896642614
EVS: -0.16662002717717805
