Model: GRU
MSE: 305.0718667540066
MAE: 17.157847722371418
EVS: -0.04986697995577427
