Model: GRU
MSE: 27.866288405634684
MAE: 4.210345493422614
EVS: -1.4363982290281743
