Model: GRU
MSE: 117.19411786709288
MAE: 8.026018372288457
EVS: -6.915852601411348
