Model: GRU
MSE: 28.948969319867356
MAE: 4.319779191698347
EVS: -0.4209383741057289
