Model: GRU
MSE: 14.843078344708761
MAE: 3.3795019079137734
EVS: -0.1358476682550982
