Model: GRU
MSE: 19.522844695643176
MAE: 3.899177215717457
EVS: -0.35759930181570976
