Model: GRU
MSE: 58.617918371382274
MAE: 5.679519725066644
EVS: -3.2727134553069313
