Model: GRU
MSE: 22.38950992542043
MAE: 4.111837908073708
EVS: -0.5356951622955599
