Model: GRU
MSE: 13.28996095383649
MAE: 2.9871646386605724
EVS: -0.21097677206615595
