Model: GRU
MSE: 16.109038039839177
MAE: 3.4276513523525662
EVS: -0.3632877646801238
