Model: GRU
MSE: 21.177438687881697
MAE: 3.6844432618882923
EVS: -0.04871678991310002
