Model: GRU
MSE: 133.68570549320216
MAE: 6.666642586390178
EVS: -6.40311939536825
