Model: GRU
MSE: 14.968485938137379
MAE: 3.4430989645145558
EVS: -0.4657167472946038
