Model: GRU
MSE: 64.02180921232818
MAE: 6.403612966890688
EVS: -4.074670992740285
