Model: GRU
MSE: 60.69780312059569
MAE: 5.893438043417754
EVS: -1.7910777760268508
