Model: GRU
MSE: 49.049920164734665
MAE: 5.268691160060741
EVS: -3.1185305942838095
