Model: GRU
MSE: 17.4076627305227
MAE: 3.0884554739351624
EVS: 0.05442140528838513
