Model: GRU
MSE: 22.314097170220883
MAE: 4.194625342333758
EVS: -0.014491300201863844
