Model: GRU
MSE: 20.71008551573918
MAE: 4.134524539664939
EVS: -0.16430385839260309
