Model: GRU
MSE: 14.791100974391123
MAE: 3.3038160182811596
EVS: -0.20048232383968756
