Model: GRU
MSE: 11.869632220913411
MAE: 2.626561164855957
EVS: -0.16678187618921014
