Model: GRU
MSE: 10.25660123353852
MAE: 2.479013959566752
EVS: -0.008141742159784027
