Model: GRU
MSE: 22.026761781925902
MAE: 3.593721531055592
EVS: -0.15386416255162283
