Model: GRU
MSE: 24.60132587724436
MAE: 4.665985213385688
EVS: -0.11479252575190801
