Model: GRU
MSE: 19.81522664380329
MAE: 4.138839801152547
EVS: -0.3619965739719557
