Model: GRU
MSE: 14.489467005693292
MAE: 3.358736201568886
EVS: -0.32849072867727447
