Model: GRU
MSE: 22.255366289517877
MAE: 3.6667744142037852
EVS: -0.0915971180010875
