Model: GRU
MSE: 85.92118354486212
MAE: 7.111643817689684
EVS: -2.836846078167791
