Model: GRU
MSE: 792.7465568836707
MAE: 27.94179852803548
EVS: -0.17985267486642664
