Model: GRU
MSE: 45.723293446125474
MAE: 5.232736861264264
EVS: -1.3969111796165024
