Model: GRU
MSE: 13.328356427620102
MAE: 2.972074857464543
EVS: -0.19642423520424823
