Model: GRU
MSE: 11.397155673887015
MAE: 2.532391588996958
EVS: -0.10478953251083079
