Model: GRU
MSE: 22.26947427949928
MAE: 4.142451105294405
EVS: -1.189110100103675
