Model: GRU
MSE: 10.671149863987527
MAE: 2.5838732101299144
EVS: -0.047970335582792956
