Model: GRU
MSE: 10.380639505361277
MAE: 2.591004760177047
EVS: 0.08080248645487353
