Model: GRU
MSE: 12.285121350129518
MAE: 2.920180983013577
EVS: -0.19000607653868773
