Model: GRU
MSE: 95.6388578973876
MAE: 7.408459817921674
EVS: -7.697691760166883
