Model: GRU
MSE: 21.24073185356565
MAE: 4.102902249053672
EVS: -1.0258143655008984
