Model: GRU
MSE: 30.587534456560206
MAE: 3.974499157496861
EVS: -0.7260920626294116
