Model: GRU
MSE: 158.6743037806496
MAE: 8.413020586525953
EVS: -10.983067078171771
