Model: GRU
MSE: 28.431046961143096
MAE: 4.433020914042437
EVS: -1.6669515265466806
