Model: GRU
MSE: 16.900005812934236
MAE: 3.6918100780910916
EVS: 0.06840959047363826
