Model: GRU
MSE: 14.08934874857863
MAE: 3.100955442146019
EVS: -0.363248930122003
