Model: GRU
MSE: 12.460250358358916
MAE: 2.5896675145184553
EVS: -0.4331658330379471
