Model: GRU
MSE: 29.055677063730734
MAE: 4.217287452132614
EVS: -1.3669766497170408
