Model: GRU
MSE: 11.02043960651952
MAE: 2.7319019635518393
EVS: -0.005153186889961914
