Model: GRU
MSE: 35.108276125506244
MAE: 5.117691181324147
EVS: -0.3439963794540377
