Model: GRU
MSE: 13.937951948515884
MAE: 3.0933716738665544
EVS: -0.0940460169073627
