Model: GRU
MSE: 10.325414726475023
MAE: 2.6422362150969327
EVS: 0.1622355837548055
