Model: GRU
MSE: 25.550384721671435
MAE: 3.790589526847557
EVS: -0.2388497128033018
