Model: GRU
MSE: 27.30128734287752
MAE: 4.715127503430402
EVS: -0.2531088303864668
