Model: GRU
MSE: 25.333420039419828
MAE: 4.173292189836502
EVS: -0.2598287189981465
