Model: GRU
MSE: 35.7091953064369
MAE: 5.0627883054592
EVS: -2.430714830742809
