Model: GRU
MSE: 36.80713416831523
MAE: 5.355590537742332
EVS: -0.8436702271305787
