Model: GRU
MSE: 38.48533202411144
MAE: 4.802697627632706
EVS: -1.6707985353411083
