Model: GRU
MSE: 61.30324547382501
MAE: 6.256574825004295
EVS: -1.8666474855959851
