Model: GRU
MSE: 61.87248102819046
MAE: 5.899162469086824
EVS: -2.3759545013669254
