Model: GRU
MSE: 25.013236080842987
MAE: 4.096793474974455
EVS: -0.17382907933504033
