Model: GRU
MSE: 12.760073615628993
MAE: 2.960839472435139
EVS: -0.1623620518173623
