Model: GRU
MSE: 27.213815621682475
MAE: 3.8224931557973227
EVS: -0.406331873942249
