Model: GRU
MSE: 106.44494788834625
MAE: 7.397330796277082
EVS: -3.824651081801518
