Model: GRU
MSE: 16.806418587648466
MAE: 3.4912222579673484
EVS: -0.641707304208629
