Model: GRU
MSE: 109.78217934052257
MAE: 7.68382074214794
EVS: -6.064326513227507
