Model: GRU
MSE: 12.605790604502111
MAE: 2.876854353480869
EVS: -0.4775619869050005
