Model: GRU
MSE: 22.69079842013829
MAE: 3.825797575491446
EVS: -1.0930491357256682
