Model: GRU
MSE: 17.604063499164905
MAE: 3.499356276459164
EVS: -1.1371761582684026
