Model: GRU
MSE: 14.33464657378955
MAE: 3.311188432905409
EVS: -0.07004812020888629
