Model: GRU
MSE: 25.206939954680657
MAE: 3.739178286658393
EVS: -0.40182697627501374
