Model: GRU
MSE: 17.03011046487436
MAE: 3.580365189799556
EVS: -0.34438067113992754
