Model: GRU
MSE: 14.637615552212107
MAE: 2.9384235982541687
EVS: -0.41642314381262513
