Model: GRU
MSE: 14.614690610548735
MAE: 2.8429505427678428
EVS: -0.7926061989520254
