Model: GRU
MSE: 16.07211055347951
MAE: 3.381598675692523
EVS: -0.3811763233003944
