Model: GRU
MSE: 504.2699586865549
MAE: 21.996657724733705
EVS: -0.1403615201060444
