Model: GRU
MSE: 18.792133665616635
MAE: 3.1489119706330477
EVS: -0.03860547724707053
