Model: GRU
MSE: 20.716595455149932
MAE: 2.856500678592258
EVS: -0.15704056711210956
