Model: GRU
MSE: 14.293120289861305
MAE: 3.2886303530799017
EVS: -0.17129089279561072
