Model: GRU
MSE: 23.18427743125164
MAE: 3.544323960940043
EVS: -0.9564688645555834
