Model: GRU
MSE: 12.656731653127489
MAE: 2.755100541644626
EVS: -0.22925125649558664
