Model: GRU
MSE: 60.781359453366
MAE: 5.5268054626606125
EVS: -4.837174855969585
