Model: GRU
MSE: 53.742281907299606
MAE: 6.333439376619127
EVS: -5.015429506910338
