Model: GRU
MSE: 17.37469627220475
MAE: 3.6190160557075783
EVS: -0.43381790500630113
