Model: GRU
MSE: 18.151191957638595
MAE: 3.6875889742815935
EVS: -0.33316655043594756
