Model: GRU
MSE: 15.573733592543729
MAE: 3.640182230207655
EVS: 0.10318130394079306
