Model: GRU
MSE: 19.10357116582225
MAE: 3.610585294387959
EVS: -0.8592424353710089
