Model: GRU
MSE: 22.6369717681571
MAE: 4.361733418923837
EVS: -0.11358501851328451
