Model: GRU
MSE: 46.75500364702897
MAE: 5.140705020339401
EVS: -4.378727171937394
