Model: GRU
MSE: 16.06989030308861
MAE: 3.2500047153896756
EVS: -0.5775483383622437
