Model: GRU
MSE: 28.453455498605383
MAE: 4.674311399459839
EVS: -0.36681794915442434
