Model: GRU
MSE: 78.91243802644495
MAE: 7.809445653642927
EVS: -0.0181263016479134
