Model: GRU
MSE: 20.18460173983599
MAE: 4.0083353607742875
EVS: -0.14150576722853003
