Model: GRU
MSE: 522.1690944948215
MAE: 22.59881485833062
EVS: -0.12679075362991177
