Model: GRU
MSE: 11.445106912481387
MAE: 2.597696163036205
EVS: -0.06336184752194574
