Model: GRU
MSE: 15.997274003866979
MAE: 3.3252558377054005
EVS: -0.5709439055986743
