Model: GRU
MSE: 12.110982088358927
MAE: 2.898278505713851
EVS: -0.0955157685331034
