Model: GRU
MSE: 24.32650721834898
MAE: 3.760541977705779
EVS: -0.250377686908658
