Model: GRU
MSE: 41.74930191081438
MAE: 4.559905295018797
EVS: -1.1767149465463476
