Model: GRU
MSE: 23.553941944285516
MAE: 3.70034682309186
EVS: -0.20816944400501036
