Model: GRU
MSE: 16.42171840528552
MAE: 3.5116274533448397
EVS: -0.3586149592666006
