Model: GRU
MSE: 19.404789901229815
MAE: 3.1518176396687827
EVS: -0.08290165470519284
