Model: GRU
MSE: 12.31715968710234
MAE: 2.6556535870940596
EVS: -0.1679403620626405
