Model: GRU
MSE: 25.598987924199914
MAE: 4.312512313878095
EVS: -2.127407832073466
