Model: GRU
MSE: 22.254057188363614
MAE: 3.396728515625
EVS: -0.19647952060813778
