Model: GRU
MSE: 15.345503432115517
MAE: 3.4811419204429344
EVS: -0.09485445972040862
