Model: GRU
MSE: 236.0667133854075
MAE: 12.295835891255626
EVS: -14.330801956733517
