Model: GRU
MSE: 14.145675935742316
MAE: 2.9862042179814092
EVS: -0.29856977296982046
