Model: GRU
MSE: 18.93227890897699
MAE: 3.168236361609565
EVS: -0.05739882701466237
