Model: GRU
MSE: 11.164471028305453
MAE: 2.4488297745033547
EVS: -0.052723072034454255
