Model: GRU
MSE: 16.915777836455863
MAE: 3.4637448169566967
EVS: -0.35751111686546055
