Model: GRU
MSE: 47.863915426740455
MAE: 5.546623737723739
EVS: -3.374064678147575
