Model: GRU
MSE: 9.097298384760869
MAE: 1.8410755263434515
EVS: 0.14083839289773648
