Model: GRU
MSE: 351.81096727374955
MAE: 13.230889660340768
EVS: -22.96421841388667
