Model: GRU
MSE: 69.31821631452739
MAE: 5.402894779487893
EVS: -5.738217911562697
