Model: GRU
MSE: 15.296150549029177
MAE: 3.169169893971196
EVS: -0.2963704336891606
