Model: GRU
MSE: 9.817253435808057
MAE: 2.438500572133947
EVS: 0.07035656908288135
