Model: GRU
MSE: 17.796262560012817
MAE: 3.174975006668656
EVS: -0.6885637944798411
