Model: GRU
MSE: 12.359118152688094
MAE: 2.62601559471201
EVS: -0.21415007776112516
