Model: GRU
MSE: 16.695409799248065
MAE: 3.066269318262736
EVS: 0.17914449717324754
