Model: GRU
MSE: 11.652368424463509
MAE: 2.7971267346982605
EVS: 0.014841372614627701
