Model: GRU
MSE: 35.21071594341246
MAE: 5.102442304293315
EVS: -2.4523284980452518
