Model: GRU
MSE: 32.329337355739874
MAE: 4.481384339155974
EVS: -1.8147488591414405
