Model: GRU
MSE: 1944.1118001788413
MAE: 43.81613102665654
EVS: -0.3549202285146116
