Model: GRU
MSE: 16.13752557475888
MAE: 3.5340060128106012
EVS: -0.14754246519589387
