Model: GRU
MSE: 27.215655427037092
MAE: 4.33838885360294
EVS: -0.4663324278184433
