Model: GRU
MSE: 13.39996235836462
MAE: 3.0527365649188005
EVS: -0.20266886439056453
