Model: GRU
MSE: 28.231071411706868
MAE: 4.153705773530183
EVS: -0.5726370444312687
