Model: GRU
MSE: 17.707305195451017
MAE: 3.0126678262438094
EVS: 0.021969425918123342
