Model: GRU
MSE: 8.42996477033847
MAE: 1.9208393096923828
EVS: 0.17600803928931363
