Model: GRU
MSE: 11.322455734867823
MAE: 2.6195819863566645
EVS: -0.08370292767136367
