Model: GRU
MSE: 28.937178461622103
MAE: 4.126214139991337
EVS: -0.5201608919058658
