Model: GRU
MSE: 13.537375598801733
MAE: 2.944818788104587
EVS: -0.12871216214760905
