Model: GRU
MSE: 25.895893195941944
MAE: 4.174852298365699
EVS: -0.33143538899932334
