Model: GRU
MSE: 31.580047890788236
MAE: 4.716080550794248
EVS: -0.36230901865864684
