Model: GRU
MSE: 237.64302642559687
MAE: 11.512727499008179
EVS: -6.746400283266011
