Model: GRU
MSE: 11.339238616998307
MAE: 2.5843191941579184
EVS: -0.07434777560128025
