Model: GRU
MSE: 13.354118207169964
MAE: 2.9320455922020807
EVS: -0.25856415676370026
