Model: GRU
MSE: 30.479212068688273
MAE: 4.240785121917725
EVS: -1.964622463584924
