Model: GRU
MSE: 12.783815165772298
MAE: 2.963115126998336
EVS: -0.13583270186833407
