Model: GRU
MSE: 35.28245213220628
MAE: 4.987031287617153
EVS: -0.9658560156880867
