Model: GRU
MSE: 21.08349733474971
MAE: 4.195381798126079
EVS: -0.38229499464239236
