Model: GRU
MSE: 22.182338340495626
MAE: 3.8060776878286293
EVS: -0.23804107791599738
