Model: GRU
MSE: 13.612048183263731
MAE: 2.8004896729080766
EVS: -0.2202787030809743
