Model: GRU
MSE: 23.305276153918907
MAE: 3.599779076046414
EVS: -0.2778876785293567
