Model: GRU
MSE: 10.525403890149635
MAE: 2.7619805335998535
EVS: 0.16240978917401327
