Model: GRU
MSE: 17.183496398103166
MAE: 3.4507971935802035
EVS: -0.6469123334446627
