Model: GRU
MSE: 2833.704880149904
MAE: 53.068980040373624
EVS: -0.7092806402557206
