Model: GRU
MSE: 12.647718537757816
MAE: 3.0729337445011846
EVS: 0.044907987986107734
