Model: GRU
MSE: 24.254804312303005
MAE: 3.922070021982546
EVS: -1.3178499416694307
