Model: GRU
MSE: 16.77779377228978
MAE: 3.6462073502717196
EVS: -0.1350339423541429
