Model: GRU
MSE: 19.236224451342935
MAE: 3.1256463016782488
EVS: -0.048745141495795785
