Model: GRU
MSE: 21.86785897799995
MAE: 3.414677297627484
EVS: -0.9624023475348638
