Model: GRU
MSE: 114.95449144138531
MAE: 8.509977517304597
EVS: -4.6983748922770685
