Model: GRU
MSE: 190.8861239644517
MAE: 13.057354414904559
EVS: -0.13894351236665714
