Model: GRU
MSE: 24.868801216041422
MAE: 3.874192068974177
EVS: -0.7734820314605175
