Model: GRU
MSE: 345.78420148179106
MAE: 17.97019425144902
EVS: -0.2766056783824855
