Model: GRU
MSE: 18.16153167456178
MAE: 3.5165637378339416
EVS: -1.2279527889986444
