Model: GRU
MSE: 24.203147229040397
MAE: 3.0337809809932
EVS: -0.26055981644335935
