Model: GRU
MSE: 21.411712279428862
MAE: 3.83334912414904
EVS: -1.0461080943492904
