Model: GRU
MSE: 24.38494387732281
MAE: 3.966573785852503
EVS: -0.18774714734607612
