Model: GRU
MSE: 17.34643527862547
MAE: 3.258420851495531
EVS: -0.6531201141341036
