Model: GRU
MSE: 47.58691504559447
MAE: 5.302505021845853
EVS: -3.0566305071590127
