Model: GRU
MSE: 13.395841753966327
MAE: 3.0835833019680448
EVS: -0.07478199487852155
