Model: GRU
MSE: 24.452770252670252
MAE: 3.879497422112359
EVS: -0.1873878368029651
