Model: GRU
MSE: 65.00136620066881
MAE: 6.643041579811661
EVS: -2.727418938803417
