Model: GRU
MSE: 10.179448272992913
MAE: 2.501290930642022
EVS: 0.02587260794588031
