Model: GRU
MSE: 113.61938162010928
MAE: 7.478947785165575
EVS: -9.464596253552314
