Model: GRU
MSE: 23.924270958571274
MAE: 3.848367037596526
EVS: -0.19919472183248987
