Model: GRU
MSE: 312.1665053001285
MAE: 11.70413581530253
EVS: -12.232945644395638
