Model: GRU
MSE: 14.942755289377654
MAE: 3.0526101324293347
EVS: -0.4609961163475409
