Model: GRU
MSE: 12.248891264734945
MAE: 2.9748301417739302
EVS: 0.029042355837724854
