Model: GRU
MSE: 19.452653206468927
MAE: 3.8851194558320223
EVS: -0.17223644089830858
