Model: GRU
MSE: 14.39161238434472
MAE: 3.1900492155993425
EVS: -0.2044919875748532
