Model: GRU
MSE: 10.09041729782433
MAE: 2.5792200477034957
EVS: 0.09053653663222627
