Model: GRU
MSE: 16.574587510236253
MAE: 3.1808494241149337
EVS: -0.5551890801029149
