Model: GRU
MSE: 17.69690900773331
MAE: 2.816082813121654
EVS: 0.013065807709492838
