Model: GRU
MSE: 12.07800051899087
MAE: 2.6459961058916868
EVS: -0.1660954651936979
