Model: GRU
MSE: 33.01330722730974
MAE: 5.031139091209129
EVS: -0.07533354873617681
