Model: GRU
MSE: 20.50910505354873
MAE: 3.6428594809991344
EVS: -0.7730856448473507
