Model: GRU
MSE: 10.828135070566626
MAE: 2.409384877593429
EVS: -0.06441406830652951
