Model: GRU
MSE: 25.444107995206497
MAE: 3.9077825104748762
EVS: -1.1110686491501642
