Model: GRU
MSE: 22.85723897882983
MAE: 4.238273546099663
EVS: -1.2097294999319521
