Model: GRU
MSE: 24.27716466891199
MAE: 3.8933621689125344
EVS: -0.1776519210634684
