Model: GRU
MSE: 48.10885237375423
MAE: 5.440233667691548
EVS: -2.8147702112958037
