Model: GRU
MSE: 133.68515095052462
MAE: 8.15618649676994
EVS: -5.070490854937891
