Model: GRU
MSE: 15.397405913068736
MAE: 3.3206309521639787
EVS: -0.3477059901140547
