Model: GRU
MSE: 16.981217391171416
MAE: 3.3465704763377153
EVS: -0.6346127292559123
