Model: GRU
MSE: 17.2477302831984
MAE: 3.4297332101398044
EVS: -0.6837630317275261
