Model: GRU
MSE: 67.45779448654281
MAE: 6.417160784756696
EVS: -4.291894313108446
