Model: GRU
MSE: 13.611761615380372
MAE: 2.984405647825312
EVS: -0.30340174059066527
