Model: GRU
MSE: 14.159089470872189
MAE: 3.283064665617766
EVS: -0.06686956049088533
