Model: GRU
MSE: 21.94498178398081
MAE: 3.6323319960523537
EVS: -0.20045966687262662
