Model: GRU
MSE: 45.566400619183305
MAE: 5.134903302899113
EVS: -3.150719004936228
