Model: GRU
MSE: 25.590308001033268
MAE: 3.849769115447998
EVS: -0.31370355186820187
