Model: GRU
MSE: 2344.0415933813983
MAE: 48.13451993023908
EVS: -1.6648984730728693
