Model: GRU
MSE: 1095.233988976549
MAE: 32.89114111441153
EVS: -0.3179039303904556
