Model: GRU
MSE: 20.077107134800798
MAE: 3.2258525910200895
EVS: -0.11988642587417742
