Model: GRU
MSE: 176.88047143147585
MAE: 12.90437216228909
EVS: -0.018167102934172563
