Model: GRU
MSE: 8.893151332636384
MAE: 2.1474049179642285
EVS: 0.1293453215683411
