Model: GRU
MSE: 71.4468239210481
MAE: 6.256970149499399
EVS: -4.24441517173244
