Model: GRU
MSE: 14.091595577047597
MAE: 3.3092878615414656
EVS: -0.08692659171770134
