Model: GRU
MSE: 16.327000338887736
MAE: 3.5924113591512046
EVS: -0.12621840336748802
