Model: GRU
MSE: 13.667482657909911
MAE: 3.1148289221304433
EVS: -0.1299128586462932
