Model: GRU
MSE: 30.648916265413703
MAE: 4.726091340736106
EVS: -1.828492246031924
