Model: GRU
MSE: 19.358686182979422
MAE: 3.40900018480089
EVS: -0.046242325122092254
