Model: GRU
MSE: 26.45368182997558
MAE: 4.178798309078923
EVS: -0.35092691868138504
