Model: GRU
MSE: 25.133694150423413
MAE: 4.381239661463985
EVS: -0.8041194274425654
