Model: GRU
MSE: 12.92932964845961
MAE: 2.773773952766701
EVS: -0.2287462724469589
