Model: GRU
MSE: 20.744295179124492
MAE: 4.171693554630986
EVS: -0.17181971212627012
