Model: GRU
MSE: 31.168634530904985
MAE: 4.445423161541974
EVS: -0.5786865881054015
