Model: GRU
MSE: 42.2680075060324
MAE: 5.515844526114287
EVS: -1.3561243851238647
