Model: GRU
MSE: 10.853579573586634
MAE: 2.3594714800516763
EVS: -0.06603788847347669
