Model: GRU
MSE: 18.851987673913865
MAE: 3.884446894681012
EVS: -0.4103700357147886
