Model: GRU
MSE: 28.029319665671935
MAE: 4.194544438962583
EVS: -0.2653109543935166
