Model: GRU
MSE: 14.716785082207968
MAE: 2.948405654342086
EVS: -0.361514537517982
