Model: GRU
MSE: 24.405898580061603
MAE: 3.9859036604563394
EVS: -1.3144208304587321
