Model: GRU
MSE: 592.4289495074735
MAE: 24.109386020236546
EVS: -0.0976733907893006
