Model: GRU
MSE: 24.479480000697865
MAE: 4.119292515295523
EVS: -0.35355888423185866
