Model: GRU
MSE: 24.649914356823107
MAE: 3.612840039862527
EVS: -0.36978512894382853
