Model: GRU
MSE: 17.1606849252278
MAE: 3.5477254269299685
EVS: -0.6859989396508719
