Model: GRU
MSE: 21.686747428095504
MAE: 3.8832880788379245
EVS: -1.0609694403069945
