Model: GRU
MSE: 15.972800768271178
MAE: 3.4896347875948304
EVS: -0.2699005290083749
