Model: GRU
MSE: 15.54763146530668
MAE: 3.3084786026566118
EVS: -0.20369058029623432
