Model: GRU
MSE: 23924.04256146208
MAE: 154.64109971788196
EVS: 2.220446049250313e-16
