Model: GRU
MSE: 19.698703010264612
MAE: 3.8326361974080405
EVS: -0.8579073303432592
