Model: GRU
MSE: 33.51059963546895
MAE: 3.8871903596100985
EVS: -2.2903501303502423
