Model: GRU
MSE: 23.730727028988515
MAE: 4.04328371418847
EVS: -1.8161938104506818
