Model: GRU
MSE: 29.95614866655165
MAE: 4.673740837309095
EVS: -0.27748797979282314
