Model: GRU
MSE: 26.859065077065292
MAE: 3.834790088512279
EVS: -0.4924299788016788
