Model: GRU
MSE: 32.726776306714086
MAE: 4.8244911498493614
EVS: -2.20247136554717
