Model: GRU
MSE: 13.651807775968505
MAE: 3.2583486150812218
EVS: 0.03060176220871602
