Model: GRU
MSE: 16.168656603635455
MAE: 3.581758619458587
EVS: -0.2157374702529411
