Model: GRU
MSE: 13.09284014527384
MAE: 3.2051841947767468
EVS: 0.05763292699063283
