Model: GRU
MSE: 34.534875288263535
MAE: 4.4912687363447965
EVS: -0.8880725922455861
