Model: GRU
MSE: 29.842797827500142
MAE: 4.394319390809095
EVS: -0.6634562784463494
