Model: GRU
MSE: 18.231207741499187
MAE: 3.4475671626903392
EVS: -0.6779352175776348
