Model: GRU
MSE: 21.607890019195313
MAE: 3.066203240995054
EVS: -0.15050399585458663
