Model: GRU
MSE: 26.33937407099179
MAE: 3.9217669566472373
EVS: -0.34971930331221013
