Model: GRU
MSE: 31.606064978920866
MAE: 4.463934891753727
EVS: -0.37864438367681474
