Model: GRU
MSE: 9270.954591450447
MAE: 96.17453370270906
EVS: -0.19602796957094237
