Model: GRU
MSE: 16.978848677457606
MAE: 3.688653411688628
EVS: -0.28174977527554423
