Model: GRU
MSE: 23.992540610351103
MAE: 3.8655282391442194
EVS: -0.22904490519440723
