Model: GRU
MSE: 161.49201380133977
MAE: 9.43858954641554
EVS: -12.208273425461623
