Model: GRU
MSE: 14.91071661987639
MAE: 3.204162421049895
EVS: -0.05011405224969301
