Model: GRU
MSE: 11.16274495748029
MAE: 2.5286289674264415
EVS: -0.05632249946580581
