Model: GRU
MSE: 17.706388491871824
MAE: 3.2824967525623463
EVS: -0.6596933575244854
