Model: GRU
MSE: 51.74262598243759
MAE: 5.57440862832246
EVS: -3.6906466475143898
