Model: GRU
MSE: 34.624552842594994
MAE: 5.335329038125497
EVS: -0.17070483051136365
