Model: GRU
MSE: 16.296511300517878
MAE: 3.388066185845269
EVS: -0.4416625799516387
