Model: GRU
MSE: 32.98614746746413
MAE: 4.6399606974036605
EVS: -1.9590359477356878
