Model: GRU
MSE: 27.230484667788755
MAE: 4.296611238408972
EVS: -0.20621661594949225
