Model: GRU
MSE: 12.820509523931706
MAE: 2.803892223923295
EVS: -0.22365465198849654
