Model: GRU
MSE: 25.085116045565623
MAE: 4.26862394368207
EVS: -1.4557447052357957
