Model: GRU
MSE: 22.833537209246625
MAE: 3.914582093556722
EVS: -0.9583341060546124
