Model: GRU
MSE: 37.49393726481272
MAE: 5.2306471621548685
EVS: -1.0565860044000108
