Model: GRU
MSE: 18.19316407434918
MAE: 3.707237411428381
EVS: -0.4175102840017362
