Model: GRU
MSE: 10.149988690408716
MAE: 2.5263406612254955
EVS: 0.08749536826051774
