Model: GRU
MSE: 28.265149981936215
MAE: 4.065841365743567
EVS: -0.508756004287459
