Model: GRU
MSE: 26.24658366955075
MAE: 4.254949503474766
EVS: -0.43077185527462736
