Model: GRU
MSE: 211.36400030872312
MAE: 10.468083403728626
EVS: -6.77521059977194
