Model: GRU
MSE: 35.397581374877326
MAE: 4.86785727960092
EVS: -1.8073702562613336
