Model: GRU
MSE: 15.322450001800325
MAE: 3.490958319769965
EVS: -0.11524013715665249
