Model: GRU
MSE: 22.79338836736101
MAE: 3.195779533297927
EVS: -0.272863876458459
