Model: GRU
MSE: 14.562251443493995
MAE: 3.3895934599417226
EVS: 0.023850423679179222
