Model: GRU
MSE: 16.426721859565305
MAE: 3.223572783999973
EVS: -0.30954125306740066
