Model: GRU
MSE: 25.794187787091882
MAE: 4.075473953176428
EVS: -0.3799216930707092
