Model: GRU
MSE: 12.056133106971505
MAE: 2.6188244024912515
EVS: -0.3640982427644055
