Model: GRU
MSE: 26.75272137463701
MAE: 3.9792970374778465
EVS: -0.4538460197000138
