Model: GRU
MSE: 20.218070929322906
MAE: 3.3729577682636402
EVS: -0.06757721010791906
