Model: GRU
MSE: 17.952638378295074
MAE: 3.9359396740242287
EVS: 0.016945799514221482
