Model: GRU
MSE: 15.57407912291138
MAE: 3.3849782369754933
EVS: -0.2980187131347354
