Model: GRU
MSE: 8.66884311481728
MAE: 2.1381573853669344
EVS: 0.14838154051719876
