Model: GRU
MSE: 1609.4772845871123
MAE: 39.955349392361114
EVS: -0.2825661422795338
