Model: GRU
MSE: 45.807343848071476
MAE: 4.81885370186397
EVS: -1.5598506728219559
