Model: GRU
MSE: 39.645993334032724
MAE: 4.790224877772508
EVS: -2.897232784009352
