Model: GRU
MSE: 11.241048728815622
MAE: 2.78211067782508
EVS: -0.31682722138069264
