Model: GRU
MSE: 11.928283690428577
MAE: 2.744569495872215
EVS: -0.1134370559253528
