Model: GRU
MSE: 203.53478616813462
MAE: 10.614273225819623
EVS: -15.94220249606379
