Model: GRU
MSE: 22.72655468233304
MAE: 3.265234037681862
EVS: -0.23545445653990993
