Model: GRU
MSE: 228.0052687540642
MAE: 14.741750575878003
EVS: -0.0504499462692336
