Model: GRU
MSE: 14.21407695144306
MAE: 3.153278845327872
EVS: -0.35344497579681566
