Model: GRU
MSE: 26.54449120309237
MAE: 4.122264552999426
EVS: -0.3155900103991174
