Model: GRU
MSE: 18.50852845163678
MAE: 3.7221056443673595
EVS: -0.20779211885710747
