Model: GRU
MSE: 19.715579554054745
MAE: 3.7199691236019135
EVS: -0.9380550341777294
