Model: GRU
MSE: 24.113115983872714
MAE: 4.408254455637048
EVS: -0.465586143858721
