Model: GRU
MSE: 31.23892499647607
MAE: 4.485872001559646
EVS: -1.3984208349624114
