Model: GRU
MSE: 24.149445367880986
MAE: 4.056980340569107
EVS: -1.9643376142606654
