Model: GRU
MSE: 11.255866696989516
MAE: 2.668869230482313
EVS: 0.02488928675391877
