Model: GRU
MSE: 13.683293050713983
MAE: 2.9722237940187806
EVS: -0.34419805885612575
