Model: GRU
MSE: 52.18981319179825
MAE: 5.542763127221002
EVS: -2.3655459942034835
