Model: GRU
MSE: 30.804065616112943
MAE: 4.834737804200914
EVS: -0.4622680529293053
