Model: GRU
MSE: 14.301285765062362
MAE: 3.0279656251271567
EVS: -0.5332529880345898
