Model: GRU
MSE: 21.527164600853514
MAE: 3.2625859578450522
EVS: -0.19434278025240537
