Model: GRU
MSE: 106.89521561166451
MAE: 7.6409158883271395
EVS: -7.16532211568758
