Model: GRU
MSE: 16.98717686508666
MAE: 3.8493214359989874
EVS: 0.1021173743873699
