Model: GRU
MSE: 14.539528295204592
MAE: 3.207439661026001
EVS: -0.21989527816226517
