Model: GRU
MSE: 12.715041511231608
MAE: 2.9144847569642245
EVS: -0.22247131960641164
