Model: GRU
MSE: 14.66840230301905
MAE: 3.3032478049949363
EVS: -0.11610744070169932
