Model: GRU
MSE: 301.8155027217105
MAE: 17.0638910929362
EVS: -0.045836168325219306
