Model: GRU
MSE: 27.876594006373434
MAE: 3.909436448856636
EVS: -0.40649991752095316
