Model: GRU
MSE: 270.804747227071
MAE: 16.1271289896082
EVS: -0.05383140794708252
