Model: GRU
MSE: 6939.203509288058
MAE: 83.23007739031756
EVS: -0.17545616271156317
