Model: GRU
MSE: 61.4020794730454
MAE: 5.865299966600206
EVS: -3.8179206097703746
