Model: GRU
MSE: 12.251630919492227
MAE: 2.7930419091825134
EVS: -0.13166376416106051
