Model: GRU
MSE: 11.194814904652079
MAE: 2.5815418428844876
EVS: -0.09893947562897965
