Model: GRU
MSE: 35.149750277118024
MAE: 5.051385385018808
EVS: -1.7033620424338665
