Model: GRU
MSE: 192.63752641561283
MAE: 9.557209332784018
EVS: -14.781875680116032
