Model: GRU
MSE: 27.41276923205288
MAE: 3.5933374762535095
EVS: -0.44064980175955126
