Model: GRU
MSE: 11.51537649894034
MAE: 2.60434412073206
EVS: -0.10000458178987737
