Model: GRU
MSE: 27.216757754831683
MAE: 4.2806140736297325
EVS: -1.5440805244184546
