Model: GRU
MSE: 27.20895009439634
MAE: 4.31420698651561
EVS: -0.24656886762173214
