Model: GRU
MSE: 32.08726150709327
MAE: 4.86692296134101
EVS: -2.1387429915598504
