Model: GRU
MSE: 14.23983868988463
MAE: 3.352728013639097
EVS: 0.19108725203694965
