Model: GRU
MSE: 24.98594561405789
MAE: 4.170894216608118
EVS: -0.19952815344003394
