Model: GRU
MSE: 17.670824777322828
MAE: 2.8785680576607033
EVS: 0.013720401558755091
