Model: GRU
MSE: 175.21022327687035
MAE: 12.837096055348715
EVS: -0.02421631013627068
