Model: GRU
MSE: 64.58171760888919
MAE: 5.78552688492669
EVS: -4.266127993290587
