Model: GRU
MSE: 30.669755301748108
MAE: 4.0097303611260875
EVS: -0.7057928770980373
