Model: GRU
MSE: 24.602560146801512
MAE: 4.2305520993691905
EVS: -0.11519581139823876
