Model: GRU
MSE: 26.274596295698203
MAE: 3.985181192557017
EVS: -0.46557160541456777
