Model: GRU
MSE: 34.439414855469494
MAE: 4.812882414570561
EVS: -1.0338081148147182
