Model: GRU
MSE: 29.978397450356525
MAE: 4.710177386248553
EVS: -1.763374620242228
