Model: GRU
MSE: 15.62131896383177
MAE: 3.2048841229191534
EVS: -0.36890336060325435
