Model: GRU
MSE: 32.03193517020128
MAE: 4.301233428495902
EVS: -0.6135623761802236
