Model: GRU
MSE: 12.896376874785036
MAE: 2.520338182096128
EVS: -0.407112524083572
