Model: GRU
MSE: 24.50554318699801
MAE: 4.390822609265645
EVS: -1.2539662005143954
