Model: GRU
MSE: 15.121031881995638
MAE: 3.2726426919301352
EVS: -0.28111688346109864
