Model: GRU
MSE: 56.87554748515666
MAE: 6.359243944839195
EVS: -3.6628535246214193
