Model: GRU
MSE: 18.725019625588192
MAE: 3.2386033093487776
EVS: 0.040410862672067394
