Model: GRU
MSE: 24.5406454418269
MAE: 4.077695307908235
EVS: -0.13816334816225107
