Model: GRU
MSE: 21.56063162719765
MAE: 3.6928906264128507
EVS: 0.014894323809953813
