Model: GRU
MSE: 13.116893626090208
MAE: 2.991205480363634
EVS: -0.21203019772540643
