Model: GRU
MSE: 21.856756368006067
MAE: 3.9478709719799183
EVS: -1.056268468792397
