Model: GRU
MSE: 22.254460036907556
MAE: 3.8082236879401736
EVS: -0.1490136881318862
