Model: GRU
MSE: 115.63118161164422
MAE: 8.106150808157745
EVS: -8.632647488536893
