Model: GRU
MSE: 18.678837142288522
MAE: 3.7494894840099193
EVS: -0.786716142712361
