Model: GRU
MSE: 17.846283899063597
MAE: 3.806841320461697
EVS: -0.15265148510693338
