Model: GRU
MSE: 18.072001006109414
MAE: 3.9256438502558955
EVS: 0.044996897252184254
