Model: GRU
MSE: 34.97850781431616
MAE: 4.7303385293042215
EVS: -0.6497826293963127
