Model: GRU
MSE: 29.488844495362507
MAE: 4.405911295502274
EVS: -0.6470179210373685
