Model: GRU
MSE: 18.44388455032384
MAE: 3.111912656713415
EVS: 0.0021360415918335596
