Model: GRU
MSE: 29.722313055989705
MAE: 4.49882177511851
EVS: -0.5500669560275149
