Model: GRU
MSE: 10.643862006312146
MAE: 2.7361533553512007
EVS: 0.09337879322349296
