Model: GRU
MSE: 13.366043230047149
MAE: 2.480882900732535
EVS: -0.2560770766274554
