Model: GRU
MSE: 25.232429552007275
MAE: 3.808632161882189
EVS: -0.3062941750968673
