Model: GRU
MSE: 23.6175156827285
MAE: 4.4436544025385825
EVS: -0.6302238539967631
