Model: GRU
MSE: 800.9423317194227
MAE: 27.88985287701642
EVS: -0.29012882782541727
