Model: GRU
MSE: 14.609141780571125
MAE: 3.323502363982024
EVS: -0.10995699578673923
