Model: GRU
MSE: 18.574870639926825
MAE: 3.6544294710512513
EVS: -0.7111130679889104
