Model: GRU
MSE: 27.42778323268264
MAE: 4.444193656797762
EVS: -0.3928478932889117
