Model: GRU
MSE: 23.960301742956812
MAE: 3.985682593451606
EVS: -1.284225073459735
