Model: GRU
MSE: 21.264570085377873
MAE: 3.674719625049167
EVS: -1.054243531879632
