Model: GRU
MSE: 17.982646447271858
MAE: 3.0663186532479747
EVS: 0.026628649056237297
