Model: GRU
MSE: 10.64973451318047
MAE: 2.6695955947593406
EVS: 0.00010355573498033177
