Model: GRU
MSE: 50.68101208288558
MAE: 5.777712022816694
EVS: -2.618188335552561
