Model: GRU
MSE: 11.830990292175343
MAE: 2.603292875819736
EVS: -0.11715185607354739
