Model: GRU
MSE: 41.59594695722404
MAE: 5.315257111081371
EVS: -1.1646976439085228
