Model: GRU
MSE: 21.49014443414977
MAE: 4.168022667920148
EVS: -0.3904489935378943
