Model: GRU
MSE: 19.83975395746547
MAE: 3.009997429671111
EVS: -0.05965322073342594
