Model: GRU
MSE: 28.108199151846094
MAE: 4.371260567947671
EVS: -0.5431684363918423
