Model: GRU
MSE: 20.5965420331393
MAE: 4.0748222139146595
EVS: -0.33553094637632963
