Model: GRU
MSE: 31.979012875965577
MAE: 4.742777762589632
EVS: -0.7061828533802681
