Model: GRU
MSE: 20.7079245331075
MAE: 4.062541219923231
EVS: -0.24214879830073444
