Model: GRU
MSE: 10.251212940612962
MAE: 2.5674150210839732
EVS: 0.015189483354648314
