Model: GRU
MSE: 11.705742773886831
MAE: 2.6456195336801036
EVS: -0.14629361024523635
