Model: GRU
MSE: 11.813831813649504
MAE: 2.6616244404404252
EVS: -0.16125811818117897
