Model: GRU
MSE: 17.682063467523108
MAE: 3.44744861346704
EVS: -0.7034868148174849
