Model: GRU
MSE: 24.64105868991017
MAE: 3.8746862323195845
EVS: -0.2647501024949921
