Model: GRU
MSE: 23.039913580184802
MAE: 3.6403985376711243
EVS: -0.1638263774469091
