Model: GRU
MSE: 291.59611707754834
MAE: 11.248619220874927
EVS: -22.638884653156737
