Model: GRU
MSE: 22.220817661203725
MAE: 3.68453026259387
EVS: -1.1047973311250137
