Model: GRU
MSE: 19.589732486768508
MAE: 3.1310425687719277
EVS: -0.09016958805556108
