Model: GRU
MSE: 125.55374473317863
MAE: 10.750865565405952
EVS: 0.01968036341319712
