Model: GRU
MSE: 16.487170512019468
MAE: 3.159298426575131
EVS: -0.6113823126162596
