Model: GRU
MSE: 30.975617861915815
MAE: 4.740773995717366
EVS: -1.4161388565096211
