Model: GRU
MSE: 29.804257349905424
MAE: 4.067694090030812
EVS: -0.528912153653446
