Model: GRU
MSE: 16.97626910835299
MAE: 3.516534196005927
EVS: -0.25070219404489746
