Model: GRU
MSE: 9.549548218292761
MAE: 2.1432573088893183
EVS: 0.12013549464030882
