Model: GRU
MSE: 21.019259711822862
MAE: 3.911877585781945
EVS: -1.0622515035484206
