Model: GRU
MSE: 11.61698646828958
MAE: 2.8642342355516224
EVS: 0.05373480551282317
