Model: GRU
MSE: 66.11483218612295
MAE: 7.455294882809675
EVS: -0.03544446858551198
