Model: GRU
MSE: 30.87183192044833
MAE: 4.789508819580078
EVS: -2.016096301681896
