Model: GRU
MSE: 10.221084096823084
MAE: 2.1813549907119185
EVS: -0.23575996170519598
