Model: GRU
MSE: 28.287076266569443
MAE: 4.193259181799712
EVS: -1.2568556432650375
