Model: GRU
MSE: 21.232151866611826
MAE: 3.6470029779842923
EVS: -0.018079391617517704
