Model: GRU
MSE: 28.820474948488485
MAE: 4.327373378806644
EVS: -0.4165472020020424
