Model: GRU
MSE: 10.072698498054352
MAE: 2.5582089600739657
EVS: 0.1243851380577663
