Model: GRU
MSE: 20.34234779581081
MAE: 3.5546802701773466
EVS: -0.9776287329670312
