Model: GRU
MSE: 28.40343471965675
MAE: 4.982022921244304
EVS: -0.16963158108418663
