Model: GRU
MSE: 22.900131741892505
MAE: 3.808712535434299
EVS: -0.0856167152153473
