Model: GRU
MSE: 29.143912931502857
MAE: 4.095182468493779
EVS: -0.5498982362380644
