Model: GRU
MSE: 20.828180440646822
MAE: 3.713249263940034
EVS: -1.0022171078385531
