Model: GRU
MSE: 31.656666447719502
MAE: 4.622254231461772
EVS: -1.751589498976362
