Model: GRU
MSE: 15.484886583114575
MAE: 3.24827269271568
EVS: -0.49078137898901697
