Model: GRU
MSE: 20.79653170281071
MAE: 3.8738901096361653
EVS: -1.040226045112381
