Model: GRU
MSE: 33.39479532318771
MAE: 4.81554772677245
EVS: -0.8647255840670973
