Model: GRU
MSE: 18.679852627824694
MAE: 3.2592613697052
EVS: -0.03150768593183617
