Model: GRU
MSE: 37.32691719872987
MAE: 5.311809005560698
EVS: -0.7839962341769378
