Model: GRU
MSE: 15.693453268220493
MAE: 3.041339980231391
EVS: -0.48362779004703693
