Model: GRU
MSE: 19.432657162111692
MAE: 3.8475041588147483
EVS: -0.9093261422435228
