Model: GRU
MSE: 15.779354070802267
MAE: 3.1495960222350226
EVS: -0.47315250945343545
