Model: GRU
MSE: 16.751818754304175
MAE: 3.6578555460329407
EVS: -0.16365783175988935
