Model: GRU
MSE: 14.977093764426952
MAE: 3.1284714650224754
EVS: -0.42046337431276837
