Model: GRU
MSE: 16.260336179413503
MAE: 3.6452926706384727
EVS: -0.1291263798443838
