Model: GRU
MSE: 231.39466282537026
MAE: 10.223340864534732
EVS: -17.51560861808307
