Model: GRU
MSE: 17.18006556182716
MAE: 3.2343290470264576
EVS: -0.5636823952191867
