Model: GRU
MSE: 21.09111579139731
MAE: 3.44170293101558
EVS: -0.11789967993628392
