Model: GRU
MSE: 15.703229707856952
MAE: 3.579213919462981
EVS: 0.007389061622520732
