Model: GRU
MSE: 26.78202700143996
MAE: 4.224696314997143
EVS: -1.1084175049142604
