Model: GRU
MSE: 12.548188226823676
MAE: 2.8546885472756847
EVS: -0.1608309836109616
