Model: GRU
MSE: 55.05197452013714
MAE: 5.718505682768645
EVS: -3.8198286189961346
