Model: GRU
MSE: 16.769506905116174
MAE: 2.855504865999575
EVS: 0.06464014538177087
