Model: GRU
MSE: 11.287972549425142
MAE: 2.678087932092172
EVS: -0.04330125129692375
