Model: GRU
MSE: 13.168773688264789
MAE: 3.053046372201708
EVS: -0.15964900853197905
