Model: GRU
MSE: 11.360123737946411
MAE: 2.7397855476096824
EVS: -0.058850732180907306
