Model: GRU
MSE: 47.53596888980615
MAE: 5.3549394607543945
EVS: -1.2132725880976634
