Model: GRU
MSE: 22.852162592086778
MAE: 3.6815125147501626
EVS: -0.11157057628298528
