Model: GRU
MSE: 25.578793259120722
MAE: 4.066556171134666
EVS: -0.19438124493964803
