Model: GRU
MSE: 13.377363443549358
MAE: 2.830210127212383
EVS: -0.2820120241977182
