Model: GRU
MSE: 18.41084957001169
MAE: 3.1610170117130987
EVS: 0.019818863860845193
