Model: GRU
MSE: 12.972266066429004
MAE: 3.071091475310149
EVS: 0.07298015479219855
