Model: GRU
MSE: 29.243358423448424
MAE: 4.470824837684631
EVS: -0.34524540532715875
