Model: GRU
MSE: 92.00483568194286
MAE: 7.232197320019758
EVS: -9.024446997534062
