Model: GRU
MSE: 21.885362603416738
MAE: 4.133415588626155
EVS: -0.6177766862271454
