Model: GRU
MSE: 14.515600054341125
MAE: 3.2970493811148183
EVS: -0.2322967326460812
