Model: GRU
MSE: 26.80781420105373
MAE: 4.126176107812811
EVS: -0.39099485283108604
