Model: GRU
MSE: 13.992057959195881
MAE: 3.3886219837047435
EVS: 0.11662317147988566
