Model: GRU
MSE: 28.418741711023834
MAE: 4.331668977384214
EVS: -0.3499042439384241
