Model: GRU
MSE: 16.862987151705063
MAE: 3.683940022080033
EVS: -0.1632119882224634
