Model: GRU
MSE: 24.671128899737663
MAE: 4.078768509405631
EVS: -0.29609322032862484
