Model: GRU
MSE: 19.617241873925128
MAE: 3.1380131244659424
EVS: -0.0926748031377258
