Model: GRU
MSE: 27.519307018768906
MAE: 4.092472756350482
EVS: -0.36910023850257034
