Model: GRU
MSE: 20.27133618608893
MAE: 3.521518577028204
EVS: -0.8016906820143905
