Model: GRU
MSE: 27.007204935576418
MAE: 4.0757064466123225
EVS: -0.32309701496444054
