Model: GRU
MSE: 26.767821211161813
MAE: 4.607228736082713
EVS: -1.6119656620859009
