Model: GRU
MSE: 40.24715756868474
MAE: 5.427990551348086
EVS: -2.168158581779618
