Model: GRU
MSE: 1026.9319640165106
MAE: 31.84618024472837
EVS: -0.2536094596837686
