Model: GRU
MSE: 17.406357623310576
MAE: 3.3897721502516003
EVS: -0.4823802858942261
