Model: GRU
MSE: 533.6963328547338
MAE: 16.522694684841014
EVS: -30.477601792717827
