Model: GRU
MSE: 13.593847583771856
MAE: 2.8753507048995406
EVS: -0.30906715706693055
