Model: GRU
MSE: 13.777577255081715
MAE: 2.6326476026464394
EVS: -0.29321252051084223
