Model: GRU
MSE: 330.4946027125427
MAE: 12.84883189422113
EVS: -10.940166777879565
