Model: GRU
MSE: 39.737427312492954
MAE: 5.336095103511104
EVS: -0.41018062718234605
