Model: GRU
MSE: 13.990303312903523
MAE: 3.1966901708532265
EVS: -0.05126633414225035
