Model: GRU
MSE: 12.255711157835306
MAE: 2.6729677694815175
EVS: -0.18396464747594043
