Model: GRU
MSE: 11.905698353720137
MAE: 2.8787325753106012
EVS: -0.015193624562257257
