Model: GRU
MSE: 16.276960640013655
MAE: 3.637979260197392
EVS: 0.0277572783795329
