Model: GRU
MSE: 27.46088909627304
MAE: 4.215374955424556
EVS: -0.2689571326024003
