Model: GRU
MSE: 13.385337766420493
MAE: 3.187228891584608
EVS: 0.014919951281024413
