Model: GRU
MSE: 26.59096104124885
MAE: 4.075984506695359
EVS: -1.8519120040315973
