Model: GRU
MSE: 21.526695137490446
MAE: 4.093972541667797
EVS: 0.18697964745163909
