Model: GRU
MSE: 18.129608196613948
MAE: 3.168131130713004
EVS: 0.017991518574794862
