Model: GRU
MSE: 30.90000263822166
MAE: 4.743947958504712
EVS: -1.7541273088214897
