Model: GRU
MSE: 18.658617837666153
MAE: 3.256677609902841
EVS: -0.023432957600877824
