Model: GRU
MSE: 24.692788491456096
MAE: 3.590179360575146
EVS: -0.3525610894663631
