Model: GRU
MSE: 30.64269950938022
MAE: 4.497894781607169
EVS: -0.6017017309334185
