Model: GRU
MSE: 11.338866807543
MAE: 2.6483925536826805
EVS: -0.014701781801717217
