Model: GRU
MSE: 17.558114996806346
MAE: 3.740080798113788
EVS: -0.1744681538058952
