Model: GRU
MSE: 177.90560483267004
MAE: 10.466533603491607
EVS: -8.045360076713962
