Model: GRU
MSE: 12.553159104422658
MAE: 2.9272482483475297
EVS: -0.06080559114352879
