Model: GRU
MSE: 23.79693688692299
MAE: 3.862029375853362
EVS: -0.23637966151117396
