Model: GRU
MSE: 107.17354339898378
MAE: 7.628900863506176
EVS: -8.109168333877319
