Model: GRU
MSE: 21.593201680585818
MAE: 4.289902828357838
EVS: -0.09765135888376442
