Model: GRU
MSE: 15.702692834150083
MAE: 3.3081324067380695
EVS: -0.5295167774411051
