Model: GRU
MSE: 11.622488846906
MAE: 2.773808382175587
EVS: -0.048177754751772994
