Model: GRU
MSE: 58.07205520298532
MAE: 5.490371541844474
EVS: -2.6744581236548295
