Model: GRU
MSE: 18.244009499043006
MAE: 3.6028637886047363
EVS: -0.3716634013935396
