Model: GRU
MSE: 11.319208228173668
MAE: 2.5090999250058776
EVS: -0.09190315011013239
