Model: GRU
MSE: 971.9226587645265
MAE: 30.772126656991464
EVS: -0.3962751572761851
