Model: GRU
MSE: 17.951485863711344
MAE: 3.676474588888663
EVS: -0.34675849544800896
