Model: GRU
MSE: 12.559171801089986
MAE: 3.017405298021105
EVS: -0.023885449011748827
