Model: GRU
MSE: 23.50090003590665
MAE: 3.897868862858525
EVS: -0.08831618767195204
