Model: GRU
MSE: 17.22358847361493
MAE: 2.970082336001926
EVS: 0.05336862383277574
