Model: GRU
MSE: 30.95677079385028
MAE: 4.5972137958915145
EVS: -0.4972890336431317
