Model: GRU
MSE: 18.93526557985181
MAE: 3.6149933603074818
EVS: -0.8553144565526072
