Model: GRU
MSE: 14.422972293228552
MAE: 3.340169085396661
EVS: -0.0802857539507833
