Model: GRU
MSE: 22.531432586532393
MAE: 3.515864336932147
EVS: -0.2555152992644891
