Model: GRU
MSE: 133.21398191845898
MAE: 8.618569444727015
EVS: -8.037022129490415
