Model: GRU
MSE: 17.540927630990677
MAE: 3.2939384380976358
EVS: -0.6979891057113647
