Model: GRU
MSE: 12.970502879150088
MAE: 2.7499232821994357
EVS: -0.238959500763126
