Model: GRU
MSE: 19.800437790107466
MAE: 2.9468901598895036
EVS: -0.054807138112322074
