Model: GRU
MSE: 75.43671900373906
MAE: 7.547168747142509
EVS: -0.032003214710161876
