Model: GRU
MSE: 18.42165000591265
MAE: 3.827806649384675
EVS: -0.10132234721001554
