Model: GRU
MSE: 18.359832470336784
MAE: 3.812673312646371
EVS: -0.3352084180564123
