Model: GRU
MSE: 20.455053260850534
MAE: 3.072079790963067
EVS: -0.14118516853645868
