Model: GRU
MSE: 24.152561855491722
MAE: 3.8325156988920988
EVS: -0.2332687036090002
