Model: GRU
MSE: 368.3893656135603
MAE: 18.90295516120063
EVS: -0.08796091597463973
