Model: GRU
MSE: 17.42680723504454
MAE: 3.8215280638800726
EVS: 0.08982398691814941
