Model: GRU
MSE: 5360.595401482419
MAE: 73.1460119176794
EVS: -0.008208378289994656
