Model: GRU
MSE: 12.644851054474985
MAE: 2.9714450659575284
EVS: 0.012678653068642576
