Model: GRU
MSE: 21.276466663377715
MAE: 3.5614005283073142
EVS: -0.9568287407043845
