Model: GRU
MSE: 12.274889468176289
MAE: 2.93406613557427
EVS: -0.09672873777099578
