Model: GRU
MSE: 24.69491960242306
MAE: 4.071832217552044
EVS: -0.3656269513321331
