Model: GRU
MSE: 23.263125469526376
MAE: 3.85465145111084
EVS: -0.11578679150142968
