Model: GRU
MSE: 12.783863500033146
MAE: 2.748710165421168
EVS: -0.2286002195736223
