Model: GRU
MSE: 11.953107689048217
MAE: 2.662704454527961
EVS: -0.17498217939288407
