Model: GRU
MSE: 32.8497212844217
MAE: 4.495902057047243
EVS: -0.8347223905314858
