Model: GRU
MSE: 31881.33587038693
MAE: 178.50331059208622
EVS: 2.220446049250313e-16
