Model: GRU
MSE: 31.472426045339414
MAE: 4.229793663378115
EVS: -1.894279594035062
