Model: GRU
MSE: 645.6386571092714
MAE: 24.932730710064924
EVS: -0.34034997020157043
