Model: GRU
MSE: 422.4837522985034
MAE: 20.036248277734828
EVS: -0.17473933391991658
