Model: GRU
MSE: 23.154825953916788
MAE: 3.6276844519155995
EVS: -0.1800159035026403
