Model: GRU
MSE: 25.18683974881651
MAE: 4.552083713036996
EVS: -0.3151698854288467
