Model: GRU
MSE: 32.48480939283636
MAE: 4.458948837386237
EVS: -2.113674670702439
