Model: GRU
MSE: 10.787145954327688
MAE: 2.505727767944336
EVS: -0.034127197678410104
