Model: GRU
MSE: 11.253727279501813
MAE: 2.7567008557143033
EVS: -0.05329756672744845
