Model: GRU
MSE: 15.046684871954119
MAE: 2.98366082156146
EVS: -0.4325032046122257
