Model: GRU
MSE: 22.148725536190828
MAE: 3.7733434394553855
EVS: -0.1694975556038918
