Model: GRU
MSE: 16.578527017402696
MAE: 3.6760519875420465
EVS: -0.056546606034540314
