Model: GRU
MSE: 16.905605959186854
MAE: 3.5707419360125505
EVS: -0.21982322937079268
