Model: GRU
MSE: 20.907691496239362
MAE: 3.791208079567662
EVS: -1.0432443562837355
