Model: GRU
MSE: 39.42783685855057
MAE: 5.373671862814161
EVS: -1.1791134944655322
