Model: GRU
MSE: 18.67364678688047
MAE: 3.78786391682095
EVS: -0.48312919038220437
