Model: GRU
MSE: 24.749287072139598
MAE: 3.2507878882544383
EVS: -0.39446077834190385
