Model: GRU
MSE: 23.041280458759577
MAE: 3.8058078311107777
EVS: -1.523410058231533
