Model: GRU
MSE: 19.301789662340862
MAE: 3.5937620710443565
EVS: -0.5650325406958365
