Model: GRU
MSE: 26.752663748821494
MAE: 4.186022228664822
EVS: -0.42023629451618594
