Model: GRU
MSE: 17.103463466325543
MAE: 3.307072542331837
EVS: -0.6024394531499475
