Model: GRU
MSE: 35.49854868765319
MAE: 4.979238002388565
EVS: -0.6393252969232133
