Model: GRU
MSE: 12.26224789525792
MAE: 2.668715816956979
EVS: -0.17616107354524924
