Model: GRU
MSE: 25.148690476334348
MAE: 4.065144106193825
EVS: -0.1975325756334756
