Model: GRU
MSE: 24.934973076638705
MAE: 3.8036835811756275
EVS: -0.3152754409646765
