Model: GRU
MSE: 16.968512173818393
MAE: 3.493223781938906
EVS: -0.6586529562060055
