Model: GRU
MSE: 10.091120766201433
MAE: 2.377982174908673
EVS: -0.026807730529110785
