Model: GRU
MSE: 12.379415975837926
MAE: 2.9538401850947626
EVS: -0.0752600931741465
