Model: GRU
MSE: 40.667660631872074
MAE: 5.150233498326054
EVS: -1.0747743949599524
