Model: GRU
MSE: 12.0837133822542
MAE: 3.0410637899681374
EVS: 0.02831063281283075
