Model: GRU
MSE: 14.45143068185561
MAE: 3.0882980911820024
EVS: -0.2422348743762217
