Model: GRU
MSE: 14.345342589302788
MAE: 2.9488751181849726
EVS: -0.6336760932782415
