Model: GRU
MSE: 12.58550306696484
MAE: 2.6757753248567933
EVS: -0.23258315068133673
