Model: GRU
MSE: 76.83599796653644
MAE: 7.65505623375928
EVS: -0.018550847829819306
