Model: GRU
MSE: 67.61398873688532
MAE: 6.720985929171245
EVS: -4.082993950008446
