Model: GRU
MSE: 18.176098046420126
MAE: 3.7992487130341708
EVS: -0.03175447609774529
