Model: GRU
MSE: 21.32927613610473
MAE: 4.086834713264748
EVS: -0.13450391778055937
