Model: GRU
MSE: 20.177635228583387
MAE: 4.019026138164379
EVS: -0.12369996131409122
