Model: GRU
MSE: 25.5980625062077
MAE: 4.0343498742138895
EVS: -0.182933014009234
