Model: GRU
MSE: 21.12752059245283
MAE: 3.381259476697003
EVS: -0.15918525871302203
