Model: GRU
MSE: 10.499078046595892
MAE: 2.3932272416573985
EVS: -0.2656128943993825
