Model: GRU
MSE: 10.026289092322934
MAE: 2.329987393485175
EVS: 0.04892143617537248
