Model: GRU
MSE: 12.53732983336741
MAE: 2.8823783309371382
EVS: -0.06782961624397421
