Model: GRU
MSE: 13.9137648632188
MAE: 2.918781792676007
EVS: -0.2662856491507011
