Model: GRU
MSE: 9.979683105973427
MAE: 2.40720542271932
EVS: 0.05097872648853674
