Model: GRU
MSE: 17.160438702482498
MAE: 3.5708981178424977
EVS: -0.6574539961036778
