Model: GRU
MSE: 27.593649270812698
MAE: 4.744784937964545
EVS: -0.1956153736494104
