Model: GRU
MSE: 436.0922656432861
MAE: 20.60558297899034
EVS: -0.1306789743660226
