Model: GRU
MSE: 11.471140352486668
MAE: 2.666641023423937
EVS: -0.03488816213494261
