Model: GRU
MSE: 16.69852363165857
MAE: 3.6306178304884167
EVS: -0.11087424416544511
