Model: GRU
MSE: 12.146167812176785
MAE: 2.9248322910732694
EVS: 0.023131954728581428
