Model: GRU
MSE: 107.96533343748798
MAE: 8.358333728931568
EVS: -7.486202373746989
