Model: GRU
MSE: 16.792682008213255
MAE: 3.631709227959315
EVS: -0.5918201427682492
