Model: GRU
MSE: 12.435626867079622
MAE: 2.776467173187821
EVS: -0.1521680808685153
