Model: GRU
MSE: 37.10389187853425
MAE: 4.850428033758093
EVS: -2.296602974173287
