Model: GRU
MSE: 20.572075591761852
MAE: 4.011843946244982
EVS: -0.5286474000811883
