Model: GRU
MSE: 11.849473406079449
MAE: 2.7601178840354637
EVS: -0.0076340780825825405
