Model: GRU
MSE: 395.4297702331683
MAE: 13.347070420229876
EVS: -28.134315691939204
