Model: GRU
MSE: 42.963059929074184
MAE: 5.249600640049687
EVS: -2.9178681911874644
