Model: GRU
MSE: 26.277851596962975
MAE: 3.5454598002963595
EVS: -0.4653064650350005
