Model: GRU
MSE: 13.394897651645215
MAE: 3.0345249440934925
EVS: -0.3110439174200017
