Model: GRU
MSE: 8.610091958041217
MAE: 2.1639592912462025
EVS: 0.0627943488465249
