Model: GRU
MSE: 19.119975695244015
MAE: 3.75035700974641
EVS: 0.1173966254510147
