Model: GRU
MSE: 81.16056145164806
MAE: 5.367827101990029
EVS: -5.703408713388878
