Model: GRU
MSE: 21.656262546999475
MAE: 3.370330739904333
EVS: -0.2056333336001368
