Model: GRU
MSE: 25.58748864826253
MAE: 3.9886149653682
EVS: -0.4265103560281105
