Model: GRU
MSE: 22.229001771969816
MAE: 4.0679992260756315
EVS: -0.6533087272945306
