Model: GRU
MSE: 25.482011416628193
MAE: 3.5788287498332836
EVS: -0.41027042129964175
