Model: GRU
MSE: 66.05664236135308
MAE: 7.46432959371143
EVS: -0.016473922696049303
