Model: GRU
MSE: 15.713381428357216
MAE: 2.8991194742697255
EVS: -0.2865505220055702
