Model: GRU
MSE: 24.005488730812303
MAE: 4.038917157385084
EVS: -1.2250939556887404
