Model: GRU
MSE: 17.125278853813015
MAE: 3.6507310469945273
EVS: -0.6692732556699803
