Model: GRU
MSE: 18.153522224918586
MAE: 3.7618639954814204
EVS: -0.20601045493129932
