Model: GRU
MSE: 15.923463009975022
MAE: 2.9894764070157653
EVS: -0.8468909251280614
