Model: GRU
MSE: 55.396884112404194
MAE: 5.955933376594826
EVS: -3.427749555150055
