Model: GRU
MSE: 12.909145196183381
MAE: 2.5964168619226524
EVS: -0.2515640960268595
