Model: GRU
MSE: 12.4704788542061
MAE: 2.9152149889204235
EVS: -0.22460802111575928
