Model: GRU
MSE: 21.187139883913325
MAE: 3.3765495441578053
EVS: -0.14483029607437303
