Model: GRU
MSE: 26.78357324264757
MAE: 4.323240041732788
EVS: -1.6073276342683438
