Model: GRU
MSE: 9.603239926496293
MAE: 2.4151977565553455
EVS: 0.05673768412587765
