Model: GRU
MSE: 40.10589724926422
MAE: 5.5129521290461225
EVS: -0.8619794433256793
