Model: GRU
MSE: 16.08251254143419
MAE: 3.4533853663338556
EVS: -0.5726760436185865
