Model: GRU
MSE: 13.859306433126847
MAE: 2.807046581197668
EVS: -0.29759095943139613
