Model: GRU
MSE: 22.167053755447046
MAE: 3.5495718761726662
EVS: -0.1496646295036934
