Model: GRU
MSE: 18.29408418426387
MAE: 3.4721077476386673
EVS: -0.5968857326847599
