Model: GRU
MSE: 16.819817013798215
MAE: 3.328878234933924
EVS: -0.5945732335859062
