Model: GRU
MSE: 58.63444006213106
MAE: 6.29655275742213
EVS: -1.4791949077470155
