Model: GRU
MSE: 11.082988040054286
MAE: 2.618865657735754
EVS: -0.028995253503393714
