Model: GRU
MSE: 131.3212575407132
MAE: 10.98895752871478
EVS: -0.0384583347064229
