Model: GRU
MSE: 12.537145072446163
MAE: 2.810946411556668
EVS: -0.10062267797370272
