Model: GRU
MSE: 12.975710731002335
MAE: 2.6933808503327548
EVS: -0.2461133350611262
