Model: GRU
MSE: 22.047547175274538
MAE: 2.88889190002724
EVS: -0.22316372615977742
