Model: GRU
MSE: 23.187327040779202
MAE: 3.6849518749448986
EVS: -0.9259283866177359
