Model: GRU
MSE: 12.4583491203759
MAE: 2.2578996375755027
EVS: -0.487063119449892
