Model: GRU
MSE: 19.7645500066951
MAE: 3.6019939062771975
EVS: -0.928795128274547
