Model: GRU
MSE: 24.641713943005243
MAE: 3.805281541965626
EVS: -1.280586998690473
