Model: GRU
MSE: 17.8865832140922
MAE: 3.526451905568441
EVS: -0.6263959278407543
