Model: GRU
MSE: 21.41028604530439
MAE: 3.5338861677381725
EVS: -0.172364517082513
