Model: GRU
MSE: 11.26019425122673
MAE: 2.450066990322537
EVS: -0.09821013564737502
