Model: GRU
MSE: 18.789209978291943
MAE: 3.3696247383400246
EVS: -0.822709463338291
