Model: GRU
MSE: 9.830815907073614
MAE: 2.577351216916685
EVS: 0.06946133009790789
