Model: GRU
MSE: 22.60739198340866
MAE: 4.160691526201036
EVS: -0.5491006890973538
