Model: GRU
MSE: 18.315500554066595
MAE: 3.7695739004347057
EVS: -0.31834242471361485
