Model: GRU
MSE: 12.569977336813947
MAE: 2.8478147188822427
EVS: -0.10366307926522
