Model: GRU
MSE: 90.90989517382752
MAE: 5.317694063539858
EVS: -9.947725414986065
