Model: GRU
MSE: 15.836952595507139
MAE: 3.4898412139327437
EVS: -0.12707239184086738
