Model: GRU
MSE: 33.585321416126526
MAE: 4.541771906393546
EVS: -0.8098568601307188
