Model: GRU
MSE: 63.60028090119334
MAE: 7.298813031779395
EVS: -0.015214013948991356
