Model: GRU
MSE: 15.629471750561905
MAE: 3.3325203668188164
EVS: -0.448671321443475
