Model: GRU
MSE: 16.84947894036695
MAE: 3.344543624807287
EVS: -0.3998087073832932
