Model: GRU
MSE: 11.550460323495455
MAE: 2.7168037979691118
EVS: -0.027054305801002654
