Model: GRU
MSE: 21.346936184686623
MAE: 3.6582139333089194
EVS: -0.06708295613868898
