Model: GRU
MSE: 1633.4806983289864
MAE: 40.03630256652832
EVS: -0.7077308205677442
