Model: GRU
MSE: 15.54087532714522
MAE: 3.118191995002605
EVS: -0.5053413642891269
