Model: GRU
MSE: 15.18015224542611
MAE: 3.3957893583509655
EVS: -0.05142041541531084
