Model: GRU
MSE: 76.39270659041982
MAE: 6.357023142002247
EVS: -2.2577462510420494
