Model: GRU
MSE: 16.557621981198526
MAE: 3.5303526101288973
EVS: -0.32316067862532605
