Model: GRU
MSE: 11.7350836907425
MAE: 2.8266164638378
EVS: -0.1447984099707451
