Model: GRU
MSE: 41.47839485622131
MAE: 3.873372032686516
EVS: -2.7184892296373917
