Model: GRU
MSE: 18209.48514704671
MAE: 134.9099737096716
EVS: -0.0787800828963292
