Model: GRU
MSE: 13.40442237455602
MAE: 3.0781488595185458
EVS: -0.3174211981386734
