Model: GRU
MSE: 63.4406657274787
MAE: 7.2947649801218954
EVS: -0.005330872079536864
