Model: GRU
MSE: 27.53528203716637
MAE: 4.3218395709991455
EVS: -0.23363023212917566
