Model: GRU
MSE: 13.908336763237298
MAE: 3.010090117101316
EVS: -0.7046125174871958
