Model: GRU
MSE: 38.25983110135647
MAE: 5.434920911435728
EVS: -0.5545409471718339
