Model: GRU
MSE: 30.494207173202057
MAE: 3.8277079617535628
EVS: -0.6961284989843364
