Model: GRU
MSE: 74.03593103882997
MAE: 6.416797203046304
EVS: -4.323934726601842
