Model: GRU
MSE: 11.306674544557787
MAE: 2.880026834982413
EVS: 0.17175126376186556
