Model: GRU
MSE: 20.15136673526227
MAE: 3.457575939319752
EVS: -0.8526335789428277
