Model: GRU
MSE: 37.5058335433103
MAE: 5.179100884331597
EVS: -1.1478024301393739
