Model: GRU
MSE: 20.054885584614226
MAE: 3.9188137540110835
EVS: -0.650790371586409
