Model: GRU
MSE: 39.71453547162519
MAE: 5.572258260515001
EVS: -0.8584850936296875
