Model: GRU
MSE: 13.88940370926416
MAE: 3.226992951499091
EVS: 0.05158572465142397
