Model: GRU
MSE: 13.419439882059045
MAE: 2.8631172445085316
EVS: -0.3055597157244998
