Model: GRU
MSE: 16.418460840568862
MAE: 3.441077501685531
EVS: -0.5822635320531364
