Model: GRU
MSE: 17.707708915836285
MAE: 3.517640244077753
EVS: -1.10402804913616
