Model: GRU
MSE: 8114.515933797218
MAE: 90.03540010805483
EVS: 4.440892098500626e-16
