Model: GRU
MSE: 25.299932667549758
MAE: 3.916693572644834
EVS: -1.2568445595488575
