Model: GRU
MSE: 64.01999648721396
MAE: 5.745777893949438
EVS: -2.2185749034493947
