Model: GRU
MSE: 20.51839074817429
MAE: 3.8363082243336573
EVS: -1.008881098800241
