Model: GRU
MSE: 27.500243929084373
MAE: 3.799563107667146
EVS: -0.4970938691202389
