Model: GRU
MSE: 28.38568893721593
MAE: 4.085351822552858
EVS: -0.4472534329875011
