Model: GRU
MSE: 60.08774294663993
MAE: 7.053499367502001
EVS: -0.01602798442038056
