Model: GRU
MSE: 13.2814406527667
MAE: 3.0910148885515003
EVS: -0.11778697511261904
