Model: GRU
MSE: 118.95941760592339
MAE: 7.615167494173403
EVS: -8.18286907930861
