Model: GRU
MSE: 12.832660588320719
MAE: 3.0612253789548522
EVS: 0.00370627855252037
