Model: GRU
MSE: 21.813857147360984
MAE: 3.6592787813257286
EVS: -0.08062654969901062
