Model: GRU
MSE: 24.725973386171752
MAE: 3.9285080521195024
EVS: -0.19322065595652016
