Model: GRU
MSE: 9.853391828528379
MAE: 2.097769852037783
EVS: 0.03216036921302501
