Model: GRU
MSE: 25.252768594689616
MAE: 4.3928164022940175
EVS: -0.9104389812339668
