Model: GRU
MSE: 19.1108170889195
MAE: 3.47935747217249
EVS: -0.005588159943815674
