Model: GRU
MSE: 12.586851350206533
MAE: 2.534983846876356
EVS: -0.11689926759678482
