Model: sequential_4
MSE: 0.0010132037861352305
MAE: 0.031830862164497375
EVS: 1.0
