Model: sequential_4
MSE: 1.2995597557976957
MAE: 0.7321262508630753
EVS: 0.675838880419281
