Model: GRU
MSE: 39.46006153856551
MAE: 5.361020565032959
EVS: -0.0463469985810252
