Model: GRU
MSE: 45.277573937807965
MAE: 5.56090983638057
EVS: -0.2085873726639207
