Model: GRU
MSE: 32.954105115283845
MAE: 4.575223472383287
EVS: 0.1318364074931968
