Model: GRU
MSE: 772.6387753644274
MAE: 26.78677604816578
EVS: -0.4717650110592382
