Model: GRU
MSE: 22.37680694944467
MAE: 3.921063688066271
EVS: 0.31434682676564807
