Model: GRU
MSE: 36.56157978903988
MAE: 5.05438819638005
EVS: 0.04159896717552203
