Model: GRU
MSE: 21.413355693312756
MAE: 3.9879496450777405
EVS: 0.34678429442838155
