Model: GRU
MSE: 28.489637096043893
MAE: 4.147347829960011
EVS: 0.12482258744175001
