Model: GRU
MSE: 26.60403965305348
MAE: 4.480428174689964
EVS: 0.1893519120861935
