Model: GRU
MSE: 28.133987364044074
MAE: 4.62054126350968
EVS: 0.2124689970038688
