Model: GRU
MSE: 32.980966262708094
MAE: 4.6270608637068005
EVS: 0.20839456917082866
