Model: GRU
MSE: 30.761555339678583
MAE: 4.634316492963721
EVS: 0.1592853523149318
