Model: GRU
MSE: 22.68176048669116
MAE: 4.140892152433042
EVS: 0.30416039867989353
