Model: GRU
MSE: 28.77133784683754
MAE: 4.522925668292576
EVS: 0.17806654621711948
