Model: GRU
MSE: 30.334291709391067
MAE: 4.616365503381799
EVS: 0.21353644695219187
