Model: GRU
MSE: 22.53074642888308
MAE: 3.9390789049643056
EVS: 0.38424472182550873
