Model: GRU
MSE: 43.4400424865184
MAE: 5.487527917932581
EVS: -0.15758414056055936
