Model: GRU
MSE: 37.41368752143341
MAE: 5.122093483253762
EVS: 0.004247475206938023
