Model: GRU
MSE: 29.210146532263153
MAE: 4.834287131274188
EVS: 0.24661681569337912
