Model: GRU
MSE: 1282.3578934065936
MAE: 35.369620923642756
EVS: 0.03632652223614896
