Model: GRU
MSE: 37.8921060313029
MAE: 4.972763432396783
EVS: -0.011728148789970083
