Model: GRU
MSE: 100.78177947340384
MAE: 8.285183202337336
EVS: 0.012049793855360424
