Model: GRU
MSE: 25.63165166187625
MAE: 4.074994246164958
EVS: 0.21461640012787264
