Model: GRU
MSE: 29.318019477846473
MAE: 4.3563179175059
EVS: 0.21968461924672367
