Model: GRU
MSE: 28.233415096471475
MAE: 4.596541281099673
EVS: 0.19891666783707695
