Model: GRU
MSE: 21272.289115771204
MAE: 145.73866893627024
EVS: 0.0
