Model: GRU
MSE: 21.29117125142795
MAE: 4.053107526567247
EVS: 0.3502984445434606
