Model: GRU
MSE: 24.87394710179371
MAE: 4.229972892337376
EVS: 0.3058220657982158
