Model: GRU
MSE: 26.95266867189717
MAE: 4.225251215475577
EVS: 0.3168489427302361
