Model: GRU
MSE: 29.70122861024532
MAE: 4.628864023420546
EVS: 0.27662463071750854
