Model: GRU
MSE: 21.316307540984525
MAE: 3.904169197435732
EVS: 0.3454015020794132
