Model: GRU
MSE: 22.236785970019522
MAE: 4.001227025632505
EVS: 0.34892041467760293
