Model: GRU
MSE: 22.8561706545381
MAE: 3.8988557038483798
EVS: 0.34283956659797976
