Model: GRU
MSE: 24.259307573694855
MAE: 4.1260495980580645
EVS: 0.3025344759554708
