Model: GRU
MSE: 24.46831459478721
MAE: 4.072116392630118
EVS: 0.3394955710904455
