Model: GRU
MSE: 25.187711604238352
MAE: 4.252004508618955
EVS: 0.2760772554416412
