Model: GRU
MSE: 27.56952687602254
MAE: 4.363932424121433
EVS: 0.16589547470875743
