Model: GRU
MSE: 48.85461957761955
MAE: 5.567556690286707
EVS: -0.2635791048391456
