Model: GRU
MSE: 24.42719577990513
MAE: 4.449374746393274
EVS: 0.2670637585060275
