Model: GRU
MSE: 20.371407134151095
MAE: 3.6700867546929254
EVS: 0.3793115342120057
