Model: GRU
MSE: 33.27971186791348
MAE: 4.915896274425365
EVS: 0.11727214677267939
