Model: GRU
MSE: 33.191000929423545
MAE: 4.616522426958437
EVS: 0.1214813911985404
