Model: GRU
MSE: 25.25292642051474
MAE: 4.301100642592819
EVS: 0.3705399271089961
