Model: GRU
MSE: 27.831131160933577
MAE: 4.450248029496935
EVS: 0.2241132294947097
