Model: GRU
MSE: 27.353210124656385
MAE: 4.3584108264357955
EVS: 0.27246969751745764
