Model: GRU
MSE: 21.743904800798447
MAE: 3.987528403600057
EVS: 0.4077794803319572
