Model: GRU
MSE: 28.213207977622613
MAE: 4.672524452209473
EVS: 0.2870315696129033
