Model: GRU
MSE: 26.376880258977955
MAE: 4.588021084114358
EVS: 0.24631744029036584
