Model: GRU
MSE: 25.893119310489038
MAE: 4.470202234056261
EVS: 0.21857848753284537
