Model: GRU
MSE: 726.5766697353165
MAE: 26.26862511811433
EVS: -0.12316551478206694
