Model: GRU
MSE: 30.52035241212909
MAE: 4.621043479001081
EVS: 0.20316783385689818
