Model: GRU
MSE: 31.17093768798902
MAE: 4.3465076022677955
EVS: 0.18526886213719074
