Model: GRU
MSE: 28.593682607217765
MAE: 4.643201333505136
EVS: 0.22235174966857352
