Model: GRU
MSE: 23.139400952883925
MAE: 3.9755178027682834
EVS: 0.30073653767778974
