Model: GRU
MSE: 103.75976829803261
MAE: 8.435315873887804
EVS: -0.0023277937845000984
