Model: GRU
MSE: 3575.379414986683
MAE: 59.13207273130064
EVS: -1.1039242722712932
