Model: GRU
MSE: 30.792226627907343
MAE: 4.662858185944734
EVS: 0.08237866038748642
