Model: GRU
MSE: 20.344475789122633
MAE: 3.863517725909198
EVS: 0.378540646386491
