Model: GRU
MSE: 20.56483661855548
MAE: 3.8790908919440374
EVS: 0.3718263369697198
