Model: GRU
MSE: 40.608862061096076
MAE: 5.286027140087551
EVS: -0.08454780216229318
