Model: GRU
MSE: 22.45792454473833
MAE: 3.7467768457200794
EVS: 0.30969510991486604
