Model: GRU
MSE: 28.08011015155325
MAE: 4.61834814813402
EVS: 0.23544323279763069
