Model: GRU
MSE: 44.44294244327317
MAE: 5.473313101700374
EVS: -0.16102203523345793
