Model: GRU
MSE: 27.846135341520675
MAE: 4.404700597127278
EVS: 0.2133166880185473
