Model: GRU
MSE: 32.058216273733635
MAE: 4.786301180168435
EVS: 0.11526216658860966
