Model: GRU
MSE: 37.533416146762605
MAE: 5.057491390793412
EVS: 0.02785027215935376
