Model: GRU
MSE: 39.02041264625237
MAE: 5.042222570489954
EVS: 0.01218095468439162
