Model: GRU
MSE: 23.299849412253533
MAE: 4.082799637759173
EVS: 0.29929454197280236
