Model: GRU
MSE: 23.28976901419531
MAE: 3.9351370246322066
EVS: 0.29577996940739004
