Model: GRU
MSE: 29.684187779728042
MAE: 4.65357663013317
EVS: 0.20700203223301805
