Model: GRU
MSE: 42.34360219348501
MAE: 5.376433460800736
EVS: -0.1295221156143349
