Model: GRU
MSE: 21.36516748443123
MAE: 3.6978029233438
EVS: 0.437413293643945
