Model: GRU
MSE: 20.685175396362585
MAE: 3.861339498449255
EVS: 0.36962411999466893
