Model: GRU
MSE: 22.653093724460884
MAE: 4.1528815516719115
EVS: 0.3614263268569444
