Model: GRU
MSE: 35.82077723069067
MAE: 4.728358754405269
EVS: 0.06571905724660987
