Model: GRU
MSE: 23.67103236743713
MAE: 4.197624524434407
EVS: 0.2968796341903337
