Model: GRU
MSE: 51.18067489880499
MAE: 6.163909135041414
EVS: -0.2695650983142681
