Model: GRU
MSE: 34.638558113432666
MAE: 4.872935445220382
EVS: 0.17573680428493732
