Model: GRU
MSE: 30.166490948565144
MAE: 4.63058379844383
EVS: 0.20818818228439728
