Model: GRU
MSE: 21.416606995142544
MAE: 3.9610761536492243
EVS: 0.40025031662135757
