Model: GRU
MSE: 2308.4744430438473
MAE: 47.706864816171155
EVS: 0.0
