Model: GRU
MSE: 1207.3770351317294
MAE: 33.96535329465513
EVS: -0.43502674388266427
