Model: GRU
MSE: 19.73096866906811
MAE: 3.952506489223904
EVS: 0.42703665768671395
