Model: GRU
MSE: 20.26356535241501
MAE: 3.988445176018609
EVS: 0.38730568462791026
