Model: GRU
MSE: 24.816918001576635
MAE: 4.294555372662014
EVS: 0.3785317866503013
