Model: GRU
MSE: 22.594316133959904
MAE: 3.9298541104352034
EVS: 0.330409776584485
