Model: GRU
MSE: 40.79090075651701
MAE: 5.436365789837307
EVS: -0.07018320433730074
