Model: GRU
MSE: 26.091906867155533
MAE: 4.336896702095315
EVS: 0.2776776889302447
