Model: GRU
MSE: 33.71458996196424
MAE: 4.991370960518166
EVS: 0.10024400785834886
