Model: GRU
MSE: 24.043833088595964
MAE: 4.080695222925256
EVS: 0.2741945530418801
