Model: GRU
MSE: 37.13385819523465
MAE: 5.089979383680555
EVS: 0.2943261012964885
