Model: GRU
MSE: 39.49180280849282
MAE: 5.357421354011253
EVS: 0.03587355523464231
