Model: GRU
MSE: 26.57595539132915
MAE: 4.343211792133473
EVS: 0.20231024116076812
