Model: GRU
MSE: 32.23300195380844
MAE: 4.722149778295447
EVS: 0.149222930987976
