Model: GRU
MSE: 56.158548340019244
MAE: 6.2438205789636685
EVS: -0.32780583760813853
