Model: GRU
MSE: 22.058757512821042
MAE: 4.061099034768564
EVS: 0.3757161209942623
