Model: GRU
MSE: 28.742906569312936
MAE: 4.4607142165855125
EVS: 0.18180550427219266
