Model: GRU
MSE: 33.46543227924683
MAE: 4.648669516598737
EVS: 0.11580995685321349
