Model: GRU
MSE: 29.877485895662723
MAE: 4.577927642398411
EVS: 0.13776945560990128
