Model: GRU
MSE: 20.798914261522846
MAE: 3.762949298929285
EVS: 0.3619711829500739
