Model: GRU
MSE: 23.899501574201537
MAE: 4.073600309866446
EVS: 0.26532955766050736
