Model: GRU
MSE: 22.81743307535083
MAE: 4.097958193884955
EVS: 0.4439156770754308
