Model: GRU
MSE: 39.20684819820731
MAE: 4.999833407225432
EVS: -0.03480458880390147
