Model: GRU
MSE: 29.575160325533883
MAE: 4.469040835345233
EVS: 0.13103786012161311
