Model: GRU
MSE: 103.24887827927961
MAE: 8.379509996484828
EVS: -0.015468979215145229
