Model: GRU
MSE: 33.17610030621703
MAE: 4.44039962026808
EVS: 0.11864390243763234
