Model: GRU
MSE: 23.862620395534115
MAE: 3.9669822763513634
EVS: 0.2914702741378644
