Model: GRU
MSE: 30.82027356062536
MAE: 4.665350825698288
EVS: 0.20328041950838782
