Model: GRU
MSE: 26.831185630781537
MAE: 4.15385682494552
EVS: 0.30919284371553246
