Model: GRU
MSE: 28.972737946897222
MAE: 4.503157880571154
EVS: 0.17525666930166783
