Model: GRU
MSE: 20.397413115253862
MAE: 3.7905749391626427
EVS: 0.38086594136487906
