Model: GRU
MSE: 26.383411038627084
MAE: 4.395760695139567
EVS: 0.2228785593616206
