Model: GRU
MSE: 23.2411193109028
MAE: 3.934606499142117
EVS: 0.28589137091905126
