Model: GRU
MSE: 26.460839794821904
MAE: 3.9392703109317355
EVS: 0.3011051265937478
