Model: GRU
MSE: 20.602498679017028
MAE: 3.680482338975977
EVS: 0.44779941579727467
