Model: GRU
MSE: 31.13816411459638
MAE: 4.359502342012194
EVS: 0.19045738816614677
