Model: GRU
MSE: 37.710721176427974
MAE: 4.939885192447239
EVS: 0.006695403275616019
