Model: GRU
MSE: 23.094825044033467
MAE: 4.127929970070168
EVS: 0.3648813745861189
