Model: GRU
MSE: 33.1214583540407
MAE: 4.725538889567058
EVS: 0.1303090993839161
