Model: GRU
MSE: 31.27965442511324
MAE: 4.528362883461846
EVS: 0.1671523211838598
