Model: GRU
MSE: 21.897568774895028
MAE: 3.9937949975331626
EVS: 0.38514110843155946
