Model: GRU
MSE: 31.52739588664033
MAE: 4.830034220660174
EVS: 0.12846347479037978
