Model: GRU
MSE: 28.810816042079313
MAE: 4.405551239296242
EVS: 0.2013705256540519
