Model: GRU
MSE: 33.44508302281005
MAE: 4.809530929282859
EVS: -0.004144720355260034
