Model: GRU
MSE: 44.85335919277956
MAE: 5.2846954464912415
EVS: -0.18755461509120597
