Model: GRU
MSE: 35.16197340268586
MAE: 4.8025260324831365
EVS: 0.0649109678090467
