Model: GRU
MSE: 36.681393753073614
MAE: 5.053261756896973
EVS: -0.03140943248339645
