Model: GRU
MSE: 30.883319338708773
MAE: 4.2509490825511795
EVS: 0.18573502420152066
