Model: GRU
MSE: 771.4284902695207
MAE: 27.141600573504412
EVS: -0.06863052430058181
