Model: GRU
MSE: 31.137461872053446
MAE: 4.5618205070495605
EVS: 0.1473535651037685
