Model: GRU
MSE: 25.990508854714875
MAE: 4.31091128455268
EVS: 0.220245272792008
