Model: GRU
MSE: 29.334708204117923
MAE: 4.492215359652484
EVS: 0.21696607154519187
