Model: GRU
MSE: 22.083654903920728
MAE: 3.9941812974435313
EVS: 0.32121480458430995
