Model: GRU
MSE: 33.449814877677916
MAE: 4.776761602472376
EVS: 0.27421472522681845
