Model: GRU
MSE: 25.07881017741733
MAE: 4.1314298400172484
EVS: 0.2842255023653274
