Model: GRU
MSE: 32.286097785915366
MAE: 4.644129311596906
EVS: 0.13778319176229292
