Model: GRU
MSE: 27.12521402857887
MAE: 4.097172269114742
EVS: 0.25683643393356015
