Model: GRU
MSE: 323.2946996472572
MAE: 16.777839890232794
EVS: -0.1163290095678271
