Model: GRU
MSE: 32.48854318986661
MAE: 4.8268048851578325
EVS: 0.22895322400435814
