Model: GRU
MSE: 38.20699282349935
MAE: 5.092713956479673
EVS: -0.020065790945629658
