Model: GRU
MSE: 21.19739399353589
MAE: 3.8510864399097584
EVS: 0.3512222791011568
