Model: GRU
MSE: 28.24749947438766
MAE: 4.620585291473954
EVS: 0.22869133367923822
