Model: GRU
MSE: 35.84301075416711
MAE: 5.0540052828965365
EVS: 0.0006570633754992006
