Model: GRU
MSE: 31.714772199107763
MAE: 4.544294763494421
EVS: 0.1551686317402079
