Model: GRU
MSE: 33.31377069399875
MAE: 4.81489446428087
EVS: 0.05323838912412082
