Model: GRU
MSE: 23.175709055906307
MAE: 3.7364343713831016
EVS: 0.3434836776541039
