Model: GRU
MSE: 107.23812259479672
MAE: 8.440923749296754
EVS: -0.007292065349596699
