Model: GRU
MSE: 24.27903937224917
MAE: 4.108835953253287
EVS: 0.2861988860287935
