Model: GRU
MSE: 22.87217413437078
MAE: 3.8434229780126503
EVS: 0.3350317340639498
