Model: GRU
MSE: 40.4610533545063
MAE: 5.258843722166838
EVS: -0.06447478149967689
