Model: GRU
MSE: 33.046978611202285
MAE: 4.762160778045654
EVS: 0.1413147768570141
