Model: GRU
MSE: 20.97027781622999
MAE: 3.821364508734809
EVS: 0.355349808384954
