Model: GRU
MSE: 29.54940540363889
MAE: 4.7348382384688765
EVS: 0.2694073839650467
