Model: GRU
MSE: 24.890658856284567
MAE: 4.396622799060963
EVS: 0.27410171877976064
