Model: GRU
MSE: 24.46655255756124
MAE: 4.341876754054317
EVS: 0.34649724584937713
