Model: GRU
MSE: 39.800657199948944
MAE: 5.095678947590016
EVS: 0.03001454863846309
