Model: GRU
MSE: 30.832440768682428
MAE: 4.529207717489313
EVS: 0.12308979401890807
