Model: GRU
MSE: 16414.65735031137
MAE: 127.95893436008029
EVS: -0.09949490714384734
