Model: GRU
MSE: 26.850834075162442
MAE: 4.44931599828932
EVS: 0.2527505480836395
