Model: GRU
MSE: 30.682141232216853
MAE: 4.794955165297897
EVS: 0.2520940717936456
