Model: GRU
MSE: 41.453669613594336
MAE: 5.253350178400676
EVS: -0.0850561527918563
