Model: GRU
MSE: 27.83710883499668
MAE: 4.492375974301939
EVS: 0.16655288611109897
