Model: GRU
MSE: 23.195761759615426
MAE: 4.354076641577262
EVS: 0.3109933786906728
