Model: GRU
MSE: 20.779544230248618
MAE: 3.5660642164724843
EVS: 0.37276626872754826
