Model: GRU
MSE: 25.414258503286387
MAE: 4.440275580794723
EVS: 0.27575639954064857
