Model: GRU
MSE: 35.32086973401349
MAE: 4.732204251819187
EVS: 0.07195743946675892
