Model: GRU
MSE: 24.52746719845868
MAE: 4.250481870439318
EVS: 0.3495181229538842
