Model: GRU
MSE: 39.40881821271054
MAE: 5.036951586052224
EVS: -0.04082064088637272
