Model: GRU
MSE: 39.723912597000464
MAE: 5.0698667808815285
EVS: -0.029693532296810377
