Model: GRU
MSE: 26.523157812801358
MAE: 4.2820174914819225
EVS: 0.18530205511140996
