Model: GRU
MSE: 37.34978524300724
MAE: 4.943658563825819
EVS: 0.012195080188355467
