Model: GRU
MSE: 35.620876361852964
MAE: 4.787692078837642
EVS: 0.05564424653541278
