Model: GRU
MSE: 32.29080240759846
MAE: 4.248712142308553
EVS: 0.14754050353685133
