Model: GRU
MSE: 22.108769459336685
MAE: 3.985974170543529
EVS: 0.320634732205184
