Model: GRU
MSE: 50.13532476266565
MAE: 5.810712673045971
EVS: -0.21271235624124052
