Model: GRU
MSE: 21.400367157982917
MAE: 3.4818249190295183
EVS: 0.40139846574852744
