Model: GRU
MSE: 23.760927254405235
MAE: 4.192431061356156
EVS: 0.38958032206614135
