Model: GRU
MSE: 25.968401037558188
MAE: 4.2326403900429055
EVS: 0.2512405758031928
