Model: GRU
MSE: 21.940793604623668
MAE: 4.113930172390408
EVS: 0.34353865468733225
