Model: GRU
MSE: 27.42275568232462
MAE: 4.353799961231373
EVS: 0.4049780628094479
