Model: GRU
MSE: 23.69536572508491
MAE: 3.9013726358060485
EVS: 0.2718769201554
