Model: GRU
MSE: 49.02191503185658
MAE: 5.793459101959511
EVS: -0.29126709573576615
