Model: GRU
MSE: 102.57179194746233
MAE: 8.37439156682403
EVS: 0.0027093758862132278
