Model: GRU
MSE: 19.775715803805518
MAE: 3.8068153504972106
EVS: 0.39308369882094873
