Model: GRU
MSE: 31.80951660718258
MAE: 4.579599256868716
EVS: 0.15054245145303924
