Model: GRU
MSE: 25.808748178571165
MAE: 4.454214820155391
EVS: 0.2924908781856944
