Model: GRU
MSE: 34.79486963126216
MAE: 4.802479233060565
EVS: 0.09047820064923529
