Model: GRU
MSE: 25.902157825995133
MAE: 4.3867677847544355
EVS: 0.23367861029894177
