Model: GRU
MSE: 23.112512142628432
MAE: 3.8932167247489646
EVS: 0.2957182336141553
