Model: GRU
MSE: 23.148722303963375
MAE: 4.09065697811268
EVS: 0.2975354663269595
