Model: GRU
MSE: 25.05215413392077
MAE: 4.175386269887288
EVS: 0.23541185649858754
