Model: GRU
MSE: 28.257932354424277
MAE: 4.594882947427255
EVS: 0.2394802850755433
