Model: GRU
MSE: 23.863546591035682
MAE: 4.170282628801134
EVS: 0.3570366613562388
