Model: GRU
MSE: 32.387972029023864
MAE: 5.085508328896982
EVS: 0.22868538166376773
