Model: GRU
MSE: 21.080218947004656
MAE: 3.730622167940493
EVS: 0.3816989963755303
