Model: GRU
MSE: 35.38165982302608
MAE: 4.757974624633789
EVS: 0.05882499297352106
