Model: GRU
MSE: 28.776885788509187
MAE: 4.371875833581995
EVS: 0.27522075214840624
