Model: GRU
MSE: 65.82869577534093
MAE: 6.875254716191973
EVS: -0.25595099356834305
