Model: GRU
MSE: 26.43111983343567
MAE: 4.405640036971481
EVS: 0.3039169040048555
