Model: GRU
MSE: 27.351033201155275
MAE: 4.381694987968162
EVS: 0.18024773865009724
