Model: GRU
MSE: 37.06377825597391
MAE: 5.113319882640132
EVS: 0.1165112600205267
