Model: GRU
MSE: 24.034454246303987
MAE: 4.164128709722449
EVS: 0.397934958890929
