Model: GRU
MSE: 3157.042569300692
MAE: 55.89734409473561
EVS: 0.0
