Model: GRU
MSE: 91.43128187453827
MAE: 7.655572184809932
EVS: -0.009038073455566398
