Model: GRU
MSE: 18.876755634336003
MAE: 3.792929799468429
EVS: 0.42009847051882676
