Model: GRU
MSE: 35.75631933617715
MAE: 4.758620456412986
EVS: 0.06040431813290914
