Model: GRU
MSE: 27.557044590419732
MAE: 4.237281569728145
EVS: 0.31892275734613706
