Model: GRU
MSE: 27.026339965380707
MAE: 4.215658028920491
EVS: 0.2758706744128475
