Model: GRU
MSE: 20.845677858050976
MAE: 3.54218883867617
EVS: 0.37021385507964155
