Model: GRU
MSE: 50.24247564644809
MAE: 5.6220497996718795
EVS: -0.277954380598737
