Model: GRU
MSE: 23.51557758579367
MAE: 4.107355303234524
EVS: 0.3236007160192307
