Model: GRU
MSE: 37.79755317670864
MAE: 5.275817199989602
EVS: 0.16134590847917574
