Model: GRU
MSE: 31.389819419282578
MAE: 4.713236649831136
EVS: 0.2315354804364902
