Model: GRU
MSE: 29.64811773506229
MAE: 4.584504975212945
EVS: 0.19396641744343235
