Model: GRU
MSE: 21.886452721433958
MAE: 3.9776570708663375
EVS: 0.38948766179375705
