Model: GRU
MSE: 22.29697254094617
MAE: 4.007129315976743
EVS: 0.4043866822128662
