Model: GRU
MSE: 20.297958178786068
MAE: 3.7440818504050926
EVS: 0.452098880670869
