Model: GRU
MSE: 20.35775241279219
MAE: 3.723139842351278
EVS: 0.3830452558150512
