Model: GRU
MSE: 21.235340620379603
MAE: 3.7045827441745334
EVS: 0.379552209916005
