Model: GRU
MSE: 46.95052474334451
MAE: 5.4978362421194715
EVS: -0.25321870714232686
