Model: GRU
MSE: 28.460262743234413
MAE: 4.468817216378671
EVS: 0.18168737768194432
