Model: GRU
MSE: 41.11194642696101
MAE: 5.221332890016061
EVS: -0.08730101216603736
