Model: GRU
MSE: 30.600392472396575
MAE: 4.718594215534352
EVS: 0.1669239741819879
