Model: GRU
MSE: 33.94790991372354
MAE: 4.654891116278512
EVS: 0.10149828245882198
