Model: GRU
MSE: 29.415114004883524
MAE: 4.557638397923222
EVS: 0.18808113811727678
