Model: GRU
MSE: 24.996541955634
MAE: 3.632915046479967
EVS: 0.3713395817151539
