Model: GRU
MSE: 31.62501745440677
MAE: 4.624486517023157
EVS: 0.15654729860251237
