Model: GRU
MSE: 24.224800233152706
MAE: 4.01648094035961
EVS: 0.34163969333231037
