Model: GRU
MSE: 22.30479048895719
MAE: 3.8797420572351524
EVS: 0.3149529426666299
