Model: GRU
MSE: 23.522199792554645
MAE: 4.0073622067769366
EVS: 0.2815798787522965
