Model: GRU
MSE: 35.632543093594144
MAE: 4.885454893112183
EVS: 0.08316589650116268
