Model: GRU
MSE: 95.2495645410505
MAE: 7.9647387873243405
EVS: 0.022041286554326245
