Model: GRU
MSE: 20.958607538353135
MAE: 4.071965464839229
EVS: 0.38992547991131754
