Model: GRU
MSE: 26.548407284910404
MAE: 4.001892822760123
EVS: 0.19185129024507186
