Model: GRU
MSE: 25.666913725309538
MAE: 4.338768808930008
EVS: 0.32567087129360606
