Model: GRU
MSE: 33.98980218194185
MAE: 4.974617207491839
EVS: 0.09225638375727385
