Model: GRU
MSE: 27.79451062084019
MAE: 4.401595963372125
EVS: 0.2421186984451209
