Model: GRU
MSE: 23.856290710707796
MAE: 4.169695889508283
EVS: 0.33589257788670146
