Model: GRU
MSE: 40.89146291477102
MAE: 5.005610739743268
EVS: -0.08127206390058261
