Model: GRU
MSE: 22.520881430091155
MAE: 3.9859017928441367
EVS: 0.30804566693253543
