Model: GRU
MSE: 27.49284025361043
MAE: 4.413226940013744
EVS: 0.39035004450684385
