Model: GRU
MSE: 34.677508311479635
MAE: 4.6153412306750266
EVS: 0.15498004321750913
