Model: GRU
MSE: 556.4659964873829
MAE: 22.737319673810685
EVS: -0.06762375076042826
