Model: GRU
MSE: 35.1084956726258
MAE: 4.816505679377803
EVS: 0.0698736433242586
