Model: GRU
MSE: 23.496634373568583
MAE: 4.029154706884314
EVS: 0.3850468281933076
