Model: GRU
MSE: 20.58610100114142
MAE: 3.829820747728701
EVS: 0.38327750729384136
