Model: GRU
MSE: 26.30385829134106
MAE: 4.20563241287514
EVS: 0.19598982301568746
