Model: GRU
MSE: 17.379614339827658
MAE: 3.5541124167265714
EVS: 0.4667183482756021
