Model: GRU
MSE: 44.29371312196989
MAE: 5.4294873343573675
EVS: -0.1806672691515543
