Model: GRU
MSE: 30.00784516560918
MAE: 4.54830319793136
EVS: 0.23025867223138796
