Model: GRU
MSE: 31.77735144632829
MAE: 4.636575380961101
EVS: 0.3597912507101172
