Model: GRU
MSE: 33.79436353256983
MAE: 4.918667599006936
EVS: 0.15836680473060616
