Model: GRU
MSE: 95469.81666310638
MAE: 308.92130646882237
EVS: 0.0
