Model: GRU
MSE: 31.973297956764956
MAE: 4.3197820451524525
EVS: 0.15574246060607477
