Model: GRU
MSE: 29.56742564019498
MAE: 4.497159021872061
EVS: 0.3025244190185312
