Model: GRU
MSE: 24.61685909718436
MAE: 4.294183898855139
EVS: 0.24324935713830576
