Model: GRU
MSE: 29.94866726567758
MAE: 4.528550253974067
EVS: 0.30382928881633275
