Model: GRU
MSE: 26.97654999056439
MAE: 4.447802472997595
EVS: 0.22818204444646228
