Model: GRU
MSE: 36.57828921956397
MAE: 5.025629043579102
EVS: 0.260156357180362
