Model: GRU
MSE: 25.10805374553263
MAE: 4.0409765155227095
EVS: 0.38615522502001387
