Model: GRU
MSE: 21.63684660463276
MAE: 3.8111390007866754
EVS: 0.40446031839556973
