Model: GRU
MSE: 35.41678531068495
MAE: 4.790945529937744
EVS: 0.06464453681775639
