Model: GRU
MSE: 28.256915075204326
MAE: 4.49015744527181
EVS: 0.21213648627537585
