Model: GRU
MSE: 22.622719151146573
MAE: 4.010476041723181
EVS: 0.32104803015218486
