Model: GRU
MSE: 33.25794601787612
MAE: 4.893960740831163
EVS: 0.12399440400855988
