Model: GRU
MSE: 25.00559730694036
MAE: 4.059401891849659
EVS: 0.26825966235849985
