Model: GRU
MSE: 1233.203492344495
MAE: 34.20941917984574
EVS: -0.9342180579155426
