Model: GRU
MSE: 26.265053181492938
MAE: 4.255078995669329
EVS: 0.20215683263514317
