Model: GRU
MSE: 28.0684536221139
MAE: 4.267126975236116
EVS: 0.2790419542771576
