Model: GRU
MSE: 587.28081642451
MAE: 23.17262448204888
EVS: -0.40813185007434627
