Model: GRU
MSE: 29.434465693478582
MAE: 4.612977460578636
EVS: 0.13289437533705162
