Model: GRU
MSE: 20.78672789172952
MAE: 3.7883235260292336
EVS: 0.3620832013700056
