Model: GRU
MSE: 32.93650030786138
MAE: 4.514203663225527
EVS: 0.1715624608909201
