Model: GRU
MSE: 29.255210507394004
MAE: 4.4774388207329645
EVS: 0.16885376405931363
