Model: GRU
MSE: 40.01582765391482
MAE: 5.07749621073405
EVS: -0.06748952190042767
