Model: GRU
MSE: 35.163825210979134
MAE: 4.777320808834499
EVS: 0.26374948566034206
