Model: GRU
MSE: 21.476790508834583
MAE: 4.1591366838525845
EVS: 0.39116691559198635
