Model: GRU
MSE: 24.029229397179396
MAE: 4.335293919951828
EVS: 0.3654076569349398
