Model: GRU
MSE: 28.400852247956934
MAE: 4.567575595996998
EVS: 0.2739032415549567
