Model: GRU
MSE: 20.628057197828007
MAE: 3.8937831631413213
EVS: 0.4601894348668911
