Model: GRU
MSE: 24.91367031480524
MAE: 4.41561022511235
EVS: 0.2972434473569886
