Model: GRU
MSE: 21.921789329095443
MAE: 3.7572130627102323
EVS: 0.4053631454119281
