Model: GRU
MSE: 22.039665503797213
MAE: 3.7282275447139033
EVS: 0.35444359006789905
