Model: GRU
MSE: 21.86029950446259
MAE: 3.984086681295324
EVS: 0.3728628718802277
