Model: GRU
MSE: 36.609414183795266
MAE: 4.760839665377581
EVS: -0.11979120785035402
