Model: GRU
MSE: 26.313329735815326
MAE: 4.543667528364393
EVS: 0.23896243033415698
