Model: GRU
MSE: 27.27008413975158
MAE: 4.563855559737594
EVS: 0.21978878151379133
