Model: GRU
MSE: 26.669418934388492
MAE: 4.467237878728796
EVS: 0.2609715502691822
