Model: GRU
MSE: 23.716137962217612
MAE: 4.308544017650463
EVS: 0.37283992709031655
