Model: GRU
MSE: 34.441742455744475
MAE: 4.757505973180135
EVS: 0.08590343656786492
