Model: GRU
MSE: 34.879409664931615
MAE: 5.041698491131818
EVS: 0.08711470833097212
