Model: GRU
MSE: 28.580690857099437
MAE: 4.557027834433097
EVS: 0.2127123899852592
