Model: GRU
MSE: 46.80306348288928
MAE: 5.5955468636971935
EVS: -0.24024666025679542
