Model: GRU
MSE: 25.54834835264605
MAE: 4.255407677756415
EVS: 0.2729324789688755
