Model: GRU
MSE: 39.935744256249016
MAE: 5.052238941192627
EVS: -0.0036717255404103977
