Model: GRU
MSE: 21.563635966275925
MAE: 3.903260248678702
EVS: 0.3465079063824872
