Model: GRU
MSE: 33.91977926455375
MAE: 4.687315517001682
EVS: 0.1132481703655418
