Model: GRU
MSE: 33.33492222318196
MAE: 4.704303158654107
EVS: 0.1476037985814822
