Model: GRU
MSE: 30.716584890111513
MAE: 4.6792101948349565
EVS: 0.1391270991011675
