Model: GRU
MSE: 28.766419620785385
MAE: 4.481443617078993
EVS: 0.23584984757418948
