Model: GRU
MSE: 22.104773210923486
MAE: 3.988855723981504
EVS: 0.3386359414711758
