Model: GRU
MSE: 658.9626907248364
MAE: 24.651147065339266
EVS: -0.5765274898812494
