Model: GRU
MSE: 21.24792871052335
MAE: 3.8841668411537453
EVS: 0.3655001208108055
