Model: GRU
MSE: 24.37412959304022
MAE: 4.141453230822528
EVS: 0.25183946316844497
