Model: GRU
MSE: 20.576702560807657
MAE: 3.892606081785979
EVS: 0.36745436242712737
