Model: GRU
MSE: 32.838050876781665
MAE: 4.507974059493454
EVS: 0.19290205539234395
