Model: GRU
MSE: 33.74093521804376
MAE: 5.07889261952153
EVS: 0.10046507835347984
