Model: GRU
MSE: 18.590052029534814
MAE: 3.349131354579219
EVS: 0.4398429683166296
