Model: GRU
MSE: 39.787428626487994
MAE: 5.100158611933391
EVS: -0.062431917927777025
