Model: GRU
MSE: 24.615831941724647
MAE: 4.387290583716498
EVS: 0.3080406121702317
