Model: GRU
MSE: 24.22527227770703
MAE: 4.00802559322781
EVS: 0.36196154497762667
