Model: GRU
MSE: 28.991704038506956
MAE: 4.763561955204716
EVS: 0.2134928388813332
