Model: GRU
MSE: 20.70134399405014
MAE: 3.7779995247169778
EVS: 0.379241120239177
