Model: GRU
MSE: 1900.8647834965511
MAE: 43.18551565099646
EVS: 0.04185156652869959
