Model: GRU
MSE: 31.455768071591525
MAE: 4.4839747923391835
EVS: 0.033016206106718515
