Model: GRU
MSE: 22.938360356441635
MAE: 4.077084823890969
EVS: 0.3057374748742131
