Model: GRU
MSE: 24.204080959046824
MAE: 4.075909808829978
EVS: 0.2790462593700086
