Model: GRU
MSE: 47.07073880123343
MAE: 5.58386915701407
EVS: -0.25296205508658565
