Model: GRU
MSE: 1274.1069472188192
MAE: 35.26417647467719
EVS: 0.061011947127527555
