Model: GRU
MSE: 33.340487612048534
MAE: 4.6208484614336935
EVS: 0.12408314611878257
