Model: GRU
MSE: 26.707985984454133
MAE: 4.227654951590079
EVS: 0.2253817891480464
