Model: GRU
MSE: 27.86153874912121
MAE: 4.309030815407082
EVS: 0.2561307918389101
