Model: GRU
MSE: 48.74767202308163
MAE: 5.5303244215470775
EVS: -0.2738053589801668
