Model: GRU
MSE: 26.936986116370896
MAE: 4.339904652701484
EVS: 0.26204357643993925
