Model: GRU
MSE: 23.378122797055084
MAE: 3.77181069056193
EVS: 0.3315430636265415
