Model: GRU
MSE: 47.02437982517892
MAE: 5.870323755122997
EVS: -0.17617614752437238
