Model: GRU
MSE: 1180.5855847794855
MAE: 33.78550140946
EVS: -0.2027694359044654
