Model: GRU
MSE: 24.030208810585602
MAE: 3.900579991164031
EVS: 0.26655441301268723
