Model: GRU
MSE: 21.616775161853187
MAE: 3.9182609717051187
EVS: 0.40280583873352316
