Model: GRU
MSE: 37.69558790728931
MAE: 5.091615871146873
EVS: -0.033104737760204506
