Model: GRU
MSE: 27.460047947567645
MAE: 4.214236798109831
EVS: 0.2341925457904861
