Model: GRU
MSE: 27.910493450640256
MAE: 4.31724394692315
EVS: 0.3362036791213825
