Model: GRU
MSE: 28.116163571473095
MAE: 4.321961482365926
EVS: 0.13907705992959563
