Model: GRU
MSE: 22.580095139874377
MAE: 4.134251550391868
EVS: 0.31070472950160033
