Model: GRU
MSE: 46.24895437346745
MAE: 5.49439235969826
EVS: -0.2292689979160425
