Model: GRU
MSE: 27.290516588415954
MAE: 4.346769050315574
EVS: 0.1611133317323431
