Model: GRU
MSE: 28.956562164867137
MAE: 4.683455696812382
EVS: 0.1667288691798996
