Model: GRU
MSE: 38.160465501568076
MAE: 4.893088985372473
EVS: -0.01871189788626082
