Model: GRU
MSE: 578.1306411322258
MAE: 23.150983881067347
EVS: -0.12604504459271548
