Model: GRU
MSE: 28.524476812221877
MAE: 4.682161949299
EVS: 0.24080603010226387
