Model: GRU
MSE: 2157.039429843569
MAE: 45.60629724573206
EVS: -1.0592615886649517
