Model: GRU
MSE: 24.418500603016287
MAE: 4.11802801379451
EVS: 0.32152982138225006
