Model: GRU
MSE: 23.02364229634432
MAE: 4.238559616936578
EVS: 0.3110133337697183
