Model: GRU
MSE: 30.365328616728736
MAE: 4.741062287931089
EVS: 0.25508465957422477
