Model: GRU
MSE: 70.59468700143792
MAE: 6.2267647054460316
EVS: -0.8543720136127366
