Model: GRU
MSE: 20.386894315092704
MAE: 3.688530268492522
EVS: 0.3994362477160913
