Model: GRU
MSE: 28.40145408481319
MAE: 4.549074711623015
EVS: 0.20549039805268599
