Model: GRU
MSE: 25.28562904915702
MAE: 4.224996981797395
EVS: 0.25270425909212024
