Model: GRU
MSE: 23.02721209723615
MAE: 4.064359276383011
EVS: 0.3234949834735328
