Model: GRU
MSE: 36.43936043735895
MAE: 4.9924779026596635
EVS: 0.027264735942368556
