Model: GRU
MSE: 21.60435843265734
MAE: 3.817713843451606
EVS: 0.42638948590569725
