Model: GRU
MSE: 21.478565977806483
MAE: 3.9294456905788846
EVS: 0.35340255812792487
