Model: GRU
MSE: 34.68905229879898
MAE: 4.801373799641927
EVS: 0.1907491797222871
