Model: GRU
MSE: 31.447155254260796
MAE: 4.556332146679914
EVS: 0.27027041969664367
