Model: GRU
MSE: 32.14810076178623
MAE: 4.789033677842882
EVS: 0.18972490287588317
