Model: GRU
MSE: 22.070529383733405
MAE: 3.6577339437272816
EVS: 0.3747392825061101
