Model: GRU
MSE: 656.3425557043354
MAE: 24.926189210679794
EVS: -0.07679660805439448
