Model: GRU
MSE: 28.729177477753545
MAE: 4.410253365834554
EVS: 0.15303199937496859
