Model: GRU
MSE: 5339.286041061367
MAE: 72.4150232385706
EVS: -1.5465444883936628
