Model: GRU
MSE: 22.663288102756514
MAE: 3.894153179945769
EVS: 0.3806926421730573
