Model: GRU
MSE: 33.29367535452515
MAE: 4.542377807475902
EVS: 0.1179660168749932
