Model: GRU
MSE: 34.088910201124456
MAE: 4.8340433438618975
EVS: 0.1906498328894396
