Model: GRU
MSE: 50.90169457003046
MAE: 5.880535788006252
EVS: -0.35779299689210675
