Model: GRU
MSE: 21.614941447132733
MAE: 3.9507681793636746
EVS: 0.3355755985183837
