Model: GRU
MSE: 39.10595397545036
MAE: 4.98123186605948
EVS: -0.016860323713417058
