Model: GRU
MSE: 20.236166233288195
MAE: 3.737841597309819
EVS: 0.3861311080098422
