Model: GRU
MSE: 27.404628816856732
MAE: 4.039999891210486
EVS: 0.33522889684920043
