Model: GRU
MSE: 29.64765278822194
MAE: 4.736194142588863
EVS: 0.16269015635480077
