Model: GRU
MSE: 25.64826502842831
MAE: 4.120882210908113
EVS: 0.3811211423337666
