Model: GRU
MSE: 1841.2528956427095
MAE: 42.2600537052861
EVS: -0.47799719614351455
