Model: GRU
MSE: 18.992421528205668
MAE: 3.7423206523612693
EVS: 0.41979938156971586
