Model: GRU
MSE: 34.7049544847396
MAE: 4.763492743174235
EVS: 0.10250019164473034
