Model: GRU
MSE: 26.380202247026244
MAE: 4.259457570535165
EVS: 0.22947395344022248
