Model: GRU
MSE: 25.704864753202415
MAE: 4.263121490125303
EVS: 0.27889588409927324
