Model: GRU
MSE: 37.07022611507815
MAE: 4.9049437995310186
EVS: -0.022771817501876068
