Model: GRU
MSE: 46.48748988838105
MAE: 5.490019144835295
EVS: -0.1878245089194428
