Model: GRU
MSE: 27.931990793553194
MAE: 4.2187628746032715
EVS: 0.23355604050023615
