Model: GRU
MSE: 28.36437493034464
MAE: 4.2879481668825505
EVS: 0.31523654105530485
