Model: GRU
MSE: 20.631490737147235
MAE: 3.709875371721056
EVS: 0.4097529070295043
