Model: GRU
MSE: 23.909709240418838
MAE: 4.130938035470468
EVS: 0.3383113066893392
