Model: GRU
MSE: 22.86781378841492
MAE: 4.009689657776444
EVS: 0.31577627124757146
