Model: GRU
MSE: 38.52364784629452
MAE: 4.860715689482512
EVS: -0.02808459388716833
