Model: GRU
MSE: 37.0991459315825
MAE: 4.885713268209387
EVS: 0.015508083796966332
