Model: GRU
MSE: 28.775733401926413
MAE: 4.51476815894798
EVS: 0.3570805176534767
