Model: GRU
MSE: 32.812339079609124
MAE: 4.797447893354628
EVS: 0.20038064520128973
