Model: GRU
MSE: 623.7746389838446
MAE: 24.155896681326407
EVS: -0.23787035903234033
