Model: GRU
MSE: 27.86082229820357
MAE: 4.239212380515204
EVS: 0.1589532075349338
