Model: GRU
MSE: 25.77921038764134
MAE: 4.613230961340445
EVS: 0.32726718404389576
