Model: GRU
MSE: 28.360483750976023
MAE: 4.272290794937699
EVS: 0.3277223466541237
