Model: GRU
MSE: 22.15498609961543
MAE: 4.118052906460232
EVS: 0.4175655169678171
