Model: GRU
MSE: 158.5901050671649
MAE: 11.155421707365248
EVS: -0.04971424453692497
