Model: GRU
MSE: 46.63084874060369
MAE: 5.603002804296988
EVS: -0.23845757658416677
