Model: GRU
MSE: 21.966963611900127
MAE: 3.889012027669836
EVS: 0.33097404879114334
