Model: GRU
MSE: 20.6071298977215
MAE: 3.8220316569010415
EVS: 0.3702104891187491
