Model: GRU
MSE: 98.08830949120211
MAE: 8.112397661915532
EVS: 0.007752312447372844
