Model: GRU
MSE: 20.990989151646446
MAE: 4.006160082640471
EVS: 0.45572138596045386
