Model: GRU
MSE: 29.797834450543373
MAE: 4.564887823881926
EVS: 0.21498724614489562
