Model: GRU
MSE: 21.06457029400162
MAE: 4.023510102872495
EVS: 0.3569680266771108
