Model: GRU
MSE: 35.74253006840176
MAE: 4.950076041398225
EVS: 0.04711034077742515
