Model: GRU
MSE: 24.92911893528858
MAE: 4.062526877279635
EVS: 0.2337166559050491
