Model: GRU
MSE: 23.767198648216205
MAE: 3.897950366691307
EVS: 0.35832312495321406
