Model: GRU
MSE: 23.766576037762096
MAE: 4.195951055597376
EVS: 0.34889717159315425
