Model: GRU
MSE: 26.394329332883242
MAE: 4.421248294689037
EVS: 0.19689360056969685
