Model: GRU
MSE: 22.414042458390227
MAE: 3.812131095815588
EVS: 0.31890536855417273
