Model: GRU
MSE: 25.839656417214936
MAE: 4.11199344529046
EVS: 0.21174994600669395
