Model: GRU
MSE: 23.256032871707493
MAE: 3.904441003446226
EVS: 0.34077795024879287
