Model: GRU
MSE: 27.30773529646708
MAE: 4.284781420672381
EVS: 0.25462632317427736
