Model: GRU
MSE: 37.15520688746963
MAE: 5.045541613190262
EVS: 0.01100539869232342
