Model: GRU
MSE: 27.184666830636363
MAE: 4.337059003335458
EVS: 0.19004689668503338
