Model: GRU
MSE: 24.857170197527832
MAE: 3.9707797633277044
EVS: 0.281959814216467
