Model: GRU
MSE: 24.391680100778835
MAE: 4.130506674448649
EVS: 0.3692523903736058
