Model: GRU
MSE: 24.534275052330813
MAE: 4.233219164389151
EVS: 0.35144086226346916
