Model: GRU
MSE: 24.280588965224727
MAE: 4.2415107797693326
EVS: 0.2541022562222167
