Model: GRU
MSE: 41.85858559028624
MAE: 5.0764115121629505
EVS: -0.11089375475277397
