Model: GRU
MSE: 44.47396660958553
MAE: 5.482519326386629
EVS: -0.10762420117167393
