Model: GRU
MSE: 40.94629947135103
MAE: 5.301380148640385
EVS: -0.06607637369028696
