Model: GRU
MSE: 41.79376255203351
MAE: 5.240298412464283
EVS: -0.11618482165197608
