Model: GRU
MSE: 27.442029515610866
MAE: 4.5611541801028785
EVS: 0.26749847497393653
