Model: GRU
MSE: 31.839485283527264
MAE: 4.64699532367565
EVS: 0.18085017457665442
