Model: GRU
MSE: 698.221933645228
MAE: 25.640568132753724
EVS: -0.08920546663100337
