Model: GRU
MSE: 19.645509647207792
MAE: 3.785948735696298
EVS: 0.40580918390477205
