Model: GRU
MSE: 25.082924179938665
MAE: 4.03047893665455
EVS: 0.2834532288095327
