Model: GRU
MSE: 41.52996134000063
MAE: 5.3493621879153785
EVS: -0.08357941555060777
