Model: GRU
MSE: 24.216881165196632
MAE: 3.9053456518385143
EVS: 0.26113350199184027
