Model: GRU
MSE: 52.64898690761487
MAE: 5.54991266462538
EVS: -0.38793880525846536
