Model: GRU
MSE: 27.319485996160196
MAE: 4.5920026832156715
EVS: 0.3795651994035557
