Model: GRU
MSE: 26.07401180383636
MAE: 4.329226520326403
EVS: 0.26071120260611913
