Model: GRU
MSE: 23.352499496833293
MAE: 3.9923006605218956
EVS: 0.2909377081936807
