Model: GRU
MSE: 31.192431101178727
MAE: 4.5721723945052535
EVS: 0.060162754431269505
