Model: GRU
MSE: 34.726910628536636
MAE: 4.821042078512686
EVS: 0.07698829074768132
