Model: GRU
MSE: 37.295637897945184
MAE: 5.185269214488842
EVS: 0.004828807464058116
