Model: GRU
MSE: 25.046520346848297
MAE: 4.171572561617251
EVS: 0.26698125492644287
