Model: GRU
MSE: 25.405137201585468
MAE: 4.107963460463065
EVS: 0.23616513205931267
