Model: GRU
MSE: 20.557177899690604
MAE: 3.943838296113191
EVS: 0.36919711469828853
