Model: GRU
MSE: 25.63631181330679
MAE: 4.421156088511149
EVS: 0.389404684540245
