Model: GRU
MSE: 35.61041996399113
MAE: 4.657219604209617
EVS: 0.06929154626153833
