Model: GRU
MSE: 23.602932578108682
MAE: 3.9894478850894504
EVS: 0.32788946405997454
