Model: GRU
MSE: 32.49878686959799
MAE: 4.998002652768736
EVS: 0.22604176495079842
