Model: GRU
MSE: 42.92339082132387
MAE: 5.447887761252267
EVS: -0.15705753937634448
