Model: GRU
MSE: 29.816574127114613
MAE: 4.489682029794763
EVS: 0.16647266310554087
