Model: GRU
MSE: 35.212160235078514
MAE: 4.946435186598036
EVS: 0.31963512081378864
