Model: GRU
MSE: 22.677837958537584
MAE: 4.085483542195073
EVS: 0.3412713362553501
