Model: GRU
MSE: 714.6069540909439
MAE: 26.0339289771186
EVS: 0.016066432416644738
