Model: GRU
MSE: 42.248126069244655
MAE: 5.5808784696790905
EVS: -0.023459780951064824
