Model: GRU
MSE: 21.509841677053846
MAE: 3.5699874736644603
EVS: 0.3949177961134671
