Model: GRU
MSE: 36.657802515209774
MAE: 4.962247424655491
EVS: 0.022137333200296427
