Model: GRU
MSE: 28.583494335037912
MAE: 4.656157705518934
EVS: 0.23264556744484
