Model: GRU
MSE: 21.823070777836172
MAE: 3.9037373242554843
EVS: 0.4090966962635272
