Model: GRU
MSE: 20.930732451330407
MAE: 3.7148053027965404
EVS: 0.4060265978680493
