Model: GRU
MSE: 39.41185862037701
MAE: 4.882330792921561
EVS: -0.012210305181959091
