Model: GRU
MSE: 26.01401974653329
MAE: 4.17535302374098
EVS: 0.2623905138980478
