Model: GRU
MSE: 22.919872365981153
MAE: 3.802093757523431
EVS: 0.2967433470612233
