Model: GRU
MSE: 34.39701890517371
MAE: 4.865117073059082
EVS: 0.3816229550087257
