Model: GRU
MSE: 3570.1521680380574
MAE: 59.47091816089772
EVS: -0.0255942721389415
