Model: GRU
MSE: 23.648021168889432
MAE: 3.9965972900390625
EVS: 0.4790826218683665
