Model: GRU
MSE: 42.959873918271036
MAE: 5.496414096267135
EVS: -0.10764494105168598
