Model: GRU
MSE: 21.4358077084313
MAE: 3.9167969315140336
EVS: 0.35551233456590414
