Model: GRU
MSE: 1915.5890933361425
MAE: 43.29440618444372
EVS: -0.26603532253033424
