Model: GRU
MSE: 19.799441087840588
MAE: 3.7280249772248446
EVS: 0.41997673045114026
