Model: GRU
MSE: 38.87422587747342
MAE: 5.041306672272859
EVS: -0.014812224752272174
