Model: GRU
MSE: 23.693388334381115
MAE: 4.1350358768745705
EVS: 0.41060685900227445
