Model: GRU
MSE: 26.341474283670895
MAE: 4.232050422717024
EVS: 0.20113947366734486
