Model: GRU
MSE: 28.850524891098868
MAE: 4.5883507993486194
EVS: 0.22387952791610188
