Model: GRU
MSE: 39.824542389047714
MAE: 5.214332651208948
EVS: 0.24287175762064428
