Model: GRU
MSE: 21.01477985487603
MAE: 3.9607929830197937
EVS: 0.40805898966579723
