Model: GRU
MSE: 26.178634617829214
MAE: 4.406854011394359
EVS: 0.23410061100307877
