Model: GRU
MSE: 26.566038342388342
MAE: 4.694050859521936
EVS: 0.25474396252757825
