Model: GRU
MSE: 21.60007684964565
MAE: 3.9902796745300293
EVS: 0.336444071483501
