Model: GRU
MSE: 29.91182574143081
MAE: 4.796618744179055
EVS: 0.16325537908536436
