Model: GRU
MSE: 23.518862736800365
MAE: 3.921776639090644
EVS: 0.322230691034749
