Model: GRU
MSE: 29.78018041499924
MAE: 4.142302098097624
EVS: 0.21484393000260626
