Model: GRU
MSE: 42.954430305273306
MAE: 5.627895091261182
EVS: -0.15574233653089564
