Model: GRU
MSE: 24.515205361956152
MAE: 4.139058638502051
EVS: 0.2591809990396414
