Model: GRU
MSE: 29.33372608316816
MAE: 4.393447037096377
EVS: 0.22066332347421402
