Model: GRU
MSE: 27.746111469588797
MAE: 4.464660776986016
EVS: 0.21053382280666055
