Model: GRU
MSE: 19.531556875124167
MAE: 3.7226025969893843
EVS: 0.4218203851613348
