Model: GRU
MSE: 37.44833524816693
MAE: 4.98074612794099
EVS: 0.06109952593518608
