Model: GRU
MSE: 30.11687963177553
MAE: 4.618839440522371
EVS: 0.10848969223180172
