Model: GRU
MSE: 25.186143320580747
MAE: 4.1332654688093395
EVS: 0.23353283623351606
