Model: GRU
MSE: 37.75385660341146
MAE: 5.1283782764717385
EVS: 0.04796061215379088
