Model: GRU
MSE: 23.37436903831774
MAE: 4.082867101386741
EVS: 0.34739822349029525
