Model: GRU
MSE: 29.038283153926983
MAE: 4.503674065625226
EVS: 0.2781683863473916
