Model: GRU
MSE: 31.42834357764223
MAE: 4.74736002639488
EVS: 0.10210906656664875
