Model: GRU
MSE: 26.260057837125732
MAE: 4.481961250305176
EVS: 0.31841386640460156
