Model: GRU
MSE: 22.73209876265191
MAE: 4.204778265070032
EVS: 0.3889573980319624
