Model: GRU
MSE: 22.178361139927333
MAE: 4.071674611833361
EVS: 0.334895422669534
