Model: GRU
MSE: 33.72905837420345
MAE: 4.713295565711127
EVS: -0.02920102951597814
