Model: GRU
MSE: 29.397807460085673
MAE: 4.617041190465291
EVS: 0.14134257731986477
