Model: GRU
MSE: 22.66552988109518
MAE: 3.7963696585761175
EVS: 0.30323604307463814
