Model: GRU
MSE: 8231.009338355389
MAE: 90.54545734546802
EVS: 0.0
