Model: GRU
MSE: 27.98830556017788
MAE: 4.428041943797359
EVS: 0.19474415366751918
