Model: GRU
MSE: 43.07163471499333
MAE: 5.049489017043795
EVS: -0.1638216247090205
