Model: GRU
MSE: 30.380614019244494
MAE: 4.594910820325215
EVS: 0.19628623387235078
