Model: GRU
MSE: 22.16840699233288
MAE: 3.775998998571325
EVS: 0.3338001516068988
