Model: GRU
MSE: 24.795197021051266
MAE: 4.5516851213243275
EVS: 0.28901589581074105
