Model: GRU
MSE: 24.640963638822726
MAE: 3.8687223946606673
EVS: 0.24364264172513728
