Model: GRU
MSE: 33.48308892653876
MAE: 4.813812176386516
EVS: 0.1876405505248978
