Model: GRU
MSE: 21.58577082834464
MAE: 4.000363579502812
EVS: 0.3813473397727377
