Model: GRU
MSE: 27.18895489543259
MAE: 4.37461155432242
EVS: 0.3156545901251384
