Model: GRU
MSE: 21.24996076794371
MAE: 4.073651243139197
EVS: 0.3571850492484556
