Model: GRU
MSE: 24.441107255189703
MAE: 4.023176078443174
EVS: 0.26258685994663566
