Model: GRU
MSE: 117.91622394502608
MAE: 8.895113432848895
EVS: -0.03605762460197792
