Model: GRU
MSE: 45.65540407626196
MAE: 5.441520398413694
EVS: -0.21419526359400431
