Model: GRU
MSE: 9398.797013874371
MAE: 96.75899166531033
EVS: 0.025332507379829727
