Model: GRU
MSE: 29.69921778530355
MAE: 4.6230578952365455
EVS: 0.22170852752792025
