Model: GRU
MSE: 35.20917652687566
MAE: 4.905807874820851
EVS: 0.08195537724941204
