Model: GRU
MSE: 36.555795172293045
MAE: 4.951126222257261
EVS: 0.03187148032481646
