Model: GRU
MSE: 34.23008144731233
MAE: 5.067577732933892
EVS: 0.22607825260168457
