Model: GRU
MSE: 33.92643345574608
MAE: 4.929165063080965
EVS: 0.12246519516772425
