Model: GRU
MSE: 4959.0833083007055
MAE: 70.14699610957393
EVS: -0.07707735087565193
