Model: GRU
MSE: 23.94559743268462
MAE: 3.8883410648063377
EVS: 0.2657938154642374
