Model: GRU
MSE: 22.706985062959703
MAE: 3.951700131098429
EVS: 0.3134829680427852
