Model: GRU
MSE: 24.663134702884218
MAE: 4.06381462238453
EVS: 0.3938655555197088
