Model: GRU
MSE: 30.831459113422053
MAE: 4.324586832964862
EVS: 0.2031403937471733
