Model: GRU
MSE: 20.973488499679206
MAE: 3.931071325584694
EVS: 0.35745542740549363
