Model: GRU
MSE: 37.65616677485626
MAE: 4.438971364939654
EVS: -0.14844822178378236
