Model: GRU
MSE: 35.966406115614625
MAE: 4.785116990407308
EVS: 0.09278318458670087
