Model: GRU
MSE: 22.37690912045865
MAE: 3.9077431007667824
EVS: 0.4453502171331829
