Model: GRU
MSE: 34.30637625013387
MAE: 4.621138731638591
EVS: 0.10181890510310687
