Model: GRU
MSE: 20.83831405820088
MAE: 3.9710872614825212
EVS: 0.37680973701115306
