Model: GRU
MSE: 25.070978880995238
MAE: 4.022215807879412
EVS: 0.36740627239384105
