Model: GRU
MSE: 24.78410672959426
MAE: 3.9030671649509006
EVS: 0.4037368494334742
