Model: GRU
MSE: 26.079630363367272
MAE: 4.0220021760022195
EVS: 0.3003029865297778
