Model: GRU
MSE: 42.94290088771304
MAE: 5.431657499737209
EVS: -0.06763787898697138
