Model: GRU
MSE: 28.28199781531417
MAE: 4.175428072611491
EVS: 0.2530563941295464
