Model: GRU
MSE: 22.383822164198836
MAE: 3.9842831823560925
EVS: 0.31627229306476057
