Model: GRU
MSE: 10496.183432136171
MAE: 102.26900906032986
EVS: -0.04211840162456926
