Model: GRU
MSE: 24.889374955526417
MAE: 4.276083787282308
EVS: 0.30953060146049993
