Model: GRU
MSE: 35.378507145615124
MAE: 4.995130141576131
EVS: 0.08827127257908374
