Model: GRU
MSE: 25.673711388633276
MAE: 4.403793343791255
EVS: 0.24661747043349402
