Model: GRU
MSE: 101.0677965014201
MAE: 8.228711190047088
EVS: -0.02541128478805632
