Model: GRU
MSE: 33.8273304724307
MAE: 4.697552115828903
EVS: 0.10031540391906224
