Model: GRU
MSE: 42.36656805962931
MAE: 5.3266843248296665
EVS: -0.10421725471521315
