Model: GRU
MSE: 25.793235480535582
MAE: 4.175452029263532
EVS: 0.2071796524029642
