Model: GRU
MSE: 29.973681115356822
MAE: 4.602307125374123
EVS: 0.3251651125041175
