Model: GRU
MSE: 19.620929596797154
MAE: 3.884325892836959
EVS: 0.39963488870477915
