Model: GRU
MSE: 353.06398420171456
MAE: 17.93126498328315
EVS: 0.03061136461888747
