Model: GRU
MSE: 22.883001572894095
MAE: 4.112476631447121
EVS: 0.3269840256478006
