Model: GRU
MSE: 4454.852817401789
MAE: 66.44972356160481
EVS: -0.04924764856823027
