Model: GRU
MSE: 22.504780623994183
MAE: 4.062741314923322
EVS: 0.46385293030526187
