Model: GRU
MSE: 30.57117030030857
MAE: 4.6445680216506675
EVS: 0.07487729475557725
