Model: GRU
MSE: 21.72536390404911
MAE: 3.8632944424947104
EVS: 0.36003191092551756
