Model: GRU
MSE: 25.369299741120326
MAE: 4.338317729808666
EVS: 0.23450837057611995
