Model: GRU
MSE: 23.973735069427818
MAE: 4.208768173500344
EVS: 0.2814450610778674
