Model: GRU
MSE: 43.596507975071475
MAE: 5.436448768333152
EVS: -0.008362117587183304
