Model: GRU
MSE: 27.063290033827638
MAE: 4.434991818887216
EVS: 0.2976297950345418
