Model: GRU
MSE: 19.41503163953437
MAE: 3.6514022085401745
EVS: 0.4371786837778162
