Model: GRU
MSE: 36.77486750078941
MAE: 4.7017059326171875
EVS: 0.04173968470800227
