Model: GRU
MSE: 19.936830802998838
MAE: 3.9146089642136186
EVS: 0.38715628312650696
