Model: GRU
MSE: 18.20984042759455
MAE: 3.5025379569442183
EVS: 0.4402054461454741
