Model: GRU
MSE: 32.48571072172671
MAE: 4.7575454093791825
EVS: 0.270428400246029
