Model: GRU
MSE: 21.346193746932105
MAE: 3.8529902829064264
EVS: 0.44497381512439793
