Model: GRU
MSE: 24.38921209028206
MAE: 4.145948975174515
EVS: 0.3313199793017837
