Model: GRU
MSE: 29.97213178277365
MAE: 4.453389061821832
EVS: 0.21221246094244517
