Model: GRU
MSE: 18.131335723286014
MAE: 3.4077667836789733
EVS: 0.47154369979285626
