Model: GRU
MSE: 30.81137869653615
MAE: 4.568340866654007
EVS: 0.2897534795142508
