Model: GRU
MSE: 28.05892749502939
MAE: 4.479222332989728
EVS: 0.19785355802606674
