Model: GRU
MSE: 22.7649760760437
MAE: 3.7561662991841636
EVS: 0.309120530150925
