Model: GRU
MSE: 33.337312191424296
MAE: 4.671804811273303
EVS: 0.10030339142803812
