Model: GRU
MSE: 37.47203703053713
MAE: 4.848294010868779
EVS: 0.03343175532399012
