Model: GRU
MSE: 34.18882376286201
MAE: 5.070599909181948
EVS: 0.039843256551024164
