Model: GRU
MSE: 21.254617651649713
MAE: 3.5248585409588284
EVS: 0.4473003934567088
