Model: GRU
MSE: 38.59153883211775
MAE: 5.217431916130914
EVS: -0.015846766159308245
