Model: GRU
MSE: 34.18475775608785
MAE: 4.962536114233512
EVS: 0.08787678841901769
