Model: GRU
MSE: 24.435100886962843
MAE: 4.191539587797942
EVS: 0.30581185841901815
