Model: GRU
MSE: 25.233697547676506
MAE: 4.260950830247667
EVS: 0.2506473890047951
