Model: GRU
MSE: 62.370777416049584
MAE: 6.492313155421504
EVS: -0.3945121394718054
