Model: GRU
MSE: 31.097715840146567
MAE: 4.553792706242314
EVS: 0.2657853417786644
