Model: GRU
MSE: 48.54329427239471
MAE: 5.4344535249250905
EVS: -0.23004648787352888
