Model: GRU
MSE: 28.825692377442063
MAE: 4.683832579188877
EVS: 0.15015516513720806
