Model: GRU
MSE: 25.652493168234244
MAE: 4.091870599322849
EVS: 0.21724186692339742
