Model: GRU
MSE: 23.262698073633754
MAE: 4.129205014970568
EVS: 0.3821962477611127
