Model: GRU
MSE: 26.348960493715012
MAE: 4.273833928284822
EVS: 0.2063955683673736
