Model: GRU
MSE: 23.569622796728204
MAE: 3.9112607814647533
EVS: 0.4198518088444272
