Model: GRU
MSE: 36.387871722821046
MAE: 5.024611243495235
EVS: 0.06272298245607288
