Model: GRU
MSE: 24.145225371715746
MAE: 4.300702695493345
EVS: 0.2804822143704797
