Model: GRU
MSE: 25.84571281142116
MAE: 4.148043773792408
EVS: 0.2762401041907332
