Model: GRU
MSE: 19.265911338093495
MAE: 3.612873527738783
EVS: 0.4613158255098212
