Model: GRU
MSE: 1868.2720814294034
MAE: 42.74031617906358
EVS: -0.10934950967557722
