Model: GRU
MSE: 941.5099294742914
MAE: 30.044464959038628
EVS: -0.08709206591247698
