Model: GRU
MSE: 24.927149601337177
MAE: 4.473370834633156
EVS: 0.32667392812758733
