Model: GRU
MSE: 40.18720115315574
MAE: 5.168616082933214
EVS: 0.16214304552121117
