Model: GRU
MSE: 31.645931929710674
MAE: 4.799038922345197
EVS: 0.1247452265172635
