Model: GRU
MSE: 28.78843373970212
MAE: 4.514128455409297
EVS: 0.201427931978307
