Model: GRU
MSE: 46.96459585953016
MAE: 5.614696873558892
EVS: -0.24463644497852122
