Model: GRU
MSE: 25.815101724014827
MAE: 4.288876127313684
EVS: 0.32581292995251
