Model: GRU
MSE: 21.844478754918963
MAE: 3.8058751424153647
EVS: 0.3958302064214668
