Model: GRU
MSE: 41.733558617302755
MAE: 5.323721603110984
EVS: -0.08957050311794879
