Model: GRU
MSE: 25.139574091616208
MAE: 4.249828877272429
EVS: 0.35491755730063346
