Model: GRU
MSE: 30.864771911482606
MAE: 4.922164175245497
EVS: 0.1592609339987031
