Model: GRU
MSE: 25.044436652923288
MAE: 4.3778294987148705
EVS: 0.2858508597247327
