Model: GRU
MSE: 26.462323818228604
MAE: 4.070886777506934
EVS: 0.18715023421009946
