Model: GRU
MSE: 116.02084775055124
MAE: 8.84715802360464
EVS: -0.008160920873576227
