Model: GRU
MSE: 26.786778288729177
MAE: 4.178868234157562
EVS: 0.27782385235565676
