Model: GRU
MSE: 21.822815240218688
MAE: 3.871403181994403
EVS: 0.4108521917053479
