Model: GRU
MSE: 33.902106764033476
MAE: 4.761394924587673
EVS: 0.06558019539262527
