Model: GRU
MSE: 23.787109097904548
MAE: 3.9518482243573225
EVS: 0.36827409538656464
