Model: GRU
MSE: 30.088357193534776
MAE: 4.608575167479338
EVS: 0.1589478190097996
