Model: GRU
MSE: 6999.62656626167
MAE: 83.38451413755064
EVS: -0.43406382285922707
