Model: GRU
MSE: 24.4190062106884
MAE: 4.196611333776404
EVS: 0.31663526377114437
