Model: GRU
MSE: 36.52629049808634
MAE: 5.014493112210874
EVS: 0.07065162663749514
