Model: GRU
MSE: 19.356516862721314
MAE: 3.6356275611453586
EVS: 0.4127490314723401
