Model: GRU
MSE: 867.0417504461898
MAE: 28.532050874498154
EVS: -0.4145159443055071
