Model: GRU
MSE: 23.319447819660564
MAE: 4.084284667615537
EVS: 0.2898913567318021
