Model: GRU
MSE: 21.693388084924713
MAE: 3.996305130146168
EVS: 0.39794071140813514
