Model: GRU
MSE: 44.0940055457928
MAE: 5.336421525036847
EVS: -0.10140567865367234
