Model: GRU
MSE: 22.181382817972512
MAE: 3.9229947196112738
EVS: 0.3632674697834779
