Model: GRU
MSE: 34.28122339752756
MAE: 4.500208210062097
EVS: 0.10164912155389827
