Model: GRU
MSE: 29.786791509207642
MAE: 4.334664680339672
EVS: 0.27068739493821636
