Model: GRU
MSE: 21.50246575746628
MAE: 3.9873081666451915
EVS: 0.3489177932535311
