Model: GRU
MSE: 24.59597552499826
MAE: 4.353712311497441
EVS: 0.25156409903895594
