Model: GRU
MSE: 21.656527422329535
MAE: 3.8133674992455378
EVS: 0.3477283207330165
