Model: GRU
MSE: 33.82291805665051
MAE: 4.764326802006474
EVS: 0.11690185393235286
