Model: GRU
MSE: 25.466334759699983
MAE: 3.9621169478804976
EVS: 0.29672991627529066
