Model: GRU
MSE: 24.410845216609545
MAE: 4.240436748222068
EVS: 0.2538998721406236
