Model: GRU
MSE: 22.384262530081994
MAE: 4.278793370282209
EVS: 0.3416799414399124
