Model: GRU
MSE: 36.92094527077361
MAE: 5.012811607784695
EVS: 0.029170422122350548
