Model: GRU
MSE: 22.19069963480872
MAE: 4.071566634707981
EVS: 0.356877212399761
