Model: GRU
MSE: 28.79475443806445
MAE: 4.46124024744387
EVS: 0.20377380772412879
