Model: GRU
MSE: 38.59124681559327
MAE: 4.967672665913899
EVS: -0.0014487693005624802
