Model: GRU
MSE: 29.52190019420835
MAE: 4.59644646997805
EVS: 0.19612632411863185
