Model: GRU
MSE: 35.89577659484347
MAE: 4.53243358929952
EVS: 0.04136647910536384
