Model: GRU
MSE: 38.77924049113152
MAE: 5.173353698518541
EVS: 0.07457817480829498
