Model: GRU
MSE: 22.225037553877275
MAE: 4.122969486095287
EVS: 0.33188260604841047
