Model: GRU
MSE: 37.30088537949988
MAE: 5.033025653273971
EVS: 0.05913394883698175
