Model: GRU
MSE: 22.40217621119975
MAE: 4.054726009015684
EVS: 0.3919410170279616
