Model: GRU
MSE: 1253.278263911455
MAE: 34.818608389960396
EVS: -0.2586354906750168
