Model: GRU
MSE: 19.75962785201935
MAE: 3.730189729619909
EVS: 0.3998855232648004
