Model: GRU
MSE: 34.97346515368705
MAE: 4.950091114750615
EVS: 0.07727549095263664
