Model: GRU
MSE: 24.0421062422728
MAE: 4.095748141959861
EVS: 0.2635177002218484
