Model: GRU
MSE: 24.64963925690692
MAE: 4.284251901838514
EVS: 0.26067143166770734
