Model: GRU
MSE: 28.444361259368094
MAE: 4.5586277997052225
EVS: 0.2608769334683293
