Model: GRU
MSE: 25.06515429218714
MAE: 3.914367852387605
EVS: 0.22954607615619604
