Model: GRU
MSE: 21.147145568829096
MAE: 3.850408836647316
EVS: 0.3499888189651893
