Model: GRU
MSE: 30.210588648217936
MAE: 4.582501746990062
EVS: 0.19777742638285567
