Model: GRU
MSE: 33.57010040977504
MAE: 4.795489867528279
EVS: 0.11733378492170587
