Model: GRU
MSE: 19.934877354459694
MAE: 3.6477993682578758
EVS: 0.4059919844711747
