Model: GRU
MSE: 27.52926507333066
MAE: 4.268514721481888
EVS: 0.28438640108510227
