Model: GRU
MSE: 27.7381959707578
MAE: 4.463887673837167
EVS: 0.28205779660743535
