Model: GRU
MSE: 26.799163260903175
MAE: 4.307867721275047
EVS: 0.29054303288000016
