Model: GRU
MSE: 28.75585287426079
MAE: 4.450592005694354
EVS: 0.22137540044365267
