Model: GRU
MSE: 29.89855007127516
MAE: 4.446760557315968
EVS: 0.30722865513381625
