Model: GRU
MSE: 19.80568001264337
MAE: 3.6130165347346552
EVS: 0.4339050021898828
