Model: GRU
MSE: 35.59778866469237
MAE: 4.841914644947758
EVS: 0.009986953294316425
