Model: GRU
MSE: 27.6303057153677
MAE: 4.4721007876926
EVS: 0.17366872450913595
