Model: GRU
MSE: 24.729416759302904
MAE: 4.177236402476275
EVS: 0.2448259471284866
