Model: GRU
MSE: 29.855034922072978
MAE: 4.607095347510444
EVS: 0.32460918437100084
