Model: GRU
MSE: 29.780763382759375
MAE: 4.4499565936900956
EVS: 0.2160962291678955
