Model: GRU
MSE: 29.21079010298865
MAE: 4.36831909638864
EVS: 0.22060586394582948
