Model: GRU
MSE: 26.86227412581464
MAE: 4.47337007522583
EVS: 0.23681901463848487
