Model: GRU
MSE: 31.22242382119576
MAE: 4.71064496923376
EVS: 0.2866973989050483
