Model: GRU
MSE: 27.70224669419755
MAE: 4.135909928215875
EVS: 0.26150856490029173
