Model: GRU
MSE: 32.68022986334941
MAE: 4.670433636064883
EVS: 0.12860795646493295
