Model: GRU
MSE: 21.23217332641272
MAE: 3.983778785776209
EVS: 0.4069265788968869
