Model: GRU
MSE: 43.18839921515009
MAE: 5.300736683386344
EVS: -0.15189442613874804
