Model: GRU
MSE: 44.45128032394525
MAE: 5.5280201876605
EVS: -0.18656600925104505
