Model: GRU
MSE: 23.691488551190535
MAE: 4.288277325806795
EVS: 0.3245988540209689
