Model: GRU
MSE: 26.27905662342618
MAE: 4.58636455182676
EVS: 0.20489958278571274
