Model: GRU
MSE: 24.98176118908405
MAE: 4.034075463259661
EVS: 0.23810710355148512
