Model: GRU
MSE: 30.95060358110247
MAE: 4.647499499497591
EVS: 0.19675740897289218
