Model: GRU
MSE: 647.3491425368936
MAE: 24.7940919664171
EVS: -0.0022334699019919135
