Model: GRU
MSE: 30.11572850294854
MAE: 4.90070825152927
EVS: 0.18185813823498975
