Model: GRU
MSE: 19.87594626829603
MAE: 3.4923908136509083
EVS: 0.39075958697802216
