Model: GRU
MSE: 25.825982190336827
MAE: 4.224717122537118
EVS: 0.40572504715168456
