Model: GRU
MSE: 35.70687719929289
MAE: 4.83863651310956
EVS: 0.06368488154315721
