Model: GRU
MSE: 28.649089274027922
MAE: 4.560838990741306
EVS: 0.24205694852155646
