Model: GRU
MSE: 20.15587191830329
MAE: 3.871315761848732
EVS: 0.3889226273156844
