Model: GRU
MSE: 23.58858752030223
MAE: 4.139395925733778
EVS: 0.28144396255382753
