Model: GRU
MSE: 33.48772241765738
MAE: 4.76993574919524
EVS: 0.1799920513412917
