Model: GRU
MSE: 22.390455601708272
MAE: 4.123298539055718
EVS: 0.40053868803377135
