Model: GRU
MSE: 21.31148271628155
MAE: 3.705738323706168
EVS: 0.40351517513699275
