Model: GRU
MSE: 33.07836766253885
MAE: 4.776778362415455
EVS: 0.1786391147451627
