Model: GRU
MSE: 22.432506760522234
MAE: 3.8321073849995932
EVS: 0.3115975854069313
