Model: GRU
MSE: 20.276315476132616
MAE: 3.673602819442749
EVS: 0.3819581740945941
