Model: GRU
MSE: 31.609367701130807
MAE: 4.864943592636673
EVS: 0.14343527900617004
