Model: GRU
MSE: 21.472715345970503
MAE: 3.9317292460688837
EVS: 0.33994942153120966
