Model: GRU
MSE: 41.6543044879269
MAE: 5.437662725095396
EVS: -0.09139156408375682
