Model: GRU
MSE: 22.683440726316736
MAE: 4.045478882613005
EVS: 0.3061618572928202
