Model: GRU
MSE: 24.088913994710563
MAE: 4.101435952716404
EVS: 0.2595587001283398
