Model: GRU
MSE: 24.302653502771893
MAE: 4.1622285489682795
EVS: 0.3207068397237509
