Model: GRU
MSE: 304.16153470046777
MAE: 16.241941452026367
EVS: -0.240747073589602
