Model: GRU
MSE: 37.92336464524477
MAE: 4.519234434322074
EVS: -0.009058470752516978
