Model: GRU
MSE: 33.54983429320342
MAE: 4.595062635563038
EVS: 0.10401597633714899
