Model: GRU
MSE: 26.984289260686964
MAE: 4.466995080312093
EVS: 0.21640181852128826
