Model: GRU
MSE: 29.391179963218708
MAE: 4.60854666321366
EVS: 0.10066233862819018
