Model: GRU
MSE: 30.962637813441916
MAE: 4.729158701720061
EVS: 0.1761199039358482
