Model: GRU
MSE: 34.44664356855143
MAE: 4.903671794467503
EVS: 0.08102741253095769
