Model: GRU
MSE: 26.120364205106373
MAE: 4.077877901218556
EVS: 0.3089797555928502
