Model: GRU
MSE: 29.544939727399882
MAE: 4.457378060729416
EVS: 0.2843874883175783
