Model: GRU
MSE: 43.27140159174226
MAE: 4.882453591735275
EVS: -0.27840463954890327
