Model: GRU
MSE: 30.38647225559721
MAE: 4.734576604984425
EVS: 0.26107569226798755
