Model: GRU
MSE: 2220.3545799772332
MAE: 46.36261027199881
EVS: -0.9162717927456865
