Model: GRU
MSE: 27.58313564611631
MAE: 4.451565142031069
EVS: 0.16473509174001866
