Model: GRU
MSE: 21.42809200953236
MAE: 3.8811488504763
EVS: 0.3413299206208553
