Model: GRU
MSE: 22.113325500473934
MAE: 4.00801142056783
EVS: 0.3395134767243593
