Model: GRU
MSE: 46.731812101683815
MAE: 5.807372723306928
EVS: -0.17134587749882457
