Model: GRU
MSE: 39.65450087309206
MAE: 5.229678051812308
EVS: -0.05997848491509594
