Model: GRU
MSE: 279.23327432170055
MAE: 15.482137786017525
EVS: -0.21541041412355
