Model: GRU
MSE: 23.199706903055763
MAE: 4.158184828581633
EVS: 0.2871808325128783
