Model: GRU
MSE: 22.72896403228791
MAE: 4.19777160220676
EVS: 0.41708402556244883
