Model: GRU
MSE: 31.652446097530156
MAE: 4.529551011544687
EVS: 0.25456496470217793
