Model: GRU
MSE: 18.301323980559797
MAE: 3.5610360039605036
EVS: 0.46371883547271053
