Model: GRU
MSE: 28.54817235958105
MAE: 4.43956607359427
EVS: 0.285458828224597
