Model: GRU
MSE: 22.692027511432336
MAE: 3.959363372237594
EVS: 0.31835347696173255
