Model: GRU
MSE: 21.669889256121863
MAE: 3.736792473329438
EVS: 0.39674224690605653
