Model: GRU
MSE: 36.75032799258507
MAE: 5.000620418124729
EVS: 0.02215743306700324
