Model: GRU
MSE: 27.306184998259553
MAE: 4.590023658893727
EVS: 0.16677832597899456
