Model: GRU
MSE: 45.523179094049546
MAE: 5.302478730678558
EVS: -0.21577232423237613
