Model: GRU
MSE: 19.66314018820524
MAE: 3.7401884573477284
EVS: 0.39763479597505347
