Model: GRU
MSE: 19.787064224615808
MAE: 3.6109845991487854
EVS: 0.3939778254198526
