Model: GRU
MSE: 22.765208097419855
MAE: 3.785379648208618
EVS: 0.385281093398977
