Model: GRU
MSE: 30.315017348652933
MAE: 4.755650326057717
EVS: 0.31152238381443276
