Model: GRU
MSE: 24.92421293634642
MAE: 4.168412208557129
EVS: 0.2645032478770467
