Model: GRU
MSE: 24.142126965309398
MAE: 4.238517743569833
EVS: 0.2597836138082128
