Model: GRU
MSE: 32.479623154377094
MAE: 4.682560814751519
EVS: 0.1115565052471712
