Model: GRU
MSE: 2198.8061628296673
MAE: 46.233776798954715
EVS: -0.6356575813365191
