Model: GRU
MSE: 21.946942373343138
MAE: 4.050388212557192
EVS: 0.42208947892596793
