Model: GRU
MSE: 22.384768354340174
MAE: 4.070523306175515
EVS: 0.3418255323616789
