Model: GRU
MSE: 32.59287395911889
MAE: 4.980245731495045
EVS: 0.13864663630283902
