Model: GRU
MSE: 40.206883842552145
MAE: 4.922146002451579
EVS: -0.0018886101323156712
