Model: GRU
MSE: 23.230270005024416
MAE: 4.062139096083464
EVS: 0.4064706886899747
