Model: GRU
MSE: 36.13898403741974
MAE: 4.74835483233134
EVS: 0.06088377831724612
