Model: GRU
MSE: 32.99446670033945
MAE: 4.9372369978162975
EVS: 0.16685461713393057
