Model: GRU
MSE: 28.660499359232603
MAE: 4.686602857377794
EVS: 0.15434714907335023
