Model: GRU
MSE: 28.12074812713777
MAE: 4.527509574536924
EVS: 0.22835956434401594
