Model: GRU
MSE: 31.015431447165906
MAE: 4.567670265833537
EVS: 0.20421023954839435
