Model: GRU
MSE: 39.77834216484575
MAE: 5.209929625193278
EVS: -0.0593637836220533
