Model: GRU
MSE: 26.292417614751596
MAE: 4.436614513397217
EVS: 0.23073839534474105
