Model: GRU
MSE: 24.18996397354485
MAE: 4.286718085960105
EVS: 0.4218164548346065
