Model: GRU
MSE: 41.19200179846695
MAE: 5.342918466638635
EVS: -0.06341978810277049
