Model: GRU
MSE: 22.595704285171696
MAE: 3.9400258505785906
EVS: 0.31091096291886744
