Model: GRU
MSE: 1669.357720179494
MAE: 39.8409199891267
EVS: -1.5225974463622585
