Model: GRU
MSE: 24.04124056979833
MAE: 3.768734477184437
EVS: 0.3514262777021405
