Model: GRU
MSE: 47.50974227907303
MAE: 5.5139139934822365
EVS: -0.26668656593285167
