Model: GRU
MSE: 26.690042125739975
MAE: 4.515588548448351
EVS: 0.26216004303137197
