Model: GRU
MSE: 24.00494471615871
MAE: 4.245680031953035
EVS: 0.3274645417536608
