Model: GRU
MSE: 42.04710504449949
MAE: 5.314903886229904
EVS: -0.03028340835567156
