Model: GRU
MSE: 30.4903486010106
MAE: 4.740689939922756
EVS: 0.1930922038977232
