Model: GRU
MSE: 25.740903189997606
MAE: 3.968500049025924
EVS: 0.3125338712282061
