Model: GRU
MSE: 43.83448494449347
MAE: 5.306229480675289
EVS: -0.16904656035456833
