Model: GRU
MSE: 25.06068376098371
MAE: 4.094684901060881
EVS: 0.3676304132319925
