Model: GRU
MSE: 32.283337720367015
MAE: 4.655689530902439
EVS: 0.17775348385610779
