Model: GRU
MSE: 22.964078975976463
MAE: 4.142094329551414
EVS: 0.33663869989109696
