Model: GRU
MSE: 20.510294283796163
MAE: 3.81402208186962
EVS: 0.4615881189089187
