Model: GRU
MSE: 24.9130067584466
MAE: 4.238334797046803
EVS: 0.3606586184950782
