Model: GRU
MSE: 29.19978308701224
MAE: 4.484876932921233
EVS: 0.169544565092416
