Model: GRU
MSE: 28.06252293604502
MAE: 4.215036990465941
EVS: 0.3148425695323597
