Model: GRU
MSE: 34.61936854182986
MAE: 4.934753806502731
EVS: 0.09122655528582624
