Model: GRU
MSE: 23.754581321254403
MAE: 4.04032411398711
EVS: 0.3832966703024847
