Model: GRU
MSE: 25.282493069800594
MAE: 4.133676705537019
EVS: 0.22311498358808657
