Model: GRU
MSE: 26.66014805525541
MAE: 4.248669094509548
EVS: 0.2689351053324438
