Model: GRU
MSE: 24.883292625630702
MAE: 4.099745132305004
EVS: 0.37426679699107857
