Model: GRU
MSE: 50.82084277727992
MAE: 5.920038753085667
EVS: -0.3435033608742395
