Model: GRU
MSE: 1090.6979531839831
MAE: 32.31182274995027
EVS: -0.30551802506639114
