Model: GRU
MSE: 32.46748636149863
MAE: 4.569937644181429
EVS: 0.010517704777510462
