Model: GRU
MSE: 3073.8023047869815
MAE: 55.00074231183088
EVS: -0.3011926217135503
