Model: GRU
MSE: 35.4255884848952
MAE: 5.009508185916477
EVS: 0.05529579243709759
