Model: GRU
MSE: 28.132793143344088
MAE: 4.132592792864199
EVS: 0.14851999409499872
