Model: GRU
MSE: 31.122523068748414
MAE: 4.7412548595004615
EVS: 0.2625596714737839
