Model: GRU
MSE: 27.56047162039635
MAE: 4.428046659187034
EVS: 0.2952790377506621
