Model: GRU
MSE: 26.55908057009775
MAE: 4.193771777329622
EVS: 0.23521882799456084
