Model: GRU
MSE: 55.73942462713162
MAE: 6.552937428156535
EVS: -0.4196496114992785
