Model: GRU
MSE: 27.445479648500683
MAE: 4.477848565136945
EVS: 0.3255919184482824
