Model: GRU
MSE: 2227.567931162801
MAE: 46.814855928774236
EVS: 0.04021777762179546
