Model: GRU
MSE: 29.12835280009635
MAE: 4.671308782365587
EVS: 0.2974646975704198
