Model: GRU
MSE: 35.07609083552291
MAE: 4.986733648512098
EVS: 0.3825984718222567
