Model: GRU
MSE: 23.105292573229825
MAE: 4.130318429734972
EVS: 0.3636955741660959
