Model: GRU
MSE: 24.265492697188844
MAE: 4.237866834357932
EVS: 0.2599702400633702
