Model: GRU
MSE: 37.606006677770004
MAE: 4.96312814099448
EVS: 0.015800415904839493
