Model: GRU
MSE: 33.272659046904735
MAE: 4.305185971436678
EVS: 0.11561113284186864
