Model: GRU
MSE: 23.872498630742804
MAE: 4.313290843257198
EVS: 0.2802603504235913
