Model: GRU
MSE: 48.30680615081932
MAE: 5.6271745628780785
EVS: -0.18049829391768912
