Model: GRU
MSE: 31.593986007785222
MAE: 4.856533791731905
EVS: 0.03894114546672178
