Model: GRU
MSE: 32.733520454312895
MAE: 4.782249397701687
EVS: 0.2810539740234723
