Model: GRU
MSE: 46.103792773519245
MAE: 5.741669800546434
EVS: -0.22971464999068503
