Model: GRU
MSE: 38.30977149525166
MAE: 4.775338455482766
EVS: 0.003263193779915019
