Model: GRU
MSE: 41.89379396962504
MAE: 5.465682453579372
EVS: -0.06812037599270693
