Model: GRU
MSE: 20.036298675623893
MAE: 3.5085869906125247
EVS: 0.3894742012730371
