Model: GRU
MSE: 35.2635049621851
MAE: 5.101614828462954
EVS: 0.05859426678121815
