Model: GRU
MSE: 26.149996768525643
MAE: 4.386726918043913
EVS: 0.21702927009881656
