Model: GRU
MSE: 24.37856101190755
MAE: 4.406045754750569
EVS: 0.2897451525970671
