Model: GRU
MSE: 43.51733927796182
MAE: 5.417084199410898
EVS: -0.06235315546811382
