Model: GRU
MSE: 29.745748350385043
MAE: 4.2115420323831065
EVS: 0.14623320613584134
