Model: GRU
MSE: 25.39720634216093
MAE: 4.141778084966871
EVS: 0.2518093476029233
