Model: GRU
MSE: 37.19729499979058
MAE: 5.089013065610613
EVS: 0.006916754857253071
