Model: GRU
MSE: 28.143329537543522
MAE: 4.42430865323102
EVS: 0.25033960361122165
