Model: GRU
MSE: 20.491181244293358
MAE: 3.9121083595134594
EVS: 0.377258273762598
