Model: GRU
MSE: 36.95678093330511
MAE: 5.116257190704346
EVS: 0.05289059238743621
