Model: GRU
MSE: 23.886897796372885
MAE: 4.046615476961489
EVS: 0.32619449982311066
