Model: GRU
MSE: 40.32625005221731
MAE: 4.992114102398908
EVS: -0.07574168011517601
