Model: GRU
MSE: 35.15287548048876
MAE: 4.669564061694675
EVS: 0.08556598734763299
