Model: GRU
MSE: 27.80292870186129
MAE: 4.585242686448274
EVS: 0.20988586297406342
