Model: GRU
MSE: 22.841406219027288
MAE: 4.017722809756243
EVS: 0.34176813616091206
