Model: GRU
MSE: 26.63967751984864
MAE: 4.277899194646765
EVS: 0.18148394599392725
