Model: GRU
MSE: 31.58585424846348
MAE: 4.336757960142912
EVS: 0.15691671782068772
