Model: GRU
MSE: 27.919805932905174
MAE: 4.361968393679018
EVS: 0.2065810056003825
