Model: GRU
MSE: 26.222540194545875
MAE: 4.182546368351689
EVS: 0.3182433848922299
