Model: GRU
MSE: 22.097465941664943
MAE: 3.9199757046169705
EVS: 0.41766207144899314
