Model: GRU
MSE: 21.579051575038967
MAE: 3.9096283471142805
EVS: 0.34015360551316465
