Model: GRU
MSE: 15593.33800545221
MAE: 124.72513144356864
EVS: 2.220446049250313e-16
