Model: GRU
MSE: 23.51725909213064
MAE: 3.9841773863191956
EVS: 0.32973524508484187
