Model: GRU
MSE: 585.3823861056276
MAE: 23.415140257941353
EVS: -0.14092136105184894
