Model: GRU
MSE: 31.042935505432904
MAE: 4.669834551987825
EVS: 0.3523371202566846
