Model: GRU
MSE: 34.471858591810935
MAE: 4.9048951820090965
EVS: 0.08005633012195257
