Model: GRU
MSE: 25.09344723923891
MAE: 4.15452014958417
EVS: 0.30981464024244987
