Model: GRU
MSE: 25.80038964933944
MAE: 4.30781203729135
EVS: 0.2895666668208222
