Model: GRU
MSE: 21.87510810783344
MAE: 3.8706039322747126
EVS: 0.3276629224629005
