Model: GRU
MSE: 29.5563047424299
MAE: 4.506897149262605
EVS: 0.41077306943073966
