Model: GRU
MSE: 26.295472023590374
MAE: 4.312088458626358
EVS: 0.2913863418970394
