Model: GRU
MSE: 23.228521720508407
MAE: 4.025582913999204
EVS: 0.353673818445299
