Model: GRU
MSE: 31.42681889626587
MAE: 4.6915880662423595
EVS: 0.1635400753916908
