Model: GRU
MSE: 22.15564664282288
MAE: 4.1403429684815585
EVS: 0.3270576213312528
