Model: GRU
MSE: 24.18904717583717
MAE: 4.102980507744683
EVS: 0.4057689080825859
