Model: GRU
MSE: 27.447927129808697
MAE: 4.410380098554823
EVS: 0.34274180252771913
