Model: GRU
MSE: 33.338980526025246
MAE: 4.6789387508674904
EVS: 0.12048832601126758
