Model: GRU
MSE: 25.622362777523822
MAE: 4.148162974251641
EVS: 0.2833006257100267
