Model: GRU
MSE: 26.225144320423826
MAE: 4.281877137996532
EVS: 0.2675755846741388
