Model: GRU
MSE: 33.56770352616047
MAE: 4.663193534921716
EVS: 0.1145085210961666
