Model: GRU
MSE: 33.194650980796354
MAE: 4.637894021140204
EVS: 0.1396990272474561
