Model: GRU
MSE: 19.898655559525306
MAE: 3.7244826511100486
EVS: 0.39425203663687414
