Model: GRU
MSE: 40.36186683578361
MAE: 4.961810381324203
EVS: -0.022350855001830983
