Model: GRU
MSE: 29.559534253400713
MAE: 4.993865101425736
EVS: 0.17789214495323724
