Model: GRU
MSE: 29.087684746761532
MAE: 4.633070835360774
EVS: 0.14027464660871114
