Model: GRU
MSE: 35.844736419143736
MAE: 5.02484146753947
EVS: 0.0018833216226357141
