Model: GRU
MSE: 1264.6688181214083
MAE: 34.936180609243884
EVS: -0.35667971519022745
