Model: GRU
MSE: 43.861938964459576
MAE: 5.27870269174929
EVS: -0.3229489875718117
