Model: GRU
MSE: 25.809151690012673
MAE: 4.1010328222204135
EVS: 0.31843148157956014
