Model: GRU
MSE: 24.045150073978633
MAE: 4.194122791290283
EVS: 0.31636951886516074
