Model: GRU
MSE: 27.65614454099284
MAE: 4.524397470332958
EVS: 0.17510834812430698
