Model: GRU
MSE: 26.50560943805136
MAE: 4.2153940057313
EVS: 0.19403713930060007
