Model: GRU
MSE: 37.237330672232694
MAE: 5.196456838537146
EVS: 0.15091895101627884
