Model: GRU
MSE: 29.30433409267309
MAE: 4.765648418002659
EVS: 0.14725058830709825
