Model: GRU
MSE: 31.78472314013999
MAE: 4.545226556283456
EVS: 0.1517623199549969
