Model: GRU
MSE: 35.34732780448309
MAE: 4.836019268742314
EVS: 0.08377510220767881
