Model: GRU
MSE: 22.012840446631284
MAE: 4.058633124386823
EVS: 0.32849195185478686
