Model: GRU
MSE: 35.54640725209903
MAE: 4.938778365099871
EVS: 0.05110008254539633
