Model: GRU
MSE: 30.209156878659186
MAE: 4.456815295749241
EVS: 0.16469117827129642
