Model: GRU
MSE: 587.5672784323698
MAE: 23.50575786166721
EVS: 0.06400241081557245
