Model: GRU
MSE: 39.0747174627381
MAE: 5.076295534769694
EVS: -0.03328579488162653
