Model: GRU
MSE: 27.96395478529376
MAE: 4.69802270995246
EVS: 0.2551855983563709
