Model: GRU
MSE: 26.6027107440668
MAE: 4.4367660416497126
EVS: 0.3583149665248847
