Model: GRU
MSE: 35.50725515828419
MAE: 5.125888453589545
EVS: 0.05971736361281044
