Model: GRU
MSE: 21.09015315234693
MAE: 4.027807403493811
EVS: 0.3611737395723569
