Model: GRU
MSE: 21.822187263547434
MAE: 3.8975087713312218
EVS: 0.34330917825376905
