Model: GRU
MSE: 1711.3145703984565
MAE: 40.51457320319282
EVS: -0.8664047450687622
