Model: GRU
MSE: 24.897186621361342
MAE: 4.193900911896317
EVS: 0.2467392043958554
