Model: GRU
MSE: 26.678113097459512
MAE: 4.33634939900151
EVS: 0.19109918060727127
