Model: GRU
MSE: 29.77032879898416
MAE: 4.8271068467034235
EVS: 0.1881585451300699
