Model: GRU
MSE: 42.71238844246247
MAE: 5.447330686781141
EVS: -0.02599030220624865
