Model: GRU
MSE: 25.33662558701917
MAE: 4.266266858136213
EVS: 0.3357905473732269
