Model: GRU
MSE: 23.195387751412312
MAE: 4.063790727544714
EVS: 0.37950470723128915
