Model: GRU
MSE: 26.913891716665038
MAE: 4.344522034680402
EVS: 0.24815846918309847
