Model: GRU
MSE: 23.060285976403392
MAE: 4.065301948123508
EVS: 0.3821263841806365
