Model: GRU
MSE: 36.05860484958608
MAE: 4.567187671308164
EVS: 0.04556216310238359
