Model: GRU
MSE: 37.70586094792807
MAE: 4.994045292889631
EVS: 0.05917972554789963
