Model: GRU
MSE: 21.33836069199373
MAE: 4.126630906705503
EVS: 0.4222670723942519
