Model: GRU
MSE: 29.041084943093566
MAE: 4.485074528941402
EVS: 0.19986447508465188
