Model: GRU
MSE: 27.16656508772545
MAE: 4.308765014012654
EVS: 0.2555016505043032
