Model: GRU
MSE: 231.17077025835638
MAE: 13.991388921384457
EVS: -0.0886061735346304
