Model: GRU
MSE: 36.04064761769351
MAE: 4.796453687879774
EVS: 0.20711499814030565
