Model: GRU
MSE: 26.63516985931599
MAE: 4.3726235495673285
EVS: 0.3003540286236971
