Model: GRU
MSE: 27.049260646015952
MAE: 4.18101621998681
EVS: 0.1685338520548405
