Model: GRU
MSE: 34.002799611002374
MAE: 4.738556950180619
EVS: 0.1016416910920599
