Model: GRU
MSE: 23.826505020835864
MAE: 4.005286958482531
EVS: 0.3406574526666103
