Model: GRU
MSE: 26.64766971498065
MAE: 4.166046433978611
EVS: 0.19915474777112685
