Model: GRU
MSE: 24.56952011493363
MAE: 4.407836490207249
EVS: 0.29704001462864715
