Model: GRU
MSE: 25.639882445710327
MAE: 4.198733488718669
EVS: 0.21450927751099358
