Model: GRU
MSE: 22.72598131575958
MAE: 4.290175685176143
EVS: 0.3489691303757656
