Model: GRU
MSE: 31.607258136521615
MAE: 4.2569084851830095
EVS: 0.16666590456622887
