Model: GRU
MSE: 25.25041433439987
MAE: 4.252395983095522
EVS: 0.29331345999967895
