Model: GRU
MSE: 32.70634188193123
MAE: 4.834736329537851
EVS: 0.13961480235675183
