Model: GRU
MSE: 22.29604965912577
MAE: 3.8389835710878724
EVS: 0.40503587682226205
