Model: GRU
MSE: 28.094760692916672
MAE: 4.60250782083582
EVS: 0.22946549708447694
