Model: GRU
MSE: 24.612434657084677
MAE: 4.087345591297856
EVS: 0.2671251571871305
