Model: GRU
MSE: 23.096898280187574
MAE: 3.785942130618625
EVS: 0.2983542630206134
