Model: GRU
MSE: 30.136648609120364
MAE: 4.657755251283999
EVS: 0.40852899220205363
