Model: GRU
MSE: 40.14843848644011
MAE: 5.153589319299768
EVS: 0.15396119871215408
