Model: GRU
MSE: 47.25739339752728
MAE: 5.591343402862549
EVS: -0.2188541231652863
