Model: GRU
MSE: 24.348731130210286
MAE: 4.153135900144224
EVS: 0.39443509990798675
