Model: GRU
MSE: 19.94956387307434
MAE: 3.8518226235001176
EVS: 0.4005276188230118
