Model: GRU
MSE: 25.314256645987697
MAE: 4.233412089171233
EVS: 0.2949527711539306
