Model: GRU
MSE: 32.65512338959982
MAE: 4.930466740219681
EVS: 0.3530949330257853
