Model: GRU
MSE: 34.817506373683905
MAE: 4.745960730093497
EVS: 0.08433630415792392
