Model: GRU
MSE: 28.106641684848825
MAE: 4.378060764736599
EVS: 0.29076805521526916
