Model: GRU
MSE: 36.48932059763047
MAE: 4.83212188438133
EVS: 0.15321335957787252
