Model: GRU
MSE: 26.247803947695914
MAE: 4.242785409644798
EVS: 0.2693824523128219
