Model: GRU
MSE: 34.144949966795394
MAE: 4.88175763907256
EVS: 0.09253425961568029
