Model: GRU
MSE: 25.580159624789665
MAE: 4.312822253615768
EVS: 0.2565000438831516
