Model: GRU
MSE: 115.3802727168182
MAE: 8.911836240972791
EVS: 0.027586683766995246
