Model: GRU
MSE: 28.181662742255167
MAE: 4.09690883424547
EVS: 0.2562580789583323
