Model: GRU
MSE: 21.58290356982461
MAE: 3.94103381368849
EVS: 0.34009260672853026
