Model: GRU
MSE: 27.628709835790332
MAE: 4.383579289471662
EVS: 0.36716546243070103
