Model: GRU
MSE: 31.828359264460907
MAE: 4.592876575611256
EVS: 0.1708230756004555
