Model: GRU
MSE: 25.232887970594025
MAE: 4.074286725785997
EVS: 0.26459749860328097
