Model: GRU
MSE: 18.57179184802556
MAE: 3.5999704290319374
EVS: 0.4317444970102514
