Model: GRU
MSE: 36.75747588281332
MAE: 4.811194499333699
EVS: 0.06827790278824564
