Model: GRU
MSE: 27.610055355559922
MAE: 4.4197464872289585
EVS: 0.31170163883670976
