Model: GRU
MSE: 25.78475282484848
MAE: 4.45267755013925
EVS: 0.3048027926149567
