Model: GRU
MSE: 26.923819418313997
MAE: 4.490452483848289
EVS: 0.22635099723535845
