Model: GRU
MSE: 26.899803383659734
MAE: 4.491685461114954
EVS: 0.2679956458902377
