Model: GRU
MSE: 25.479370345138452
MAE: 4.128059263582583
EVS: 0.2692309269630637
