Model: GRU
MSE: 26.50940271090796
MAE: 4.174150643525301
EVS: 0.19609869016510528
