Model: GRU
MSE: 25.080767590955364
MAE: 4.277429421742757
EVS: 0.36105062434182766
