Model: GRU
MSE: 24.462099606919875
MAE: 4.204938773755674
EVS: 0.28005072465038006
