Model: GRU
MSE: 25.96497299754956
MAE: 4.287864808683042
EVS: 0.3107257820664937
