Model: GRU
MSE: 22.159260568231023
MAE: 4.117452409532335
EVS: 0.4369407864105149
