Model: GRU
MSE: 26.82464442284076
MAE: 4.383276603840016
EVS: 0.18608070420440126
