Model: GRU
MSE: 34.90410397363419
MAE: 4.681201051782678
EVS: 0.08372956905038254
