Model: GRU
MSE: 42.33168547511968
MAE: 4.919876964003952
EVS: -0.3012745948937461
