Model: GRU
MSE: 21.89439026488955
MAE: 3.989080058203803
EVS: 0.37194760131640203
