Model: GRU
MSE: 24.344414569462806
MAE: 4.206818995652376
EVS: 0.2640229974985496
