Model: GRU
MSE: 23.007844569577802
MAE: 3.9961281175966614
EVS: 0.3456746101967013
