Model: GRU
MSE: 22.493206554484637
MAE: 3.9240097646360046
EVS: 0.30947971393583473
