Model: GRU
MSE: 32.837720745273614
MAE: 4.79191091325548
EVS: 0.17442332944921835
