Model: GRU
MSE: 39.51977926963017
MAE: 5.100179424992314
EVS: -0.050960924203248936
