Model: GRU
MSE: 26.475975792263533
MAE: 4.372117395754214
EVS: 0.37563814182377964
