Model: GRU
MSE: 22.28708696050718
MAE: 4.0904210320225465
EVS: 0.33654623247069726
