Model: GRU
MSE: 1355.7395148476573
MAE: 36.094725644146955
EVS: -0.6265330789876664
