Model: GRU
MSE: 25.15613236154143
MAE: 4.295975746931853
EVS: 0.26742654318691783
