Model: GRU
MSE: 33.30611640889091
MAE: 4.8175032050521285
EVS: 0.20110530937471494
