Model: GRU
MSE: 21.74866380779477
MAE: 4.014031374896014
EVS: 0.33146854928136904
