Model: GRU
MSE: 35.672358555145266
MAE: 5.05194671065719
EVS: 0.0479344874998473
