Model: GRU
MSE: 33.7329487842555
MAE: 4.672131363992338
EVS: 0.0374438149877343
