Model: GRU
MSE: 36.94056875784745
MAE: 5.151710625048037
EVS: 0.1903978953601475
