Model: GRU
MSE: 24.71842316349642
MAE: 4.231194443172878
EVS: 0.27989265194980584
