Model: GRU
MSE: 25.408056222426257
MAE: 4.484601197419344
EVS: 0.3139828438190334
