Model: GRU
MSE: 29.638724524735522
MAE: 4.248441590203179
EVS: 0.21059453529181926
