Model: GRU
MSE: 17.786377309249023
MAE: 3.417401181326972
EVS: 0.47853188958401505
