Model: GRU
MSE: 26.24661711024292
MAE: 4.492262292791296
EVS: 0.25276189552610506
