Model: GRU
MSE: 23.703667256414132
MAE: 4.285216084233037
EVS: 0.3333455174182337
