Model: GRU
MSE: 23.164420645244423
MAE: 4.044137248286495
EVS: 0.33544588040923473
