Model: GRU
MSE: 32.35479700541687
MAE: 4.996760386007804
EVS: 0.2102046228215081
