Model: GRU
MSE: 43.83084324886181
MAE: 5.492210558482578
EVS: -0.1475671941346537
