Model: GRU
MSE: 19.28694083461393
MAE: 3.529113275033456
EVS: 0.4083863072296029
