Model: GRU
MSE: 30.387470088097306
MAE: 4.505416181352404
EVS: 0.3013852088307599
