Model: GRU
MSE: 33.426734200123306
MAE: 4.792729207447597
EVS: 0.1089384409442612
