Model: GRU
MSE: 19.95465540243796
MAE: 3.551325974641023
EVS: 0.38722262759410275
