Model: GRU
MSE: 308.8460444730715
MAE: 16.70690663655599
EVS: 0.08620415300941242
