Model: GRU
MSE: 22.795456239750358
MAE: 4.047072604850486
EVS: 0.3321637247996536
