Model: GRU
MSE: 36.268085071710615
MAE: 5.018150568008423
EVS: 0.3142588184006281
