Model: GRU
MSE: 29.846749243742465
MAE: 4.439743271580449
EVS: 0.32427030654134537
