Model: GRU
MSE: 42.437396990618545
MAE: 5.4964076148139105
EVS: -0.023747575942962618
