Model: GRU
MSE: 25.240799821035925
MAE: 4.383793142106798
EVS: 0.3904793323079859
