Model: GRU
MSE: 48.7916004020656
MAE: 5.384931763013204
EVS: -0.301998416535433
