Model: GRU
MSE: 25.905331252337824
MAE: 4.250587745949074
EVS: 0.27424137734822496
