Model: GRU
MSE: 24.07688012300648
MAE: 3.9602317677603827
EVS: 0.311297833918897
