Model: GRU
MSE: 29.919315851290456
MAE: 4.350363245716801
EVS: 0.2137344548294957
