Model: GRU
MSE: 24.5293192579328
MAE: 4.117079046037462
EVS: 0.24860504306450915
