Model: GRU
MSE: 361.2222655427918
MAE: 17.719272277973317
EVS: -0.2619064641800988
