Model: GRU
MSE: 18.846326288878306
MAE: 3.607364601559109
EVS: 0.4690756351765675
