Model: GRU
MSE: 19.152477351033365
MAE: 3.6668967317651817
EVS: 0.41249221089291765
