Model: GRU
MSE: 21.08474377341947
MAE: 3.9542475011613636
EVS: 0.3529205111435535
