Model: GRU
MSE: 21.230907811596442
MAE: 3.8957460986243353
EVS: 0.37126048122687805
