Model: GRU
MSE: 33.30691236588964
MAE: 4.714020367021914
EVS: 0.13506183957603612
