Model: GRU
MSE: 23.412961838351734
MAE: 4.274775955412123
EVS: 0.30071070439545167
