Model: GRU
MSE: 43.2977927069451
MAE: 5.08837103843689
EVS: -0.15522740986485917
