Model: GRU
MSE: 28.569097936346402
MAE: 4.431928131315443
EVS: 0.25581464826630285
