Model: GRU
MSE: 22.927531907024285
MAE: 3.8747193901627153
EVS: 0.33641616260250795
