Model: GRU
MSE: 26.258305959858077
MAE: 4.338596944455747
EVS: 0.4448283527025907
