Model: GRU
MSE: 28.22670491630259
MAE: 4.197496007989954
EVS: 0.21320196803295144
