Model: GRU
MSE: 43.21790596829564
MAE: 5.659984208919384
EVS: -0.15259584941493198
