Model: GRU
MSE: 22.64123773584163
MAE: 4.15909516369855
EVS: 0.31050087233017987
