Model: GRU
MSE: 29.325478338744492
MAE: 4.582888497246636
EVS: 0.22233899817942737
