Model: GRU
MSE: 713.213417008908
MAE: 25.811996318675853
EVS: -0.25401735661101066
