Model: GRU
MSE: 36.875237088994176
MAE: 4.903062166991057
EVS: 0.03243563303658159
