Model: GRU
MSE: 21.493954583682303
MAE: 3.7772518705438682
EVS: 0.3680651822957094
