Model: GRU
MSE: 35.63190747022848
MAE: 4.697030968136257
EVS: 0.0633734967989863
