Model: GRU
MSE: 26.344082221275443
MAE: 4.348121492951004
EVS: 0.20789362561310676
