Model: GRU
MSE: 34.57819015914309
MAE: 4.897004622000235
EVS: 0.1102652349627673
