Model: GRU
MSE: 21.46247774217558
MAE: 4.129347130104348
EVS: 0.41024557734740075
