Model: GRU
MSE: 25.447966029753225
MAE: 4.224988292764734
EVS: 0.23828774488801308
