Model: GRU
MSE: 24.11078237622897
MAE: 4.331568726786861
EVS: 0.2850795862010227
