Model: GRU
MSE: 25.600148858062546
MAE: 4.367100962886104
EVS: 0.24503938705839412
