Model: GRU
MSE: 22.352057608380132
MAE: 4.095992768252337
EVS: 0.3137382036159514
