Model: GRU
MSE: 29.621697492663856
MAE: 4.856740563004105
EVS: 0.27024226675621876
