Model: GRU
MSE: 29.054459551598846
MAE: 4.76154919023867
EVS: 0.1252610087874947
