Model: GRU
MSE: 24.354021805569683
MAE: 4.21353077005457
EVS: 0.3207815085495491
