Model: GRU
MSE: 23.3143649896346
MAE: 3.870443167509856
EVS: 0.36380251551470344
