Model: GRU
MSE: 31.270707497055017
MAE: 4.601681956538448
EVS: 0.04281763279041273
