Model: GRU
MSE: 40.599761331562426
MAE: 4.920065685554787
EVS: -0.06827791348165468
