Model: GRU
MSE: 22.25541452050627
MAE: 3.6859183929584645
EVS: 0.3493562511843823
