Model: GRU
MSE: 23.22600438370311
MAE: 3.977158776036015
EVS: 0.2898989604915646
