Model: GRU
MSE: 22.4064443858021
MAE: 3.9761595549406827
EVS: 0.37273987230781247
