Model: GRU
MSE: 22.26800299117076
MAE: 3.7354671778502286
EVS: 0.32000673070493957
