Model: GRU
MSE: 25.9811411599371
MAE: 4.468321782571298
EVS: 0.24473748931620987
