Model: GRU
MSE: 27.067367904281213
MAE: 4.099705616633098
EVS: 0.19644383488760098
