Model: GRU
MSE: 36.16835904569106
MAE: 4.738632599512736
EVS: 0.04005878428766296
