Model: GRU
MSE: 23.73949292269958
MAE: 4.06644101496096
EVS: 0.2764648981864465
