Model: GRU
MSE: 24.715622670944544
MAE: 3.9927383175602666
EVS: 0.2477491212548163
