Model: GRU
MSE: 24.26229617139179
MAE: 4.102081899289732
EVS: 0.3261126948651296
