Model: GRU
MSE: 49.49281545730847
MAE: 5.410362870604904
EVS: -0.3175227822379114
