Model: GRU
MSE: 20.390680996504482
MAE: 3.763197907695064
EVS: 0.43440871461471986
