Model: GRU
MSE: 23.847588152262006
MAE: 4.219636051743119
EVS: 0.3671106008182554
