Model: GRU
MSE: 21.209354711246164
MAE: 3.8363348642985025
EVS: 0.34825036058988734
