Model: GRU
MSE: 25.52815137575332
MAE: 4.290903921480532
EVS: 0.31288064155544015
