Model: GRU
MSE: 26.70677158115181
MAE: 4.440717617670695
EVS: 0.24410193995979113
