Model: GRU
MSE: 22.91666426718741
MAE: 4.189333544837104
EVS: 0.3023201164361059
