Model: GRU
MSE: 35.01316826924546
MAE: 5.11301831845884
EVS: 0.2705104441604863
