Model: GRU
MSE: 22.878181454468827
MAE: 3.733098789497658
EVS: 0.37058112590687764
