Model: GRU
MSE: 27.005636288043974
MAE: 4.336370770578031
EVS: 0.20753472495913428
