Model: GRU
MSE: 28.64506262511587
MAE: 4.497634958337854
EVS: 0.2600455048137972
