Model: GRU
MSE: 26.8743520727847
MAE: 4.229675063380489
EVS: 0.3515696824098995
