Model: GRU
MSE: 39.59884194202843
MAE: 5.06885161223235
EVS: -0.033815148296130415
