Model: GRU
MSE: 39.3567024138003
MAE: 5.184268863112838
EVS: -0.03668962291173594
