Model: GRU
MSE: 31.7524513991073
MAE: 4.7050811626293045
EVS: 0.26466728852742305
