Model: GRU
MSE: 26.224190481991187
MAE: 4.555004128703365
EVS: 0.2419266312670053
