Model: GRU
MSE: 22.480575300371623
MAE: 3.322027998941916
EVS: 0.38246948658653435
