Model: GRU
MSE: 26.73189994338442
MAE: 4.270925424717091
EVS: 0.2315102553867554
