Model: GRU
MSE: 30.003905931458096
MAE: 4.740982320573595
EVS: 0.14694715175502404
