Model: GRU
MSE: 25.478482518562142
MAE: 4.6600335262439865
EVS: 0.23514051103407396
