Model: GRU
MSE: 24.038031151836417
MAE: 3.7623425942880138
EVS: 0.26991008916100356
