Model: GRU
MSE: 27.709481881895332
MAE: 4.13477247732657
EVS: 0.2736609862142513
