Model: GRU
MSE: 24.600789658342567
MAE: 4.468347726044832
EVS: 0.29708004042881186
