Model: GRU
MSE: 21.804970505158302
MAE: 4.135889132817586
EVS: 0.40831653264108847
