Model: GRU
MSE: 26.03806877353945
MAE: 4.184961213005914
EVS: 0.2762510477678032
