Model: GRU
MSE: 755.9166918911942
MAE: 26.628989184344256
EVS: -0.31026391838733103
