Model: GRU
MSE: 39.55874982238174
MAE: 5.196984149791576
EVS: 0.004515118088184833
