Model: GRU
MSE: 30.641886841779904
MAE: 4.488420256861934
EVS: 0.2493994291789975
