Model: GRU
MSE: 34.08015992068465
MAE: 4.835239542855157
EVS: 0.09807298146122456
