Model: GRU
MSE: 23.563865835801025
MAE: 4.0837301854734065
EVS: 0.3255764817193256
