Model: GRU
MSE: 27.42509071889656
MAE: 4.271044192490755
EVS: 0.15915800676617486
