Model: GRU
MSE: 36.01220013163253
MAE: 4.652860098414951
EVS: 0.08558762407407305
