Model: GRU
MSE: 18.274886699740254
MAE: 3.314176047289813
EVS: 0.46333599014233384
