Model: GRU
MSE: 22.041587322812877
MAE: 3.892234378390842
EVS: 0.33106226811245376
