Model: GRU
MSE: 28.776065640492646
MAE: 4.484142091539171
EVS: 0.2842501433931456
