Model: GRU
MSE: 25.2520028421975
MAE: 4.341428067949083
EVS: 0.3088438580661734
