Model: GRU
MSE: 42.8366998249965
MAE: 5.377999252743191
EVS: -0.13576160719384256
