Model: GRU
MSE: 33.946927095182254
MAE: 4.631844414605035
EVS: 0.10211245867693697
