Model: GRU
MSE: 24.51636214121942
MAE: 4.229993131425646
EVS: 0.30832891688519115
