Model: GRU
MSE: 21.058162746466632
MAE: 3.8274438557801425
EVS: 0.40742791035364956
