Model: GRU
MSE: 19.74881096989961
MAE: 3.818978751147235
EVS: 0.3946310809515694
