Model: GRU
MSE: 44.22029145026068
MAE: 5.407798908374928
EVS: -0.14436408203934192
