Model: GRU
MSE: 24.872120914582293
MAE: 4.278374866203025
EVS: 0.27732706942309415
