Model: GRU
MSE: 27.94689417950135
MAE: 4.54174460305108
EVS: 0.20271833623880975
