Model: GRU
MSE: 37.214115645147565
MAE: 4.977738530547531
EVS: 0.02280625644302048
