Model: GRU
MSE: 21.77600288523076
MAE: 3.867802690576624
EVS: 0.369137833481613
