Model: GRU
MSE: 20.346551756585615
MAE: 3.865727318657769
EVS: 0.3801760657078401
