Model: GRU
MSE: 37.59114641201318
MAE: 4.996472703086005
EVS: -0.0008402994962444232
