Model: GRU
MSE: 38.94352758572075
MAE: 5.22539969726845
EVS: -0.03984785513929001
