Model: GRU
MSE: 18.63312916940147
MAE: 3.5668858422173395
EVS: 0.4758289278924933
