Model: GRU
MSE: 25.08256494438788
MAE: 4.131934527997617
EVS: 0.2658441077532214
