Model: GRU
MSE: 22.419968797547686
MAE: 3.898219832667598
EVS: 0.3899857896348916
