Model: GRU
MSE: 28.12461895055534
MAE: 4.584412036118684
EVS: 0.18453360967093058
