Model: GRU
MSE: 23.306865724948718
MAE: 4.190470430586073
EVS: 0.31027701217546855
