Model: GRU
MSE: 23.541776245180657
MAE: 4.010183687563296
EVS: 0.2814205557043328
