Model: GRU
MSE: 25.18193714676759
MAE: 3.8913680800685175
EVS: 0.4142980055186506
