Model: GRU
MSE: 29.776587860855248
MAE: 4.758210782651548
EVS: 0.19946500178082427
