Model: GRU
MSE: 25.70343341811674
MAE: 4.332473904998214
EVS: 0.31245643105242804
