Model: GRU
MSE: 29.19214269428504
MAE: 4.7523819075690374
EVS: 0.15287591877410633
