Model: GRU
MSE: 25.93412070059586
MAE: 4.2213066418965655
EVS: 0.24379052847939242
