Model: GRU
MSE: 31.218152301913456
MAE: 4.484484955116555
EVS: 0.20967886707013117
