Model: GRU
MSE: 28.26856997379902
MAE: 4.45704804526435
EVS: 0.27328896229976307
