Model: GRU
MSE: 34.30195791067002
MAE: 4.77858829498291
EVS: 0.08393613094066932
