Model: GRU
MSE: 37.43090568985718
MAE: 4.857457990999575
EVS: 0.0031446300107432767
