Model: GRU
MSE: 37.52140799051504
MAE: 5.1795642817461935
EVS: 0.18987162204125474
