Model: GRU
MSE: 19.062887818229488
MAE: 3.2743705025425665
EVS: 0.4428017382946998
