Model: GRU
MSE: 11259.070399073697
MAE: 104.53943521005137
EVS: -9.162374512612681
