Model: GRU
MSE: 31.476922753209237
MAE: 4.4279562014120595
EVS: 0.18740971084073232
