Model: GRU
MSE: 28.04926629489445
MAE: 4.539728588528103
EVS: 0.26584543189885124
