Model: GRU
MSE: 26.274687823594924
MAE: 4.125808945408574
EVS: 0.22531114904246474
