Model: GRU
MSE: 101.57638290351423
MAE: 8.253151112132603
EVS: -0.0286628255782988
