Model: GRU
MSE: 27.235505448876488
MAE: 4.556734844490334
EVS: 0.17198334592030173
