Model: GRU
MSE: 24.913207470823856
MAE: 3.8840548109125206
EVS: 0.234311126634001
