Model: GRU
MSE: 30.954734971245692
MAE: 4.564149573997215
EVS: 0.07793456524509179
