Model: GRU
MSE: 23.637707706448392
MAE: 3.843801357128002
EVS: 0.27335932354771275
