Model: GRU
MSE: 34.46608246225329
MAE: 4.8385909928215876
EVS: 0.08001352498760328
