Model: GRU
MSE: 27.758697043412777
MAE: 4.740304399419714
EVS: 0.2267673509909064
