Model: GRU
MSE: 1157.5278169587855
MAE: 33.41704983181424
EVS: -0.25512556191232294
