Model: GRU
MSE: 24.22079580510064
MAE: 4.208828846613566
EVS: 0.25667571100065745
