Model: GRU
MSE: 25.786879547544803
MAE: 3.992183800096865
EVS: 0.22690821212250234
