Model: GRU
MSE: 24.676521776365867
MAE: 3.8650084491129273
EVS: 0.2504459865288938
