Model: GRU
MSE: 27.24027379430274
MAE: 4.319293481332284
EVS: 0.3094016711060985
