Model: GRU
MSE: 39.450895691919584
MAE: 5.125074578656091
EVS: -0.0435051602310601
