Model: GRU
MSE: 27.280454349744904
MAE: 4.276552747797083
EVS: 0.28391315618507806
