Model: GRU
MSE: 32.697699018117454
MAE: 4.863030433654785
EVS: 0.1973042831218622
