Model: GRU
MSE: 95.8053042711803
MAE: 7.90612401454537
EVS: -0.023640543529686475
