Model: GRU
MSE: 21.583051913383013
MAE: 3.908857548678363
EVS: 0.4017590735039126
