Model: GRU
MSE: 29.41063553176779
MAE: 4.55202975096526
EVS: 0.21714092332529744
