Model: GRU
MSE: 21.39240161732818
MAE: 3.7933572398291693
EVS: 0.35642303229669936
