Model: GRU
MSE: 24.11955063587525
MAE: 4.326721968474211
EVS: 0.37232407725041006
