Model: GRU
MSE: 101.63795240388536
MAE: 8.303898555261117
EVS: -0.004725826343893402
