Model: GRU
MSE: 1530.7966376563957
MAE: 38.3136324705901
EVS: -0.9324680411504276
