Model: GRU
MSE: 21.61209378281004
MAE: 3.9353710810343423
EVS: 0.33579615799752627
