Model: GRU
MSE: 31.959525259884426
MAE: 4.662771171993679
EVS: 0.15885677130245845
