Model: GRU
MSE: 35.7964316633683
MAE: 4.903402116563585
EVS: 0.04538298990650391
