Model: GRU
MSE: 26.05609378903603
MAE: 4.292635988306116
EVS: 0.2767455436815185
