Model: GRU
MSE: 22.192080782064963
MAE: 3.45593081580268
EVS: 0.3326276366872881
