Model: GRU
MSE: 21.536842536980842
MAE: 4.03282211444996
EVS: 0.3911909621771493
