Model: GRU
MSE: 29.635219699495103
MAE: 4.701170038293909
EVS: 0.2828739132073421
