Model: GRU
MSE: 24.338538775094417
MAE: 4.450702702557599
EVS: 0.2940217733537246
