Model: GRU
MSE: 28.250936047823846
MAE: 4.573490725623237
EVS: 0.24413084298255727
