Model: GRU
MSE: 716.9635672479798
MAE: 26.167446065832067
EVS: 0.009258023809669114
