Model: GRU
MSE: 44.54534457117187
MAE: 5.368344156830399
EVS: -0.16395538523308217
