Model: GRU
MSE: 23.32560754600192
MAE: 4.112593986369945
EVS: 0.376886598624382
