Model: GRU
MSE: 20.403391587995294
MAE: 3.7644190611662687
EVS: 0.42284485781977166
