Model: GRU
MSE: 48.68685258690925
MAE: 5.960358487235175
EVS: -0.21825097694960593
