Model: GRU
MSE: 24.447467929584068
MAE: 4.088026691366125
EVS: 0.2579070046586731
