Model: GRU
MSE: 53.45779818619894
MAE: 6.010511928134495
EVS: -0.38753540932597064
