Model: GRU
MSE: 43.22439752756946
MAE: 5.4141529577749745
EVS: -0.1362319994880552
