Model: GRU
MSE: 31.081146141021357
MAE: 4.70191251790082
EVS: 0.19594350042564057
