Model: GRU
MSE: 24.099898579933754
MAE: 4.047325337374652
EVS: 0.27877042981840594
