Model: GRU
MSE: 37.806753744318435
MAE: 5.102835231357151
EVS: 0.009613816225757521
