Model: GRU
MSE: 29.015855309863223
MAE: 4.469951974021064
EVS: 0.16405994099090726
