Model: GRU
MSE: 30.260679883740867
MAE: 4.725657039218479
EVS: 0.19184283679293568
