Model: GRU
MSE: 28.32900750237532
MAE: 4.381081254393966
EVS: 0.23309653303235855
