Model: GRU
MSE: 30.30603750509941
MAE: 4.553620638670744
EVS: 0.3580669046859225
