Model: GRU
MSE: 32.187116395859505
MAE: 4.886413821467647
EVS: 0.11740672041396383
