Model: GRU
MSE: 251.16535991536915
MAE: 14.58602144100048
EVS: -0.025913090611580092
