Model: GRU
MSE: 30.918734444026025
MAE: 4.425429600256461
EVS: 0.17729425471913207
