Model: GRU
MSE: 32.277006729073115
MAE: 4.867897863741274
EVS: 0.19735094155083932
