Model: GRU
MSE: 39.5307022910609
MAE: 5.259535710016887
EVS: -0.047696122144830655
