Model: GRU
MSE: 39.890961306037994
MAE: 5.039769269801952
EVS: -0.06321013319639146
