Model: GRU
MSE: 21.910728202012198
MAE: 4.061757926587705
EVS: 0.3659607239231052
