Model: GRU
MSE: 25.723412785757183
MAE: 4.511503148961951
EVS: 0.30852391726017936
