Model: GRU
MSE: 39.24581752390431
MAE: 4.760257213203995
EVS: -0.03205046688947455
