Model: GRU
MSE: 22.926697001563753
MAE: 3.9910561685208923
EVS: 0.3038058039729118
