Model: GRU
MSE: 19.313274395331202
MAE: 3.8357684170758284
EVS: 0.4212324718891247
