Model: GRU
MSE: 21.837182636736216
MAE: 3.8891087461400917
EVS: 0.3909254930553777
