Model: GRU
MSE: 28.40199452706957
MAE: 4.517072377381502
EVS: 0.2028200934275134
