Model: GRU
MSE: 35.22196953636233
MAE: 5.089214757636741
EVS: 0.0862855468385767
