Model: GRU
MSE: 41.2077641633621
MAE: 4.633519020345476
EVS: -0.10836515002570501
