Model: GRU
MSE: 28.561291087196416
MAE: 4.744537335854989
EVS: 0.20650067220220636
