Model: GRU
MSE: 20.99851309666923
MAE: 3.78485937471743
EVS: 0.37857788175027995
