Model: GRU
MSE: 36.35352207530511
MAE: 4.744944643091272
EVS: 0.04022702241833376
