Model: GRU
MSE: 24.26333704980589
MAE: 4.065859459064625
EVS: 0.259852452913681
