Model: GRU
MSE: 39.20471533513397
MAE: 5.185451101373743
EVS: -0.022387257058698262
