Model: GRU
MSE: 21.821459466143512
MAE: 3.840616791336625
EVS: 0.33783584975270653
