Model: GRU
MSE: 26.329213598891783
MAE: 4.488951956784284
EVS: 0.23174916251733746
