Model: GRU
MSE: 23.599077948733026
MAE: 4.043740890644215
EVS: 0.2771902700430636
