Model: GRU
MSE: 29.627285996787165
MAE: 4.445184301446985
EVS: 0.24401419079588182
