Model: GRU
MSE: 25.06642451182383
MAE: 4.141451447098343
EVS: 0.2417962501635038
