Model: GRU
MSE: 30.10488791535651
MAE: 4.723621439050745
EVS: 0.299261436018727
