Model: GRU
MSE: 22.222920131184065
MAE: 4.057784698627613
EVS: 0.32714704221825897
