Model: GRU
MSE: 38.20077692622408
MAE: 5.144217985647696
EVS: 0.019233297446988318
