Model: GRU
MSE: 19.546454683842647
MAE: 3.45427159026817
EVS: 0.3993730284626954
