Model: GRU
MSE: 29.302626451301446
MAE: 4.525789949629042
EVS: 0.2893137120752389
