Model: sequential_13
MSE: 0.0016399156893385225
MAE: 0.040495872497558594
EVS: 1.0
