Model: sequential_13
MSE: 0.35434102007775437
MAE: 0.37875795364379883
EVS: 0.6489513942468521
