Model: sequential_27
MSE: 0.0041736516905075405
MAE: 0.06460380554199219
EVS: 1.0
