Model: sequential_27
MSE: 0.0974782985664812
MAE: 0.22107489903767905
EVS: 0.6100868978987315
