Model: GRU
MSE: 21.195094052645768
MAE: 3.4796397244488753
EVS: 0.3261587439921567
