Model: GRU
MSE: 15.111337457346323
MAE: 2.238696080667001
EVS: 0.4602201474249138
