Model: GRU
MSE: 19.113104935194904
MAE: 3.6196068304556386
EVS: 0.41635496919919035
