Model: GRU
MSE: 15.052626253659174
MAE: 2.545603151674624
EVS: 0.47536667758950935
