Model: GRU
MSE: 18.481364762236506
MAE: 3.6372361006560148
EVS: 0.4558445677472587
