Model: GRU
MSE: 19.398823512702766
MAE: 2.851889274738453
EVS: 0.28178590311417373
