Model: GRU
MSE: 20.778296809175057
MAE: 2.8408775947712086
EVS: 0.22686904014740294
