Model: GRU
MSE: 25.761747418221013
MAE: 4.273044595011958
EVS: 0.3420609756424099
