Model: GRU
MSE: 12.313414596646235
MAE: 2.10477532280816
EVS: 0.5412018920427082
