Model: GRU
MSE: 14.343712588590666
MAE: 2.7280406245478876
EVS: 0.48561333610630275
