Model: GRU
MSE: 16.173943900509723
MAE: 2.3662992936593517
EVS: 0.4595370840579055
