Model: GRU
MSE: 280.3018896347472
MAE: 15.85282489988539
EVS: 0.004259905420937238
