Model: GRU
MSE: 15.788806289376714
MAE: 2.5587697558932834
EVS: 0.4141041342734946
