Model: GRU
MSE: 16.793192526342768
MAE: 2.6564486115067094
EVS: 0.374004590524335
