Model: GRU
MSE: 14.881536061436995
MAE: 2.8845819897121854
EVS: 0.4977307053213982
