Model: GRU
MSE: 16.601061327463167
MAE: 3.0502546981528953
EVS: 0.41154620379190054
