Model: GRU
MSE: 15.479287406862543
MAE: 2.48661830690172
EVS: 0.5364522630700843
