Model: GRU
MSE: 16.790176505697378
MAE: 2.344339441370081
EVS: 0.42913867842429565
