Model: GRU
MSE: 9856.84232093989
MAE: 99.15522907398365
EVS: 0.13845594908838943
