Model: GRU
MSE: 15.551906336477806
MAE: 2.754901585755525
EVS: 0.47026152812809896
