Model: GRU
MSE: 11.701031825783772
MAE: 2.136813905504015
EVS: 0.5642087495578767
