Model: GRU
MSE: 14.422616999842292
MAE: 2.854166030883789
EVS: 0.4627944554091227
