Model: GRU
MSE: 15.193998032358625
MAE: 3.1943968490318015
EVS: 0.47381123259011526
