Model: GRU
MSE: 15.782537869973316
MAE: 2.6763437677312782
EVS: 0.4124046134352417
