Model: GRU
MSE: 14.429838904380514
MAE: 2.5600223541259766
EVS: 0.5067971498074267
