Model: GRU
MSE: 12.905046848539557
MAE: 2.389938336831552
EVS: 0.556883671333824
