Model: GRU
MSE: 16.879534763130703
MAE: 2.567888719064218
EVS: 0.42941997562061174
