Model: GRU
MSE: 17.761252905920998
MAE: 2.983089058487504
EVS: 0.35600948768907836
