Model: GRU
MSE: 19.156922376679297
MAE: 3.2290325871220342
EVS: 0.308274115414787
