Model: GRU
MSE: 17.667271400684108
MAE: 2.6766943490063704
EVS: 0.34153144322519613
