Model: GRU
MSE: 14.360323102271346
MAE: 2.4363302654690213
EVS: 0.46669734907071414
