Model: GRU
MSE: 1690.618044071915
MAE: 40.756335505732785
EVS: -0.10114787264818159
