Model: GRU
MSE: 13.065615373085711
MAE: 2.2011186193536827
EVS: 0.5130119388760296
