Model: GRU
MSE: 14.709338379781878
MAE: 3.0230718895241067
EVS: 0.46535033824534777
