Model: GRU
MSE: 18.961173905325865
MAE: 3.7542659441630044
EVS: 0.4271839458603266
