Model: GRU
MSE: 14.650836800570982
MAE: 2.952836654804371
EVS: 0.47804292653504354
