Model: GRU
MSE: 17.080523273431332
MAE: 2.6112485373461687
EVS: 0.3692900491891371
