Model: GRU
MSE: 20.268048048714146
MAE: 2.9858574955551713
EVS: 0.24784393226249557
