Model: GRU
MSE: 14.5704470612651
MAE: 2.319110534809254
EVS: 0.4643386544402214
