Model: GRU
MSE: 17.614993833951083
MAE: 3.209504833927861
EVS: 0.38997933011370056
