Model: GRU
MSE: 14.045800449828532
MAE: 2.5602540793242277
EVS: 0.5225790136083112
