Model: GRU
MSE: 29.99193974265639
MAE: 4.828304546219962
EVS: 0.24774685762410276
