Model: GRU
MSE: 14.03872392734157
MAE: 2.357884919201886
EVS: 0.5338727964425645
