Model: GRU
MSE: 13.84683262770585
MAE: 2.5305763615502253
EVS: 0.5300120381545992
