Model: GRU
MSE: 15.703662997522056
MAE: 2.3925616211361356
EVS: 0.4669781331023588
