Model: GRU
MSE: 12.442390225949314
MAE: 2.18585205078125
EVS: 0.536213844061576
