Model: GRU
MSE: 13.458295843922096
MAE: 2.356829396000615
EVS: 0.5377376830094012
