Model: GRU
MSE: 17.62596122090318
MAE: 3.242627355787489
EVS: 0.3961798281849861
