Model: GRU
MSE: 15.516243238971436
MAE: 2.7221462108470775
EVS: 0.5217081448896972
