Model: GRU
MSE: 17.257002234103588
MAE: 2.7134929056520813
EVS: 0.3579874977586628
