Model: GRU
MSE: 14.87803170573677
MAE: 2.3516596334951894
EVS: 0.4472502424922977
