Model: GRU
MSE: 122.636100270107
MAE: 9.655645511768482
EVS: -0.009986840625447968
