Model: GRU
MSE: 16.72192281604723
MAE: 2.7336384102150246
EVS: 0.4276887663407021
