Model: GRU
MSE: 13.303457112920182
MAE: 2.408900190282751
EVS: 0.5434332556830535
