Model: GRU
MSE: 18.65346763223108
MAE: 2.7778794677169234
EVS: 0.43036601878754144
