Model: GRU
MSE: 14.279213313530843
MAE: 2.834764145038746
EVS: 0.5097846718630554
