Model: GRU
MSE: 17.74832955670666
MAE: 2.581445331926699
EVS: 0.36086818277217525
