Model: GRU
MSE: 1205.7805063257629
MAE: 34.13292037116157
EVS: -0.5181008707191723
