Model: GRU
MSE: 24.736482776957093
MAE: 4.464129712846544
EVS: 0.34991098548781974
