Model: GRU
MSE: 17.182022103739605
MAE: 3.451543030915437
EVS: 0.46435171338671943
