Model: GRU
MSE: 17.467268558214023
MAE: 3.252197194982458
EVS: 0.386283098230051
