Model: GRU
MSE: 20.180906071628417
MAE: 3.9575705704865634
EVS: 0.39416246937520716
