Model: GRU
MSE: 16.093102579739032
MAE: 2.3506094261452004
EVS: 0.45774544234884185
