Model: GRU
MSE: 19.436024558078923
MAE: 3.517952742399993
EVS: 0.29009139232565206
