Model: GRU
MSE: 17.046396381651803
MAE: 2.519349380775734
EVS: 0.45472647880308215
