Model: GRU
MSE: 16.283850776429173
MAE: 3.3642415823759855
EVS: 0.4650184727916753
