Model: GRU
MSE: 18.104597647807477
MAE: 2.723070409562853
EVS: 0.47019975582679974
