Model: GRU
MSE: 18.43833318103322
MAE: 2.8056813522621438
EVS: 0.3823564325685146
