Model: GRU
MSE: 19.216112769377744
MAE: 3.268566943981029
EVS: 0.2884413185533875
