Model: GRU
MSE: 14.697131355740582
MAE: 2.4681581921047635
EVS: 0.5159031395192757
