Model: GRU
MSE: 14.381902029767442
MAE: 2.359234677420722
EVS: 0.47973482208121776
