Model: GRU
MSE: 17.611992459026904
MAE: 2.678403306890417
EVS: 0.5074433027736944
