Model: GRU
MSE: 13.252744283027688
MAE: 2.192655916567202
EVS: 0.5070781830892921
