Model: GRU
MSE: 15.20563750174086
MAE: 2.697706460952759
EVS: 0.4351426269391233
