Model: GRU
MSE: 17.44106367811618
MAE: 3.2769415466873735
EVS: 0.4178788366535946
