Model: GRU
MSE: 14.066717017355924
MAE: 2.878173651518645
EVS: 0.48599736469386823
