Model: GRU
MSE: 18.942158916137412
MAE: 3.2443736217640065
EVS: 0.38300418381172097
