Model: GRU
MSE: 17.500411216919037
MAE: 3.1799965257997864
EVS: 0.42090761101330854
