Model: GRU
MSE: 126.2140449215806
MAE: 9.832088669141134
EVS: -0.10133117043347672
