Model: GRU
MSE: 17.78731769227399
MAE: 3.059297208432798
EVS: 0.3694948665045713
