Model: GRU
MSE: 16.126044143886332
MAE: 2.5201756865889937
EVS: 0.3992225572792677
