Model: GRU
MSE: 17.022428949022135
MAE: 2.8701740988978632
EVS: 0.366362603647605
