Model: GRU
MSE: 17.04766659560623
MAE: 3.2738647637543856
EVS: 0.41340045617010557
