Model: GRU
MSE: 19.186351711816755
MAE: 2.655783282385932
EVS: 0.2935896616510849
