Model: GRU
MSE: 14.65806192397308
MAE: 2.807053901531078
EVS: 0.5132966052769792
