Model: GRU
MSE: 18.649984107657392
MAE: 2.883825072535762
EVS: 0.31278286270874944
