Model: GRU
MSE: 20.280487345662028
MAE: 2.8452061193960683
EVS: 0.2826602373519219
