Model: GRU
MSE: 15.032388892020823
MAE: 2.3037209510803223
EVS: 0.4412331724528925
