Model: GRU
MSE: 14.88223550109785
MAE: 3.2222203060432717
EVS: 0.5507204272486336
