Model: GRU
MSE: 16.75747557157306
MAE: 2.89442832381637
EVS: 0.3780516698893117
