Model: GRU
MSE: 21.04715921270216
MAE: 3.0996617387842247
EVS: 0.28823414178176465
