Model: GRU
MSE: 19.028296032892587
MAE: 3.297556621687753
EVS: 0.36430487383557975
