Model: GRU
MSE: 15.75432492670697
MAE: 2.5199511845906577
EVS: 0.41476870590530635
