Model: GRU
MSE: 12.709349496415804
MAE: 2.199683842835603
EVS: 0.5296013133761953
