Model: GRU
MSE: 15.069637563225353
MAE: 2.7944622304704456
EVS: 0.4554925455109572
