Model: GRU
MSE: 15.540214066092133
MAE: 3.1400319735209146
EVS: 0.5050415931317924
