Model: GRU
MSE: 14.772873210407305
MAE: 2.6300388795358165
EVS: 0.4616227029809358
