Model: GRU
MSE: 17.06176461340242
MAE: 2.7324389351738825
EVS: 0.38770887519224817
