Model: GRU
MSE: 12.888926625829283
MAE: 2.413564328794126
EVS: 0.5597624998869069
