Model: GRU
MSE: 16.109497750628947
MAE: 3.099854275032326
EVS: 0.4223007748084461
