Model: GRU
MSE: 16.76157874826118
MAE: 2.6915126464985035
EVS: 0.3763941365281076
