Model: GRU
MSE: 15.857290198994034
MAE: 2.463282903035482
EVS: 0.4224387258861084
