Model: GRU
MSE: 21.18567664917923
MAE: 3.2363768506933144
EVS: 0.27718852733238963
