Model: GRU
MSE: 11001.349857859064
MAE: 104.75936267994068
EVS: 0.0
