Model: GRU
MSE: 16.509327578079063
MAE: 2.2635870862890175
EVS: 0.40749466090193787
