Model: GRU
MSE: 16.253787030335364
MAE: 2.630173232820299
EVS: 0.39409848267841285
