Model: GRU
MSE: 20.493750369438345
MAE: 3.970008938400834
EVS: 0.43119371272448437
