Model: GRU
MSE: 15.422983800102413
MAE: 3.219596368295175
EVS: 0.531522670142729
