Model: GRU
MSE: 18.59420812818828
MAE: 3.6524173065468117
EVS: 0.43287935865226534
