Model: GRU
MSE: 15.990770556767892
MAE: 2.450027236232051
EVS: 0.4965225661397188
