Model: GRU
MSE: 16.429944533629616
MAE: 3.2127077137982405
EVS: 0.44643697850188246
