Model: GRU
MSE: 15.701221435866833
MAE: 2.889442108295582
EVS: 0.42129084306720854
