Model: GRU
MSE: 17.812370906653793
MAE: 3.5333817446673357
EVS: 0.459669545774806
