Model: GRU
MSE: 15.11435070742815
MAE: 2.387174959535952
EVS: 0.4374067054006284
