Model: GRU
MSE: 21.452201335148782
MAE: 3.493530511856079
EVS: 0.24491208696657019
