Model: GRU
MSE: 18.716958048999576
MAE: 2.6169346703423395
EVS: 0.313782217062209
