Model: GRU
MSE: 14.859097001955677
MAE: 3.1445446897436073
EVS: 0.49176944240633746
