Model: GRU
MSE: 111.04648722621423
MAE: 9.17896659285934
EVS: 0.0012200662068562185
