Model: GRU
MSE: 17.665022067498885
MAE: 2.669271945953369
EVS: 0.39920868609868965
