Model: GRU
MSE: 16.051718065820925
MAE: 2.2749057434223316
EVS: 0.4053518122436114
