Model: GRU
MSE: 16.725052676494755
MAE: 3.155179023742676
EVS: 0.4091899665530241
