Model: GRU
MSE: 583.7697194309172
MAE: 23.423685568350333
EVS: -0.30846754035256274
