Model: GRU
MSE: 15.139912977088056
MAE: 2.511219307228371
EVS: 0.4825090679029954
