Model: GRU
MSE: 17.65584645767896
MAE: 2.5552510067268654
EVS: 0.3420647469737462
