Model: GRU
MSE: 119.39282267794722
MAE: 9.479446866997966
EVS: -0.01439366872570469
