Model: GRU
MSE: 25.22218157127715
MAE: 3.3075174314004405
EVS: 0.09700120578965021
