Model: GRU
MSE: 1211.699849079285
MAE: 34.09718605324074
EVS: -0.829648059344873
