Model: GRU
MSE: 15.217736947905408
MAE: 2.9362217761852123
EVS: 0.4826436418577933
