Model: GRU
MSE: 20.31568521778135
MAE: 3.237176109243322
EVS: 0.2687525570663136
