Model: GRU
MSE: 16.648472038805174
MAE: 3.424518673508256
EVS: 0.4636512778072288
