Model: GRU
MSE: 3766.2144366326806
MAE: 61.118337136727796
EVS: -0.14678090395365606
