Model: GRU
MSE: 14.944059953737131
MAE: 3.159690079865632
EVS: 0.5210164726625218
