Model: GRU
MSE: 14.517796304076045
MAE: 2.3075218995412192
EVS: 0.5209718896580353
