Model: GRU
MSE: 18.42413804888917
MAE: 2.774620285740605
EVS: 0.3774423028982845
