Model: GRU
MSE: 15.306782951591433
MAE: 2.8606766947993525
EVS: 0.47739098459924834
