Model: GRU
MSE: 21.672490171875697
MAE: 3.0157949924468994
EVS: 0.2652025164819293
