Model: GRU
MSE: 16.461641639414253
MAE: 2.303060867168285
EVS: 0.44616774224602196
