Model: GRU
MSE: 11.60852761893691
MAE: 1.9771441088782415
EVS: 0.6027493382789191
