Model: GRU
MSE: 15.54228942784932
MAE: 2.692106149814747
EVS: 0.5415308164524979
