Model: GRU
MSE: 17.024110983594728
MAE: 2.4920879205067954
EVS: 0.4618625321705567
