Model: GRU
MSE: 15.597009098579205
MAE: 2.4784743432645446
EVS: 0.491293018025991
