Model: GRU
MSE: 15.934052601437466
MAE: 2.620529457374855
EVS: 0.40616245974667964
