Model: GRU
MSE: 18.25680005216669
MAE: 2.7667563314791077
EVS: 0.41302252427600095
