Model: GRU
MSE: 15.21398684664409
MAE: 2.5450640431156866
EVS: 0.44017545608811415
