Model: GRU
MSE: 108.68345392910851
MAE: 8.989061845673454
EVS: -0.03930666575401931
