Model: GRU
MSE: 17.34214908608837
MAE: 3.0985470877753363
EVS: 0.4080172072551903
