Model: GRU
MSE: 14.60383304369251
MAE: 2.5135669973161487
EVS: 0.5156391191896481
