Model: GRU
MSE: 15.145194571033214
MAE: 2.7501249843173556
EVS: 0.4797945373427194
