Model: GRU
MSE: 15.397543979226574
MAE: 2.2993283801608615
EVS: 0.4603006999121386
