Model: GRU
MSE: 13.030624717745216
MAE: 2.3482773215682418
EVS: 0.5440653898177146
