Model: GRU
MSE: 16.339685293504605
MAE: 3.558917928625036
EVS: 0.5726221341399016
