Model: GRU
MSE: 16.1123062232093
MAE: 2.8417241308424206
EVS: 0.4177858232171894
