Model: GRU
MSE: 14.12458239833571
MAE: 3.0581850122522423
EVS: 0.5382652048441481
