Model: GRU
MSE: 16.908991059090567
MAE: 3.2954846488104925
EVS: 0.41924743084946103
