Model: GRU
MSE: 14.36915411171801
MAE: 2.3932240627430104
EVS: 0.465140725711111
