Model: GRU
MSE: 17.41857994131241
MAE: 2.7907148555473045
EVS: 0.35073376053845906
