Model: GRU
MSE: 22.101149032889484
MAE: 3.5051675779478892
EVS: 0.25176381369624756
