Model: GRU
MSE: 15.484321338405826
MAE: 2.9374094715824834
EVS: 0.4500328353266848
