Model: GRU
MSE: 16.476089309253062
MAE: 2.529208015512537
EVS: 0.46873294165313173
