Model: GRU
MSE: 15.282996582154897
MAE: 2.4948989903485335
EVS: 0.4353509036513128
