Model: GRU
MSE: 18.153729344180814
MAE: 2.6509672005971274
EVS: 0.3453687639032358
