Model: GRU
MSE: 15.484550767900862
MAE: 2.5995198532387063
EVS: 0.4233729042292472
