Model: GRU
MSE: 16.10380491578538
MAE: 3.1407753273292824
EVS: 0.403124274923757
