Model: GRU
MSE: 14.435606466344678
MAE: 2.2910602357652454
EVS: 0.4630662223587205
