Model: GRU
MSE: 24.348527617858558
MAE: 4.354558202955458
EVS: 0.43083145899964603
