Model: GRU
MSE: 15.233587490588489
MAE: 2.346878246024803
EVS: 0.4348772825682409
