Model: GRU
MSE: 19.416792939205987
MAE: 3.651188514850758
EVS: 0.3791519316743214
