Model: GRU
MSE: 14.892051690728513
MAE: 2.530146528173376
EVS: 0.4455741035362234
