Model: GRU
MSE: 14.38100319191981
MAE: 2.7736618430526168
EVS: 0.4687911845348275
