Model: GRU
MSE: 13.580236868832538
MAE: 2.4846490400808827
EVS: 0.5345434086029182
