Model: GRU
MSE: 16.56168440940407
MAE: 3.393657172167743
EVS: 0.47591038159001764
