Model: GRU
MSE: 14.70054393951981
MAE: 3.176749264752423
EVS: 0.5204495643461564
