Model: GRU
MSE: 16.56638234236179
MAE: 2.8515165823477284
EVS: 0.387644894172842
