Model: GRU
MSE: 14.396098626190005
MAE: 2.490718435358118
EVS: 0.46892530503335983
