Model: GRU
MSE: 13.445632514592818
MAE: 2.3636831884030944
EVS: 0.5407901900233485
