Model: GRU
MSE: 13.353880064998977
MAE: 2.157067802217272
EVS: 0.5114399531022209
