Model: GRU
MSE: 20.028581963211234
MAE: 3.9201611236289695
EVS: 0.4374648513286442
