Model: GRU
MSE: 12.76051554779924
MAE: 2.3619358804490833
EVS: 0.6160795867880475
