Model: GRU
MSE: 20.02095924012304
MAE: 3.5001480844285755
EVS: 0.290747882000443
