Model: GRU
MSE: 17.646764866844737
MAE: 2.514557785458035
EVS: 0.34452796775711614
