Model: GRU
MSE: 18.468651551059068
MAE: 3.720799516748499
EVS: 0.4117239891030505
