Model: GRU
MSE: 17.13601540092566
MAE: 3.688215697253192
EVS: 0.4615322304563778
