Model: GRU
MSE: 28.77997450866464
MAE: 4.53213988410102
EVS: -0.035654591523200274
