Model: GRU
MSE: 17.49075606493331
MAE: 2.641981283823649
EVS: 0.3483883909056025
