Model: GRU
MSE: 14.366492238078049
MAE: 2.3834591883200185
EVS: 0.5423915957537743
