Model: GRU
MSE: 17.6838694236628
MAE: 2.6297263127786143
EVS: 0.35191703909252114
