Model: GRU
MSE: 15.836643519429268
MAE: 3.3530539583276817
EVS: 0.47572665959047444
