Model: GRU
MSE: 16.054525532217752
MAE: 3.004359421906648
EVS: 0.40913618300241106
