Model: GRU
MSE: 17.08056067054711
MAE: 3.318908797370063
EVS: 0.4221483300966917
