Model: GRU
MSE: 23.599057696938317
MAE: 4.00378997237594
EVS: 0.20837679747594362
