Model: GRU
MSE: 20.73868166873544
MAE: 3.6351166124697083
EVS: 0.3531072435744468
