Model: GRU
MSE: 19.10346509510867
MAE: 3.8713314444930464
EVS: 0.4642442867472213
