Model: GRU
MSE: 16.22701539239021
MAE: 3.1212743123372397
EVS: 0.41968860277557873
