Model: GRU
MSE: 23.460450490160678
MAE: 4.2134488247059005
EVS: 0.3129591119574755
