Model: GRU
MSE: 12.900264563404209
MAE: 2.781948301527235
EVS: 0.5750160084335318
