Model: GRU
MSE: 14.95558541341701
MAE: 2.4980399343702526
EVS: 0.48630709797201876
