Model: GRU
MSE: 1040.3110665832685
MAE: 31.585719638400608
EVS: -0.4650544251346054
