Model: GRU
MSE: 21.227177913087324
MAE: 3.9821102884080677
EVS: 0.31487576886935564
