Model: GRU
MSE: 17.695255286130095
MAE: 2.613038116031223
EVS: 0.340389944260276
