Model: GRU
MSE: 539.7903911933522
MAE: 22.52363067203098
EVS: -0.2106429691176075
