Model: GRU
MSE: 19.659936424940437
MAE: 3.3658793678990118
EVS: 0.2775477746324674
