Model: GRU
MSE: 16.894181553582484
MAE: 3.6287601082413286
EVS: 0.5300245066590241
