Model: GRU
MSE: 19.009261636539957
MAE: 2.933783442885787
EVS: 0.29161328740356085
