Model: GRU
MSE: 15.803758993927296
MAE: 3.144855199036775
EVS: 0.4151521745082499
