Model: GRU
MSE: 21.51213270718066
MAE: 3.8226481543646917
EVS: 0.308155765570449
