Model: GRU
MSE: 15.671250947704848
MAE: 2.680498449890702
EVS: 0.4158729998804648
