Model: GRU
MSE: 20.05716434932215
MAE: 2.828670828430741
EVS: 0.2661082391288253
