Model: GRU
MSE: 18.318677545176374
MAE: 2.831752883063422
EVS: 0.3222179030506499
