Model: GRU
MSE: 21.054260076358915
MAE: 3.029105866396869
EVS: 0.22247578942899016
