Model: GRU
MSE: 19.66276443000294
MAE: 2.96465829566673
EVS: 0.290190860044672
