Model: GRU
MSE: 17.25167425975156
MAE: 2.85670859725387
EVS: 0.45053300533519336
