Model: GRU
MSE: 20.40741891771831
MAE: 3.934558532856129
EVS: 0.41324609501048537
