Model: GRU
MSE: 17.701902015412667
MAE: 2.560182968775431
EVS: 0.40604303605461667
