Model: GRU
MSE: 17.558024946543533
MAE: 3.557774066925049
EVS: 0.45010653064581463
