Model: GRU
MSE: 16.474581910184984
MAE: 2.451578908496433
EVS: 0.3926518865403832
