Model: GRU
MSE: 20.844632497107416
MAE: 3.683224051086991
EVS: 0.24373393197378623
