Model: GRU
MSE: 16.077695489713307
MAE: 2.4468979658903898
EVS: 0.4333090752234334
