Model: GRU
MSE: 4590.83279410289
MAE: 67.34875036168981
EVS: -0.8884005428289496
