Model: GRU
MSE: 15.94633280211547
MAE: 3.1559805870056152
EVS: 0.4526843973097959
