Model: GRU
MSE: 18.93271327544723
MAE: 3.418536106745402
EVS: 0.29677536572807006
