Model: GRU
MSE: 14.991493168872356
MAE: 3.1007254211990922
EVS: 0.48872702167257465
