Model: GRU
MSE: 14.29713782934497
MAE: 2.358421060774061
EVS: 0.4670830653010497
