Model: GRU
MSE: 12.459323142753275
MAE: 2.6971418769271285
EVS: 0.5983389375222672
