Model: GRU
MSE: 14.468055147040626
MAE: 2.620704580236364
EVS: 0.510109215055502
