Model: GRU
MSE: 17.028760550331643
MAE: 2.689868026309543
EVS: 0.423053634233852
