Model: GRU
MSE: 16.019540067347062
MAE: 2.7401893933614097
EVS: 0.4229015025802426
