Model: GRU
MSE: 12.537831661881704
MAE: 2.3019471521730774
EVS: 0.5814818569738733
