Model: GRU
MSE: 12.588632012024265
MAE: 2.641475624508328
EVS: 0.5375641742632924
