Model: GRU
MSE: 16.295019763306332
MAE: 2.6420951507709645
EVS: 0.4051995229838916
