Model: GRU
MSE: 14.640753174436002
MAE: 2.589431321179425
EVS: 0.4634537616631538
