Model: GRU
MSE: 16.773855633032504
MAE: 2.6340042573434337
EVS: 0.3789913354920239
