Model: GRU
MSE: 19.674033998867866
MAE: 2.8955345065505416
EVS: 0.2667242403690243
