Model: GRU
MSE: 22.56906024847735
MAE: 4.178724960044578
EVS: 0.4039670075057339
