Model: GRU
MSE: 15.73648177604779
MAE: 2.283341160526982
EVS: 0.4487602796807416
