Model: GRU
MSE: 15.023589465039052
MAE: 2.365697595808241
EVS: 0.4858828208285878
