Model: GRU
MSE: 16.146683571048666
MAE: 2.526166801099424
EVS: 0.42323423683327355
