Model: GRU
MSE: 15.964049831434611
MAE: 2.415098119665075
EVS: 0.4464932407708362
