Model: GRU
MSE: 19.156123148976153
MAE: 3.7939713266160755
EVS: 0.35128016642896
