Model: GRU
MSE: 18.555013819402163
MAE: 3.668297361444544
EVS: 0.4213141790643564
