Model: GRU
MSE: 18.781696788547766
MAE: 2.7427591571101435
EVS: 0.3092749652757799
