Model: GRU
MSE: 19.965049965104473
MAE: 2.9286867600900157
EVS: 0.3173201102857175
