Model: GRU
MSE: 16.860081362080678
MAE: 2.5236096382141113
EVS: 0.3754768042367652
