Model: GRU
MSE: 13.272523353784136
MAE: 2.3177442285749645
EVS: 0.5201202824991422
