Model: GRU
MSE: 17.276140768963295
MAE: 3.627921563607675
EVS: 0.46570002779035025
