Model: GRU
MSE: 1129.7949187065349
MAE: 33.11794245684588
EVS: -0.23004048220093898
