Model: GRU
MSE: 15.108596839156498
MAE: 2.318502911814937
EVS: 0.4507590893124177
