Model: GRU
MSE: 14.163921749791076
MAE: 2.7897934913635254
EVS: 0.48761236223166626
