Model: GRU
MSE: 12.936703604600055
MAE: 2.3267396997522423
EVS: 0.5179885558785524
