Model: GRU
MSE: 13.507805573207484
MAE: 2.2946705553266735
EVS: 0.5556705436431869
