Model: GRU
MSE: 18.791959419713844
MAE: 2.7218989266289606
EVS: 0.3114668502460486
