Model: GRU
MSE: 18.164983395110337
MAE: 2.7504414629053184
EVS: 0.42484878857846264
