Model: GRU
MSE: 15.01748334238374
MAE: 2.8873008798669884
EVS: 0.45537768465092987
