Model: GRU
MSE: 15.49396389940843
MAE: 2.3467109468248157
EVS: 0.4498272440889799
