Model: GRU
MSE: 15.056880912362127
MAE: 2.724268736662688
EVS: 0.43930942322519007
