Model: GRU
MSE: 14.566118230984936
MAE: 2.491908232371012
EVS: 0.5202213448097849
