Model: GRU
MSE: 15.900616953945507
MAE: 2.363909050270363
EVS: 0.4187580514937873
