Model: GRU
MSE: 18.75759926988203
MAE: 3.654638202102096
EVS: 0.411746490129832
