Model: GRU
MSE: 15.849647553729929
MAE: 3.0052325460645886
EVS: 0.4477919392873647
