Model: GRU
MSE: 16.956711024580624
MAE: 2.650078888292666
EVS: 0.37918692178333
