Model: GRU
MSE: 16.9623728116754
MAE: 2.5510209489751747
EVS: 0.4045792273713489
