Model: GRU
MSE: 15.170325213941185
MAE: 3.119117613191958
EVS: 0.47035735107926835
