Model: GRU
MSE: 15.543199446829973
MAE: 3.517333189646403
EVS: 0.4602600623213976
