Model: GRU
MSE: 16.64314480507518
MAE: 2.9574610745465315
EVS: 0.4410529509388952
