Model: GRU
MSE: 16.396092037253894
MAE: 3.3266694987261736
EVS: 0.47924212998396654
