Model: GRU
MSE: 17.450183191272068
MAE: 3.1089144812689886
EVS: 0.3508007665621682
