Model: GRU
MSE: 16.072882146503428
MAE: 2.4599234616314924
EVS: 0.46340005736705325
