Model: GRU
MSE: 19.23234245335594
MAE: 2.977648002130014
EVS: 0.30638766230901104
