Model: GRU
MSE: 15.527905162255317
MAE: 2.2539636735562927
EVS: 0.4400759707117978
