Model: GRU
MSE: 17.205508920894225
MAE: 2.9933469737017595
EVS: 0.3879317947274342
