Model: GRU
MSE: 14.414094012224135
MAE: 2.637254935723764
EVS: 0.4632856639059614
