Model: GRU
MSE: 125.77327483521968
MAE: 9.759682646504155
EVS: -0.048362365580916444
