Model: GRU
MSE: 14.467988449823794
MAE: 2.302842555222688
EVS: 0.46630963245995394
