Model: GRU
MSE: 15.842073706281175
MAE: 3.059416576668068
EVS: 0.45952044795599534
