Model: GRU
MSE: 16.15119944003015
MAE: 2.48038297229343
EVS: 0.46230048628588527
