Model: GRU
MSE: 20.570645082462896
MAE: 2.9911881994318077
EVS: 0.4376084640602682
