Model: GRU
MSE: 15.6164229866446
MAE: 3.238012949625651
EVS: 0.4687083650684367
