Model: GRU
MSE: 19.955958447717812
MAE: 2.8389072683122425
EVS: 0.3173894724317201
