Model: GRU
MSE: 21.359020033673932
MAE: 3.6517294424551503
EVS: 0.34008074995848747
