Model: GRU
MSE: 16.98658703470635
MAE: 3.352109290935375
EVS: 0.3898856213706474
