Model: GRU
MSE: 15.766770448043676
MAE: 2.5761875488139965
EVS: 0.41245822980365343
