Model: GRU
MSE: 14.584591357079102
MAE: 2.3776870127077454
EVS: 0.47038598801311415
