Model: GRU
MSE: 16.008702465973272
MAE: 2.4783803533624718
EVS: 0.40369592087461204
