Model: GRU
MSE: 18.12863357138957
MAE: 3.0880240775920726
EVS: 0.3950125531515476
