Model: GRU
MSE: 18.587072251953426
MAE: 3.1425692593609846
EVS: 0.32604301642849576
