Model: GRU
MSE: 19.132808564057274
MAE: 2.8010786021197283
EVS: 0.28718720764669836
