Model: GRU
MSE: 18.126681036874114
MAE: 3.074038275965938
EVS: 0.3646611439230054
