Model: GRU
MSE: 18.879551711822508
MAE: 3.010099181422481
EVS: 0.3211172427630422
