Model: GRU
MSE: 14.785473079789123
MAE: 2.9403057804814092
EVS: 0.4513328524084992
