Model: GRU
MSE: 18.71926741816011
MAE: 3.58674105891475
EVS: 0.4195829696864929
