Model: GRU
MSE: 18.941768407322545
MAE: 2.9124541724169695
EVS: 0.44211561632954777
