Model: GRU
MSE: 15.02139552221986
MAE: 2.985200378629896
EVS: 0.44392238657001293
