Model: GRU
MSE: 15.712667096515691
MAE: 2.593481567170885
EVS: 0.41672900699358817
