Model: GRU
MSE: 16.291512669567958
MAE: 2.2621350553300648
EVS: 0.4124495904885236
