Model: GRU
MSE: 17.567859069985168
MAE: 2.9999396359478987
EVS: 0.41575965874249887
