Model: GRU
MSE: 17.277871297256947
MAE: 3.390816564913149
EVS: 0.41825181053599736
