Model: GRU
MSE: 19.28488930194009
MAE: 2.584657236381813
EVS: 0.3792023248586659
