Model: GRU
MSE: 14.962966708759277
MAE: 3.1000961550959834
EVS: 0.49797313866260384
