Model: GRU
MSE: 15.5674566218467
MAE: 3.1166929845456726
EVS: 0.4779309398179108
