Model: GRU
MSE: 13.982336316283046
MAE: 2.6020625079119646
EVS: 0.5200243414839194
