Model: GRU
MSE: 13.91940360042121
MAE: 2.166847405610261
EVS: 0.487269363630185
