Model: GRU
MSE: 15.10263221378148
MAE: 2.9451060118498624
EVS: 0.4845438621285252
