Model: GRU
MSE: 275.67811683404346
MAE: 15.802024594059697
EVS: 0.03174755444550725
