Model: GRU
MSE: 16.45112150976639
MAE: 2.476897954940796
EVS: 0.38834787344914545
