Model: GRU
MSE: 15.935349279016025
MAE: 2.5007797876993814
EVS: 0.4843227789708968
