Model: GRU
MSE: 16.94297186703229
MAE: 3.5183310685334384
EVS: 0.46112253585514096
