Model: GRU
MSE: 21.1850069337963
MAE: 3.415130341494525
EVS: 0.24312725637968824
