Model: GRU
MSE: 19.237994224558875
MAE: 2.6830377755341708
EVS: 0.34027123804351644
