Model: GRU
MSE: 16.483911507456533
MAE: 2.6136764685312905
EVS: 0.4353305675757344
