Model: GRU
MSE: 15.984012197703889
MAE: 2.9820061613012245
EVS: 0.40417897706297967
