Model: GRU
MSE: 17.20676182080927
MAE: 2.4449111355675592
EVS: 0.37245079899126265
