Model: GRU
MSE: 15.019407032264493
MAE: 2.3475555578867593
EVS: 0.44214874083617883
