Model: GRU
MSE: 18.803681014947617
MAE: 3.8434120814005532
EVS: 0.38075321138989493
