Model: GRU
MSE: 615.8332090531492
MAE: 24.21013867413556
EVS: -0.020215112190363982
