Model: GRU
MSE: 17.932917719239683
MAE: 3.429361661275228
EVS: 0.3769682109680751
