Model: GRU
MSE: 17.12615026398997
MAE: 2.856923324090463
EVS: 0.3616699743692239
