Model: GRU
MSE: 19.52185358226105
MAE: 3.6236149999830456
EVS: 0.40176493401274926
