Model: GRU
MSE: 12.890310134425043
MAE: 2.7584190368652344
EVS: 0.5247329119294939
