Model: GRU
MSE: 16.7588128509743
MAE: 2.594563042676007
EVS: 0.39380355553539226
