Model: GRU
MSE: 16.94779213409299
MAE: 3.043701004098963
EVS: 0.39956917344016096
