Model: GRU
MSE: 14.39722285987289
MAE: 2.5244363325613515
EVS: 0.5067366220199696
