Model: GRU
MSE: 12.89953981702208
MAE: 2.2392019430796304
EVS: 0.557050167914546
