Model: GRU
MSE: 124.14808268189167
MAE: 9.691165756296229
EVS: -0.038316271962340664
