Model: GRU
MSE: 13.507850191105373
MAE: 2.261875064284713
EVS: 0.5117344221684943
