Model: GRU
MSE: 15.913682992869376
MAE: 2.9297570475825556
EVS: 0.4538493295044922
