Model: GRU
MSE: 18.021529588289965
MAE: 2.5495037767622204
EVS: 0.40709864199273305
