Model: GRU
MSE: 16.24372244467017
MAE: 3.0941546934622304
EVS: 0.43832662133657485
