Model: GRU
MSE: 19.202509560426954
MAE: 2.6985925745081016
EVS: 0.28801401992350995
