Model: GRU
MSE: 13.671488742522081
MAE: 2.9505876435173883
EVS: 0.5427240034135223
