Model: GRU
MSE: 18.071445920835853
MAE: 3.6452775884557655
EVS: 0.4401849069720263
