Model: GRU
MSE: 14.373998532292195
MAE: 2.934719544869882
EVS: 0.47668731428371136
