Model: GRU
MSE: 15.916006184781358
MAE: 3.187877478422942
EVS: 0.4632023309548302
