Model: GRU
MSE: 21.98840072953732
MAE: 3.1519247514230235
EVS: 0.2536572406733557
