Model: GRU
MSE: 15.975235751940623
MAE: 2.5894923121840865
EVS: 0.4166513676744481
