Model: GRU
MSE: 19.205874641464593
MAE: 3.3142869737413196
EVS: 0.33953685300402425
