Model: GRU
MSE: 17.941997132054095
MAE: 2.702370255081742
EVS: 0.44433565185791757
