Model: GRU
MSE: 16.11720154199384
MAE: 2.8398988953343145
EVS: 0.4562578562548587
