Model: GRU
MSE: 18.670194744392646
MAE: 3.918270225878115
EVS: 0.43958655421350123
