Model: GRU
MSE: 23.79811371323888
MAE: 4.202225932368526
EVS: 0.3741324372951499
