Model: GRU
MSE: 20.504309486463203
MAE: 3.1170855186603688
EVS: 0.30318337608546664
