Model: GRU
MSE: 18.499847645010345
MAE: 3.005609671274821
EVS: 0.391413143777506
