Model: GRU
MSE: 15.53379831356458
MAE: 2.6344793725896767
EVS: 0.43038657966876304
