Model: GRU
MSE: 15.697951871740576
MAE: 2.9081231046605995
EVS: 0.4423832513224679
