Model: GRU
MSE: 16.596119245362154
MAE: 2.812208882084599
EVS: 0.39355401918644173
