Model: GRU
MSE: 13.392450879084732
MAE: 2.55018037336844
EVS: 0.5406070631062225
