Model: GRU
MSE: 14.762462087170038
MAE: 2.198007936830874
EVS: 0.4646229757300814
