Model: GRU
MSE: 16.464561594127055
MAE: 3.41811971311216
EVS: 0.4490491448629099
