Model: GRU
MSE: 13.651544749020104
MAE: 2.8873233088740595
EVS: 0.5374044694310209
