Model: GRU
MSE: 16.59128088964427
MAE: 2.5037357630553068
EVS: 0.400552321291228
