Model: GRU
MSE: 16.23239668834627
MAE: 2.4793571366204157
EVS: 0.4559375214126362
