Model: GRU
MSE: 14.780914909300488
MAE: 2.3188591180024325
EVS: 0.46999853646172673
