Model: GRU
MSE: 1146.3920255462913
MAE: 33.34995071976273
EVS: -0.2738791336938493
