Model: GRU
MSE: 20.927322579867628
MAE: 3.166859812206692
EVS: 0.22004071757761512
