Model: GRU
MSE: 17.37970916495713
MAE: 2.606971087279143
EVS: 0.3875879332009332
