Model: GRU
MSE: 14.78724332826968
MAE: 2.512443189267759
EVS: 0.44974529167760136
