Model: GRU
MSE: 14.406235351072818
MAE: 2.4294203740579112
EVS: 0.47103560201277783
