Model: GRU
MSE: 12.418489782637758
MAE: 2.372764128225821
EVS: 0.5446249907975684
