Model: GRU
MSE: 19.796434514898557
MAE: 2.8612691119865135
EVS: 0.2664103257914281
