Model: GRU
MSE: 14.845953436168676
MAE: 2.4760032141650163
EVS: 0.44706668580411
