Model: GRU
MSE: 18.287050999243707
MAE: 2.8793933479874223
EVS: 0.37561523857900203
