Model: GRU
MSE: 19.20362150230101
MAE: 2.716032346089681
EVS: 0.2974447422514246
