Model: GRU
MSE: 14.270062221325647
MAE: 2.3659048080444336
EVS: 0.5384282475988403
