Model: GRU
MSE: 17.633632828594468
MAE: 3.4744952343128346
EVS: 0.3430597387998078
