Model: GRU
MSE: 17.242695297017875
MAE: 3.677623430887858
EVS: 0.5342355652378077
