Model: GRU
MSE: 13.740679338009276
MAE: 2.228580669120506
EVS: 0.5302426788247709
