Model: GRU
MSE: 16.829315196046284
MAE: 2.811249026545772
EVS: 0.4226480816190765
