Model: GRU
MSE: 26.694755752502008
MAE: 4.566331131117685
EVS: 0.3631656189975908
