Model: GRU
MSE: 17.049619784783427
MAE: 2.7057531233187073
EVS: 0.3750437849944094
