Model: GRU
MSE: 499.7622437300349
MAE: 21.601849520647967
EVS: -0.23472011667127424
