Model: GRU
MSE: 18.661794196851975
MAE: 3.8006732022320784
EVS: 0.36999454262485265
