Model: GRU
MSE: 13.385762393366408
MAE: 2.3703148629930286
EVS: 0.5016072583691391
