Model: GRU
MSE: 16.825110590333413
MAE: 2.5164200641490795
EVS: 0.3833532207493975
