Model: GRU
MSE: 13.656028966140708
MAE: 2.327200280295478
EVS: 0.554190056595651
