Model: GRU
MSE: 544.3399734889174
MAE: 22.748938101309317
EVS: 0.0
