Model: GRU
MSE: 18.06939854314441
MAE: 2.7442675254963063
EVS: 0.40385719849753676
