Model: GRU
MSE: 18.54257041074995
MAE: 3.6614767180548773
EVS: 0.42817772120426834
