Model: GRU
MSE: 17.468988660942657
MAE: 2.5719765115667275
EVS: 0.3970492451260824
