Model: GRU
MSE: 16.107720322728156
MAE: 2.1929152365084046
EVS: 0.432214503757664
