Model: GRU
MSE: 19.413421376530998
MAE: 2.5871387587653265
EVS: 0.34405667337796153
