Model: GRU
MSE: 15.469679128664653
MAE: 2.5547812249925403
EVS: 0.4233591580744803
