Model: GRU
MSE: 21.16183536858645
MAE: 4.080195621207908
EVS: 0.3291547747581143
