Model: GRU
MSE: 15.491132632108581
MAE: 2.5066434454034874
EVS: 0.42320305273532643
