Model: GRU
MSE: 17.331385785642322
MAE: 2.584100352393256
EVS: 0.3539344871289204
