Model: GRU
MSE: 15.134390224393847
MAE: 2.543955122983014
EVS: 0.48637651812473814
