Model: GRU
MSE: 16.73349962141141
MAE: 3.6310168902079263
EVS: 0.5893843838474766
