Model: GRU
MSE: 19.749449286657082
MAE: 2.8479412926567926
EVS: 0.38513068008662266
