Model: GRU
MSE: 20.13566249524446
MAE: 4.105058599401404
EVS: 0.49290138969174446
