Model: GRU
MSE: 17.225073323083585
MAE: 2.3592211140526667
EVS: 0.4301654079183612
