Model: GRU
MSE: 15.371509221620638
MAE: 2.573082305766918
EVS: 0.4281262233586921
