Model: GRU
MSE: 19.530156414481787
MAE: 3.3004895404533103
EVS: 0.3395429390855378
