Model: GRU
MSE: 14.6017773891872
MAE: 2.3876739607916937
EVS: 0.48022247670696705
