Model: GRU
MSE: 13.958631554670596
MAE: 2.9923307807357222
EVS: 0.5505442341133873
