Model: GRU
MSE: 15.256668849471577
MAE: 2.3647934330834284
EVS: 0.45059351433516015
