Model: GRU
MSE: 17.05960773479852
MAE: 3.193195042786775
EVS: 0.38417746823092036
