Model: GRU
MSE: 12.9373923226266
MAE: 2.498693377883346
EVS: 0.5593114438575377
