Model: GRU
MSE: 15.324719311714237
MAE: 3.1867602313006365
EVS: 0.4736667506682557
