Model: GRU
MSE: 14.614075906521952
MAE: 2.2412529786427817
EVS: 0.46865799426824084
