Model: GRU
MSE: 16.019736921969677
MAE: 2.3498510078147605
EVS: 0.4262042191320178
