Model: GRU
MSE: 14.365550481237571
MAE: 2.6630203194088407
EVS: 0.506889541283429
