Model: GRU
MSE: 16.42540992882332
MAE: 3.2459412857338235
EVS: 0.4393887377161324
