Model: GRU
MSE: 15.971787484443857
MAE: 2.7968455067387334
EVS: 0.4075641021244567
