Model: GRU
MSE: 17.57596576228271
MAE: 2.521483465477272
EVS: 0.38772554899872824
