Model: GRU
MSE: 24.297065719352332
MAE: 3.5142132926870278
EVS: 0.15108504744658113
