Model: GRU
MSE: 18.683719351386486
MAE: 3.275804625617133
EVS: 0.3346248887195099
