Model: GRU
MSE: 13.113073432442754
MAE: 2.691650567231355
EVS: 0.568413193688865
