Model: GRU
MSE: 15.390802382404342
MAE: 2.4666492055963585
EVS: 0.4328676583194532
