Model: GRU
MSE: 19.978896846332585
MAE: 3.983325340129711
EVS: 0.4508734674396515
