Model: GRU
MSE: 18.602948515399827
MAE: 2.5700919451536954
EVS: 0.30755488333997216
