Model: GRU
MSE: 21.03472872938446
MAE: 3.906595742260968
EVS: 0.39976988731394736
