Model: GRU
MSE: 15.96315055593249
MAE: 2.1009213394588895
EVS: 0.4379409969233793
