Model: GRU
MSE: 11.717061706803591
MAE: 2.4916031625535755
EVS: 0.5978843722177469
