Model: GRU
MSE: 20.837243126722143
MAE: 2.9789967360319913
EVS: 0.22866130078931846
