Model: GRU
MSE: 21.644611552634007
MAE: 3.6860265378598815
EVS: 0.2850412181964166
