Model: GRU
MSE: 18.961205937710485
MAE: 2.7524562500141285
EVS: 0.38896992046643497
