Model: GRU
MSE: 18.818449563869816
MAE: 3.1250666777292886
EVS: 0.32559819951541513
