Model: GRU
MSE: 19.792852190326307
MAE: 3.928548389010959
EVS: 0.46111796125511295
