Model: GRU
MSE: 12.873801280637622
MAE: 2.321432184290003
EVS: 0.5703004635309745
