Model: GRU
MSE: 15.140136769479946
MAE: 2.3421214951409235
EVS: 0.4374108564454323
