Model: GRU
MSE: 16.611418738922307
MAE: 2.850419380046703
EVS: 0.41382745673148613
