Model: GRU
MSE: 14.625296683939698
MAE: 2.711913055843777
EVS: 0.45705344658918123
