Model: GRU
MSE: 15.924630012752653
MAE: 3.0145421028137207
EVS: 0.471685222075528
