Model: GRU
MSE: 103.9309122974185
MAE: 8.787449525462257
EVS: 0.004255070294465035
