Model: GRU
MSE: 16.825584180322007
MAE: 2.6957242400557906
EVS: 0.37922218788009066
