Model: GRU
MSE: 16.12860736918952
MAE: 2.7896741054676197
EVS: 0.40923206776722665
