Model: GRU
MSE: 14.618562128728282
MAE: 2.654859772434941
EVS: 0.4644603592881178
