Model: GRU
MSE: 18.043713604672153
MAE: 2.467868204470034
EVS: 0.4030736670319768
