Model: GRU
MSE: 19.304151930913196
MAE: 3.157250033484565
EVS: 0.3075810315593931
