Model: GRU
MSE: 17.687311224751422
MAE: 2.380712394361143
EVS: 0.35433472497292107
