Model: GRU
MSE: 15.540492106003782
MAE: 2.5691424828988536
EVS: 0.42690862264565965
