Model: GRU
MSE: 454.6487313045739
MAE: 20.47238247482865
EVS: -0.3244824760886713
