Model: GRU
MSE: 14.689734713581764
MAE: 2.677597063559073
EVS: 0.5049182941554651
