Model: GRU
MSE: 15.33368702096021
MAE: 2.663751319602684
EVS: 0.4302352038720346
