Model: GRU
MSE: 17.504151436598992
MAE: 2.756484791084572
EVS: 0.3606322486354778
