Model: GRU
MSE: 20.66713555720983
MAE: 3.979393588172065
EVS: 0.3479775843682966
