Model: GRU
MSE: 22.691667662219928
MAE: 4.038176827960545
EVS: 0.34617637384044464
