Model: GRU
MSE: 124.66532992958147
MAE: 9.852996521525913
EVS: -0.028256418913930714
