Model: GRU
MSE: 16.368273798590735
MAE: 3.235872251016122
EVS: 0.43199412674265536
