Model: GRU
MSE: 17.650583261945105
MAE: 3.5769590625056513
EVS: 0.4707762870397355
