Model: GRU
MSE: 18.5292926257073
MAE: 2.6791128759030944
EVS: 0.3423045668735344
