Model: GRU
MSE: 17.515070647050575
MAE: 3.050677952943025
EVS: 0.40250413135904495
