Model: GRU
MSE: 13.924721764134894
MAE: 3.165034400092231
EVS: 0.5779004674253925
