Model: GRU
MSE: 14.2591275462948
MAE: 2.2531043070333974
EVS: 0.4782860002507717
