Model: GRU
MSE: 18.018491872868
MAE: 2.7748064464992948
EVS: 0.385285405347079
