Model: GRU
MSE: 18.495229039409203
MAE: 3.225071836400915
EVS: 0.3794471466834607
