Model: GRU
MSE: 14.26246956612379
MAE: 2.520929707421197
EVS: 0.4742488410582797
