Model: GRU
MSE: 16.969396969080123
MAE: 2.629513696387962
EVS: 0.465914411337781
