Model: GRU
MSE: 23.72976360209793
MAE: 4.350737395109953
EVS: 0.3514282104296884
