Model: GRU
MSE: 21.1213926065782
MAE: 3.953406740117956
EVS: 0.43387298265856367
