Model: GRU
MSE: 15.692012124691665
MAE: 2.2767461935679116
EVS: 0.43890035839294717
