Model: GRU
MSE: 20.050507582472846
MAE: 3.7050508746394404
EVS: 0.3113026665647267
