Model: GRU
MSE: 16.00728275451289
MAE: 2.591862404787982
EVS: 0.5482861654899982
