Model: GRU
MSE: 18.905569485701704
MAE: 3.301421536339654
EVS: 0.2963463357993137
