Model: GRU
MSE: 17.76566189703857
MAE: 3.174107242513586
EVS: 0.35757154504232147
