Model: GRU
MSE: 15.515169096454363
MAE: 2.6678957497632063
EVS: 0.5247480000666138
