Model: GRU
MSE: 19.125629545613272
MAE: 3.5931159939084734
EVS: 0.42411882295824677
