Model: GRU
MSE: 14.323086045698718
MAE: 2.4409038755628796
EVS: 0.5085754755432239
