Model: GRU
MSE: 23.351848784544213
MAE: 4.148871545438413
EVS: 0.40305599470896714
