Model: GRU
MSE: 16.761116770019843
MAE: 3.058902387265806
EVS: 0.4015018542992711
