Model: GRU
MSE: 17.11786882309536
MAE: 2.711769536689476
EVS: 0.3756221955569825
