Model: GRU
MSE: 16.34670499316521
MAE: 2.3613663249545627
EVS: 0.4021699434417878
