Model: GRU
MSE: 18.32747960563163
MAE: 2.8411398785454884
EVS: 0.4410777140255734
