Model: GRU
MSE: 14.85022460378628
MAE: 2.5049123852341264
EVS: 0.44946692256908305
