Model: GRU
MSE: 15.615944808016028
MAE: 2.617315871374948
EVS: 0.474302795492229
