Model: GRU
MSE: 15.423598513766864
MAE: 3.3452268264911793
EVS: 0.47954630169742574
