Model: GRU
MSE: 17.514438918041087
MAE: 2.6108955718852855
EVS: 0.48575022869495976
