Model: GRU
MSE: 16.041776875578822
MAE: 3.1458385078995317
EVS: 0.47522245287473297
