Model: GRU
MSE: 17.902690371638712
MAE: 3.635249455769857
EVS: 0.4654089073396558
