Model: GRU
MSE: 17.773062125133418
MAE: 2.5872307706762245
EVS: 0.33796968169399555
