Model: GRU
MSE: 15.236868330545304
MAE: 2.530833606366758
EVS: 0.4326655690503093
