Model: GRU
MSE: 18.521316017768445
MAE: 2.5440977061236345
EVS: 0.39091044079299375
