Model: GRU
MSE: 16.041498320973147
MAE: 3.143095775886818
EVS: 0.4662655513244345
