Model: GRU
MSE: 17.57393108641797
MAE: 2.9123144149780273
EVS: 0.35106164382753613
