Model: GRU
MSE: 16.491650133342688
MAE: 3.049856433161983
EVS: 0.38989449351536576
