Model: GRU
MSE: 13.266749883274473
MAE: 2.5873917915202953
EVS: 0.5481409961122425
