Model: GRU
MSE: 13.835000175436747
MAE: 2.5098987508703163
EVS: 0.5345787341092808
