Model: GRU
MSE: 19.01782920961566
MAE: 3.831126266055637
EVS: 0.4843635360465287
