Model: GRU
MSE: 20.059612206666298
MAE: 3.8594274520874023
EVS: 0.39284755600955545
