Model: GRU
MSE: 17.355604179884054
MAE: 2.29678624647635
EVS: 0.38151233131649187
