Model: GRU
MSE: 15.933794992404172
MAE: 3.1534107702749745
EVS: 0.45349375408230885
