Model: GRU
MSE: 16.111798559832785
MAE: 2.6883953588980214
EVS: 0.4492035092052945
