Model: GRU
MSE: 16.348399347190295
MAE: 3.2133443973682545
EVS: 0.4461715417264722
