Model: GRU
MSE: 15.452036240414465
MAE: 2.8628252523916737
EVS: 0.4709463962751871
