Model: GRU
MSE: 12.278239369707013
MAE: 2.1730339615433305
EVS: 0.5934700132053634
