Model: GRU
MSE: 22.739837601697783
MAE: 4.255704685493752
EVS: 0.36129723127348734
