Model: GRU
MSE: 11.26912386807653
MAE: 2.0591106944613986
EVS: 0.5982544677924377
