Model: GRU
MSE: 19.242587253940993
MAE: 3.0608485539754233
EVS: 0.36612668840977747
