Model: GRU
MSE: 17.725359876986516
MAE: 3.2717187846148454
EVS: 0.3636718261363596
