Model: GRU
MSE: 13.915679728855391
MAE: 2.334016305428964
EVS: 0.5323619725993641
