Model: GRU
MSE: 13.858909386378249
MAE: 2.3347615842466003
EVS: 0.48337422299274313
