Model: GRU
MSE: 15.39702503905564
MAE: 2.5545475482940674
EVS: 0.4634014515949558
