Model: GRU
MSE: 13.726931211675248
MAE: 2.317854404449463
EVS: 0.49530134642548895
