Model: GRU
MSE: 19.3689659582411
MAE: 3.6788812390080206
EVS: 0.38802000250972846
