Model: GRU
MSE: 16.957244932050724
MAE: 2.495088250548751
EVS: 0.37161563993470403
