Model: GRU
MSE: 14.39905444758622
MAE: 3.1062339500144676
EVS: 0.4849257954054632
