Model: GRU
MSE: 17.698864829296628
MAE: 2.876596203556767
EVS: 0.3551207452667604
