Model: GRU
MSE: 17.706349116734078
MAE: 2.7761291927761502
EVS: 0.3427102407968501
