Model: GRU
MSE: 17.30272589607873
MAE: 2.5712557722021034
EVS: 0.3550044562513278
