Model: GRU
MSE: 16.83931570687986
MAE: 2.593488684406987
EVS: 0.37755685136066686
