Model: GRU
MSE: 15.47618940054899
MAE: 2.8385951783921985
EVS: 0.47974231537945744
