Model: GRU
MSE: 699.3730062609916
MAE: 25.69169125733552
EVS: -0.46538120323595233
