Model: GRU
MSE: 15.776440614780443
MAE: 2.4681354981881602
EVS: 0.44216265713342384
