Model: GRU
MSE: 15.618131835332534
MAE: 2.3036299723166005
EVS: 0.4848905959478471
