Model: GRU
MSE: 15.637370561827252
MAE: 2.7095888632315175
EVS: 0.4445522405098703
