Model: GRU
MSE: 13.558449350242764
MAE: 2.416764259338379
EVS: 0.5007410026528298
