Model: GRU
MSE: 18.373307325140463
MAE: 2.9965692195627422
EVS: 0.39641985730510054
