Model: GRU
MSE: 15.971144404255138
MAE: 3.1997260517544217
EVS: 0.47416685498819333
