Model: GRU
MSE: 14.481446522242962
MAE: 2.3122682394804777
EVS: 0.4850725603579673
