Model: GRU
MSE: 47.86142535267855
MAE: 6.028624887819643
EVS: -0.45806086482002484
