Model: GRU
MSE: 16.30739125385777
MAE: 2.3555904229482016
EVS: 0.4037191578203253
