Model: GRU
MSE: 15.320487232637662
MAE: 2.7415822170398854
EVS: 0.4547781291366688
