Model: GRU
MSE: 14.82419651502169
MAE: 2.9868262079026966
EVS: 0.48252931316444403
