Model: GRU
MSE: 15.623945805742046
MAE: 3.141161000287091
EVS: 0.46373989715095254
