Model: GRU
MSE: 2014.5536492758952
MAE: 44.207450796056676
EVS: -1.0696312538352704
