Model: GRU
MSE: 16.672854269239426
MAE: 2.7608264552222357
EVS: 0.42736784046103893
