Model: GRU
MSE: 15.601385439065746
MAE: 2.984900191978172
EVS: 0.42805504075203404
