Model: GRU
MSE: 16.571421672177394
MAE: 2.6167072190178766
EVS: 0.386122336957488
