Model: GRU
MSE: 14.161804872493105
MAE: 3.124487453036838
EVS: 0.4916678874148608
