Model: GRU
MSE: 17.1939243603776
MAE: 3.3525889184739857
EVS: 0.40509856510882736
