Model: GRU
MSE: 15.062404537598253
MAE: 2.599170614171911
EVS: 0.47111977257031157
