Model: GRU
MSE: 15.335728645016001
MAE: 2.3570419594093606
EVS: 0.4920129192251196
