Model: GRU
MSE: 16.939861437742035
MAE: 2.4586784839630127
EVS: 0.3928036971613328
