Model: GRU
MSE: 15.299886700215303
MAE: 2.9947796397738986
EVS: 0.46489904578810703
