Model: GRU
MSE: 34.15230523601936
MAE: 4.956261369917128
EVS: 0.12419011987940698
