Model: GRU
MSE: 16.769941209625806
MAE: 3.323558295214618
EVS: 0.37531263245237323
