Model: GRU
MSE: 17.77823181832555
MAE: 2.3574171419496888
EVS: 0.4104907440191461
