Model: GRU
MSE: 20.556273076345583
MAE: 3.990251806047228
EVS: 0.32442144523637206
