Model: GRU
MSE: 15.853243350047158
MAE: 2.729213520332619
EVS: 0.4193048294667945
