Model: GRU
MSE: 16.72137494736482
MAE: 2.8620331552293568
EVS: 0.39798642174034415
