Model: GRU
MSE: 16.105758332538247
MAE: 2.9105619766094066
EVS: 0.40826893615473747
