Model: GRU
MSE: 17.54839544411979
MAE: 2.730160669044212
EVS: 0.3509518381615858
