Model: GRU
MSE: 14.839399350122052
MAE: 3.2610687679714627
EVS: 0.4952228094557988
