Model: GRU
MSE: 23.196278593888742
MAE: 4.326381418440077
EVS: 0.45463295066703147
