Model: GRU
MSE: 16.022809967431808
MAE: 2.329689202485261
EVS: 0.40417708083737725
