Model: GRU
MSE: 25.541584313630533
MAE: 4.581881037780216
EVS: 0.20152810153482204
