Model: GRU
MSE: 21.793093396005958
MAE: 3.1839224762386746
EVS: 0.19491690311097631
