Model: GRU
MSE: 14.829567848596614
MAE: 2.4236655235290527
EVS: 0.45085666462745655
