Model: GRU
MSE: 22.697313691600804
MAE: 4.1972320168106645
EVS: 0.44447576215596807
