Model: GRU
MSE: 16.483705404504867
MAE: 2.8095026281144886
EVS: 0.4338192635040071
