Model: GRU
MSE: 16.34945367433415
MAE: 2.333744826140227
EVS: 0.39336156790305765
