Model: GRU
MSE: 17.325917805437342
MAE: 2.6457761923472085
EVS: 0.40299183127286653
