Model: GRU
MSE: 18.270063942827957
MAE: 3.4453405804104276
EVS: 0.376020407634833
