Model: GRU
MSE: 16.06942236528243
MAE: 2.6834431577611855
EVS: 0.41317639917863513
