Model: GRU
MSE: 20.38807729840607
MAE: 4.040696673923069
EVS: 0.37321122808884166
