Model: GRU
MSE: 16.404096433149103
MAE: 2.4562910044634783
EVS: 0.38952286003178904
