Model: GRU
MSE: 18.098984564979826
MAE: 3.778542024117929
EVS: 0.4658960881910653
