Model: GRU
MSE: 15.726526240155694
MAE: 2.5449171596103244
EVS: 0.443460772792041
