Model: GRU
MSE: 16.130148661387466
MAE: 2.9169101361875183
EVS: 0.4115489149229523
