Model: GRU
MSE: 13.0415260262591
MAE: 2.20674721399943
EVS: 0.5141840528953665
