Model: GRU
MSE: 16.212591785077855
MAE: 2.5246223873562283
EVS: 0.3957071575837108
