Model: GRU
MSE: 19.14137558761146
MAE: 3.490444465919777
EVS: 0.3186140594189997
