Model: GRU
MSE: 17.173313810079552
MAE: 3.0231811382152416
EVS: 0.3847612008414506
