Model: GRU
MSE: 14.66675274017481
MAE: 2.9166274423952454
EVS: 0.46811635334983137
