Model: GRU
MSE: 15.136963374910945
MAE: 2.9043079835397227
EVS: 0.4822438309183784
