Model: GRU
MSE: 16.025201138936367
MAE: 2.372620352992305
EVS: 0.49808153434626157
