Model: GRU
MSE: 16.477289772485157
MAE: 2.9731194619779235
EVS: 0.4117084887746718
