Model: GRU
MSE: 16.258105515221203
MAE: 2.669369794704296
EVS: 0.3975296611900234
