Model: GRU
MSE: 13.863883386499024
MAE: 2.852386227360478
EVS: 0.5316249196822421
