Model: GRU
MSE: 15.267913916013127
MAE: 2.1926057073805065
EVS: 0.43326586858859073
