Model: GRU
MSE: 16.986668035721255
MAE: 2.3685037824842663
EVS: 0.44684879771595387
