Model: GRU
MSE: 18.60344946129
MAE: 3.392722456543534
EVS: 0.37979061333564434
