Model: GRU
MSE: 17.395990186831977
MAE: 2.775023372085006
EVS: 0.42594286206841436
