Model: GRU
MSE: 15.626393932812592
MAE: 2.5548718946951405
EVS: 0.4303141834425217
