Model: GRU
MSE: 15.333880868953887
MAE: 2.5978375187626592
EVS: 0.46326226995950726
