Model: GRU
MSE: 16.253715190531576
MAE: 2.2913470003339977
EVS: 0.42837959125711234
