Model: GRU
MSE: 20.727008510878864
MAE: 3.896373536851671
EVS: 0.3957325431772676
