Model: GRU
MSE: 21.25402459512355
MAE: 3.1741817350740784
EVS: 0.2078390892276749
