Model: GRU
MSE: 13.939934305083447
MAE: 2.744303085185863
EVS: 0.48679145240592303
