Model: GRU
MSE: 16.426100988847505
MAE: 2.7603481434009693
EVS: 0.38785519434831484
