Model: GRU
MSE: 17.603526921538577
MAE: 3.638862645184552
EVS: 0.534669280864206
