Model: GRU
MSE: 16.530199128414633
MAE: 2.3153660474000155
EVS: 0.4287147610670212
