Model: GRU
MSE: 16.284743530270934
MAE: 2.830736001332601
EVS: 0.4147948001151518
