Model: GRU
MSE: 19.337273238881792
MAE: 3.4777840773264566
EVS: 0.32372135667201696
