Model: GRU
MSE: 15.53471834994486
MAE: 2.6970570352342396
EVS: 0.4209088484138752
