Model: GRU
MSE: 14.406591127309387
MAE: 3.056999277185511
EVS: 0.527550277933502
