Model: GRU
MSE: 16.46774578951394
MAE: 3.3216966876277216
EVS: 0.4800570855158125
