Model: GRU
MSE: 13.861322958580525
MAE: 3.0623438270003707
EVS: 0.538608656069155
