Model: GRU
MSE: 20.772711928590198
MAE: 3.8487184136002153
EVS: 0.3633373759804255
