Model: GRU
MSE: 15.424541970180481
MAE: 2.3595409569916903
EVS: 0.4692093433460409
