Model: GRU
MSE: 18.056163181506033
MAE: 2.586332886307328
EVS: 0.44370426253466555
