Model: GRU
MSE: 16.24352777139933
MAE: 2.805077385019373
EVS: 0.4035072042984137
