Model: GRU
MSE: 14.88799957900189
MAE: 2.327240334616767
EVS: 0.49766714554840275
