Model: GRU
MSE: 11.478352662346435
MAE: 2.2511637387452303
EVS: 0.611630191465194
