Model: GRU
MSE: 19.02683454363783
MAE: 2.752955842901159
EVS: 0.3523156247141652
