Model: GRU
MSE: 17.611550362697958
MAE: 2.5311474358593977
EVS: 0.35892947800577846
