Model: GRU
MSE: 18.866989601262933
MAE: 2.8595853911505804
EVS: 0.30627685543346284
