Model: GRU
MSE: 14.651200848536282
MAE: 2.4266701451054327
EVS: 0.5216568087246045
