Model: GRU
MSE: 20.917571720404787
MAE: 3.4297056639636003
EVS: 0.2624453583793911
