Model: GRU
MSE: 17.816589231347493
MAE: 2.369878813072487
EVS: 0.38493059760293025
