Model: GRU
MSE: 14.974012524175661
MAE: 2.5024763389869973
EVS: 0.46631016022833194
