Model: GRU
MSE: 18.626022464437167
MAE: 2.9938734107547336
EVS: 0.31031747164869494
