Model: GRU
MSE: 17218.99033951435
MAE: 131.07564431649666
EVS: -0.4227282143628637
