Model: GRU
MSE: 15.784187448266872
MAE: 3.064223801648175
EVS: 0.4613639086549417
