Model: GRU
MSE: 15.204406586436141
MAE: 2.5228232277764215
EVS: 0.4339579339845451
