Model: GRU
MSE: 21.46097563563706
MAE: 4.0652504497104225
EVS: 0.39740851335519223
