Model: GRU
MSE: 19.003479133748154
MAE: 3.018940528233846
EVS: 0.3077685486780086
