Model: GRU
MSE: 15.480790032421728
MAE: 2.7454158818280257
EVS: 0.4353520232648289
