Model: GRU
MSE: 18.213985857274793
MAE: 2.940481698071515
EVS: 0.3287697569889564
