Model: GRU
MSE: 18.468068096451514
MAE: 3.0462966318483704
EVS: 0.3547760232993167
