Model: GRU
MSE: 23.68748530546573
MAE: 3.3583627299026206
EVS: 0.12213421700688698
