Model: GRU
MSE: 14.997852577197815
MAE: 2.4881666148150408
EVS: 0.48474475550576146
