Model: GRU
MSE: 13.873543940878445
MAE: 2.351372241973877
EVS: 0.48405835044111944
