Model: GRU
MSE: 16.093176188962282
MAE: 2.9664019831904658
EVS: 0.44923606976127917
