Model: GRU
MSE: 13.893366323418967
MAE: 3.1157989148740417
EVS: 0.5531804453103879
