Model: GRU
MSE: 19.731010746448298
MAE: 3.089167203222002
EVS: 0.35762239418672837
