Model: GRU
MSE: 13.867534593082189
MAE: 2.809537481378626
EVS: 0.4975562543979152
