Model: GRU
MSE: 14.840727985834022
MAE: 3.0013984397605613
EVS: 0.514844917232356
