Model: GRU
MSE: 17.940937022433054
MAE: 2.4669991864098444
EVS: 0.3792070022995433
