Model: GRU
MSE: 16.564800930822518
MAE: 2.368890153037177
EVS: 0.424217205245326
