Model: GRU
MSE: 14.307437028222727
MAE: 2.4039872310779713
EVS: 0.46666601396352314
