Model: GRU
MSE: 18.12224802350456
MAE: 3.2284625901116266
EVS: 0.35882546732535003
