Model: GRU
MSE: 18.06737400849003
MAE: 3.742158148023817
EVS: 0.5016352639546051
