Model: GRU
MSE: 17.30927872316367
MAE: 2.358288120340418
EVS: 0.37553452574944923
