Model: GRU
MSE: 14.361602105631468
MAE: 2.5413412341365107
EVS: 0.4660394723152018
