Model: GRU
MSE: 15.343228364940947
MAE: 2.5214829091672546
EVS: 0.4353253782430825
