Model: GRU
MSE: 16.463691880704
MAE: 2.705701404147678
EVS: 0.3863112516929853
