Model: GRU
MSE: 13.889924650899282
MAE: 2.3649900136170565
EVS: 0.5478597223701789
