Model: GRU
MSE: 12.863943967920372
MAE: 2.317951520284017
EVS: 0.5209137878954728
