Model: GRU
MSE: 778.3481125868434
MAE: 27.245587525544344
EVS: -0.34296416437869337
