Model: GRU
MSE: 14.662996804140242
MAE: 2.3253704883434154
EVS: 0.49498039311820974
