Model: GRU
MSE: 10469.017401876072
MAE: 102.18603487367983
EVS: -0.007675074211333621
