Model: GRU
MSE: 16.846658578449293
MAE: 3.287255958274559
EVS: 0.4615375685140818
