Model: GRU
MSE: 22.51341039111477
MAE: 3.286952027568111
EVS: 0.33978666470341534
