Model: GRU
MSE: 14.006618926978929
MAE: 2.3096729031315557
EVS: 0.4779369030243954
