Model: GRU
MSE: 13.939457662023528
MAE: 2.3745670318603516
EVS: 0.5135081340367758
