Model: GRU
MSE: 420.1253253312142
MAE: 19.773625444482875
EVS: -0.08586041521898569
