Model: GRU
MSE: 22.797846643368704
MAE: 3.1910384672659413
EVS: 0.24073196192237156
