Model: GRU
MSE: 16.239528110332316
MAE: 2.8100033777731435
EVS: 0.3984135621992746
