Model: GRU
MSE: 16.597092847594453
MAE: 2.5144374105665417
EVS: 0.3817391828196678
