Model: GRU
MSE: 19.03253464168833
MAE: 3.0963220066494412
EVS: 0.3306189646058838
