Model: GRU
MSE: 17.624323859853945
MAE: 2.9790417000099465
EVS: 0.37057663308855626
