Model: GRU
MSE: 212.48072130537324
MAE: 13.563806692759195
EVS: -0.06255475172233727
