Model: GRU
MSE: 1520.3944791558806
MAE: 38.51831019366229
EVS: -0.3693636120333681
