Model: GRU
MSE: 15.282792028199378
MAE: 3.005620567886918
EVS: 0.43554404622398235
