Model: GRU
MSE: 17.828647298413763
MAE: 2.81840001212226
EVS: 0.33643528578965876
