Model: GRU
MSE: 14.752080329282906
MAE: 2.3963401405899614
EVS: 0.45013455184847184
