Model: GRU
MSE: 18.152994840344395
MAE: 2.458850692819666
EVS: 0.33327704348905896
