Model: GRU
MSE: 15.815899635267593
MAE: 2.706409542648881
EVS: 0.4108584206672323
