Model: GRU
MSE: 15.44735836267428
MAE: 2.575776135479962
EVS: 0.4748943258672217
