Model: GRU
MSE: 17.071427941220673
MAE: 2.9131793635232106
EVS: 0.4475737459409761
