Model: GRU
MSE: 28.896604552261223
MAE: 4.674130015903049
EVS: 0.3425546937275795
