Model: GRU
MSE: 16.383529848735943
MAE: 2.530147879211991
EVS: 0.48428246084774174
