Model: GRU
MSE: 17.45241963826025
MAE: 2.682573503918118
EVS: 0.34946417619013226
