Model: GRU
MSE: 17.335230765893673
MAE: 2.6498660069924815
EVS: 0.43752195109029046
