Model: GRU
MSE: 16.145094371696338
MAE: 2.327327251434326
EVS: 0.4255804075005942
