Model: GRU
MSE: 713.64591579613
MAE: 26.118760991979528
EVS: -0.17261193440092115
