Model: GRU
MSE: 15.047644881464164
MAE: 2.6121773719787598
EVS: 0.4559702797948003
