Model: GRU
MSE: 16.150287090584964
MAE: 2.6751579620220043
EVS: 0.4546463858869193
