Model: GRU
MSE: 18.742158320457435
MAE: 3.53196778120818
EVS: 0.42465205970627484
