Model: GRU
MSE: 11.319354605674604
MAE: 2.053178804892081
EVS: 0.5902905769753142
