Model: GRU
MSE: 16.929969163433725
MAE: 2.981602739404749
EVS: 0.38668711597537586
