Model: GRU
MSE: 30.148339047455792
MAE: 4.952401037569399
EVS: 0.3452462497662896
