Model: GRU
MSE: 17.120354558460146
MAE: 3.110404473763925
EVS: 0.4262204170890841
