Model: GRU
MSE: 14.759854152786476
MAE: 2.5374983328360097
EVS: 0.45857513587227994
