Model: GRU
MSE: 13.086422154503671
MAE: 2.9120600665057146
EVS: 0.5536855109053616
