Model: GRU
MSE: 19.70104008283179
MAE: 3.533208299566198
EVS: 0.3813062771173523
