Model: GRU
MSE: 16.572232022826952
MAE: 2.3619738154941134
EVS: 0.3921316242853998
