Model: GRU
MSE: 16.74764567404593
MAE: 2.4294860981128834
EVS: 0.4469316161007908
