Model: GRU
MSE: 16.128360681401457
MAE: 2.5435789779380515
EVS: 0.4025004562410932
