Model: GRU
MSE: 18.83469426114811
MAE: 3.8620147351865417
EVS: 0.44217672502113636
