Model: GRU
MSE: 18.25072456315687
MAE: 2.553281722245393
EVS: 0.4003094215242625
