Model: GRU
MSE: 14.04569057177338
MAE: 2.9006878711559154
EVS: 0.5063295785442814
