Model: GRU
MSE: 13.374561381529812
MAE: 2.3675625059339733
EVS: 0.5023983565487933
