Model: GRU
MSE: 14.519798812010004
MAE: 2.4612476295895047
EVS: 0.531652043145948
