Model: GRU
MSE: 17.84580256253457
MAE: 2.6481725904676647
EVS: 0.3813301053001017
