Model: GRU
MSE: 20.070463424498644
MAE: 3.284931191691646
EVS: 0.3127974149082874
