Model: GRU
MSE: 21.482897342133995
MAE: 4.061226862448233
EVS: 0.45168399054472363
