Model: GRU
MSE: 14.758449084835952
MAE: 2.615671493388988
EVS: 0.46263564058093154
