Model: GRU
MSE: 19.12917679656295
MAE: 3.8278288311428494
EVS: 0.3853542094168635
