Model: GRU
MSE: 17.68595567160576
MAE: 2.56037856914379
EVS: 0.3992412001861413
