Model: GRU
MSE: 13.426152017165665
MAE: 2.657577982655278
EVS: 0.5141024760869469
