Model: GRU
MSE: 19.495705613594787
MAE: 2.6052702886086925
EVS: 0.2914766081568767
