Model: GRU
MSE: 14.624428626658975
MAE: 2.527914868460761
EVS: 0.4580860956160364
