Model: GRU
MSE: 16.683180934938637
MAE: 2.5436933923650673
EVS: 0.3788737909517479
