Model: GRU
MSE: 13.113775371427302
MAE: 2.8769693727846497
EVS: 0.5458541605475405
