Model: GRU
MSE: 16.472494122442203
MAE: 3.101013042308666
EVS: 0.43521018054547944
