Model: GRU
MSE: 14.321950332426763
MAE: 2.421577559577094
EVS: 0.4662587476848319
