Model: GRU
MSE: 17.123850357568386
MAE: 3.1013204168390343
EVS: 0.4161160230102451
