Model: GRU
MSE: 14.614455242872257
MAE: 2.878806061214871
EVS: 0.49907349226378206
