Model: GRU
MSE: 18.273677221812765
MAE: 3.440197609089039
EVS: 0.4221134192721059
