Model: GRU
MSE: 18.176106260623968
MAE: 3.6017091892383717
EVS: 0.4470741073143295
