Model: GRU
MSE: 15.490202399216455
MAE: 2.9758093092176647
EVS: 0.4509901175778257
