Model: GRU
MSE: 12.813595573394768
MAE: 2.3867913352118597
EVS: 0.5475003888325221
