Model: GRU
MSE: 14.008861426959458
MAE: 2.803495619032118
EVS: 0.5004354809777131
