Model: GRU
MSE: 22.846129399275622
MAE: 3.9422148245352284
EVS: 0.4080273446331597
