Model: GRU
MSE: 16.650052347416082
MAE: 2.7914330341197826
EVS: 0.3971262603935183
