Model: GRU
MSE: 14.307024771193753
MAE: 2.4222613087406866
EVS: 0.46679742969536464
