Model: GRU
MSE: 15.39921179169004
MAE: 2.5354034459149397
EVS: 0.48102475603026484
