Model: GRU
MSE: 16.35558482472794
MAE: 2.3901493549346924
EVS: 0.39122262839734356
