Model: GRU
MSE: 16.118928869762176
MAE: 2.4627953193805836
EVS: 0.4016974303276437
