Model: GRU
MSE: 16.081535838379864
MAE: 2.3771754194189003
EVS: 0.4503469575864274
