Model: GRU
MSE: 14.743203173716843
MAE: 3.0527622258221663
EVS: 0.460981824512254
