Model: GRU
MSE: 18.699343563955804
MAE: 3.0554568855850786
EVS: 0.3051304136297418
