Model: GRU
MSE: 13.606832264624583
MAE: 2.6658508865921586
EVS: 0.5027450376539853
