Model: GRU
MSE: 15.749367051478952
MAE: 2.425177079659921
EVS: 0.4186420740078728
