Model: GRU
MSE: 19.93712235534335
MAE: 2.845836639404297
EVS: 0.272016713272932
