Model: GRU
MSE: 14.801993003171127
MAE: 2.9061806996663413
EVS: 0.4933712326437423
