Model: GRU
MSE: 17.78754468714962
MAE: 2.573759326228389
EVS: 0.37521726537123223
