Model: GRU
MSE: 14.96157081945778
MAE: 3.2059029826411494
EVS: 0.5270620685559007
