Model: GRU
MSE: 15.834601230313309
MAE: 3.250402185651991
EVS: 0.48240159862340104
