Model: GRU
MSE: 16.98149040097246
MAE: 3.198037765644215
EVS: 0.3896472397505303
