Model: GRU
MSE: 15.16534538517257
MAE: 2.7516270213656955
EVS: 0.44717191534365863
