Model: GRU
MSE: 20.336436320705094
MAE: 3.7331666946411133
EVS: 0.44447147835336553
