Model: GRU
MSE: 15.293841497553785
MAE: 2.446604269522208
EVS: 0.5115665059738028
