Model: GRU
MSE: 15.341739336179158
MAE: 3.2407580658241555
EVS: 0.49426973014070563
