Model: GRU
MSE: 17.206002405394823
MAE: 3.5007592837015786
EVS: 0.4882675715773035
