Model: GRU
MSE: 22.277759022339662
MAE: 3.6424894503184726
EVS: 0.2738826319495118
