Model: GRU
MSE: 14.472801480993551
MAE: 2.265317855057893
EVS: 0.47606598443359227
