Model: GRU
MSE: 17.452435428609594
MAE: 3.480177543781422
EVS: 0.45371324587337336
