Model: GRU
MSE: 18.505221698234074
MAE: 3.4899369875590005
EVS: 0.39656803330384827
