Model: GRU
MSE: 20.364131412785543
MAE: 3.1291395823160806
EVS: 0.24215114906753565
