Model: GRU
MSE: 20.948454743837416
MAE: 3.214504047676369
EVS: 0.2396804372712189
