Model: GRU
MSE: 15.677068577246212
MAE: 3.042031076219347
EVS: 0.41899996797519334
