Model: GRU
MSE: 16.991085039213438
MAE: 2.9181422745739973
EVS: 0.3739564798085908
