Model: GRU
MSE: 17.772692445448197
MAE: 3.5194835751144975
EVS: 0.45542572125490877
