Model: GRU
MSE: 17.91918120977262
MAE: 2.678369080578839
EVS: 0.38730382299969557
