Model: GRU
MSE: 14.262300205274894
MAE: 2.3895116028962313
EVS: 0.5110901196377089
