Model: GRU
MSE: 17.18213621348253
MAE: 2.541882691559968
EVS: 0.36200868694259747
