Model: GRU
MSE: 14.117318791604466
MAE: 2.484161270989312
EVS: 0.4757954502991757
