Model: GRU
MSE: 13.110886076683798
MAE: 2.602529384471752
EVS: 0.5185664177107375
