Model: GRU
MSE: 18.988312115924916
MAE: 2.7099506855010986
EVS: 0.3474616149186175
