Model: GRU
MSE: 6335.930677898944
MAE: 78.98625225490994
EVS: -2.619749395680721
