Model: GRU
MSE: 16.218350759922295
MAE: 2.369526712982743
EVS: 0.4123206379868878
