Model: GRU
MSE: 18.025982947574533
MAE: 3.626130845811632
EVS: 0.44009848647446115
