Model: GRU
MSE: 16.137127631804166
MAE: 2.637818177541097
EVS: 0.3994297567522944
