Model: GRU
MSE: 15.639695430723847
MAE: 3.0294031037224665
EVS: 0.46296065285456045
