Model: GRU
MSE: 14.642450379454885
MAE: 2.0531621685734502
EVS: 0.4646625243701158
