Model: GRU
MSE: 14.931753157737806
MAE: 2.909759768733272
EVS: 0.4558100974504883
