Model: GRU
MSE: 18.181293979434166
MAE: 3.0372836854722767
EVS: 0.3506413460650766
