Model: GRU
MSE: 18.45495407512529
MAE: 3.7427635899296514
EVS: 0.5410097064795591
