Model: GRU
MSE: 20.05730053417814
MAE: 3.4943665575098106
EVS: 0.3110838668836863
