Model: GRU
MSE: 15.061564282997567
MAE: 2.932694435119629
EVS: 0.4658000122495144
