Model: GRU
MSE: 14.657778332563517
MAE: 3.152024851904975
EVS: 0.5006192735896396
