Model: GRU
MSE: 17.984352835018825
MAE: 2.5945464769999185
EVS: 0.3562485501013082
