Model: GRU
MSE: 18.08601975362406
MAE: 3.5227987595966885
EVS: 0.4738725219995312
