Model: GRU
MSE: 18.020191039185242
MAE: 2.5032211233068398
EVS: 0.33102465891836197
