Model: GRU
MSE: 17.34293426961487
MAE: 3.8196649021572537
EVS: 0.49829062085578923
