Model: GRU
MSE: 17.026371698296696
MAE: 3.2854520833050764
EVS: 0.4297757147417657
