Model: GRU
MSE: 19.27373233462396
MAE: 3.514977878994412
EVS: 0.39281714247896193
