Model: GRU
MSE: 13.24383147495472
MAE: 2.2222221162584095
EVS: 0.5564207438560367
