Model: GRU
MSE: 15.564696371370879
MAE: 2.3524667775189436
EVS: 0.42135747949969327
