Model: GRU
MSE: 14.352216199602548
MAE: 2.769731874819155
EVS: 0.4714058886012147
