Model: GRU
MSE: 16.482392607157845
MAE: 2.7144683025501393
EVS: 0.4119429504983505
