Model: GRU
MSE: 14.316893270924984
MAE: 2.77072035824811
EVS: 0.46957283059101484
