Model: GRU
MSE: 18.069227753349736
MAE: 3.502414615065963
EVS: 0.44878212007851637
