Model: GRU
MSE: 15.724987026976722
MAE: 3.1820032508284957
EVS: 0.4623371806169386
