Model: GRU
MSE: 14.65562257350779
MAE: 2.8514830624615706
EVS: 0.4544884169215121
