Model: GRU
MSE: 26.678883225658225
MAE: 4.5638997466475875
EVS: 0.24494159794931047
