Model: GRU
MSE: 15.069233851639318
MAE: 2.212683607030798
EVS: 0.46219770055094545
