Model: GRU
MSE: 17.790799355838615
MAE: 2.969071706136068
EVS: 0.3458395779910681
