Model: GRU
MSE: 13.021224874354514
MAE: 2.188765040150395
EVS: 0.5593527397077931
