Model: GRU
MSE: 12.260651055616437
MAE: 2.321409243124503
EVS: 0.5431468012504684
