Model: GRU
MSE: 16.053904222708642
MAE: 2.3776357173919678
EVS: 0.4404323693700707
