Model: GRU
MSE: 15.180097161069211
MAE: 2.481268767957334
EVS: 0.45666749874836776
