Model: GRU
MSE: 14.2769054379752
MAE: 2.8387419206124767
EVS: 0.4947993960153232
