Model: GRU
MSE: 14.776188480827967
MAE: 3.050709282910382
EVS: 0.5416447276897256
