Model: GRU
MSE: 47.936679552277916
MAE: 5.816716679820308
EVS: -0.009977343347451706
