Model: GRU
MSE: 14.974505017615297
MAE: 3.061410833288122
EVS: 0.5375221828326879
