Model: GRU
MSE: 19.69249936733072
MAE: 2.8718932734595404
EVS: 0.3184734595579988
