Model: GRU
MSE: 31.094026297743607
MAE: 4.798513218208596
EVS: 0.28964263623264674
