Model: GRU
MSE: 21.551344026431156
MAE: 3.1107186917905456
EVS: 0.20624902301812753
