Model: GRU
MSE: 19.58302694591294
MAE: 3.0816265918590404
EVS: 0.32383124353077364
