Model: GRU
MSE: 18.9826214559673
MAE: 3.603847591965287
EVS: 0.38493766077390057
