Model: GRU
MSE: 14.887567184284778
MAE: 3.365691149676288
EVS: 0.5009403427907504
