Model: GRU
MSE: 16.17796989616791
MAE: 2.6281695895724826
EVS: 0.4077911050448636
