Model: GRU
MSE: 15.632697411058693
MAE: 2.891804394898591
EVS: 0.42639776067880986
