Model: GRU
MSE: 14.656935106194517
MAE: 2.417896615134345
EVS: 0.4558114324745701
