Model: GRU
MSE: 15.434888148159754
MAE: 3.1882100458498353
EVS: 0.5286916960527404
