Model: GRU
MSE: 18.724435760779055
MAE: 2.611169974009196
EVS: 0.34929328634032253
