Model: GRU
MSE: 16.203338876716458
MAE: 2.8538820302044905
EVS: 0.4366997124267471
