Model: GRU
MSE: 22.372400138399225
MAE: 3.8922241755894254
EVS: 0.34702727719234283
