Model: GRU
MSE: 16.3919469832469
MAE: 2.8512763447231717
EVS: 0.4053555124721535
