Model: GRU
MSE: 16.055877130454512
MAE: 2.3084112626534923
EVS: 0.4079186772508261
