Model: GRU
MSE: 16.660261969627648
MAE: 2.5235740785245544
EVS: 0.40840998826643016
