Model: GRU
MSE: 15.911345428200944
MAE: 2.4255353609720864
EVS: 0.4216509647306471
