Model: GRU
MSE: 16.278855280416728
MAE: 2.2675956620110407
EVS: 0.4262073434045628
