Model: GRU
MSE: 16.043140119135515
MAE: 2.7730282236028603
EVS: 0.40259647869931026
