Model: GRU
MSE: 21.73778244870984
MAE: 3.8273206286960177
EVS: 0.34823733600927587
