Model: GRU
MSE: 14.766614837170707
MAE: 2.8925224939982095
EVS: 0.47973844781255637
