Model: GRU
MSE: 669.2190620664254
MAE: 25.19167384394893
EVS: -0.18839059572920225
