Model: GRU
MSE: 16.478157949395076
MAE: 2.4133659027240895
EVS: 0.3862257818298297
