Model: GRU
MSE: 14.63194103651311
MAE: 2.4808687280725548
EVS: 0.4578096649271697
