Model: GRU
MSE: 19.42980204798234
MAE: 3.0509961247444153
EVS: 0.35083461972542507
