Model: GRU
MSE: 16.596892836650728
MAE: 3.4110577371385364
EVS: 0.48322575193572526
