Model: GRU
MSE: 15.979874689481424
MAE: 2.7147687629417137
EVS: 0.4063414170630787
