Model: GRU
MSE: 16.44303404535187
MAE: 3.13691450048376
EVS: 0.42641298183752174
