Model: GRU
MSE: 34.19012661117692
MAE: 5.113639269556318
EVS: 0.22115372347399742
