Model: GRU
MSE: 14.99527336549683
MAE: 2.727572900277597
EVS: 0.4434580597432648
