Model: GRU
MSE: 13.539298760923042
MAE: 2.649256282382541
EVS: 0.5350864228613226
