Model: GRU
MSE: 15.892199310699702
MAE: 2.691869135256167
EVS: 0.4223321116752675
