Model: GRU
MSE: 16.28015600328393
MAE: 2.922697967953152
EVS: 0.4169136877469084
