Model: GRU
MSE: 16.324945321883224
MAE: 2.3589819448965565
EVS: 0.4033741363854998
