Model: GRU
MSE: 14.604912175662333
MAE: 2.2405308617485895
EVS: 0.4924295195592361
