Model: GRU
MSE: 17.04749219824328
MAE: 2.406082762612237
EVS: 0.4036223304349036
