Model: GRU
MSE: 14.820197804272011
MAE: 2.1367047362857394
EVS: 0.4538545931369258
