Model: GRU
MSE: 17.27078506964628
MAE: 2.7320329259943077
EVS: 0.3583523607568667
