Model: GRU
MSE: 18.838260028893938
MAE: 3.8442757394578724
EVS: 0.5213400621683681
