Model: GRU
MSE: 14.884554437752008
MAE: 3.112006664276123
EVS: 0.46295584762924047
