Model: GRU
MSE: 14.955077510575894
MAE: 2.5552571791189687
EVS: 0.5349273566474289
