Model: GRU
MSE: 15.685795491265795
MAE: 2.1363912423451743
EVS: 0.4500772594990139
