Model: GRU
MSE: 17.74535976159082
MAE: 2.5935471852620444
EVS: 0.3649462389224001
