Model: GRU
MSE: 17.67490623278315
MAE: 2.8949887134410717
EVS: 0.3479788004511779
