Model: GRU
MSE: 14.400019396615782
MAE: 3.1646641713601573
EVS: 0.5342762237275256
