Model: GRU
MSE: 13.139275734921815
MAE: 2.8451457376833313
EVS: 0.5114136315904962
