Model: GRU
MSE: 15.712451840077923
MAE: 2.4096602157310203
EVS: 0.4148918533619791
