Model: GRU
MSE: 15.938900217426621
MAE: 2.8147235534809254
EVS: 0.41411502686174995
