Model: GRU
MSE: 374.06124629570684
MAE: 18.6342549500642
EVS: 0.0
