Model: GRU
MSE: 16.782855475127267
MAE: 2.564134774384675
EVS: 0.42361395772503296
