Model: GRU
MSE: 12.647106776581689
MAE: 2.2747658093770347
EVS: 0.5656133374938745
