Model: GRU
MSE: 120.2616389058473
MAE: 9.51913955035033
EVS: -0.018333763731610553
