Model: GRU
MSE: 18.717425699888036
MAE: 2.574319044748942
EVS: 0.352110103853599
