Model: GRU
MSE: 15.826569875744022
MAE: 2.55314012810036
EVS: 0.481557787098675
