Model: GRU
MSE: 14.489448889631413
MAE: 2.431602054172092
EVS: 0.4740942926395748
