Model: GRU
MSE: 16.201916980851617
MAE: 2.849739569204825
EVS: 0.413123795995334
