Model: GRU
MSE: 15.65578157527011
MAE: 2.6501886314815946
EVS: 0.424724253952
