Model: GRU
MSE: 19.179689619527508
MAE: 3.823192755381266
EVS: 0.487846265456661
