Model: GRU
MSE: 15.114119245466926
MAE: 2.356522524798358
EVS: 0.453971621935897
