Model: GRU
MSE: 16.037946392520897
MAE: 2.1944807723716453
EVS: 0.41091692000177127
