Model: GRU
MSE: 16.91694723142007
MAE: 2.8176860632719816
EVS: 0.3776247265972116
