Model: GRU
MSE: 13.864027850838967
MAE: 2.293519541069313
EVS: 0.49676701928706934
