Model: GRU
MSE: 10.937207574195613
MAE: 2.0556293946725352
EVS: 0.6158279051439137
