Model: GRU
MSE: 14.311241075197131
MAE: 2.992215739356147
EVS: 0.5103624302562926
