Model: GRU
MSE: 15.535905845244963
MAE: 2.401649828310366
EVS: 0.4261606985369354
