Model: GRU
MSE: 1385.1756598330742
MAE: 36.75453129521123
EVS: -0.17744934770348886
