Model: GRU
MSE: 15.903083437802756
MAE: 2.392012083971942
EVS: 0.4548295303149843
