Model: GRU
MSE: 40937.42240694496
MAE: 202.26368091724538
EVS: 0.0
