Model: GRU
MSE: 16.3189300620274
MAE: 2.4759668420862266
EVS: 0.47477693110461094
