Model: GRU
MSE: 15.22658465040364
MAE: 2.998998765592222
EVS: 0.4626867070324102
