Model: GRU
MSE: 17.502429961657032
MAE: 2.4732828934987388
EVS: 0.4217255441552614
