Model: GRU
MSE: 18.799724954780142
MAE: 3.620720695566248
EVS: 0.38148151987710444
