Model: GRU
MSE: 18.97556720160325
MAE: 2.702612453036838
EVS: 0.33342362974091344
