Model: GRU
MSE: 42.5140112444674
MAE: 4.812100428122061
EVS: -0.07300331903445878
