Model: GRU
MSE: 112.59939831040656
MAE: 9.183246621379146
EVS: -0.05373899954864325
