Model: GRU
MSE: 15.453674817659206
MAE: 2.715358610506411
EVS: 0.4446752221383772
