Model: GRU
MSE: 16.636604576964366
MAE: 3.0854437439529985
EVS: 0.4288646345095797
