Model: GRU
MSE: 18.381486345605886
MAE: 3.1576384085196034
EVS: 0.35248782360847386
