Model: GRU
MSE: 16.32941209864385
MAE: 2.7993078055205167
EVS: 0.4055304181409942
