Model: GRU
MSE: 18.962116408452545
MAE: 3.8109189669291177
EVS: 0.3968284314220153
