Model: GRU
MSE: 14.17134551171579
MAE: 2.4563333370067455
EVS: 0.5176440105401151
