Model: GRU
MSE: 16.051416294658694
MAE: 3.2520862420399985
EVS: 0.4016525422409053
