Model: GRU
MSE: 15.631135887963831
MAE: 2.545461513378002
EVS: 0.4175533884378251
