Model: GRU
MSE: 17.235350428889475
MAE: 3.45552757051256
EVS: 0.4778555375013567
