Model: GRU
MSE: 14.46830763512524
MAE: 2.9902799747608326
EVS: 0.5104419389870601
