Model: GRU
MSE: 15.5860765088485
MAE: 2.5172438003398754
EVS: 0.43039554147840253
