Model: GRU
MSE: 17.234179572083015
MAE: 2.4835045955799244
EVS: 0.3584857158987108
