Model: GRU
MSE: 17.178591275376952
MAE: 2.9850836683202675
EVS: 0.3613100329294877
