Model: GRU
MSE: 17.112914154402286
MAE: 2.779344179012157
EVS: 0.36212733554969334
