Model: GRU
MSE: 15.899819224428054
MAE: 2.462389080612748
EVS: 0.4073768393088667
