Model: GRU
MSE: 15.529085268522564
MAE: 2.9412072322986744
EVS: 0.44119140695932646
