Model: GRU
MSE: 16.707678904970003
MAE: 2.70279680358039
EVS: 0.4402407858615969
