Model: GRU
MSE: 19.396209189232085
MAE: 3.72607801578663
EVS: 0.3474122952126931
