Model: GRU
MSE: 844.0354506516633
MAE: 28.480348445751048
EVS: -0.2266257430423484
