Model: GRU
MSE: 229.6998411472393
MAE: 13.992224622655797
EVS: -0.1649948702367139
