Model: GRU
MSE: 19.211882184211877
MAE: 2.855477367128645
EVS: 0.34317357834575557
