Model: GRU
MSE: 19.81170266249019
MAE: 2.826298395792643
EVS: 0.41493963127520284
