Model: GRU
MSE: 19.168694264626748
MAE: 3.6349855882150157
EVS: 0.3846648481725451
