Model: GRU
MSE: 15.156432978810939
MAE: 2.3081715725086354
EVS: 0.4432863668314787
