Model: GRU
MSE: 15.236368604471787
MAE: 2.4940865304734974
EVS: 0.4347457678929869
