Model: GRU
MSE: 18.38231872260135
MAE: 2.9952968226538763
EVS: 0.37058502231795054
