Model: GRU
MSE: 19.910601370286596
MAE: 3.7914646996392145
EVS: 0.41562841555394103
