Model: GRU
MSE: 17.04753499002266
MAE: 3.523492177327474
EVS: 0.44998322182955264
