Model: GRU
MSE: 15.981631923662071
MAE: 2.505931289107711
EVS: 0.48329162987942964
