Model: GRU
MSE: 18.642111557821902
MAE: 2.5530938748960144
EVS: 0.30974303555804483
