Model: GRU
MSE: 17.359739387122495
MAE: 2.81313102333634
EVS: 0.45641668498761534
