Model: GRU
MSE: 18.622123896637078
MAE: 2.5474617216322155
EVS: 0.310202403904134
