Model: GRU
MSE: 18.241581292747576
MAE: 2.828201320436266
EVS: 0.32102578742458
