Model: GRU
MSE: 19.788415467360444
MAE: 3.5711230790173567
EVS: 0.28367772157143734
