Model: GRU
MSE: 15.974356726570207
MAE: 3.0685661457203053
EVS: 0.426272489935266
