Model: GRU
MSE: 14.709112846524203
MAE: 2.510255954883717
EVS: 0.5499981081494176
