Model: GRU
MSE: 15.504157978013298
MAE: 2.416718429989285
EVS: 0.4239289550703885
