Model: GRU
MSE: 12.152961073289546
MAE: 3.0605206842775696
EVS: 0.6012604741486312
