Model: GRU
MSE: 16.593234520834525
MAE: 2.914168711061831
EVS: 0.3893326892396576
