Model: GRU
MSE: 16.799357347170428
MAE: 2.490117894278632
EVS: 0.3929149391043605
