Model: GRU
MSE: 19.51649790565045
MAE: 3.2136476128189653
EVS: 0.3186074036523313
