Model: GRU
MSE: 16.270992812817624
MAE: 2.961738974959762
EVS: 0.42296197419762815
