Model: GRU
MSE: 15.382859272379115
MAE: 2.8945126180295593
EVS: 0.4828470166649229
