Model: GRU
MSE: 20.81629908958662
MAE: 4.046924008263482
EVS: 0.513104291219854
