Model: GRU
MSE: 18.948968947713837
MAE: 2.9232555318761757
EVS: 0.3054752161877182
