Model: GRU
MSE: 17.37664851310799
MAE: 3.6042486826578775
EVS: 0.47495275504559986
