Model: GRU
MSE: 19.917032143021743
MAE: 2.865261333960074
EVS: 0.2941351973808096
