Model: GRU
MSE: 16.985149011875393
MAE: 2.871379843464604
EVS: 0.3810842630277559
