Model: GRU
MSE: 22.53009031750112
MAE: 3.4271261162228055
EVS: 0.16383244325088608
