Model: GRU
MSE: 14.656965420131714
MAE: 2.7719612651401095
EVS: 0.4743940830928185
