Model: GRU
MSE: 17.71176812511221
MAE: 2.751499070061578
EVS: 0.410953501279429
