Model: GRU
MSE: 16.12122977267328
MAE: 3.048289449126632
EVS: 0.4610498114596475
