Model: GRU
MSE: 37582.02359201456
MAE: 193.79163501880788
EVS: 0.0
