Model: GRU
MSE: 16.039749387976237
MAE: 2.9105327747486256
EVS: 0.41036648301986156
