Model: GRU
MSE: 14.747612912401834
MAE: 2.954211941471806
EVS: 0.4992106625503898
