Model: GRU
MSE: 18.778459888771717
MAE: 2.865895288961905
EVS: 0.3600379761644411
