Model: GRU
MSE: 17.751481972083504
MAE: 3.7161600324842663
EVS: 0.4827783269573863
