Model: GRU
MSE: 14.28331819487979
MAE: 2.3786130569599293
EVS: 0.5228278410328889
