Model: GRU
MSE: 17.809720369078132
MAE: 2.7686019826818398
EVS: 0.3536557229081907
