Model: GRU
MSE: 14.796171635226074
MAE: 3.0803982063576028
EVS: 0.49270342605253936
