Model: GRU
MSE: 14.41026681857727
MAE: 2.2924676294679993
EVS: 0.5304759404514092
