Model: GRU
MSE: 18.249038822227813
MAE: 3.5206840479815447
EVS: 0.408185020621455
