Model: GRU
MSE: 14.337654067839484
MAE: 2.5307761828104653
EVS: 0.4704729531703865
