Model: GRU
MSE: 210.56752539817882
MAE: 13.566037990428784
EVS: 0.011021115316654617
