Model: GRU
MSE: 18.19962028776058
MAE: 2.6008392263341835
EVS: 0.32952923170385684
