Model: GRU
MSE: 17.26461061388408
MAE: 3.614981245111536
EVS: 0.426365665946253
