Model: GRU
MSE: 19.419150716723834
MAE: 2.666848518230297
EVS: 0.30659676770284416
