Model: GRU
MSE: 14.782124081846634
MAE: 2.92538532504329
EVS: 0.4619318278970541
