Model: GRU
MSE: 17.385775763003195
MAE: 2.6475915378994412
EVS: 0.3519168315912843
