Model: GRU
MSE: 22.868897854880515
MAE: 4.149311577832258
EVS: 0.37844579612241935
