Model: GRU
MSE: 16.550190364781834
MAE: 2.736363446270978
EVS: 0.3942913381556925
