Model: GRU
MSE: 16.368224261151425
MAE: 2.641055972487838
EVS: 0.4593862273055461
