Model: GRU
MSE: 15.305906969914915
MAE: 2.2915630870395236
EVS: 0.45833590784082734
