Model: GRU
MSE: 15.618536715615164
MAE: 3.1679977311028376
EVS: 0.4661812302107746
