Model: GRU
MSE: 17.637986210678875
MAE: 2.635259955017655
EVS: 0.45332048186131046
