Model: GRU
MSE: 13.52554291364472
MAE: 2.1075554953681097
EVS: 0.5009016960001438
