Model: GRU
MSE: 15.755070737317828
MAE: 2.6518782068181923
EVS: 0.41574812245427284
