Model: GRU
MSE: 13.059864250141139
MAE: 2.2739363069887513
EVS: 0.5937783057942758
