Model: GRU
MSE: 19.024147193510686
MAE: 3.6936838185345686
EVS: 0.3983638859417711
