Model: GRU
MSE: 15.229001168504157
MAE: 2.4642731701886214
EVS: 0.4772402358454515
