Model: GRU
MSE: 15.879518179204867
MAE: 2.580890593705354
EVS: 0.4082271849678405
