Model: GRU
MSE: 18.3496089478967
MAE: 3.1967712420004384
EVS: 0.32487734095298537
