Model: GRU
MSE: 19.299488123837634
MAE: 2.759158567146019
EVS: 0.40012581975446826
