Model: GRU
MSE: 18.689044996871274
MAE: 2.626581244998508
EVS: 0.34212399997278586
