Model: GRU
MSE: 13.28799882849449
MAE: 2.339938508139716
EVS: 0.5155285049762633
