Model: GRU
MSE: 19.561696190476184
MAE: 3.4139523152951843
EVS: 0.35881455655798566
