Model: GRU
MSE: 12.47568427918209
MAE: 2.317975980264169
EVS: 0.5353182275548707
