Model: GRU
MSE: 15.279333564816929
MAE: 2.881620724995931
EVS: 0.44816731345778926
