Model: GRU
MSE: 15.741818995303506
MAE: 3.170011696992097
EVS: 0.4440522456383319
