Model: GRU
MSE: 17.017416153428908
MAE: 2.8818537570812084
EVS: 0.3693934486741296
