Model: GRU
MSE: 13.848706783310305
MAE: 2.3816509776645236
EVS: 0.5298266950523488
