Model: GRU
MSE: 14.401329639546567
MAE: 2.4852394351252802
EVS: 0.46986053875510225
