Model: GRU
MSE: 15.69660451267986
MAE: 3.072284380594889
EVS: 0.46413487930823893
