Model: GRU
MSE: 27.763469851534317
MAE: 4.590211850625497
EVS: 0.18460924783688115
