Model: GRU
MSE: 15.082749841426754
MAE: 2.5904407059704817
EVS: 0.43803304943229115
