Model: GRU
MSE: 16.46309249205892
MAE: 3.3914471908851906
EVS: 0.45271686052646265
