Model: GRU
MSE: 13.599142529867365
MAE: 2.715457139191804
EVS: 0.5340563573864567
