Model: GRU
MSE: 13.765700501813061
MAE: 2.2876651728594743
EVS: 0.538964796914831
