Model: GRU
MSE: 13.215348953256912
MAE: 2.4013446348684804
EVS: 0.5764476312475251
