Model: GRU
MSE: 16.682713068123828
MAE: 2.491888999938965
EVS: 0.4466352225389171
