Model: GRU
MSE: 14.02194579719581
MAE: 2.2036977697301796
EVS: 0.5030082023648953
