Model: GRU
MSE: 18.230794933517448
MAE: 3.6843157521000616
EVS: 0.3913501219795775
