Model: GRU
MSE: 19.839491356563503
MAE: 2.7321426426922835
EVS: 0.27214602424266265
