Model: GRU
MSE: 63.37803829450068
MAE: 6.524939854939778
EVS: -0.3697034707812261
