Model: GRU
MSE: 17.36610871781066
MAE: 2.552934408187866
EVS: 0.36665431852265273
