Model: GRU
MSE: 15.85974880862081
MAE: 2.2417446772257485
EVS: 0.4249768014288666
