Model: GRU
MSE: 16.716324619836964
MAE: 2.4141900186185485
EVS: 0.4467444134904409
