Model: GRU
MSE: 15.110235841387281
MAE: 2.713742238503915
EVS: 0.4367354073664559
