Model: GRU
MSE: 16.76322469246823
MAE: 2.461218074516014
EVS: 0.43210992767860223
