Model: GRU
MSE: 17.383964165090735
MAE: 3.5811862062524864
EVS: 0.38848869945925923
