Model: GRU
MSE: 16.57549880420798
MAE: 3.0791962058455855
EVS: 0.4404166047324395
