Model: GRU
MSE: 15.771124917360687
MAE: 2.9362697866227894
EVS: 0.4161675914988028
