Model: GRU
MSE: 21.725459089962897
MAE: 4.135162565443251
EVS: 0.423203002677219
