Model: GRU
MSE: 14.954671140891978
MAE: 2.3941232804898864
EVS: 0.4543749459533979
