Model: GRU
MSE: 18.016316796429507
MAE: 2.970557283472132
EVS: 0.3824724408572402
