Model: GRU
MSE: 17.724235797081434
MAE: 2.8740556328384965
EVS: 0.3412590206096948
