Model: GRU
MSE: 23.380190966689398
MAE: 3.968033684624566
EVS: 0.3004634061590349
