Model: GRU
MSE: 16.466419604187294
MAE: 3.2192170178448714
EVS: 0.4592872751561058
