Model: GRU
MSE: 16.144855965936966
MAE: 2.5010681682162814
EVS: 0.4048377295440587
