Model: GRU
MSE: 16.676208952714028
MAE: 3.3443994698701083
EVS: 0.40991357751018653
