Model: GRU
MSE: 13.857124920781704
MAE: 2.398652050230238
EVS: 0.48352930451789344
