Model: GRU
MSE: 18.182009891600266
MAE: 2.883920007281833
EVS: 0.3755974534219232
