Model: GRU
MSE: 15.092735592158206
MAE: 2.508370620233041
EVS: 0.5043311576780816
