Model: GRU
MSE: 11.212285197719254
MAE: 2.1812147387751826
EVS: 0.5861625353758952
