Model: GRU
MSE: 11.975045311318665
MAE: 2.4419230531763145
EVS: 0.6010162141873199
