Model: GRU
MSE: 18.283073386610372
MAE: 2.937447371306243
EVS: 0.35077097055024986
