Model: GRU
MSE: 14.567781351367751
MAE: 2.570723816200539
EVS: 0.47008893364302884
