Model: GRU
MSE: 17.263669311094382
MAE: 2.6532957907076233
EVS: 0.4703097792693919
