Model: GRU
MSE: 17.02605855484203
MAE: 3.142269240485297
EVS: 0.38225990028177403
