Model: GRU
MSE: 16.185798420624796
MAE: 2.5786747579221374
EVS: 0.47963855556272617
