Model: GRU
MSE: 15.094500243037904
MAE: 2.491641715720848
EVS: 0.4374816019394061
