Model: GRU
MSE: 11.801921370530644
MAE: 2.881683861767804
EVS: 0.6165780266689321
