Model: GRU
MSE: 16.07076238171538
MAE: 3.3026914949770325
EVS: 0.45437840307356714
