Model: GRU
MSE: 17.58861544996617
MAE: 3.409669593528465
EVS: 0.43068099638537216
