Model: GRU
MSE: 16.182240841034634
MAE: 3.099681536356608
EVS: 0.4120631485863441
