Model: GRU
MSE: 15.784735082609709
MAE: 2.2065166014212148
EVS: 0.449439430059431
