Model: GRU
MSE: 10.479424876783469
MAE: 2.00272274017334
EVS: 0.6102029380821816
