Model: GRU
MSE: 16.70658918179208
MAE: 2.3794328283380577
EVS: 0.38158590367743406
