Model: GRU
MSE: 19.741680937517575
MAE: 2.893606909999141
EVS: 0.27707935009313167
