Model: GRU
MSE: 18.37920973030316
MAE: 3.0563618165475352
EVS: 0.319094225848774
