Model: GRU
MSE: 2633.959806043915
MAE: 51.040394959626376
EVS: -0.0750061694800419
