Model: GRU
MSE: 17.798066576888814
MAE: 2.9401757805435746
EVS: 0.3499709072446482
