Model: GRU
MSE: 15.42754200132894
MAE: 2.54014253616333
EVS: 0.42991484896102017
