Model: GRU
MSE: 15.872555982297316
MAE: 2.5170882366321705
EVS: 0.4338421183300457
