Model: GRU
MSE: 113.061163486803
MAE: 9.261753267712063
EVS: -0.016972516533522608
