Model: GRU
MSE: 14.193819045346052
MAE: 2.5353634887271457
EVS: 0.4712230627861693
