Model: GRU
MSE: 22.507437772946904
MAE: 3.8252712708932384
EVS: 0.24562292635809757
