Model: GRU
MSE: 14.309593612682995
MAE: 2.0976339181264243
EVS: 0.4975198263541539
