Model: GRU
MSE: 15.230087174071423
MAE: 2.561245662194711
EVS: 0.4328291817592783
