Model: GRU
MSE: 20.929753101443357
MAE: 3.968452419553484
EVS: 0.40581017467999436
