Model: GRU
MSE: 20.254652867541626
MAE: 3.9928495619032116
EVS: 0.45922805084298934
