Model: GRU
MSE: 16.365939498110137
MAE: 2.296391593085395
EVS: 0.440479524028231
