Model: GRU
MSE: 18.04096909573087
MAE: 2.8804000748528376
EVS: 0.3660684281452413
