Model: GRU
MSE: 15840.283917859513
MAE: 125.75157306812427
EVS: 0.0
