Model: GRU
MSE: 19.117347599942732
MAE: 2.650075161898578
EVS: 0.30877769580253955
