Model: GRU
MSE: 19.730409813800062
MAE: 3.9297075978031866
EVS: 0.3455855527622128
