Model: GRU
MSE: 15.31237337042792
MAE: 2.605214330885145
EVS: 0.42942802346063447
