Model: GRU
MSE: 16.61315131325069
MAE: 3.5200911981088145
EVS: 0.5529966985331112
