Model: GRU
MSE: 16.04399637546678
MAE: 2.5758244549786604
EVS: 0.48725940676685675
