Model: GRU
MSE: 17.210839235954186
MAE: 2.6949478608590587
EVS: 0.3587162242281483
