Model: GRU
MSE: 13.703638245858494
MAE: 2.2643644279903836
EVS: 0.5450410547356146
