Model: GRU
MSE: 16.909061184568245
MAE: 3.09264052355731
EVS: 0.44677542658444425
