Model: GRU
MSE: 19.223855584081075
MAE: 2.783893037725378
EVS: 0.2856628291687081
