Model: GRU
MSE: 15.180854360686148
MAE: 2.393286113385801
EVS: 0.43409826703194365
