Model: GRU
MSE: 16.98852026406142
MAE: 3.1165765479758933
EVS: 0.4016028474890957
