Model: GRU
MSE: 12.87116097114557
MAE: 2.2862334339706987
EVS: 0.5604145992732565
