Model: GRU
MSE: 18.007034685787794
MAE: 2.6138021769347013
EVS: 0.42646532711159324
