Model: GRU
MSE: 840.6340904542737
MAE: 28.459448496500652
EVS: -0.1441930753047702
