Model: GRU
MSE: 16.287706409251296
MAE: 2.379198983863548
EVS: 0.463679797615956
