Model: GRU
MSE: 17.88362566858925
MAE: 2.750269889831543
EVS: 0.33842453592723687
