Model: GRU
MSE: 19.546544912493303
MAE: 3.245966425648442
EVS: 0.2919445268376538
