Model: GRU
MSE: 18.96945949165415
MAE: 3.159312159926803
EVS: 0.356188002931485
