Model: GRU
MSE: 16.689976434351635
MAE: 3.2397833047089755
EVS: 0.44778369711695243
