Model: GRU
MSE: 15.233641148642862
MAE: 2.7996147826865867
EVS: 0.4322406147930944
