Model: GRU
MSE: 15.704079359522822
MAE: 2.6964605472705983
EVS: 0.43835398810297066
