Model: GRU
MSE: 18.73831958574378
MAE: 3.580758889516195
EVS: 0.3686162900304606
