Model: GRU
MSE: 14.31708034805098
MAE: 2.5547639705516674
EVS: 0.46639974426268493
