Model: GRU
MSE: 19.369520726226956
MAE: 3.388802590193572
EVS: 0.3351855517941503
