Model: GRU
MSE: 16.182820140962594
MAE: 3.507546001010471
EVS: 0.47811587894019003
