Model: GRU
MSE: 16.565156042336135
MAE: 3.177045045075593
EVS: 0.44017108602554134
