Model: GRU
MSE: 17.550430291803618
MAE: 2.934297897197582
EVS: 0.35558583191865767
