Model: GRU
MSE: 16.54449318504008
MAE: 2.8092096470020436
EVS: 0.3909627564555792
