Model: GRU
MSE: 16.358312872469707
MAE: 3.0851430098215737
EVS: 0.4413710267443761
