Model: GRU
MSE: 13.48939343921024
MAE: 2.270330711647316
EVS: 0.5554466470727839
