Model: GRU
MSE: 18.723948658008627
MAE: 2.6121560555917247
EVS: 0.3620309557547221
