Model: GRU
MSE: 17.407682164110696
MAE: 2.572346475389269
EVS: 0.3791698388028323
