Model: GRU
MSE: 12463.661483111091
MAE: 111.51030279088903
EVS: -2.220446049250313e-16
