Model: GRU
MSE: 18.13518578240451
MAE: 2.6962509508486145
EVS: 0.3242482936608908
