Model: GRU
MSE: 16.66102445934567
MAE: 2.2506097157796225
EVS: 0.4044950103108954
