Model: GRU
MSE: 20.079406293535676
MAE: 3.4580874619660555
EVS: 0.3429355581443678
