Model: GRU
MSE: 19.092226454288564
MAE: 2.687851976465296
EVS: 0.32828463660945817
