Model: GRU
MSE: 16.721260600119077
MAE: 2.864673888241803
EVS: 0.37667936683188774
