Model: GRU
MSE: 18.147243358750877
MAE: 2.4141685432857938
EVS: 0.3968963003687712
