Model: GRU
MSE: 20.6681429157385
MAE: 3.7138730596613
EVS: 0.3732376652864373
