Model: GRU
MSE: 17.40269384916914
MAE: 2.729589903796161
EVS: 0.41298209161872235
