Model: GRU
MSE: 19.162987280337607
MAE: 3.2751282850901284
EVS: 0.3165165702386674
