Model: GRU
MSE: 17.601077279591784
MAE: 2.5584765098713063
EVS: 0.45105830219951415
