Model: GRU
MSE: 15.675638120124859
MAE: 2.564317985817238
EVS: 0.4162877414562184
