Model: GRU
MSE: 22.604138380401714
MAE: 2.8691319823265076
EVS: 0.22701363611255265
