Model: GRU
MSE: 15.954266843468863
MAE: 2.717082376833315
EVS: 0.46895282944958394
