Model: GRU
MSE: 13.777832258485162
MAE: 3.002833295751501
EVS: 0.5092748839244468
