Model: GRU
MSE: 17.47756060276584
MAE: 3.3601785235934787
EVS: 0.41236888051053566
