Model: GRU
MSE: 14.34731903935417
MAE: 2.3058761755625405
EVS: 0.47023210191671005
