Model: GRU
MSE: 14.079581565352884
MAE: 3.126548837732386
EVS: 0.518803230187689
