Model: GRU
MSE: 18.24217906601486
MAE: 3.6190287095529063
EVS: 0.4614454517480433
