Model: GRU
MSE: 13004.085539820611
MAE: 113.9077332108109
EVS: -2.220446049250313e-16
