Model: GRU
MSE: 13.818531904871929
MAE: 2.9477330490394875
EVS: 0.5656428698210431
