Model: GRU
MSE: 14.31904304374533
MAE: 2.8504700130886502
EVS: 0.5195530488782758
