Model: GRU
MSE: 28.701201035580848
MAE: 4.478222264183892
EVS: 0.14973589808800558
