Model: GRU
MSE: 17.601081420025643
MAE: 2.9065211790579335
EVS: 0.36909717403429965
