Model: GRU
MSE: 12.612195175597988
MAE: 2.1632708796748408
EVS: 0.6138538613991807
