Model: GRU
MSE: 17.237194494031083
MAE: 2.7790119647979736
EVS: 0.4103383418065151
