Model: GRU
MSE: 14.58689308634692
MAE: 2.192906238414623
EVS: 0.47951852843487774
