Model: GRU
MSE: 29.531412848086735
MAE: 4.835395495096843
EVS: 0.3778117404986363
