Model: GRU
MSE: 19.19927794762836
MAE: 2.747064060635037
EVS: 0.3220582291599201
