Model: GRU
MSE: 13.941544426741942
MAE: 2.8824590577019586
EVS: 0.5332626462343515
