Model: GRU
MSE: 15.838501518574187
MAE: 2.4210185828032316
EVS: 0.4100666156466415
