Model: GRU
MSE: 15.455865752097957
MAE: 2.403704431321886
EVS: 0.5037270451256359
