Model: GRU
MSE: 17.87354890863216
MAE: 2.6217702803788363
EVS: 0.4195107203073103
