Model: GRU
MSE: 15.342036511671528
MAE: 2.5532849806326405
EVS: 0.5019267076169514
