Model: GRU
MSE: 15.172531895615979
MAE: 2.282613577666106
EVS: 0.45565555681986547
