Model: GRU
MSE: 20.154545276502624
MAE: 3.819048016159623
EVS: 0.40358133005246044
