Model: GRU
MSE: 15.805435704574316
MAE: 3.0175077826888472
EVS: 0.49021421860762593
