Model: GRU
MSE: 119.72909252690135
MAE: 9.45598069164488
EVS: -0.04120605489994755
