Model: GRU
MSE: 15.012458516171902
MAE: 2.9043187212060997
EVS: 0.4843648093128442
