Model: GRU
MSE: 15.37556168097722
MAE: 2.237254601937753
EVS: 0.43293385665092676
