Model: GRU
MSE: 16.575548578569396
MAE: 3.4828776253594294
EVS: 0.49954894064859645
