Model: GRU
MSE: 17.997658610187628
MAE: 3.6145703527662487
EVS: 0.3952629561621216
