Model: GRU
MSE: 18.49675583118289
MAE: 2.550857420320864
EVS: 0.3159191828345024
