Model: GRU
MSE: 25.891857387853
MAE: 4.465567182611536
EVS: 0.2909825346568765
