Model: GRU
MSE: 24.182842124346955
MAE: 4.106866624620226
EVS: 0.2747814396946672
