Model: GRU
MSE: 8601.006332439274
MAE: 92.58451532434535
EVS: -2.220446049250313e-16
