Model: GRU
MSE: 15.454913508569268
MAE: 2.9277054998609753
EVS: 0.4239444656448854
