Model: GRU
MSE: 16.30448281316036
MAE: 2.5137091477711997
EVS: 0.39237140439187557
