Model: GRU
MSE: 19.777033389429796
MAE: 3.3036704240021884
EVS: 0.33359848186439534
