Model: GRU
MSE: 20.987933188563872
MAE: 3.688635305122093
EVS: 0.3408675760241566
