Model: GRU
MSE: 16.651458138918965
MAE: 3.2596148208335594
EVS: 0.4349183485232154
