Model: GRU
MSE: 17.097562762645307
MAE: 2.7298079861534967
EVS: 0.3640024122262815
