Model: GRU
MSE: 12.675315361356608
MAE: 2.6289656073958785
EVS: 0.5646318149408713
