Model: GRU
MSE: 15.347845316189376
MAE: 2.8158201111687555
EVS: 0.4382955064036317
