Model: GRU
MSE: 15.662886209646162
MAE: 3.1267870090625904
EVS: 0.44974500421115937
