Model: GRU
MSE: 14.63697802642929
MAE: 2.4021878330795854
EVS: 0.5033909239727812
