Model: GRU
MSE: 2673.494901067489
MAE: 51.42460717095269
EVS: 0.003749974579579596
