Model: GRU
MSE: 15.421472750467062
MAE: 3.296196531366419
EVS: 0.47532497680695385
