Model: GRU
MSE: 16.380329138752852
MAE: 2.2991385724809437
EVS: 0.42039403091311855
