Model: GRU
MSE: 14.379579961403865
MAE: 2.596667431018971
EVS: 0.4644126915458371
