Model: GRU
MSE: 16.82746327873726
MAE: 2.6996766019750527
EVS: 0.3760765365452311
