Model: GRU
MSE: 15.62916010366439
MAE: 2.8594181449324996
EVS: 0.43430818730292464
