Model: GRU
MSE: 18.403051853938912
MAE: 2.8183150821261935
EVS: 0.3266058022272843
