Model: GRU
MSE: 17.4408868396432
MAE: 2.503226712897972
EVS: 0.4280104805664645
