Model: GRU
MSE: 18.070805720165247
MAE: 2.9708413459636547
EVS: 0.3566746498547211
