Model: GRU
MSE: 17.902679103728648
MAE: 3.024891703217118
EVS: 0.36396992047205357
