Model: GRU
MSE: 16.581925445127265
MAE: 2.609827668578536
EVS: 0.4348410300033776
