Model: GRU
MSE: 15.143824402779527
MAE: 2.9653015578234636
EVS: 0.48591722621628064
