Model: GRU
MSE: 16.31550831659606
MAE: 3.513407760196262
EVS: 0.4437818769778804
