Model: GRU
MSE: 17.571335555956978
MAE: 2.457474699726811
EVS: 0.415605314567559
