Model: GRU
MSE: 19.20589354648261
MAE: 3.6227568520439997
EVS: 0.40865330605098993
