Model: GRU
MSE: 19.20674380400666
MAE: 3.0399331428386547
EVS: 0.2843386382826638
