Model: GRU
MSE: 12.23787823498529
MAE: 2.5131581447742604
EVS: 0.5768008940528802
