Model: GRU
MSE: 16.131391143909788
MAE: 2.799246664400454
EVS: 0.423962991282412
