Model: GRU
MSE: 245.45226197282085
MAE: 14.733206854926216
EVS: -0.058119036330729124
