Model: GRU
MSE: 19.065258162801488
MAE: 3.7968353695339627
EVS: 0.38309769302767105
