Model: GRU
MSE: 12.682551655355068
MAE: 2.386904901928372
EVS: 0.5442233479105705
