Model: GRU
MSE: 24.35019740178456
MAE: 4.509558236157453
EVS: 0.2981574000369428
