Model: GRU
MSE: 15.25458114594171
MAE: 2.512725865399396
EVS: 0.43663814955847036
