Model: GRU
MSE: 17.506188552342447
MAE: 2.673564151481346
EVS: 0.42161015126707657
