Model: GRU
MSE: 13.976405247377503
MAE: 2.4099946640155934
EVS: 0.5200564513330476
