Model: GRU
MSE: 16.192927923604195
MAE: 2.394356462690565
EVS: 0.3964526864584501
