Model: GRU
MSE: 17.48551290580451
MAE: 2.522200831660518
EVS: 0.3485599553243658
