Model: GRU
MSE: 16.94336507432838
MAE: 3.407807544425682
EVS: 0.4734139415887261
