Model: GRU
MSE: 23.140303717221943
MAE: 3.6108139412743703
EVS: 0.32173500348622497
