Model: GRU
MSE: 15.101177231068194
MAE: 2.9644657947399
EVS: 0.49417205017355703
