Model: GRU
MSE: 20.528539087311305
MAE: 3.2502071176256453
EVS: 0.33402674264286325
