Model: GRU
MSE: 15.455332430030511
MAE: 2.3538526870586254
EVS: 0.5008737318217071
