Model: GRU
MSE: 16.57757268993578
MAE: 2.7549385494656033
EVS: 0.3914758432924246
