Model: GRU
MSE: 13.826960676271938
MAE: 2.8221702575683594
EVS: 0.5350500880800113
