Model: GRU
MSE: 15.60821128485578
MAE: 3.0610885708420366
EVS: 0.46784487981921297
