Model: GRU
MSE: 15.534786045019583
MAE: 2.9447544239185475
EVS: 0.44112341520241105
