Model: GRU
MSE: 16.097007174838826
MAE: 2.5901561931327537
EVS: 0.5182357840368732
