Model: GRU
MSE: 18.111611746912466
MAE: 3.587485701949508
EVS: 0.4323180060385663
