Model: GRU
MSE: 20.003800167425645
MAE: 2.867835760116577
EVS: 0.3407747827742549
