Model: GRU
MSE: 17.378921049476233
MAE: 3.5933697665179216
EVS: 0.48183280424300245
