Model: GRU
MSE: 14.441363458675967
MAE: 2.7212940322028265
EVS: 0.4793522317204528
