Model: GRU
MSE: 16.636326489473166
MAE: 2.420941812020761
EVS: 0.4315747963453703
