Model: GRU
MSE: 16.972775181320763
MAE: 2.7016340096791587
EVS: 0.426957438368473
