Model: GRU
MSE: 16.6065550591753
MAE: 2.555598735809326
EVS: 0.38712890988756754
