Model: GRU
MSE: 11214.787526710637
MAE: 105.7491288361726
EVS: -0.09601691513286492
