Model: GRU
MSE: 16.98140106845539
MAE: 2.785118659337362
EVS: 0.44484744805060283
