Model: GRU
MSE: 12.338805474033986
MAE: 2.34174504103484
EVS: 0.6005477636886104
