Model: GRU
MSE: 15.76165967754162
MAE: 2.6253725157843695
EVS: 0.41984493710999116
