Model: GRU
MSE: 15.736417331008262
MAE: 2.713002840677897
EVS: 0.41514150997594235
