Model: GRU
MSE: 14.68776438693252
MAE: 2.7771419949001737
EVS: 0.4592387888135103
