Model: GRU
MSE: 20.374642246926694
MAE: 3.648603174421522
EVS: 0.32112247954521245
