Model: GRU
MSE: 16.30180096424635
MAE: 2.6685431709995977
EVS: 0.3937526247933387
