Model: GRU
MSE: 16.47656020145261
MAE: 3.2738845436661332
EVS: 0.441187372593683
