Model: GRU
MSE: 25.305752470337243
MAE: 4.414236421938296
EVS: 0.31801325614255926
