Model: GRU
MSE: 16.81426370607683
MAE: 2.5048619817804405
EVS: 0.4155068103970647
