Model: GRU
MSE: 17.293782364197508
MAE: 3.636622605500398
EVS: 0.5072737140952969
