Model: GRU
MSE: 19.278376648893072
MAE: 3.8425758326495134
EVS: 0.38971134814932507
