Model: GRU
MSE: 18.591309932229006
MAE: 3.065024464218705
EVS: 0.31034604288833456
