Model: GRU
MSE: 14.614038991685481
MAE: 2.7886354658338757
EVS: 0.4611365543728194
