Model: GRU
MSE: 466.7229029292969
MAE: 20.857722282409668
EVS: -0.08808416334684965
