Model: GRU
MSE: 14.998958514909326
MAE: 2.4851229985555015
EVS: 0.4410157898328422
