Model: GRU
MSE: 11.600480962466058
MAE: 2.0853989212601274
EVS: 0.5677927075080096
