Model: GRU
MSE: 21906.046656597155
MAE: 147.8829713044343
EVS: -0.36709697927028473
