Model: sequential_3
MSE: 0.15885581268230453
MAE: 0.39856719970703125
EVS: 1.0
