Model: sequential_3
MSE: 4.541779931478724
MAE: 1.5279231866200764
EVS: 0.6292424607134925
