Model: GRU
MSE: 27.60427603808762
MAE: 4.493612271768075
EVS: 0.43791744131775867
