Model: GRU
MSE: 13.64633575232916
MAE: 3.237521418818721
EVS: 0.6788128955782933
