Model: GRU
MSE: 38.218134901962856
MAE: 5.357173195591679
EVS: 0.44148537457133763
