Model: GRU
MSE: 19.414866765847197
MAE: 3.9023426550405995
EVS: 0.6342673426940495
