Model: GRU
MSE: 48.65189269521953
MAE: 5.269482268227471
EVS: -0.4482998657176751
