Model: GRU
MSE: 23.43710918805469
MAE: 4.218293172341806
EVS: 0.6506795412120752
