Model: GRU
MSE: 16.242893850675316
MAE: 3.5119958100495516
EVS: 0.5509996698349808
