Model: GRU
MSE: 17.472250094708542
MAE: 3.514331199504711
EVS: 0.570352475207312
