Model: GRU
MSE: 24.778007306991228
MAE: 4.203370889027913
EVS: 0.5332808832008576
