Model: GRU
MSE: 19.341463114342712
MAE: 3.738208223272253
EVS: 0.27896903489960423
