Model: GRU
MSE: 18.301563288325312
MAE: 3.6108563564441822
EVS: 0.5735976083142931
