Model: GRU
MSE: 21.46246425344859
MAE: 3.9271804138466164
EVS: 0.5252360077120468
