Model: GRU
MSE: 34.584829792337736
MAE: 4.800367143419054
EVS: 0.24829355338277348
