Model: GRU
MSE: 28.184681884632397
MAE: 4.412077727141203
EVS: 0.2100003876703458
