Model: GRU
MSE: 17.48982094027793
MAE: 3.633255464059335
EVS: 0.6433150631426718
