Model: GRU
MSE: 23.877973490274876
MAE: 4.055285506778294
EVS: 0.30755371574222823
