Model: GRU
MSE: 12.2673536753681
MAE: 2.885344770219591
EVS: 0.38450881675702453
