Model: GRU
MSE: 8.964024788446311
MAE: 2.545658023269088
EVS: 0.681523629764843
