Model: GRU
MSE: 21.539837304925253
MAE: 3.8092178856884993
EVS: 0.5171324248648568
