Model: GRU
MSE: 25.774510604615383
MAE: 4.167063448164198
EVS: 0.43066822660560056
