Model: GRU
MSE: 25.413074781580352
MAE: 4.20161031793665
EVS: 0.4600928009216484
