Model: GRU
MSE: 12.464836671104012
MAE: 2.9018983046213784
EVS: 0.28766090509852316
