Model: GRU
MSE: 19.15613954980686
MAE: 3.6261155517012984
EVS: 0.525228823573174
