Model: GRU
MSE: 23.262189500036264
MAE: 4.111084867406775
EVS: 0.6045184855716512
