Model: GRU
MSE: 24.07417057604619
MAE: 4.051341692606608
EVS: 0.4845944772449473
