Model: GRU
MSE: 50.51911707479389
MAE: 5.717546922189218
EVS: -0.16580091316039702
