Model: GRU
MSE: 17.346381063982882
MAE: 3.5084867300810636
EVS: 0.5619460974272432
