Model: GRU
MSE: 23.76331407537772
MAE: 4.377624405754937
EVS: 0.7103291587755631
