Model: GRU
MSE: 22.29163081807078
MAE: 4.0420493019951715
EVS: 0.27616961642156646
