Model: GRU
MSE: 15.108999993812589
MAE: 3.209741857316759
EVS: 0.5842976511589164
