Model: GRU
MSE: 7.850340159012012
MAE: 2.345341585300587
EVS: 0.7156208577967816
