Model: GRU
MSE: 15.816121272502945
MAE: 3.353527033770526
EVS: 0.6078484683687534
