Model: GRU
MSE: 18.522850297506245
MAE: 3.805946915237992
EVS: 0.7199879048468605
