Model: GRU
MSE: 20.901084897426724
MAE: 4.042226809042472
EVS: 0.7015606489660708
