Model: GRU
MSE: 22.68330774364327
MAE: 3.935425387488471
EVS: 0.4813088812386912
