Model: GRU
MSE: 17.149182309680562
MAE: 3.6127654534799083
EVS: 0.46068113345702
