Model: GRU
MSE: 14.780649506045249
MAE: 3.3129470436661332
EVS: 0.5330622252066815
