Model: GRU
MSE: 24.563948659648236
MAE: 4.184505074112503
EVS: 0.462944306974892
