Model: GRU
MSE: 15.641329638829264
MAE: 3.374284267425537
EVS: 0.6454968050632084
