Model: GRU
MSE: 21.25580664342528
MAE: 4.024219866152163
EVS: 0.6318466725365979
