Model: GRU
MSE: 47.98104087061534
MAE: 5.383784373601277
EVS: 0.08121651880971259
