Model: GRU
MSE: 15.187099932333972
MAE: 3.365676579652009
EVS: 0.5640213984964699
