Model: GRU
MSE: 13.855236326134841
MAE: 3.2653577592637806
EVS: 0.5273836946275652
