Model: GRU
MSE: 15.212252532450343
MAE: 3.400696365921586
EVS: 0.5163405017927951
