Model: GRU
MSE: 16.117186982252456
MAE: 3.526454466360587
EVS: 0.7020522641017579
