Model: GRU
MSE: 17.258220533514034
MAE: 3.4532093825163663
EVS: 0.531204161029815
