Model: GRU
MSE: 24.949189061343784
MAE: 4.156587883278176
EVS: 0.3948427907471286
