Model: GRU
MSE: 14.152916373972724
MAE: 3.1542127662234836
EVS: 0.5275643034447681
