Model: GRU
MSE: 59.17586781778679
MAE: 6.333800342347887
EVS: -0.10190102123364975
