Model: GRU
MSE: 22.5705044240557
MAE: 3.980587853325738
EVS: 0.5497878222426396
