Model: GRU
MSE: 10.86851229145923
MAE: 2.825244179478398
EVS: 0.7119621151520036
