Model: GRU
MSE: 43.37352720938867
MAE: 5.517466774693242
EVS: 0.14094779925993328
