Model: GRU
MSE: 16.885706128530845
MAE: 3.5229957368638782
EVS: 0.6130085128112392
