Model: GRU
MSE: 38.99602377067705
MAE: 5.177193270789252
EVS: 0.35079917903585356
