Model: GRU
MSE: 15.46433366287142
MAE: 3.1663688288794622
EVS: 0.4899055897652791
