Model: GRU
MSE: 40.462711657875104
MAE: 5.085859228063513
EVS: -0.048041491821168014
