Model: GRU
MSE: 21.668623199746214
MAE: 3.881659507751465
EVS: 0.4021185467441074
