Model: GRU
MSE: 17.508535861825614
MAE: 3.586259206136068
EVS: 0.42434668723059765
