Model: GRU
MSE: 15.864130732946656
MAE: 3.4104849850689924
EVS: 0.5539937088960811
