Model: GRU
MSE: 11.995420938326546
MAE: 2.8585846953921847
EVS: 0.37362304858148787
