Model: GRU
MSE: 21.14498607323172
MAE: 3.8659457277368614
EVS: 0.452169643990732
