Model: GRU
MSE: 18.772021072887373
MAE: 3.489351669947306
EVS: 0.36017191689061145
