Model: GRU
MSE: 60.142552838786024
MAE: 6.104499693270083
EVS: -0.49689913052492396
