Model: GRU
MSE: 29.736732999470725
MAE: 4.248966146398474
EVS: 0.16316189164861894
