Model: GRU
MSE: 42.514649561160184
MAE: 5.2986851974769875
EVS: 0.029446158358932384
