Model: GRU
MSE: 22.474020198142078
MAE: 3.891700267791748
EVS: 0.47865733514724307
