Model: GRU
MSE: 26.40708385069585
MAE: 4.457950468416567
EVS: 0.6071471867824301
