Model: GRU
MSE: 14.124149680204347
MAE: 3.2227786735252097
EVS: 0.602697562897228
