Model: GRU
MSE: 24.098440073711135
MAE: 4.119918681957103
EVS: 0.5717224799107032
