Model: GRU
MSE: 24.433279419528205
MAE: 4.227590454949273
EVS: 0.59353181760693
