Model: GRU
MSE: 32.588155505295475
MAE: 4.86397448292485
EVS: 0.3429593489401219
