Model: GRU
MSE: 32.07368129198868
MAE: 4.662291420830621
EVS: 0.16544272161592888
