Model: GRU
MSE: 19.451656710610038
MAE: 3.591447936164008
EVS: 0.483346184720885
