Model: GRU
MSE: 28.288451636849814
MAE: 4.3326637744903564
EVS: 0.017082178138497772
