Model: GRU
MSE: 21.579706909036044
MAE: 3.6933110378406666
EVS: 0.44719807352456165
