Model: GRU
MSE: 32.61960448785107
MAE: 4.764316082000732
EVS: 0.15320880101993284
