Model: GRU
MSE: 16.237122996433477
MAE: 3.5776764021979437
EVS: 0.7056286851808085
