Model: GRU
MSE: 20.458949498871714
MAE: 3.725865770269323
EVS: 0.42548446257635886
