Model: GRU
MSE: 23.00955082146138
MAE: 3.9508909825925476
EVS: 0.3381675836550767
