Model: GRU
MSE: 29.924148987470492
MAE: 4.476236025492351
EVS: 0.2162392503650622
