Model: GRU
MSE: 19.99990304166884
MAE: 3.824785974290636
EVS: 0.5925384240345983
