Model: GRU
MSE: 17.272393646490368
MAE: 3.5886817508273654
EVS: 0.5910765511221736
