Model: GRU
MSE: 22.589306540259596
MAE: 3.9919873696786388
EVS: 0.41231878580861814
