Model: GRU
MSE: 34.64018816972476
MAE: 4.8895033200581866
EVS: 0.2974488764935058
