Model: GRU
MSE: 20.84276147399362
MAE: 3.50442956995081
EVS: 0.3819667727884649
