Model: GRU
MSE: 26.551421518331313
MAE: 4.33184650209215
EVS: 0.30556955020508125
