Model: GRU
MSE: 17.32549574378402
MAE: 3.560745627791793
EVS: 0.6879012685960657
