Model: GRU
MSE: 68.37096086746426
MAE: 6.061361683739556
EVS: -1.3851567105381433
