Model: GRU
MSE: 16.678362791120644
MAE: 3.6265659155669034
EVS: 0.7467629530050917
