Model: GRU
MSE: 20.60801528549419
MAE: 3.773231965524179
EVS: 0.5524868201767809
