Model: GRU
MSE: 17.821659742518737
MAE: 3.6254566510518393
EVS: 0.527269801607691
