Model: GRU
MSE: 14.308785051257912
MAE: 3.2416226069132485
EVS: 0.6294563074151693
