Model: GRU
MSE: 23.494273247529826
MAE: 4.057248963250054
EVS: 0.30144494509038977
