Model: GRU
MSE: 11.621872998501809
MAE: 2.9209791819254556
EVS: 0.6376410069476524
