Model: GRU
MSE: 20.727172210345795
MAE: 3.801172962895146
EVS: 0.6378879346702644
