Model: GRU
MSE: 23.003662437946062
MAE: 3.875189745867694
EVS: 0.4065936029847871
