Model: GRU
MSE: 16.93979269415352
MAE: 3.384952598147922
EVS: 0.5173738161266135
