Model: GRU
MSE: 19.758844091388752
MAE: 3.6981034632082337
EVS: 0.4802576332661206
