Model: GRU
MSE: 15.258343314251054
MAE: 3.401184187995063
EVS: 0.4670240349560353
