Model: GRU
MSE: 18.531612833832863
MAE: 3.625934530187536
EVS: 0.5026366523472302
