Model: GRU
MSE: 12.196318386281032
MAE: 2.606889998471295
EVS: 0.5015553423159549
