Model: GRU
MSE: 20.505597741614682
MAE: 3.803889451203523
EVS: 0.5599144072800984
