Model: GRU
MSE: 16.75496704225474
MAE: 3.4760110289962203
EVS: 0.6121894303666398
