Model: GRU
MSE: 29.32954816118416
MAE: 4.525944427207664
EVS: 0.41808387725368623
