Model: GRU
MSE: 17.74684513131894
MAE: 3.6290300333941423
EVS: 0.6245932743935715
