Model: GRU
MSE: 16.670335290000853
MAE: 3.6242059425071433
EVS: 0.6197552520795477
