Model: GRU
MSE: 21.301928306475762
MAE: 3.8081690117164895
EVS: 0.5379805016049362
