Model: GRU
MSE: 22.61524878311764
MAE: 4.035864247216119
EVS: 0.5387548782886542
