Model: GRU
MSE: 14.510221277528435
MAE: 3.3200318725020797
EVS: 0.6969770664074235
