Model: GRU
MSE: 13.735272740619267
MAE: 3.1823080204151295
EVS: 0.6785001057310951
