Model: GRU
MSE: 37.66014213434426
MAE: 4.887186350645842
EVS: 0.27593270915891777
