Model: GRU
MSE: 13.343692920787362
MAE: 3.1775762063485606
EVS: 0.5736045567266415
