Model: GRU
MSE: 11.767240784538208
MAE: 2.822445021735297
EVS: 0.6850593288867841
