Model: GRU
MSE: 32.88133144669786
MAE: 4.846686274917038
EVS: 0.33062108650771216
