Model: GRU
MSE: 15.445317965680353
MAE: 3.362001895904541
EVS: 0.6333748479274253
