Model: GRU
MSE: 16.37705608009585
MAE: 3.478622065650092
EVS: 0.6250157236970437
