Model: GRU
MSE: 17.763036412476048
MAE: 3.458509851385046
EVS: 0.4686940068520369
