Model: GRU
MSE: 16.469135560943876
MAE: 3.398716167167381
EVS: 0.6337444031279543
