Model: GRU
MSE: 21.750661913215463
MAE: 3.8813098271687827
EVS: 0.3304510059042689
