Model: GRU
MSE: 12.343888288743116
MAE: 3.0078218071549028
EVS: 0.6736097207734625
