Model: GRU
MSE: 162.32497909439041
MAE: 9.705242342419094
EVS: -3.989064860102437
