Model: GRU
MSE: 22.97839278858258
MAE: 4.029111738558169
EVS: 0.6185300236750295
