Model: GRU
MSE: 46.10306086034925
MAE: 5.30904248908714
EVS: -0.18618574044627523
