Model: GRU
MSE: 11.630134017662312
MAE: 2.8899895968260587
EVS: 0.7343296809519378
