Model: GRU
MSE: 12.131929222521135
MAE: 2.9945817346926087
EVS: 0.7264925120189503
