Model: GRU
MSE: 16.252381252915516
MAE: 3.474605507320828
EVS: 0.5117494444607377
