Model: GRU
MSE: 22.50573849402483
MAE: 3.9471824080855757
EVS: 0.4206737917268667
