Model: GRU
MSE: 10.468429468043938
MAE: 2.764000415802002
EVS: 0.6630069392590248
