Model: GRU
MSE: 21.14791386655728
MAE: 3.8408387502034507
EVS: 0.3734442690223124
