Model: GRU
MSE: 22.443194471818078
MAE: 3.8930099275377064
EVS: 0.3516067379071708
