Model: GRU
MSE: 30.73902295047324
MAE: 4.820552172484221
EVS: 0.44670921567296584
