Model: GRU
MSE: 46.61695866346748
MAE: 5.594295077853733
EVS: 0.011402081453948831
