Model: GRU
MSE: 7.820857503848423
MAE: 2.2933247177689164
EVS: 0.551079454895961
