Model: GRU
MSE: 25.32377544258857
MAE: 4.2011392911275225
EVS: 0.4336847551207452
