Model: GRU
MSE: 10.80442838523558
MAE: 2.9347126572220414
EVS: 0.6261391945178159
