Model: GRU
MSE: 22.543753148577352
MAE: 4.092446539137098
EVS: 0.46955467043600463
