Model: GRU
MSE: 17.741280153093587
MAE: 3.567693833951597
EVS: 0.5532202973966718
