Model: GRU
MSE: 14.711671668448894
MAE: 3.3500047789679632
EVS: 0.704230237622068
