Model: GRU
MSE: 20.250083094268938
MAE: 3.7489636562488697
EVS: 0.43108927658614415
