Model: GRU
MSE: 21.533825932303856
MAE: 3.9280525313483343
EVS: 0.39076830028867027
