Model: GRU
MSE: 16.33676533164991
MAE: 3.5843506035981356
EVS: 0.4491124773468912
