Model: GRU
MSE: 7.85333589663015
MAE: 2.124876958352548
EVS: 0.5731961232396428
