Model: GRU
MSE: 150.22969765165763
MAE: 11.614110770048919
EVS: 0.1161362571209108
