Model: GRU
MSE: 12.922304812024356
MAE: 3.110248777601454
EVS: 0.5667374370557866
