Model: GRU
MSE: 23.238697999937873
MAE: 4.067897567042598
EVS: 0.44230200733902636
