Model: GRU
MSE: 20.131534235335703
MAE: 3.730005281942862
EVS: 0.46921624495764946
