Model: GRU
MSE: 16.244472879490658
MAE: 3.4952096056055137
EVS: 0.6742673549696547
