Model: GRU
MSE: 39.16060656435889
MAE: 5.100801503216779
EVS: -0.02275470408650082
