Model: GRU
MSE: 18.16083660608386
MAE: 3.644488493601481
EVS: 0.5566848252203171
