Model: GRU
MSE: 14.930845274386625
MAE: 3.0600140712879322
EVS: 0.49853189042217316
