Model: GRU
MSE: 11.384956068950148
MAE: 2.87598208144859
EVS: 0.737413836472977
