Model: GRU
MSE: 27.528864943985187
MAE: 4.3531632600007235
EVS: 0.34898404610801737
