Model: GRU
MSE: 24.709741260973303
MAE: 4.119839862540916
EVS: 0.3060542537105748
