Model: GRU
MSE: 16.3909747373548
MAE: 3.3809652858310275
EVS: 0.5843334538852911
