Model: GRU
MSE: 26.852108159313214
MAE: 4.060120971114547
EVS: 0.17298784867371797
