Model: GRU
MSE: 21.84878866727449
MAE: 3.934199333190918
EVS: 0.5627781418875049
