Model: GRU
MSE: 39.16850797849198
MAE: 5.46057743496365
EVS: 0.4613095544268274
