Model: GRU
MSE: 14.638187993923054
MAE: 3.119487665317677
EVS: 0.46252662734157357
