Model: GRU
MSE: 29.78793223620757
MAE: 4.607493806768347
EVS: 0.4642493306124331
