Model: GRU
MSE: 16.65257890269979
MAE: 3.4514752140751592
EVS: 0.5715978466283393
