Model: GRU
MSE: 12.562139207590185
MAE: 3.150163738815873
EVS: 0.5253761132953141
