Model: GRU
MSE: 19.818458023428498
MAE: 3.744621612407543
EVS: 0.41990793277241634
