Model: GRU
MSE: 45.279589380250975
MAE: 5.617507757963957
EVS: 0.22935072353202557
