Model: GRU
MSE: 13.377075580622204
MAE: 3.0914315824155456
EVS: 0.7013028969263027
