Model: GRU
MSE: 50.85591954928514
MAE: 5.824384247815168
EVS: -0.19896475843791372
