Model: GRU
MSE: 42.57249164611879
MAE: 5.363234078442609
EVS: 0.12821911989525026
