Model: GRU
MSE: 16.567090530775236
MAE: 3.4232621369538485
EVS: 0.6271350887450826
