Model: GRU
MSE: 23.804315768029248
MAE: 4.086324020668313
EVS: 0.30214722570488195
