Model: GRU
MSE: 27.333539871229757
MAE: 4.470760822296143
EVS: 0.3835876016394787
