Model: GRU
MSE: 20.406808068884335
MAE: 3.8673797536779335
EVS: 0.5628286631987389
