Model: GRU
MSE: 13.484454744546897
MAE: 3.232133459161829
EVS: 0.5469984405964636
