Model: GRU
MSE: 19.001044513352504
MAE: 3.645161275510435
EVS: 0.49750981571448805
