Model: GRU
MSE: 14.066174203995
MAE: 3.2220662611502187
EVS: 0.5926107801601561
