Model: GRU
MSE: 19.896835529263594
MAE: 3.7715910099170826
EVS: 0.577833614932789
