Model: GRU
MSE: 10.41859535408038
MAE: 2.83708949442263
EVS: 0.704485402415155
