Model: GRU
MSE: 16.88379390840608
MAE: 3.6807057945816606
EVS: 0.2701672819925861
