Model: GRU
MSE: 17.985893672939678
MAE: 3.5150871630068177
EVS: 0.52865151959178
