Model: GRU
MSE: 17.233695784656643
MAE: 3.513882124865497
EVS: 0.598956502035535
