Model: GRU
MSE: 13.40930259418318
MAE: 3.1169693381698043
EVS: 0.6300308380944801
