Model: GRU
MSE: 13.924798920726584
MAE: 3.226534878766095
EVS: 0.6504266154562084
