Model: GRU
MSE: 18.957776792555908
MAE: 3.6232088936699762
EVS: 0.3724324320678055
