Model: GRU
MSE: 26.264094384465487
MAE: 4.227209444399233
EVS: 0.42630842575777694
