Model: GRU
MSE: 44.61500756219931
MAE: 5.441326706497757
EVS: -0.13945771002316554
