Model: GRU
MSE: 22.08747848334137
MAE: 3.85218494909781
EVS: 0.49187204855331956
