Model: GRU
MSE: 28.60839289959354
MAE: 4.4037586318122015
EVS: 0.2401342090286558
