Model: GRU
MSE: 31.159283858943557
MAE: 4.9182486887331365
EVS: 0.5804345744089342
