Model: GRU
MSE: 52.70677330899345
MAE: 5.94009671387849
EVS: -0.25746170837964866
