Model: GRU
MSE: 24.476750153316743
MAE: 4.091893955513283
EVS: 0.4040942920059526
