Model: GRU
MSE: 17.413283555972207
MAE: 3.5910858931364835
EVS: 0.5844946448971604
