Model: GRU
MSE: 10.489079716447131
MAE: 2.889463265736898
EVS: 0.6399591228520717
