Model: GRU
MSE: 17.889130407717353
MAE: 3.647310045030382
EVS: 0.409256634022072
