Model: GRU
MSE: 38.82720701777252
MAE: 5.209638030440719
EVS: 0.12574266103378007
