Model: GRU
MSE: 55.88113011066933
MAE: 6.154304751643428
EVS: -0.12827669235577055
