Model: GRU
MSE: 16.673598398057973
MAE: 3.5101247187013978
EVS: 0.6204405362452641
