Model: GRU
MSE: 18.238070176168904
MAE: 3.5464645668312356
EVS: 0.5315852847008459
