Model: GRU
MSE: 14.46342732276742
MAE: 3.2377353774176703
EVS: 0.6121990544743792
