Model: GRU
MSE: 16.554339903219596
MAE: 3.477668938813386
EVS: 0.5994867722296826
