Model: GRU
MSE: 20.296657497839256
MAE: 3.6689338154262967
EVS: 0.42641596879442034
