Model: GRU
MSE: 34.63495435920873
MAE: 5.3969279041996705
EVS: 0.6826756699555805
