Model: GRU
MSE: 12.48511583868992
MAE: 3.077385734628748
EVS: 0.6646930763616349
