Model: GRU
MSE: 18.676618590015888
MAE: 3.7164237057721174
EVS: 0.5209076462696866
