Model: GRU
MSE: 15.41351038864453
MAE: 3.3365723292032876
EVS: 0.6048570152445458
