Model: GRU
MSE: 17.006169099699104
MAE: 3.4279618086638273
EVS: 0.4440016140277896
