Model: GRU
MSE: 15.12147854916694
MAE: 3.314364927786368
EVS: 0.6350363232224945
