Model: GRU
MSE: 15.04827304485616
MAE: 3.3932052188449435
EVS: 0.5059713256087468
