Model: GRU
MSE: 37.387990546222575
MAE: 5.06027693218655
EVS: 0.010284284930032528
