Model: GRU
MSE: 16.731452617718315
MAE: 3.5139125188191733
EVS: 0.5863739067039397
