Model: GRU
MSE: 17.63069263465559
MAE: 3.772564993964301
EVS: 0.727451288802946
