Model: GRU
MSE: 15.749168607142337
MAE: 3.4073680065296315
EVS: 0.5002300052278523
