Model: GRU
MSE: 23.523693028293675
MAE: 4.1487104804427535
EVS: 0.6128734716887924
