Model: GRU
MSE: 17.24299098074224
MAE: 3.5478874665719493
EVS: 0.5854409294016772
