Model: GRU
MSE: 20.421609192648155
MAE: 3.792932316108986
EVS: 0.5304055253722801
