Model: GRU
MSE: 31.499406806091798
MAE: 4.691812868471499
EVS: 0.2311587915624398
