Model: GRU
MSE: 25.153798672991215
MAE: 4.153989950815837
EVS: 0.31946208147260946
