Model: GRU
MSE: 21.89211803672462
MAE: 3.853388380121302
EVS: 0.5026656254233004
