Model: GRU
MSE: 42.247324619848115
MAE: 5.3267647778546365
EVS: 0.09960873447656604
