Model: GRU
MSE: 16.89229998607398
MAE: 3.474498607494213
EVS: 0.5162199049026157
