Model: GRU
MSE: 16.064165033505972
MAE: 3.431650991793032
EVS: 0.7034333122237642
