Model: GRU
MSE: 15.387071516978217
MAE: 3.3573953840467663
EVS: 0.5435768192750394
