Model: GRU
MSE: 15.669509371957819
MAE: 3.366611374749078
EVS: 0.6162307964582017
