Model: GRU
MSE: 19.90722192217302
MAE: 3.697378317515055
EVS: 0.6280776249315903
