Model: GRU
MSE: 21.985367685187644
MAE: 3.945477732905635
EVS: 0.5748512481879182
