Model: GRU
MSE: 20.56971987319757
MAE: 3.7449271237408674
EVS: 0.4019772201387829
