Model: GRU
MSE: 20.789204168178046
MAE: 3.814764287736681
EVS: 0.5031715245488875
