Model: GRU
MSE: 24.211935003416574
MAE: 4.071618250438145
EVS: 0.35869412368889075
