Model: GRU
MSE: 16.946737483580424
MAE: 3.5818028450012207
EVS: 0.6549845174661095
