Model: GRU
MSE: 23.120925308811803
MAE: 4.0203820687753185
EVS: 0.4701710285746866
