Model: GRU
MSE: 40.8159932682765
MAE: 5.1292227904001875
EVS: -0.2087511229774437
