Model: GRU
MSE: 16.58567267698834
MAE: 3.5210562635351113
EVS: 0.6888984468858477
