Model: GRU
MSE: 15.1526860018834
MAE: 3.3358307944403753
EVS: 0.6206785943007687
