Model: GRU
MSE: 14.998663719396829
MAE: 3.2499224521495678
EVS: 0.5703051020244528
