Model: GRU
MSE: 23.611898112934753
MAE: 4.040044413672553
EVS: 0.44192384585011035
