Model: GRU
MSE: 55.68212834330856
MAE: 5.874923723715323
EVS: -0.10417708952089555
