Model: GRU
MSE: 20.921246731766914
MAE: 3.803758047245167
EVS: 0.5261049825715315
