Model: GRU
MSE: 16.242072327597775
MAE: 3.508853453176993
EVS: 0.06620379896587714
