Model: GRU
MSE: 50.02685766346861
MAE: 5.565101800141512
EVS: -1.1963385446502497
