Model: GRU
MSE: 22.884749569218894
MAE: 3.963992789939598
EVS: 0.48348734094298174
