Model: GRU
MSE: 33.690427110589134
MAE: 4.665189707720721
EVS: 0.1395689729854187
