Model: GRU
MSE: 17.18780434586761
MAE: 3.581626026718705
EVS: 0.6051090993510868
