Model: GRU
MSE: 22.101957654299603
MAE: 3.4844204102243697
EVS: 0.21934356818101952
