Model: GRU
MSE: 31.531236018177474
MAE: 4.881436241997613
EVS: 0.42275061984183726
