Model: GRU
MSE: 9.864734726303547
MAE: 2.6134271356794567
EVS: 0.6197340959619004
