Model: GRU
MSE: 6289.556985080904
MAE: 79.19721561008029
EVS: 0.0
