Model: GRU
MSE: 21.36722008159334
MAE: 3.8228919241163464
EVS: 0.41567522905676546
