Model: GRU
MSE: 20.11162929991131
MAE: 4.040131913291083
EVS: -0.044807760655189766
