Model: GRU
MSE: 26.204347157249043
MAE: 4.220817480768476
EVS: 0.2650141275833696
