Model: GRU
MSE: 12.450464891944556
MAE: 3.091261139622441
EVS: 0.6103967322580517
