Model: GRU
MSE: 25.3667562538886
MAE: 4.129670443358244
EVS: 0.34736274233311215
