Model: GRU
MSE: 28.1056607767164
MAE: 4.359424396797463
EVS: 0.28490866284593097
