Model: GRU
MSE: 28.87995449903139
MAE: 4.177431812992802
EVS: -0.07190821166892603
