Model: GRU
MSE: 22.522120534131158
MAE: 4.247311892332854
EVS: 0.6807889063504672
