Model: GRU
MSE: 8.37053713625764
MAE: 2.4114971072585494
EVS: 0.8038829746743544
