Model: GRU
MSE: 9.452766702033557
MAE: 2.3158111483962447
EVS: 0.4557437118525428
