Model: GRU
MSE: 23.598192099602002
MAE: 3.968069906587954
EVS: 0.4640677419558551
