Model: GRU
MSE: 17.279712849596265
MAE: 3.5771022549381963
EVS: 0.5989195109290397
