Model: GRU
MSE: 25.272750825639477
MAE: 4.2965352446944625
EVS: 0.523265456962035
