Model: GRU
MSE: 17.01029225703096
MAE: 3.584781805674235
EVS: 0.6406538165554798
