Model: GRU
MSE: 18.146899903975644
MAE: 3.5815481786374694
EVS: 0.504795680266099
