Model: GRU
MSE: 11.939313357665991
MAE: 3.0485433295921043
EVS: 0.785098466910441
