Model: GRU
MSE: 12.153793967073605
MAE: 3.0674925821798817
EVS: 0.6687776842660367
