Model: GRU
MSE: 27.121754296920944
MAE: 4.319020884377616
EVS: 0.45591396775861026
