Model: GRU
MSE: 20.452062383908807
MAE: 3.785073068406847
EVS: 0.45935823420075217
