Model: GRU
MSE: 13.533435658475607
MAE: 3.162467921221698
EVS: 0.6844140606435114
