Model: GRU
MSE: 23629.67022065545
MAE: 153.66298251681857
EVS: 0.0
