Model: GRU
MSE: 16.349848756790816
MAE: 3.482147358081959
EVS: 0.6398156836989761
