Model: GRU
MSE: 36.17574727284291
MAE: 5.148307411758988
EVS: 0.3312683185411329
