Model: GRU
MSE: 33.80847662310043
MAE: 4.9101776900114835
EVS: 0.08378417208563771
