Model: GRU
MSE: 20.080501497106653
MAE: 3.896584493142587
EVS: 0.5686964583144217
