Model: GRU
MSE: 18.96438906633004
MAE: 3.5496489030343517
EVS: 0.5199762062601703
