Model: GRU
MSE: 13.90732010709179
MAE: 3.143982004236292
EVS: 0.5972429306993282
