Model: GRU
MSE: 17.799229416559456
MAE: 3.5926217149805137
EVS: 0.6086848043138064
