Model: GRU
MSE: 20.20696268565444
MAE: 3.961161737088804
EVS: 0.7274567496544834
