Model: GRU
MSE: 12.471343970545957
MAE: 3.166721732528121
EVS: 0.5151650740054994
