Model: GRU
MSE: 15.182826231369173
MAE: 3.3527552993209273
EVS: 0.614856448270778
