Model: GRU
MSE: 26.55389865417644
MAE: 4.371722839496754
EVS: 0.20586355544532764
