Model: GRU
MSE: 111.08805715464597
MAE: 8.345649834032413
EVS: -4.376263373984329
