Model: GRU
MSE: 12.118437820663042
MAE: 3.088563601175944
EVS: 0.6354155098893154
