Model: GRU
MSE: 28.312434476521503
MAE: 4.4228250097345425
EVS: 0.3533199934565122
