Model: GRU
MSE: 19.215945285805784
MAE: 3.832108638904713
EVS: 0.6043719333829107
