Model: GRU
MSE: 31.57833579546996
MAE: 4.662602583567302
EVS: 0.2065797031391694
