Model: GRU
MSE: 14.920590328208213
MAE: 3.2395251592000327
EVS: 0.6806187206064394
