Model: GRU
MSE: 23.879484445737734
MAE: 4.159078121185303
EVS: 0.49905577848076177
