Model: GRU
MSE: 26.701343453517573
MAE: 4.469081878662109
EVS: 0.5213351650656989
