Model: GRU
MSE: 11.366556515291904
MAE: 2.9560923399748624
EVS: 0.6430038714081994
