Model: GRU
MSE: 377.1296088854783
MAE: 19.05954911973741
EVS: 0.20133791233185927
