Model: GRU
MSE: 18.564516021374697
MAE: 3.5862715155990035
EVS: 0.3353248708285592
