Model: GRU
MSE: 21.80714076298527
MAE: 3.8290979244090892
EVS: 0.4763529933800634
