Model: GRU
MSE: 15.474129900642984
MAE: 3.2852764836064092
EVS: 0.6455003241900318
