Model: GRU
MSE: 16.654404162972746
MAE: 3.5016860608701355
EVS: 0.5446359199848407
