Model: GRU
MSE: 20.541263088740717
MAE: 3.7853451128359192
EVS: 0.4444373853230922
