Model: GRU
MSE: 17.00415538151154
MAE: 3.612276624750208
EVS: 0.6369285497202175
