Model: GRU
MSE: 14.863130003923962
MAE: 3.3067039207175926
EVS: 0.5891934917211419
