Model: GRU
MSE: 19.81597427450751
MAE: 3.736712597034596
EVS: 0.5478501558328563
