Model: GRU
MSE: 22.521518184850297
MAE: 3.9695586451777705
EVS: 0.5195965169857113
