Model: GRU
MSE: 25.99996933581452
MAE: 4.293077203962538
EVS: 0.3260932293179236
