Model: GRU
MSE: 19.19426959203162
MAE: 3.642718968568025
EVS: 0.46198578022653414
