Model: GRU
MSE: 21.22962906130982
MAE: 3.8715318927058466
EVS: 0.4616332497458324
