Model: GRU
MSE: 28.775911968326568
MAE: 4.328883613858904
EVS: 0.20718565369955633
