Model: GRU
MSE: 15.757733811238385
MAE: 3.4395422052454063
EVS: 0.7286387427922234
