Model: GRU
MSE: 34.29606226872506
MAE: 4.768907970852322
EVS: 0.3822365771979056
