Model: GRU
MSE: 9.378195480589703
MAE: 2.567591976236414
EVS: 0.6591779910170431
