Model: GRU
MSE: 14.321910056109434
MAE: 3.1985657303421586
EVS: 0.17764289203799033
