Model: GRU
MSE: 25.381030679984203
MAE: 4.306615670522054
EVS: 0.5096315825313154
