Model: GRU
MSE: 19.083054641861576
MAE: 3.747031776993363
EVS: 0.6384661780974836
