Model: GRU
MSE: 111.47775349465256
MAE: 9.006045606401232
EVS: -0.16754167313171986
