Model: GRU
MSE: 23.016018827596916
MAE: 4.141988895557545
EVS: 0.6390368698592594
