Model: GRU
MSE: 37.389977661317396
MAE: 5.032793857433178
EVS: -0.6555228694025663
