Model: GRU
MSE: 22.556208100354826
MAE: 3.951355404324002
EVS: 0.424486107327565
