Model: GRU
MSE: 13.60939243703542
MAE: 2.8535957071516247
EVS: 0.5515271994031308
