Model: GRU
MSE: 14.104455023020305
MAE: 3.2832028247691967
EVS: 0.5913463192078905
