Model: GRU
MSE: 18.569962067015737
MAE: 3.586766755139386
EVS: 0.5650634834264885
