Model: GRU
MSE: 22.39817664929198
MAE: 3.9647435258935997
EVS: 0.4919513559489336
