Model: GRU
MSE: 16.665261381976475
MAE: 3.4715877462316445
EVS: 0.5249327206913545
