Model: GRU
MSE: 17.797064309939692
MAE: 3.4478865023012513
EVS: 0.46752777551906854
