Model: GRU
MSE: 18.57144937823759
MAE: 3.7190742139463073
EVS: 0.5157153203995863
