Model: GRU
MSE: 16.59654221814744
MAE: 3.574094472108064
EVS: 0.5255632713598879
