Model: GRU
MSE: 24.101740416320908
MAE: 4.0390865184642655
EVS: 0.33972814645110616
