Model: GRU
MSE: 21.02186605901937
MAE: 3.859213599452266
EVS: 0.47213529234463003
