Model: GRU
MSE: 16.472960291853717
MAE: 3.4165750256291143
EVS: 0.6050622938410142
