Model: GRU
MSE: 31.7502586583613
MAE: 4.762672353673865
EVS: 0.37216047900756033
