Model: GRU
MSE: 21.431671821996435
MAE: 3.823146360891837
EVS: 0.41805100978089194
