Model: GRU
MSE: 15.45032774024924
MAE: 3.4430039723714194
EVS: 0.7006750953923686
