Model: GRU
MSE: 31.624887257097743
MAE: 4.632158385382758
EVS: -0.05656570854192955
