Model: GRU
MSE: 10.543440658138184
MAE: 2.660571063006366
EVS: 0.6706723398099039
