Model: GRU
MSE: 23.90158257341898
MAE: 4.069531635001853
EVS: 0.32288197341528924
