Model: GRU
MSE: 16.340548391266164
MAE: 3.3229365613725452
EVS: 0.09906998345129991
