Model: GRU
MSE: 22.075094110864452
MAE: 3.853357774239999
EVS: 0.41560180541889735
