Model: GRU
MSE: 32.25612740851381
MAE: 4.775429584361889
EVS: 0.3326128279947781
