Model: GRU
MSE: 14.668519142928087
MAE: 3.347932497660319
EVS: 0.5137108343096108
