Model: GRU
MSE: 14.646017410451627
MAE: 3.33269523691248
EVS: 0.6744007977951398
