Model: GRU
MSE: 15.292004063591767
MAE: 3.306678401099311
EVS: 0.6454792403417715
