Model: GRU
MSE: 28.079584996277973
MAE: 4.346268424281368
EVS: 0.23824572248044207
