Model: GRU
MSE: 14.362912647229004
MAE: 3.3319580996478044
EVS: 0.5378374803249777
