Model: GRU
MSE: 29.673465676009595
MAE: 4.531300897951479
EVS: 0.06785767838456092
