Model: GRU
MSE: 17.011768517114096
MAE: 3.473936010290075
EVS: 0.6672158899904987
