Model: GRU
MSE: 14.29320304570316
MAE: 3.2861227106165
EVS: 0.5510722476213219
