Model: GRU
MSE: 31.33482972836928
MAE: 4.744886159896851
EVS: 0.4490630635399778
