Model: GRU
MSE: 17.65870908430659
MAE: 3.5816010722407587
EVS: 0.5737401499867201
