Model: GRU
MSE: 36.39870052213593
MAE: 4.578228297056975
EVS: -0.3000593536614897
