Model: GRU
MSE: 13.705111881633659
MAE: 3.3281419188887984
EVS: 0.5613118235261214
