Model: GRU
MSE: 18.456992699742486
MAE: 3.5884607103135853
EVS: 0.3887425175094852
