Model: GRU
MSE: 26.222144712632236
MAE: 4.2926315201653376
EVS: 0.4460971916646944
