Model: GRU
MSE: 16.89623159356716
MAE: 3.5091942151387534
EVS: 0.6200241935108125
