Model: GRU
MSE: 19.72867146762546
MAE: 3.7527390586005316
EVS: 0.3949777965295944
