Model: GRU
MSE: 22.907584787881174
MAE: 3.900212146617748
EVS: 0.5250258493996486
