Model: GRU
MSE: 16.57407637798201
MAE: 3.441975752512614
EVS: 0.5658912363697146
