Model: GRU
MSE: 13.348287130997951
MAE: 3.202625928101716
EVS: 0.5428151207356711
