Model: GRU
MSE: 21.551486215531625
MAE: 3.9327451564647533
EVS: 0.5116745122248276
