Model: GRU
MSE: 28.395422575894045
MAE: 4.50245964968646
EVS: 0.4068919002258764
