Model: GRU
MSE: 14.672051918510677
MAE: 3.3166858708416975
EVS: 0.6004695842153711
