Model: GRU
MSE: 15.90555035462114
MAE: 3.315993971294827
EVS: 0.57594336019937
