Model: GRU
MSE: 17.164367091603953
MAE: 3.5748996558012784
EVS: 0.5932618706766634
