Model: GRU
MSE: 20.03160659980556
MAE: 3.6673392719692655
EVS: 0.45485748589183816
