Model: GRU
MSE: 90.34039997415591
MAE: 7.3503804648364035
EVS: -2.6053731293169915
