Model: GRU
MSE: 14.983686590289576
MAE: 3.4451586846952087
EVS: 0.7224962727512318
