Model: GRU
MSE: 17.203945900573217
MAE: 3.5504530094288014
EVS: 0.523923905559107
