Model: GRU
MSE: 15.709705653116528
MAE: 3.336702170195403
EVS: 0.6789199034167934
