Model: GRU
MSE: 17.16566617847306
MAE: 3.64755176614832
EVS: 0.660981150391664
