Model: GRU
MSE: 29.225291654450082
MAE: 4.467591577106052
EVS: -0.023373821175652232
