Model: GRU
MSE: 15.870489098728605
MAE: 3.465879369665075
EVS: 0.45768865658043834
