Model: GRU
MSE: 19.28199961743756
MAE: 3.7224568967466003
EVS: 0.5802085277344198
