Model: GRU
MSE: 19.06048878992356
MAE: 3.9317968863028065
EVS: 0.6364050891710584
