Model: GRU
MSE: 14.777215891444662
MAE: 3.268710224716752
EVS: 0.5083440850984384
