Model: GRU
MSE: 33.00931903039654
MAE: 4.660055337128816
EVS: 0.19150738302821813
