Model: GRU
MSE: 24.97377745855462
MAE: 4.2561696370442705
EVS: 0.47305281174465363
