Model: GRU
MSE: 22.679242946051176
MAE: 3.8681489096747503
EVS: 0.46233717538874697
