Model: GRU
MSE: 19.207368329313905
MAE: 3.7113196938126176
EVS: 0.561455781139542
