Model: GRU
MSE: 26.708576503574054
MAE: 4.396742114314327
EVS: 0.5133768931073168
