Model: GRU
MSE: 17.70629172088122
MAE: 3.530331982506646
EVS: 0.5790605962519764
