Model: GRU
MSE: 23.63709274555417
MAE: 4.041889243655735
EVS: 0.32379319137047713
