Model: GRU
MSE: 28.78769484127743
MAE: 4.498283668800637
EVS: 0.3696400181874635
