Model: GRU
MSE: 31.858200853539387
MAE: 4.594250237500226
EVS: 0.24260758007183425
