Model: GRU
MSE: 34.201720719671755
MAE: 4.708815239093922
EVS: 0.22571157281376408
