Model: GRU
MSE: 14.826250731191083
MAE: 3.2938884099324546
EVS: 0.6442733697770496
