Model: GRU
MSE: 22.66052260932472
MAE: 3.920221487681071
EVS: 0.42391081689590115
