Model: GRU
MSE: 21.465852501616027
MAE: 4.1324431542997
EVS: -0.07599867197669319
