Model: GRU
MSE: 14.726489552428768
MAE: 3.3719141041791
EVS: 0.6737656083331167
