Model: GRU
MSE: 19.814817101736768
MAE: 3.672353002760145
EVS: 0.44732840821020015
