Model: GRU
MSE: 29.649438238382917
MAE: 4.445441864154957
EVS: 0.26435678225660153
