Model: GRU
MSE: 32.286304234918056
MAE: 4.648765908347236
EVS: 0.23134867607150988
