Model: GRU
MSE: 24.71653124431803
MAE: 4.227455209802698
EVS: 0.553944030141446
