Model: GRU
MSE: 13.517539636729756
MAE: 3.2383660916928894
EVS: 0.5567762246062353
