Model: GRU
MSE: 14.9058540025722
MAE: 3.3471708827548556
EVS: 0.5799780144536514
