Model: GRU
MSE: 31.92335474140095
MAE: 4.727402934321651
EVS: 0.3597366316584081
