Model: GRU
MSE: 18.608497889076617
MAE: 3.5764795232702187
EVS: 0.4298628839894957
