Model: GRU
MSE: 5.376358551567383
MAE: 1.6502232639877885
EVS: 0.705547478243109
