Model: GRU
MSE: 14.624313999196804
MAE: 3.2782040348759405
EVS: 0.5982735566320033
