Model: GRU
MSE: 23.7322406938836
MAE: 3.9736782533151134
EVS: 0.4404928677865483
