Model: GRU
MSE: 94.61809863680301
MAE: 7.838214362109149
EVS: -1.0474456682875255
