Model: GRU
MSE: 24.147464905928086
MAE: 4.456991566552056
EVS: 0.7300270454320708
