Model: GRU
MSE: 16.06046493184783
MAE: 3.5060941908094616
EVS: 0.5132455988191009
