Model: GRU
MSE: 16.757865589307293
MAE: 3.3203564131701433
EVS: 0.10195499228103444
