Model: GRU
MSE: 15.610166585969605
MAE: 3.2102732923295765
EVS: 0.6098831813319361
