Model: GRU
MSE: 10.659385874071619
MAE: 2.698583620565909
EVS: 0.639080597085349
