Model: GRU
MSE: 14.41231210107851
MAE: 3.356083905255353
EVS: 0.48371310716631677
