Model: GRU
MSE: 30.112222041709856
MAE: 4.493755252272995
EVS: 0.2563815988763335
