Model: GRU
MSE: 15.974481413903126
MAE: 3.4064521966157137
EVS: 0.5661268403465793
