Model: GRU
MSE: 29.97040842034439
MAE: 4.505732765904179
EVS: 0.1899109776879967
