Model: GRU
MSE: 14.89914108312479
MAE: 3.304011592158565
EVS: 0.6700206376283281
