Model: GRU
MSE: 22.333198704174272
MAE: 3.9842596937108925
EVS: 0.2825218622397945
