Model: GRU
MSE: 20.955981063121456
MAE: 3.66071856463397
EVS: 0.3351348680074234
