Model: GRU
MSE: 27.16165011785005
MAE: 4.523130752422191
EVS: 0.6138421028010246
