Model: GRU
MSE: 18.78053973748158
MAE: 3.5352776138870805
EVS: 0.4824524559868696
