Model: GRU
MSE: 22.223626224620038
MAE: 4.085056234289099
EVS: -0.025614096634894112
