Model: GRU
MSE: 13.578573862124173
MAE: 3.2294290683887623
EVS: 0.6007558656091994
