Model: GRU
MSE: 28.432535095226672
MAE: 4.3854387424610275
EVS: 0.3113264773638743
