Model: GRU
MSE: 16.734075134224238
MAE: 3.4658547860604747
EVS: 0.6163328894123149
