Model: GRU
MSE: 35.95621093279574
MAE: 5.063097085271563
EVS: 0.3339457841161839
