Model: GRU
MSE: 12.22122752091794
MAE: 3.0807306501600475
EVS: 0.6270584489458416
