Model: GRU
MSE: 15.083225152333103
MAE: 3.3092058146441423
EVS: 0.5465473243522097
