Model: GRU
MSE: 23.890383893135013
MAE: 3.94423030923914
EVS: 0.30697456358891684
