Model: GRU
MSE: 10.636334919220335
MAE: 2.7866402290485524
EVS: 0.679103708093443
