Model: GRU
MSE: 19.987488326788682
MAE: 3.7340001706723815
EVS: 0.38448159553097117
