Model: GRU
MSE: 21.976436788840417
MAE: 3.939695534882722
EVS: 0.4287116841444417
