Model: GRU
MSE: 16.56319824519891
MAE: 3.430980399802879
EVS: 0.4350682731085893
