Model: GRU
MSE: 23.06021141415227
MAE: 4.183879145869502
EVS: -0.051258166463922006
