Model: GRU
MSE: 23.707686671128673
MAE: 4.0329374472300215
EVS: 0.4484876609617926
