Model: GRU
MSE: 21.114161942293904
MAE: 3.8413796071653015
EVS: 0.3729437845217225
