Model: GRU
MSE: 15.129506115739197
MAE: 3.352182635554561
EVS: 0.5486742441031776
