Model: GRU
MSE: 14.976317608333332
MAE: 3.3528494834899902
EVS: 0.5387553145514143
