Model: GRU
MSE: 23.311271873726852
MAE: 4.028990145082827
EVS: 0.3334011622379176
