Model: GRU
MSE: 18.266354680624797
MAE: 3.6868829197353787
EVS: 0.5942898405278223
