Model: GRU
MSE: 20.02639338770536
MAE: 3.8359804859867803
EVS: 0.6789584501071159
