Model: GRU
MSE: 12.919016004119747
MAE: 3.144030906535961
EVS: 0.6086854079210919
