Model: GRU
MSE: 29.119465328213884
MAE: 4.5305262671576605
EVS: 0.40994692055248527
