Model: GRU
MSE: 20.000898972578366
MAE: 3.7371622368141457
EVS: 0.48420843814074355
