Model: GRU
MSE: 18.372021608755638
MAE: 3.64240766454626
EVS: 0.5023886413360424
