Model: GRU
MSE: 16.85156320243255
MAE: 3.4757116812246815
EVS: 0.6423621476926472
