Model: GRU
MSE: 18.22025913012055
MAE: 3.794181788409198
EVS: 0.6589577257794461
