Model: GRU
MSE: 17.591333615458257
MAE: 3.361312848550302
EVS: 0.4760865387672085
