Model: GRU
MSE: 17.22514508677944
MAE: 3.5335103140936956
EVS: 0.5734059286196688
