Model: GRU
MSE: 19.92054001659883
MAE: 3.722903022059688
EVS: 0.41705243338927167
