Model: GRU
MSE: 23.655997281596775
MAE: 3.9902729634885437
EVS: 0.35519588272526925
