Model: GRU
MSE: 18.970452704504083
MAE: 3.6342141893174915
EVS: 0.49622016204975017
