Model: GRU
MSE: 10.649583761791552
MAE: 2.80494193677549
EVS: 0.7347531990976229
