Model: GRU
MSE: 19.48393372814378
MAE: 3.7212319903903537
EVS: 0.49510897437761836
