Model: GRU
MSE: 18.192878121422467
MAE: 3.6251376469930015
EVS: 0.5987834046577101
