Model: GRU
MSE: 18.91481225245507
MAE: 3.686972706406205
EVS: 0.500021052659225
