Model: GRU
MSE: 21.297231591575922
MAE: 3.850949075486925
EVS: 0.5099771802720438
