Model: GRU
MSE: 10.48328575999037
MAE: 2.7490151546619557
EVS: 0.7077205072404958
