Model: GRU
MSE: 16.36554875314211
MAE: 3.470539923067446
EVS: 0.5818709923085972
