Model: GRU
MSE: 16.81332084618464
MAE: 3.4735065036349826
EVS: 0.524441463004939
