Model: GRU
MSE: 46.4508500417073
MAE: 5.428322633107503
EVS: -0.20749850634031342
