Model: GRU
MSE: 22.223640984539433
MAE: 4.077582800829852
EVS: 0.6007797154936703
