Model: GRU
MSE: 12.936999845272416
MAE: 2.597015522144459
EVS: 0.5148882314857277
