Model: GRU
MSE: 13.082314660445052
MAE: 3.1092864319130227
EVS: 0.6359711139468642
