Model: GRU
MSE: 13.041996436100169
MAE: 3.0619174992596663
EVS: 0.6384599590714203
