Model: GRU
MSE: 17.490054815976354
MAE: 3.631384602299443
EVS: 0.4897995587340447
