Model: GRU
MSE: 33.21471910516984
MAE: 4.847394113187437
EVS: 0.4474251391342411
