Model: GRU
MSE: 21.246682732135383
MAE: 3.8252212736341686
EVS: 0.5588553442891997
