Model: GRU
MSE: 12.801406215333794
MAE: 3.113028879518862
EVS: 0.7177880157484126
