Model: GRU
MSE: 24.22403105347146
MAE: 4.002453238875778
EVS: 0.40570544786452334
