Model: GRU
MSE: 15.947570682795206
MAE: 3.4419529702928333
EVS: 0.53423344869377
