Model: GRU
MSE: 19.50208026868154
MAE: 3.5588473037437156
EVS: 0.3928933810478733
