Model: GRU
MSE: 9.546540423707576
MAE: 2.6134299525508173
EVS: 0.7128620402407057
