Model: GRU
MSE: 15.67030062093336
MAE: 3.4247559794673212
EVS: 0.5353124285327213
