Model: GRU
MSE: 16.81569619268706
MAE: 3.559583275406449
EVS: 0.5981412291000636
