Model: GRU
MSE: 19.97325155088231
MAE: 4.010388286025436
EVS: -0.029711898778238766
