Model: GRU
MSE: 20.790269578859057
MAE: 3.9806936935142234
EVS: 0.6201452287221724
