Model: GRU
MSE: 17.952443168807264
MAE: 3.6928515610871493
EVS: 0.6898266648667188
