Model: GRU
MSE: 28.381080026755214
MAE: 4.397042292135733
EVS: 0.4385809538795211
