Model: GRU
MSE: 17.102429555673012
MAE: 3.525512730633771
EVS: 0.6576075967088264
