Model: GRU
MSE: 13.064438634267221
MAE: 3.1251843063919633
EVS: 0.648941668245261
