Model: GRU
MSE: 10.978606657149259
MAE: 2.8906743084942854
EVS: 0.7128873842744481
