Model: GRU
MSE: 17.78041904875342
MAE: 3.586323720437509
EVS: 0.40783490931414246
