Model: GRU
MSE: 17.514648404463774
MAE: 3.552240460007279
EVS: 0.5962762169448506
