Model: GRU
MSE: 9.21581767161557
MAE: 2.6849173263267234
EVS: 0.6776495168667991
