Model: GRU
MSE: 9.327678460564714
MAE: 2.731757676159894
EVS: 0.6460088827088528
