Model: GRU
MSE: 27.085041938366917
MAE: 4.392870938336408
EVS: 0.4729656883919551
