Model: GRU
MSE: 25.880738178498614
MAE: 4.321703169080946
EVS: 0.6273552696079453
