Model: GRU
MSE: 18.704173247426095
MAE: 3.741373485989041
EVS: 0.6045451041226505
