Model: GRU
MSE: 24.32382373484636
MAE: 4.281985565468117
EVS: 0.6022974810344749
