Model: GRU
MSE: 16.000646340392382
MAE: 3.4600114822387695
EVS: 0.5532617021809576
