Model: GRU
MSE: 19.262820738511596
MAE: 3.8012292120191784
EVS: 0.4604445665933232
