Model: GRU
MSE: 12.680059023885565
MAE: 3.043818067621302
EVS: 0.7188098001267145
