Model: GRU
MSE: 15.843269307515236
MAE: 2.923704597685072
EVS: 0.41168006844387683
