Model: GRU
MSE: 20.067479558051506
MAE: 3.759462497852467
EVS: 0.5909620397668154
