Model: GRU
MSE: 22.155438114330764
MAE: 3.917336587552671
EVS: 0.4305683343834614
