Model: GRU
MSE: 40.890974300027025
MAE: 5.3489720379864725
EVS: 0.0037967127907624354
