Model: GRU
MSE: 19.607376029457697
MAE: 3.7705456945631237
EVS: 0.605649979601558
