Model: GRU
MSE: 23.40251876757687
MAE: 3.985379113091363
EVS: 0.31288383049533663
