Model: GRU
MSE: 17.9609367379929
MAE: 3.6146044201321073
EVS: 0.6612695060956204
