Model: GRU
MSE: 43.870513655175984
MAE: 5.2941399327030885
EVS: -0.0114190317734153
