Model: GRU
MSE: 15.345403782494705
MAE: 3.3237956011736833
EVS: 0.6982072049197461
