Model: GRU
MSE: 24.73472460623985
MAE: 4.405632707807753
EVS: 0.6932182581359283
