Model: GRU
MSE: 22.826043010874603
MAE: 3.924741780316388
EVS: 0.44294065270480387
