Model: GRU
MSE: 27.64539021065732
MAE: 4.336449676089817
EVS: 0.3299768429968877
