Model: GRU
MSE: 19.53455849565169
MAE: 3.845144271850586
EVS: 0.6719141877506911
