Model: GRU
MSE: 26.63109546069383
MAE: 4.38686501538312
EVS: 0.4630464155492239
