Model: GRU
MSE: 1728.3644336428717
MAE: 41.140764730947986
EVS: -0.3764156268238903
