Model: GRU
MSE: 14.088785662214924
MAE: 3.246457718036793
EVS: 0.5531287608361786
