Model: GRU
MSE: 22.804557201569196
MAE: 4.027933173709446
EVS: 0.6046063918567355
