Model: GRU
MSE: 22.34141289035051
MAE: 4.053863878603335
EVS: 0.46830274712687814
