Model: GRU
MSE: 16.437639648879355
MAE: 3.3460755701418274
EVS: 0.498714639735084
