Model: GRU
MSE: 28.237125372087686
MAE: 4.621354756531892
EVS: 0.6322212511439265
