Model: GRU
MSE: 34.63598525657518
MAE: 4.635071480715716
EVS: 0.019538752089571787
