Model: GRU
MSE: 7.804320074153437
MAE: 1.9292001635939986
EVS: 0.6058297126222614
