Model: GRU
MSE: 26.62083965966304
MAE: 4.301642779950742
EVS: 0.2961825921862875
