Model: GRU
MSE: 40.54525489926915
MAE: 5.233616881900364
EVS: 0.01606152239235159
