Model: GRU
MSE: 15.920951593930356
MAE: 3.3845680554707847
EVS: 0.6039418246671651
