Model: GRU
MSE: 20.17277473277961
MAE: 3.799373732672797
EVS: 0.5672177112715736
