Model: GRU
MSE: 112.66364336882783
MAE: 8.088995156464753
EVS: -3.4573389788207187
