Model: GRU
MSE: 16.550719191563783
MAE: 3.4759292249326355
EVS: 0.6762369148989011
