Model: GRU
MSE: 21.653041666243293
MAE: 3.8775862058003745
EVS: 0.537219127550106
