Model: GRU
MSE: 16.170314461012595
MAE: 3.4986877971225314
EVS: 0.6619155516317476
