Model: GRU
MSE: 21.990766888353466
MAE: 3.9342652956644693
EVS: 0.36906347841591103
