Model: GRU
MSE: 15.570105446290823
MAE: 3.367042647467719
EVS: 0.6261902445507648
