Model: GRU
MSE: 20.846470790744267
MAE: 3.9955331484476724
EVS: 0.62899281759626
