Model: GRU
MSE: 29.415290455406026
MAE: 4.503351776688187
EVS: 0.32678725277744614
