Model: GRU
MSE: 20.28239023569761
MAE: 3.7269099906638816
EVS: 0.4652770222328373
