Model: GRU
MSE: 25.489514455575957
MAE: 4.130762064898455
EVS: 0.30692404716655464
