Model: GRU
MSE: 41.157112544805756
MAE: 5.216507876360858
EVS: 0.08876071203274749
