Model: GRU
MSE: 24.954138296449486
MAE: 4.228962156507704
EVS: 0.45682918092007585
