Model: GRU
MSE: 18.940647970626657
MAE: 3.5428815417819552
EVS: 0.4786887999233559
