Model: GRU
MSE: 22.459725704220478
MAE: 3.94404990584762
EVS: 0.5385427715521534
