Model: GRU
MSE: 19.835800155287433
MAE: 3.9423929497047707
EVS: 0.6140144618234469
