Model: GRU
MSE: 547.4900191447863
MAE: 23.120437480785228
EVS: 0.2547890631629337
