Model: GRU
MSE: 24.63217049037862
MAE: 4.162833178484881
EVS: 0.4511606281271483
