Model: GRU
MSE: 23.636414070590178
MAE: 4.034706380632189
EVS: 0.42838863765613
