Model: GRU
MSE: 17.43249609012803
MAE: 3.504961296364113
EVS: 0.47863785773752354
