Model: GRU
MSE: 19.45817123233962
MAE: 3.7321588728162975
EVS: 0.6228641120924109
