Model: GRU
MSE: 11.771567704348703
MAE: 2.9753470244231046
EVS: 0.7165823992865377
