Model: GRU
MSE: 17.232603969049578
MAE: 3.5917828701160572
EVS: 0.6360487651983746
