Model: GRU
MSE: 23.313772623849808
MAE: 4.015691227383083
EVS: 0.4046424279907438
