Model: GRU
MSE: 18.84245791647515
MAE: 3.8458226875022605
EVS: 0.6433508271937802
