Model: GRU
MSE: 33.1480020210303
MAE: 4.958088168391475
EVS: 0.5903065406279113
