Model: GRU
MSE: 32.45736653143367
MAE: 4.7485629717508955
EVS: 0.4691112569234195
