Model: GRU
MSE: 28.66017079434028
MAE: 4.5460850750958475
EVS: 0.41191501424450927
