Model: GRU
MSE: 9.972947162278471
MAE: 2.787087846685339
EVS: 0.6772586603543469
