Model: GRU
MSE: 20.55675612535542
MAE: 3.767873622753002
EVS: 0.5227634061658375
