Model: GRU
MSE: 21.892255418215495
MAE: 4.112552042360659
EVS: 0.5888118705552661
