Model: GRU
MSE: 22.06852686617127
MAE: 3.9565285046895347
EVS: 0.5550471566128414
