Model: GRU
MSE: 16.689245779285912
MAE: 3.445561444317853
EVS: 0.7025741541352187
