Model: GRU
MSE: 22.207785075750593
MAE: 3.9044364293416343
EVS: 0.4603181407759226
