Model: GRU
MSE: 18.06336735771538
MAE: 3.5026887964319298
EVS: 0.5454145782271502
