Model: GRU
MSE: 22.9445345757511
MAE: 4.0052047835456
EVS: 0.5689144597324706
