Model: GRU
MSE: 22.760936663720603
MAE: 3.937602237418846
EVS: 0.5526614077810177
