Model: GRU
MSE: 38.66941642668708
MAE: 5.094311015946524
EVS: -0.00932737182516541
