Model: GRU
MSE: 14.99683446370457
MAE: 3.3008609877692328
EVS: 0.6335015851066861
