Model: GRU
MSE: 24.805620825986747
MAE: 4.050466590457493
EVS: -0.16660045633839093
