Model: GRU
MSE: 26.706929127336977
MAE: 4.365364586865461
EVS: 0.4540996265495242
