Model: GRU
MSE: 14.71866688894542
MAE: 3.3787774686460144
EVS: 0.5626902064379409
