Model: GRU
MSE: 22.598325422395117
MAE: 3.802822951917295
EVS: 0.2379449631795345
