Model: GRU
MSE: 19.554505150062337
MAE: 3.7829943233066134
EVS: 0.6391628540865156
