Model: GRU
MSE: 16.341611937949597
MAE: 3.479833373317012
EVS: 0.5817313598987504
