Model: GRU
MSE: 22.588819098585695
MAE: 3.9950178640860097
EVS: 0.5093242793179457
