Model: GRU
MSE: 19.761931790627607
MAE: 3.6035603417290583
EVS: 0.30480543339620547
