Model: GRU
MSE: 22.920048109701586
MAE: 3.994320410269278
EVS: 0.4512237198407013
