Model: GRU
MSE: 19.543079724094063
MAE: 3.8012561621489347
EVS: 0.6270417420094232
