Model: GRU
MSE: 27.794146873730856
MAE: 4.366149301882143
EVS: 0.2812885152583332
