Model: GRU
MSE: 18.720097630644787
MAE: 3.641963570206254
EVS: 0.49300781919160963
