Model: GRU
MSE: 28.0611813511461
MAE: 4.361064169141981
EVS: 0.288242925906398
