Model: GRU
MSE: 32.78177589177181
MAE: 4.560376449867531
EVS: -0.4819302952055622
