Model: GRU
MSE: 14.840577137089996
MAE: 3.3251189479121455
EVS: 0.6101247895593231
