Model: GRU
MSE: 18.37013534629032
MAE: 3.7365486180340803
EVS: 0.7489570122253795
