Model: GRU
MSE: 22.535407497210354
MAE: 3.9855007418879755
EVS: 0.4403140005221634
