Model: GRU
MSE: 20.01920468007871
MAE: 3.611067807232892
EVS: 0.45896223315853346
