Model: GRU
MSE: 20.77046741100562
MAE: 3.8573487952903465
EVS: 0.5356617544427396
