Model: GRU
MSE: 17.781239426901443
MAE: 3.555298363720929
EVS: 0.606173693789155
