Model: GRU
MSE: 21.314432723426794
MAE: 3.8300119329381874
EVS: 0.4133414071652034
