Model: GRU
MSE: 9.128562087236704
MAE: 2.5295728224295155
EVS: 0.7637260051888493
