Model: GRU
MSE: 16.74453644846413
MAE: 3.627045684390598
EVS: 0.35037047183306447
