Model: GRU
MSE: 12.93110708035315
MAE: 3.131726618166323
EVS: 0.6869410037178824
