Model: GRU
MSE: 20.048268306323102
MAE: 3.306377896556148
EVS: -0.13193650621126252
