Model: GRU
MSE: 17.82204964930153
MAE: 3.6254574634410717
EVS: 0.4945718170741088
