Model: GRU
MSE: 18.050115000190814
MAE: 3.5234820401227034
EVS: 0.641457587366763
