Model: GRU
MSE: 18.04874671505488
MAE: 3.6731185913085938
EVS: 0.5912828476929715
