Model: GRU
MSE: 11.69813053689298
MAE: 2.9859400855170355
EVS: 0.6165802699248969
