Model: GRU
MSE: 19.87019812878944
MAE: 3.7669525852909795
EVS: 0.4952415846496979
