Model: GRU
MSE: 12.024843561987677
MAE: 2.9213066984105995
EVS: 0.33840318069183184
