Model: GRU
MSE: 26.94887435321661
MAE: 4.229383336173163
EVS: 0.3636757648509713
