Model: GRU
MSE: 23.156043845419557
MAE: 4.264075385199653
EVS: 0.667240727381628
