Model: GRU
MSE: 20.541044182268916
MAE: 3.8569098755165383
EVS: 0.34947087251296494
