Model: GRU
MSE: 14.521356997724709
MAE: 3.3311227515891746
EVS: 0.5072001651513902
