Model: GRU
MSE: 18.90898563186706
MAE: 3.6507074214794017
EVS: 0.6520170676845565
