Model: GRU
MSE: 16.354947532354018
MAE: 3.2784186292577675
EVS: 0.4591871921602373
