Model: GRU
MSE: 20.694293437443978
MAE: 3.725108429237648
EVS: 0.44598735601665385
