Model: GRU
MSE: 21.099626571104054
MAE: 3.8899557148968733
EVS: 0.4768570268012653
