Model: GRU
MSE: 22.85147283419084
MAE: 3.9670085023950645
EVS: 0.40399514228510924
