Model: GRU
MSE: 21.733315922144325
MAE: 3.910191359343352
EVS: 0.532571837934195
