Model: GRU
MSE: 17.03367257167808
MAE: 3.289165355541088
EVS: 0.4240477227880515
