Model: GRU
MSE: 25.784753805644
MAE: 4.265351207168014
EVS: 0.3000726261249239
