Model: GRU
MSE: 24.30162082630714
MAE: 3.9805144582475935
EVS: 0.289984569944745
