Model: GRU
MSE: 21.920419600064978
MAE: 4.110286580191718
EVS: -0.052671181142554646
