Model: GRU
MSE: 10.835093997388995
MAE: 2.707058650475961
EVS: 0.657574816874212
