Model: GRU
MSE: 16.88142241325704
MAE: 3.555446730719672
EVS: 0.49004483623100903
