Model: GRU
MSE: 15.68096631072943
MAE: 3.346499531357377
EVS: 0.5981622161689321
