Model: GRU
MSE: 6.253570817771607
MAE: 2.0017970579641835
EVS: 0.7081569156742067
