Model: GRU
MSE: 30.355519240467924
MAE: 4.702232996622722
EVS: 0.48277293547745714
