Model: GRU
MSE: 19.441754230613114
MAE: 3.64297773219921
EVS: 0.4680666352599564
