Model: GRU
MSE: 16.09037194168713
MAE: 3.428995644604718
EVS: 0.6360033419719118
