Model: GRU
MSE: 15.677405568671416
MAE: 3.3588193081043385
EVS: 0.6012762875187115
