Model: GRU
MSE: 17.577261846059695
MAE: 3.5751799477471247
EVS: 0.5111586789298864
