Model: GRU
MSE: 20.506272535814603
MAE: 3.7661592342235424
EVS: 0.5680075370613153
