Model: GRU
MSE: 6.324038575198714
MAE: 1.840528823711254
EVS: 0.6822416739278883
