Model: GRU
MSE: 8.60870922843288
MAE: 2.3803977966308594
EVS: 0.6754203909840772
