Model: GRU
MSE: 15.223553687634716
MAE: 3.3814575407240124
EVS: 0.6040431168870085
