Model: GRU
MSE: 44.313059856347095
MAE: 5.640191148828577
EVS: 0.2010718791693601
