Model: GRU
MSE: 26.808894187841393
MAE: 4.502203340883608
EVS: 0.5827389519722601
