Model: GRU
MSE: 18.93782410166961
MAE: 3.6397517875388816
EVS: 0.6320170429400646
