Model: GRU
MSE: 19.98881665025028
MAE: 3.7219045250504106
EVS: 0.4826327357056571
