Model: GRU
MSE: 14.001078565401436
MAE: 3.2180920530248573
EVS: 0.6151767569509101
