Model: GRU
MSE: 70.35239400118661
MAE: 6.649757182156598
EVS: -1.0996116868620196
