Model: GRU
MSE: 19.70605748260448
MAE: 4.0159604284498425
EVS: -0.029152317884187262
