Model: GRU
MSE: 18.441439001223838
MAE: 3.6333421247976796
EVS: 0.5590251883535555
