Model: GRU
MSE: 22.260412868685787
MAE: 3.881705125172933
EVS: 0.433443817613114
