Model: GRU
MSE: 14.472169159832767
MAE: 3.3376367357042103
EVS: 0.5822237178602554
