Model: GRU
MSE: 29.38497619429309
MAE: 4.464881119904695
EVS: 0.395163937674743
