Model: GRU
MSE: 21.130716210938484
MAE: 3.8205425474378796
EVS: 0.35520535278687393
