Model: GRU
MSE: 14.578072554986353
MAE: 3.34119357003106
EVS: 0.7075321370188377
