Model: GRU
MSE: 21.19460440058791
MAE: 3.879418143519649
EVS: 0.5507940866627248
