Model: GRU
MSE: 20.765857311733566
MAE: 3.878142551139549
EVS: 0.5026404673364168
