Model: GRU
MSE: 28.38529768317728
MAE: 4.390682220458984
EVS: 0.3117916949781593
