Model: GRU
MSE: 12.682745270366578
MAE: 3.1125600779498064
EVS: 0.7417695045830888
