Model: GRU
MSE: 28.602049655816355
MAE: 4.469232647507279
EVS: 0.3902481730463484
