Model: GRU
MSE: 76.42275558633251
MAE: 6.703699677078812
EVS: -0.910633513803982
