Model: GRU
MSE: 19.08530221208766
MAE: 3.738534768422445
EVS: 0.6954385369673628
