Model: GRU
MSE: 27.04309127430353
MAE: 4.412156581878662
EVS: 0.3918263122943334
