Model: GRU
MSE: 23.236097643331792
MAE: 4.0566987638120295
EVS: 0.4886313304046802
