Model: GRU
MSE: 32.19928015159976
MAE: 4.608307926743119
EVS: 0.21002243285972533
