Model: GRU
MSE: 20.211478895372988
MAE: 3.975012267077411
EVS: 0.6840988413945654
