Model: GRU
MSE: 21.083213719792454
MAE: 3.8452040354410806
EVS: 0.4640565400756651
