Model: GRU
MSE: 36.09850830079814
MAE: 4.925238061834265
EVS: 0.08560419142856646
