Model: GRU
MSE: 29906.195373717834
MAE: 172.88388400607639
EVS: 0.0
