Model: GRU
MSE: 17.601237444332927
MAE: 3.537948696701615
EVS: 0.47026642726480195
