Model: GRU
MSE: 22.0378968695067
MAE: 3.8906366560194225
EVS: 0.532864651813098
