Model: GRU
MSE: 12.260311129009729
MAE: 3.1138580640157065
EVS: 0.5741723402682761
