Model: GRU
MSE: 16.5912514940205
MAE: 3.451529829590409
EVS: 0.04840459034414191
