Model: GRU
MSE: 17.812291480959352
MAE: 3.637039484801116
EVS: 0.3763710469376189
