Model: GRU
MSE: 21.880475872511152
MAE: 3.867623311501962
EVS: 0.4914998568434008
