Model: GRU
MSE: 24.276512201321825
MAE: 4.149663165763572
EVS: 0.4686158147252434
