Model: GRU
MSE: 44.81259145329985
MAE: 5.516747421688503
EVS: 0.037889901334877574
