Model: GRU
MSE: 18.17696336047311
MAE: 3.744139035542806
EVS: 0.6054848533828541
