Model: GRU
MSE: 23.10134154491157
MAE: 3.9952959837736906
EVS: 0.3334889521059107
