Model: GRU
MSE: 19.8350692138393
MAE: 3.699734016701027
EVS: 0.5610650424357335
