Model: GRU
MSE: 26.768811775746844
MAE: 4.280156824323866
EVS: 0.2936352226581245
