Model: GRU
MSE: 20.871878136462296
MAE: 3.981914414299859
EVS: 0.6281417986766423
