Model: GRU
MSE: 21.079934146962312
MAE: 3.9570794811955206
EVS: 0.6194673468566746
