Model: GRU
MSE: 20.650019862704717
MAE: 3.6709723825807923
EVS: 0.4730753280006126
