Model: GRU
MSE: 21.873544693338285
MAE: 4.092382360387732
EVS: 0.6809660191650365
