Model: GRU
MSE: 26.407383930491395
MAE: 4.312474868915699
EVS: 0.460436595779645
