Model: GRU
MSE: 14.399846648857807
MAE: 3.2899706098768444
EVS: 0.5344199594235715
