Model: GRU
MSE: 23.31561459784105
MAE: 4.117481355313902
EVS: 0.6100214148415462
