Model: GRU
MSE: 41.79546737079992
MAE: 5.471727070985017
EVS: 0.32701606143267326
