Model: GRU
MSE: 16.480489138056395
MAE: 3.440992991129557
EVS: 0.5995166255325739
