Model: GRU
MSE: 21.340769660674134
MAE: 4.1123001840379505
EVS: 0.6398893486980877
