Model: GRU
MSE: 12.086010724814011
MAE: 2.711765245155052
EVS: 0.31894182287541784
