Model: GRU
MSE: 29.369147713543068
MAE: 4.504694779713948
EVS: 0.3540058615637932
