Model: GRU
MSE: 45.47500009050504
MAE: 5.002968470255534
EVS: -1.4113442720397726
