Model: GRU
MSE: 18.049867617681315
MAE: 3.5558143191867404
EVS: 0.35618630946570806
