Model: GRU
MSE: 21.175542650978237
MAE: 3.892649738876908
EVS: 0.5797444130278117
