Model: GRU
MSE: 42.89874837109258
MAE: 5.37440969325878
EVS: -0.07240536801034336
