Model: GRU
MSE: 22.165568470796046
MAE: 4.044479387777823
EVS: 0.5824681115726411
