Model: GRU
MSE: 24.12647064550381
MAE: 4.025505525094491
EVS: 0.46424592468437376
