Model: GRU
MSE: 20.750490156652184
MAE: 4.052734163072374
EVS: -0.038874999697404045
