Model: GRU
MSE: 23.14716818149259
MAE: 4.071924085970278
EVS: 0.5277469625351086
