Model: GRU
MSE: 21.148804046049218
MAE: 3.9447184845253274
EVS: 0.6477743871840895
