Model: GRU
MSE: 15.905597944119942
MAE: 3.603994987629078
EVS: 0.7576134809725033
