Model: GRU
MSE: 56.09232399764757
MAE: 5.803466735062776
EVS: -1.3462348859920596
