Model: GRU
MSE: 17.129798601476782
MAE: 3.6246897556163646
EVS: 0.6663017186657092
