Model: GRU
MSE: 7.408378160825148
MAE: 2.2573119975902416
EVS: 0.7008323846946777
