Model: GRU
MSE: 27.230815637538626
MAE: 4.3125147478921075
EVS: 0.3442733622463472
