Model: GRU
MSE: 19.049804116876075
MAE: 3.5832980562139443
EVS: 0.555983838204144
