Model: GRU
MSE: 23.17757693857083
MAE: 3.9344061272484914
EVS: 0.44571496259311694
