Model: GRU
MSE: 16.879877921748697
MAE: 3.530692806950322
EVS: 0.5934290127707162
