Model: GRU
MSE: 25.803926559886897
MAE: 4.271836828302454
EVS: 0.4503207843719377
