Model: GRU
MSE: 88.53570951086668
MAE: 7.673409285368742
EVS: -1.3387942431334063
