Model: GRU
MSE: 15.193933289122967
MAE: 3.2625749552691423
EVS: 0.623943100522524
