Model: GRU
MSE: 19.290430405385905
MAE: 3.841479442737721
EVS: 0.6534505738850309
