Model: GRU
MSE: 17.426801983934958
MAE: 3.7600861302128545
EVS: 0.7095981107180496
