Model: GRU
MSE: 9.96383529855218
MAE: 2.8938107313933195
EVS: 0.6441581824962421
