Model: GRU
MSE: 18.121794312131982
MAE: 3.6167798572116427
EVS: 0.6348542334900981
