Model: GRU
MSE: 29.77919272979786
MAE: 4.52744432731911
EVS: 0.17075367384601026
