Model: GRU
MSE: 9.925194926781478
MAE: 2.556477255291409
EVS: 0.6844127666265964
