Model: GRU
MSE: 15.255954937337956
MAE: 3.309534955907751
EVS: 0.6069861930977224
