Model: GRU
MSE: 24.231150140087635
MAE: 4.026891107912417
EVS: 0.34788423964774606
