Model: GRU
MSE: 17.540739587521987
MAE: 3.630659915782787
EVS: 0.6562966605819845
