Model: GRU
MSE: 20.32633790115915
MAE: 4.037214314496076
EVS: 0.7054405373118784
