Model: GRU
MSE: 9.516831077062898
MAE: 2.64511098685088
EVS: 0.7027422837491586
