Model: GRU
MSE: 23.608011287570545
MAE: 4.126743775826913
EVS: 0.44281903827983216
