Model: GRU
MSE: 18.383746653633118
MAE: 3.5863861154626915
EVS: 0.6612666813074914
