Model: GRU
MSE: 17.96148225670632
MAE: 3.562607906482838
EVS: 0.4346115966178242
