Model: GRU
MSE: 25.8578117672997
MAE: 4.284346774772361
EVS: 0.450799475770598
