Model: GRU
MSE: 14.912185659796032
MAE: 3.4616463272659868
EVS: 0.32143931529182956
