Model: GRU
MSE: 22.465830127654776
MAE: 3.943037262669316
EVS: 0.38070950360406697
