Model: GRU
MSE: 36.94725803328009
MAE: 5.228087001376682
EVS: 0.3207749265405556
