Model: GRU
MSE: 14.275095039414241
MAE: 3.190317957489579
EVS: 0.6632386732133563
