Model: GRU
MSE: 23.185427885693134
MAE: 4.123096642670808
EVS: 0.45413637845640176
