Model: GRU
MSE: 36.43466579743212
MAE: 4.972048353265833
EVS: 0.1591343526836646
