Model: GRU
MSE: 16.21103011461528
MAE: 3.0345387547104448
EVS: 0.46184525198482784
