Model: GRU
MSE: 9.711227367699557
MAE: 2.546189855646204
EVS: 0.5849856524375545
