Model: GRU
MSE: 7.369904593499682
MAE: 2.2570772259323686
EVS: 0.6655927569620236
