Model: GRU
MSE: 62.04920440401811
MAE: 6.265072116145381
EVS: -0.5129468071109973
