Model: GRU
MSE: 21.360888438962437
MAE: 3.8120384216308594
EVS: 0.3762321865577829
