Model: GRU
MSE: 10.076830804204763
MAE: 2.7325065400865345
EVS: 0.7467676458542121
