Model: GRU
MSE: 34.3101135998388
MAE: 4.971552160051134
EVS: 0.3848342541237494
