Model: GRU
MSE: 15.843978955535713
MAE: 3.376603197168421
EVS: 0.5724566481618001
