Model: GRU
MSE: 28.7940619094213
MAE: 4.47014100463302
EVS: 0.2503610591253197
