Model: GRU
MSE: 22.159182521787155
MAE: 3.9213939949318215
EVS: 0.3660333103784831
