Model: GRU
MSE: 25.319998207835354
MAE: 4.185416769098352
EVS: 0.45314872075555634
