Model: GRU
MSE: 13.639716592386026
MAE: 3.194722051973696
EVS: 0.5352858047140271
