Model: GRU
MSE: 30.787884454618432
MAE: 4.642157784214726
EVS: 0.1062847905543195
