Model: GRU
MSE: 6.776196594625581
MAE: 1.9328945389500372
EVS: 0.6220695725468885
