Model: GRU
MSE: 17.282029911734348
MAE: 3.582751097502532
EVS: 0.6026987192297402
