Model: GRU
MSE: 26.49518998415031
MAE: 4.241840998331706
EVS: 0.4268551165411204
