Model: GRU
MSE: 17.797856894177407
MAE: 3.578040741108082
EVS: 0.5966008847551963
