Model: GRU
MSE: 13.814053195259358
MAE: 3.0867923454002097
EVS: 0.6104689158834314
