Model: GRU
MSE: 15.53790265145336
MAE: 3.375697471477367
EVS: 0.5977137689039635
