Model: GRU
MSE: 21.478032154189073
MAE: 3.949159781138102
EVS: 0.40523917518584396
