Model: GRU
MSE: 17.862322312514085
MAE: 3.6380801730685763
EVS: 0.5072865254387044
