Model: GRU
MSE: 11.893803280381496
MAE: 2.9184036078276456
EVS: 0.6674355528080185
