Model: GRU
MSE: 22.10550532865409
MAE: 3.8355627059936523
EVS: 0.4031786985689585
