Model: GRU
MSE: 16.078139785362374
MAE: 3.470866980376067
EVS: 0.6912642219519796
