Model: GRU
MSE: 13.304513481934077
MAE: 3.15550277851246
EVS: 0.6259749741495644
