Model: GRU
MSE: 14.981423430329759
MAE: 3.28809443226567
EVS: 0.5400109198131005
