Model: GRU
MSE: 14.642479509468288
MAE: 3.343264932985659
EVS: 0.7469083355675469
