Model: GRU
MSE: 16.104909005929112
MAE: 3.5561883008038557
EVS: 0.40425449090909815
