Model: GRU
MSE: 18.731431633560323
MAE: 3.7465804241321705
EVS: 0.23660907138129683
