Model: GRU
MSE: 14.675636739047318
MAE: 3.2658116022745767
EVS: 0.513152515379519
