Model: GRU
MSE: 17.276707457042153
MAE: 3.4743923434504755
EVS: 0.6363648938328244
