Model: GRU
MSE: 15.753188561412369
MAE: 3.4092403341222695
EVS: 0.5417788693575813
