Model: GRU
MSE: 19.11680185327239
MAE: 3.598769117284704
EVS: 0.5331817549123408
