Model: GRU
MSE: 29.50191228969979
MAE: 4.465700679355198
EVS: 0.24605703255092315
