Model: GRU
MSE: 27.604009783924724
MAE: 4.804006788465712
EVS: 0.7058281084801401
