Model: GRU
MSE: 23.66087284711056
MAE: 4.064306029567012
EVS: 0.45305214694697704
