Model: GRU
MSE: 788.8459057769122
MAE: 27.902126453540944
EVS: 0.40562101212705526
