Model: GRU
MSE: 23.215479965467324
MAE: 4.130945523579915
EVS: 0.6151060773489141
