Model: GRU
MSE: 15.784656843654577
MAE: 3.3864233228895397
EVS: 0.4972902993023407
