Model: GRU
MSE: 20.24605998318137
MAE: 3.9628243799562806
EVS: 0.5832434042842619
