Model: GRU
MSE: 33.2700949767111
MAE: 4.583535381725857
EVS: 0.2062003902776458
