Model: GRU
MSE: 14.422409448880494
MAE: 3.2912335572419344
EVS: 0.5136305379153454
