Model: GRU
MSE: 18.208458744415466
MAE: 3.626875630131474
EVS: 0.5982848350804635
