Model: GRU
MSE: 34.37180999869242
MAE: 4.725589204717566
EVS: 0.07564704467980987
