Model: GRU
MSE: 20.2291465211637
MAE: 3.7815490298800998
EVS: 0.44230679060772393
