Model: GRU
MSE: 21.453892287236368
MAE: 3.848360856374105
EVS: 0.15514374781694928
