Model: GRU
MSE: 20.633961379464722
MAE: 3.549304167429606
EVS: 0.4463584629735554
