Model: GRU
MSE: 15.717855166786277
MAE: 3.515785464534053
EVS: 0.6469088354382466
