Model: GRU
MSE: 18.142771851228375
MAE: 3.602815133553964
EVS: 0.4552580686644373
