Model: GRU
MSE: 25.589220448806348
MAE: 4.1769539799009054
EVS: 0.3786021637195752
