Model: GRU
MSE: 16.059512326759567
MAE: 3.3836949666341147
EVS: 0.5569844012360032
