Model: GRU
MSE: 12.266154773868807
MAE: 2.4676367530116328
EVS: 0.5285671702297873
