Model: GRU
MSE: 112.01270194877962
MAE: 8.463991306446216
EVS: -1.6789015698668748
