Model: GRU
MSE: 22.910801200904864
MAE: 3.940715048048231
EVS: 0.37027867621763244
