Model: GRU
MSE: 18.209515911757897
MAE: 3.661393571782995
EVS: 0.6516414350222444
