Model: GRU
MSE: 12.69182473145044
MAE: 3.1006130112542047
EVS: 0.631406239763834
