Model: GRU
MSE: 19.221533258769547
MAE: 3.464819237037941
EVS: 0.32444975309446333
