Model: GRU
MSE: 25.20196611116341
MAE: 4.146163516574436
EVS: 0.22410373302601572
