Model: GRU
MSE: 14.839090250773602
MAE: 3.354201599403664
EVS: 0.6304299468831909
