Model: GRU
MSE: 21.955726956798216
MAE: 3.732688338668258
EVS: 0.3816571423334073
