Model: GRU
MSE: 15.005025722321745
MAE: 3.332459467428702
EVS: 0.6217206824253119
