Model: GRU
MSE: 28.781427252660336
MAE: 4.571643193562825
EVS: 0.45177052814519614
