Model: GRU
MSE: 21.34552477111579
MAE: 3.8386538293626575
EVS: 0.5091335907017156
