Model: GRU
MSE: 20.265124106949795
MAE: 3.9463515988102666
EVS: 0.6743877031345804
