Model: GRU
MSE: 28.153816440104862
MAE: 4.493125738920988
EVS: 0.25498714009120405
