Model: GRU
MSE: 22.395832834811024
MAE: 3.979262775844998
EVS: 0.5461662681697723
