Model: GRU
MSE: 19.82988040729131
MAE: 3.77345519595676
EVS: 0.579346982456606
