Model: GRU
MSE: 18.601719333939368
MAE: 3.60926847104673
EVS: 0.6149007702644111
