Model: GRU
MSE: 16.6348017722893
MAE: 3.3771232852229365
EVS: 0.5011037983447391
