Model: GRU
MSE: 28.252448233333627
MAE: 4.660329112300166
EVS: 0.5813099577290357
