Model: GRU
MSE: 14.939822330703372
MAE: 3.438200685713026
EVS: 0.42791794136478156
