Model: GRU
MSE: 18.900614312622153
MAE: 3.6766518663477012
EVS: 0.6385654326699368
