Model: GRU
MSE: 12.484430699677963
MAE: 3.0607333889713995
EVS: 0.652711318972246
