Model: GRU
MSE: 17.284418960062037
MAE: 3.5656840359723128
EVS: 0.3759695086604299
