Model: GRU
MSE: 22.85161681276197
MAE: 4.14307020328663
EVS: 0.6296862315221361
