Model: GRU
MSE: 16.369646476054
MAE: 3.477531044571488
EVS: 0.5065552703195513
