Model: GRU
MSE: 15.692535963612853
MAE: 3.3680008429068105
EVS: 0.5678215352044484
