Model: GRU
MSE: 16.976424252744774
MAE: 3.4333436400802047
EVS: 0.3942706588916002
