Model: GRU
MSE: 16.61059293415238
MAE: 3.4549357096354165
EVS: 0.6354103338205803
