Model: GRU
MSE: 25.09957804870857
MAE: 4.068246099683973
EVS: 0.2912927610645969
