Model: GRU
MSE: 23.651469352273335
MAE: 4.059786425696479
EVS: 0.28381361230814295
