Model: GRU
MSE: 18.142521049892146
MAE: 3.48693558021828
EVS: 0.424625784060614
