Model: GRU
MSE: 76.99467519707414
MAE: 6.989057682178639
EVS: -0.7593919949368508
