Model: GRU
MSE: 22.895314876791442
MAE: 3.9347481021174677
EVS: 0.40988102890038847
