Model: GRU
MSE: 16.367740858434942
MAE: 3.4875520247000233
EVS: 0.566548287510591
