Model: GRU
MSE: 19.15601706147515
MAE: 3.7026921025028936
EVS: 0.6563766590653288
