Model: GRU
MSE: 46.04407617196949
MAE: 5.722525702582465
EVS: 0.13055489994511837
