Model: GRU
MSE: 17.646916953917753
MAE: 3.567808363172743
EVS: 0.4341726680521183
