Model: GRU
MSE: 11.562839837873687
MAE: 2.9475442126945213
EVS: 0.7052663450425933
