Model: GRU
MSE: 21.075919735084714
MAE: 3.701266324078595
EVS: 0.3421043480919984
