Model: GRU
MSE: 16.641782185788536
MAE: 3.366242117351956
EVS: 0.5600234824732024
