Model: GRU
MSE: 42.60411228784622
MAE: 5.184810073287399
EVS: -0.19047039166109592
