Model: GRU
MSE: 27.20654374592891
MAE: 4.230409074712683
EVS: 0.3255413144649517
