Model: GRU
MSE: 18.673362715146595
MAE: 3.6969676194367587
EVS: 0.48543043671315667
