Model: GRU
MSE: 15.60929534686693
MAE: 3.436565257884838
EVS: 0.4600225632238645
