Model: GRU
MSE: 19.405816620981586
MAE: 3.6406462634051286
EVS: 0.5110407273894473
