Model: GRU
MSE: 28.583902815462192
MAE: 4.3450605780990035
EVS: 0.4726372856550387
