Model: GRU
MSE: 20.2186195244648
MAE: 3.734047713103118
EVS: 0.4361709625312735
