Model: GRU
MSE: 16.52585350196117
MAE: 3.493938304759838
EVS: 0.5229652059191604
