Model: GRU
MSE: 13.629063520384921
MAE: 3.2321560117933483
EVS: 0.562697062514771
