Model: GRU
MSE: 14.034307287178914
MAE: 3.2911320439091436
EVS: 0.472695667466723
