Model: GRU
MSE: 15.492279678711375
MAE: 3.402485653206154
EVS: 0.5534959992103272
