Model: GRU
MSE: 13.02131337342995
MAE: 3.0861532953050403
EVS: 0.625476570559476
