Model: GRU
MSE: 11.872283943560383
MAE: 2.909804591426143
EVS: 0.6329423806399213
