Model: GRU
MSE: 27.6453544601862
MAE: 4.297585674694607
EVS: 0.30441111342439997
