Model: GRU
MSE: 17.67752995787965
MAE: 3.5950517301206237
EVS: 0.4846762534217123
