Model: GRU
MSE: 14.887984242206247
MAE: 3.32741677319562
EVS: 0.5368778526548201
