Model: GRU
MSE: 15.026510282892222
MAE: 3.229676847104673
EVS: 0.6297944088059666
