Model: GRU
MSE: 13.041511389539844
MAE: 2.629366671597516
EVS: 0.25171482331282946
