Model: GRU
MSE: 26.887835386975354
MAE: 4.227593280650951
EVS: 0.3072727165405532
