Model: GRU
MSE: 15.738711941538213
MAE: 3.319810390472412
EVS: 0.6091372760678881
