Model: GRU
MSE: 17.406362889019412
MAE: 3.5244766341315374
EVS: 0.6712940101124039
