Model: GRU
MSE: 21.11081206264969
MAE: 3.8156790380124694
EVS: 0.5355851788113986
