Model: GRU
MSE: 18.990425072555883
MAE: 3.701270262400309
EVS: 0.5648479181269428
