Model: GRU
MSE: 108.00539785141919
MAE: 8.264169781296342
EVS: -2.6851538664000496
