Model: GRU
MSE: 21.450516583240592
MAE: 3.832331622088397
EVS: 0.5059187280352357
