Model: GRU
MSE: 9.36884655742697
MAE: 2.6234321417631925
EVS: 0.6842510533699548
