Model: GRU
MSE: 21.935233336144478
MAE: 3.8870027330186634
EVS: 0.4073962954388888
