Model: GRU
MSE: 18.058216843737505
MAE: 3.5675535378632723
EVS: 0.5312940356146063
