Model: GRU
MSE: 17.341904543192776
MAE: 3.5201704767015247
EVS: 0.5679153326041742
