Model: GRU
MSE: 7.399979133858814
MAE: 2.3301031942720765
EVS: 0.6954093413585734
