Model: GRU
MSE: 33.16256354491981
MAE: 4.775535459871645
EVS: 0.2813104373835772
