Model: GRU
MSE: 12.793092963800788
MAE: 3.198748482598199
EVS: 0.5549499594041807
