Model: GRU
MSE: 15.292144091247623
MAE: 3.3195971029776112
EVS: 0.5676357763050248
