Model: GRU
MSE: 14.927612956748346
MAE: 3.305710474650065
EVS: 0.6225423633093142
