Model: GRU
MSE: 79.677038515437
MAE: 7.288780424329969
EVS: -2.296092260166904
