Model: GRU
MSE: 7.8660545688241985
MAE: 2.1108667938797563
EVS: 0.5859683526491102
