Model: GRU
MSE: 25.892279499371398
MAE: 4.0953933486232055
EVS: 0.4289611824914731
