Model: GRU
MSE: 14.397712730335948
MAE: 3.2809307133709944
EVS: 0.707593972015884
