Model: GRU
MSE: 23.350680476465236
MAE: 4.008277186640987
EVS: 0.3374715635292308
