Model: GRU
MSE: 26.509444739891382
MAE: 4.185629265648978
EVS: 0.3401399364511226
