Model: GRU
MSE: 18.66992881337799
MAE: 3.669915799741392
EVS: 0.5692782633923215
