Model: GRU
MSE: 39.85253848428937
MAE: 5.3033316576922385
EVS: 0.20737302490865384
