Model: GRU
MSE: 18.354364789062014
MAE: 3.4524832831488714
EVS: 0.468122469891721
