Model: GRU
MSE: 31.75958290095923
MAE: 4.820613189979836
EVS: 0.06814686196442488
