Model: GRU
MSE: 21.280887401378784
MAE: 3.892990818730107
EVS: 0.5404007597459355
