Model: GRU
MSE: 16.576958607977296
MAE: 3.5680397704795555
EVS: 0.4427639065067345
