Model: GRU
MSE: 25.871816557066925
MAE: 4.361355039808485
EVS: 0.5443320350997771
