Model: GRU
MSE: 17.096341760583602
MAE: 3.56741910510593
EVS: 0.6069450652482609
