Model: GRU
MSE: 15.384446218684557
MAE: 3.3005492245709456
EVS: 0.6004636811921363
