Model: GRU
MSE: 21.0461358163486
MAE: 3.8460511454829462
EVS: 0.4915754596656542
