Model: GRU
MSE: 21.7239676589179
MAE: 3.949339584068016
EVS: 0.5470717535122089
