Model: GRU
MSE: 17.341648752504415
MAE: 3.509916994306776
EVS: 0.4237818262732649
