Model: GRU
MSE: 17.968070959199462
MAE: 3.6116080107512296
EVS: 0.6527477768801129
