Model: GRU
MSE: 14.20443085339617
MAE: 3.24870996122007
EVS: 0.5324500576060005
