Model: GRU
MSE: 15.063514712968047
MAE: 3.3715465333726673
EVS: 0.6226004904032397
