Model: GRU
MSE: 37.01414680248252
MAE: 5.169835885365804
EVS: 0.39467888148653274
