Model: GRU
MSE: 48.65652086054485
MAE: 5.576879333566736
EVS: -0.11852315637141886
