Model: GRU
MSE: 15.72743272977721
MAE: 3.3450011677212186
EVS: 0.5933536453171787
