Model: GRU
MSE: 18.647317837585685
MAE: 3.654426998562283
EVS: 0.5779915423313478
