Model: GRU
MSE: 10.967516442671434
MAE: 2.840168652711091
EVS: 0.7370524295539229
