Model: GRU
MSE: 29.3469146049899
MAE: 4.517998430464003
EVS: 0.3510240397345886
