Model: GRU
MSE: 11.83367574385247
MAE: 2.8833888371785483
EVS: 0.6561063848727715
