Model: GRU
MSE: 20.44365308914205
MAE: 3.763195850231029
EVS: 0.49333965096053867
