Model: GRU
MSE: 23.67261268528561
MAE: 4.224073304070367
EVS: 0.6474480737624089
