Model: GRU
MSE: 32.776446969722805
MAE: 4.918058995847349
EVS: 0.43661854305815395
