Model: GRU
MSE: 17.251361581064792
MAE: 3.584780640072293
EVS: 0.40342487485799006
