Model: GRU
MSE: 18.410356284984253
MAE: 3.7053638387609413
EVS: 0.6009816585532174
