Model: GRU
MSE: 13.597917540666424
MAE: 3.218761161521629
EVS: 0.7311490785690478
