Model: GRU
MSE: 15.153619885865854
MAE: 3.3502088122897677
EVS: 0.48838134983816184
