Model: GRU
MSE: 22.079060079501588
MAE: 3.8706897806238243
EVS: 0.2747950382169775
