Model: GRU
MSE: 16.707470186678933
MAE: 3.5387813603436507
EVS: 0.4826257241238717
