Model: GRU
MSE: 23.295427835554435
MAE: 4.184689354013513
EVS: -0.07670113892252939
