Model: GRU
MSE: 11.409212898486809
MAE: 2.2399475662796586
EVS: 0.5618067506971189
