Model: GRU
MSE: 18.52411292400919
MAE: 3.4049409407156483
EVS: 0.5311234402436246
