Model: GRU
MSE: 34.57274357090378
MAE: 5.020831867500588
EVS: 0.3639147893558845
