Model: GRU
MSE: 9.967074654042603
MAE: 2.5011077368700945
EVS: 0.44144307162733887
