Model: GRU
MSE: 61.848090388437036
MAE: 6.168054624840066
EVS: -0.49508719636216036
