Model: GRU
MSE: 17.717446838639606
MAE: 3.5326680607265897
EVS: 0.6007144222046386
