Model: GRU
MSE: 22.10729543938369
MAE: 3.947269015842014
EVS: 0.4824705929520462
