Model: GRU
MSE: 16.98593067117125
MAE: 3.422932536513717
EVS: 0.6048885868489359
