Model: GRU
MSE: 33.13279859231494
MAE: 4.698501498610885
EVS: 0.11701970169255771
