Model: GRU
MSE: 20.698184645825517
MAE: 3.856432826430709
EVS: 0.5841108232132197
