Model: GRU
MSE: 12.635571611262371
MAE: 3.0596366635075323
EVS: 0.6352646405793051
