Model: GRU
MSE: 18.63261189719733
MAE: 3.6413994365268283
EVS: 0.6037126228246723
