Model: GRU
MSE: 16.68513956355258
MAE: 3.3857339753044977
EVS: 0.633902919189802
