Model: GRU
MSE: 20.779015651409516
MAE: 4.039186195090965
EVS: 0.6206064503325418
