Model: GRU
MSE: 19.212847171424645
MAE: 3.8157437995628074
EVS: 0.6606365900659563
