Model: GRU
MSE: 17.287851004829296
MAE: 3.529767283686885
EVS: 0.5370530502848836
