Model: GRU
MSE: 11.916038804124886
MAE: 3.056163363986545
EVS: 0.6699940331733665
