Model: GRU
MSE: 23.302016813032214
MAE: 4.190902409730135
EVS: 0.5901550718551347
