Model: GRU
MSE: 16.053115201476658
MAE: 3.3654674070852773
EVS: 0.6395289866867643
