Model: GRU
MSE: 15.196223787872164
MAE: 3.427682399749756
EVS: 0.6860946698897148
