Model: GRU
MSE: 23.54857448497001
MAE: 4.008215515701859
EVS: 0.3646498739018186
