Model: GRU
MSE: 51.33990387031918
MAE: 6.06300797285857
EVS: 0.05163337752157915
