Model: GRU
MSE: 64.03065124630373
MAE: 6.568451863748056
EVS: -0.2181478873738647
