Model: GRU
MSE: 23.677795408503496
MAE: 4.10970726719609
EVS: 0.4763592231971172
