Model: GRU
MSE: 21.114492246099054
MAE: 4.07762904520388
EVS: -0.037876275724064934
