Model: GRU
MSE: 16.169896492977344
MAE: 3.3654782860367387
EVS: 0.6003226071063283
