Model: GRU
MSE: 11.507886524626816
MAE: 2.857959129192211
EVS: 0.7182332694587639
