Model: GRU
MSE: 9.371120771792263
MAE: 2.3449587645354093
EVS: 0.6497749517663192
