Model: GRU
MSE: 65139.246486700344
MAE: 255.17295215747976
EVS: 0.0
