Model: GRU
MSE: 21.830969259775564
MAE: 4.089982527273673
EVS: 0.6338405333458741
