Model: GRU
MSE: 23.805342779533813
MAE: 4.129299517031069
EVS: 0.5534109816067334
