Model: GRU
MSE: 23.978408692058665
MAE: 4.094226589909306
EVS: 0.5171527479742593
