Model: GRU
MSE: 20.64661525454872
MAE: 3.7812868224249945
EVS: 0.5359159937797591
