Model: GRU
MSE: 14.431889368573737
MAE: 3.279956482074879
EVS: 0.6674394688198253
