Model: GRU
MSE: 14.854517696966923
MAE: 3.3043799576935946
EVS: 0.7044637568984463
