Model: GRU
MSE: 29.09135590316292
MAE: 4.419038066157588
EVS: 0.31812575457235615
