Model: GRU
MSE: 21.81760358833274
MAE: 3.8759392455772117
EVS: 0.46153274822150303
