Model: GRU
MSE: 21.112963171076032
MAE: 3.8212292812488697
EVS: 0.6040980645540823
