Model: GRU
MSE: 27.68381063471109
MAE: 4.190270441549796
EVS: 0.29770651997955677
