Model: GRU
MSE: 39.8456855142687
MAE: 5.01740621637415
EVS: -0.17575002631560177
