Model: GRU
MSE: 16.97172269581358
MAE: 3.5222254505863897
EVS: 0.5461978673687315
