Model: GRU
MSE: 16.471711048593903
MAE: 3.3040154068558305
EVS: 0.6662343843146752
