Model: GRU
MSE: 26.531898057984716
MAE: 4.409994443257649
EVS: 0.47411111371612924
