Model: GRU
MSE: 25.458449459757933
MAE: 4.1931815500612615
EVS: 0.4850848054466227
