Model: GRU
MSE: 74.20846531610971
MAE: 7.030665468286585
EVS: -1.4544188757991643
