Model: GRU
MSE: 24.097048149876063
MAE: 3.9792190657721624
EVS: 0.361463865154278
