Model: GRU
MSE: 25.37060583023528
MAE: 4.3861615746109575
EVS: 0.6229580624473359
