Model: GRU
MSE: 22.881659391304545
MAE: 4.153340127733019
EVS: 0.6373981644173088
