Model: GRU
MSE: 34.012673559986844
MAE: 4.883600728852408
EVS: 0.32161694341100044
