Model: GRU
MSE: 17.708279317937485
MAE: 3.47752171975595
EVS: 0.6344755288396802
