Model: GRU
MSE: 24.853836508317247
MAE: 4.209410932328966
EVS: 0.47310446053573596
