Model: GRU
MSE: 12.439209219148653
MAE: 2.347478848916513
EVS: 0.5219457293184657
