Model: GRU
MSE: 29.660111236358336
MAE: 4.579958332909478
EVS: 0.4203783580631928
