Model: GRU
MSE: 28.587972940754316
MAE: 4.399672057893541
EVS: 0.005058780335425617
