Model: GRU
MSE: 20.572510123498894
MAE: 3.7533039340266474
EVS: 0.36102671839643297
