Model: GRU
MSE: 12.805483486224897
MAE: 3.1015486364011413
EVS: 0.6664148491773287
