Model: GRU
MSE: 18.84693340932588
MAE: 3.8124641842312283
EVS: 0.6290611972981501
