Model: GRU
MSE: 21.773997247089156
MAE: 3.8189226256476507
EVS: 0.3740104862641692
