Model: GRU
MSE: 14.675313887827071
MAE: 3.2761377405237266
EVS: 0.6299147623289552
