Model: GRU
MSE: 46.40095582270963
MAE: 5.806051594870431
EVS: 0.14905412827649034
