Model: GRU
MSE: 21.10642690929548
MAE: 3.729142948433205
EVS: 0.46017801609954345
