Model: GRU
MSE: 17.34619241757155
MAE: 3.5238116758841054
EVS: 0.5431802653844442
