Model: GRU
MSE: 30.72770000165004
MAE: 4.594378352165222
EVS: 0.1916878046679169
