Model: GRU
MSE: 20.61724291762832
MAE: 3.8813011381361218
EVS: 0.6257747121993429
