Model: GRU
MSE: 27.581026281306734
MAE: 4.512765531186704
EVS: 0.46208623875485244
