Model: GRU
MSE: 57.77635654040552
MAE: 6.128705324950041
EVS: -1.6511789563554062
