Model: GRU
MSE: 26.54631553355589
MAE: 4.177989783110442
EVS: 0.19253322829221964
