Model: GRU
MSE: 19.62876554400074
MAE: 3.630709347901521
EVS: 0.5711696426776871
