Model: GRU
MSE: 14.926604237846218
MAE: 3.328689804783574
EVS: 0.6433417605822387
