Model: GRU
MSE: 31.12516073030717
MAE: 4.799277517530653
EVS: 0.523628700839804
