Model: GRU
MSE: 13.61776389699023
MAE: 3.1409765349494085
EVS: 0.5518120961728932
