Model: GRU
MSE: 26.037950840070202
MAE: 4.241057395935059
EVS: 0.3676030178734333
