Model: GRU
MSE: 13.712078228330206
MAE: 3.209896281913475
EVS: 0.5930625952784951
