Model: GRU
MSE: 21.41602072311159
MAE: 3.9381052829601146
EVS: 0.5512538358238704
