Model: GRU
MSE: 21.290730639436216
MAE: 3.9381336636013455
EVS: 0.5410694969791616
