Model: GRU
MSE: 18.247056151361726
MAE: 3.665903426982738
EVS: 0.5800594527023839
