Model: GRU
MSE: 29.24058769750034
MAE: 4.558383588437681
EVS: 0.5095252167455024
