Model: GRU
MSE: 15.109511626279927
MAE: 3.1417522077207214
EVS: 0.5867512718648082
