Model: GRU
MSE: 12.38669461828293
MAE: 3.120471141956471
EVS: 0.5892948348871727
