Model: GRU
MSE: 11.5616428320028
MAE: 3.004502773284912
EVS: 0.574364411590024
