Model: GRU
MSE: 36.06995998373931
MAE: 5.0421499587871415
EVS: 0.28305950739562435
