Model: GRU
MSE: 14.056669913282155
MAE: 3.3025707492121943
EVS: 0.7199029502097272
