Model: GRU
MSE: 25.272993979937493
MAE: 4.381172445085314
EVS: 0.5597027515397074
