Model: GRU
MSE: 24.483424717855197
MAE: 4.117815565179895
EVS: 0.3893866635017762
