Model: GRU
MSE: 36.19103175219407
MAE: 5.139512715516267
EVS: 0.4056584278888319
