Model: GRU
MSE: 7.579991277915197
MAE: 2.0260240413524486
EVS: 0.6354335054152951
