Model: GRU
MSE: 17.124074346859743
MAE: 3.505091808460377
EVS: 0.5219180155183171
