Model: GRU
MSE: 17.15942787676912
MAE: 3.546267527121085
EVS: 0.46075324505091564
