Model: GRU
MSE: 38.345605577524914
MAE: 5.332790392416495
EVS: 0.35886350954011237
