Model: GRU
MSE: 20.692233550083117
MAE: 3.7897950454994485
EVS: 0.3928440325284276
