Model: GRU
MSE: 22.284472696452955
MAE: 4.026885138617621
EVS: 0.5863152033467349
