Model: GRU
MSE: 18.04288408439124
MAE: 3.729848208250823
EVS: 0.7199904219346422
