Model: GRU
MSE: 13.39654098319729
MAE: 3.32693824061641
EVS: 0.510347564557371
