Model: GRU
MSE: 13.561376075017405
MAE: 3.224265381141945
EVS: 0.5177217518574548
