Model: GRU
MSE: 19.156900941052644
MAE: 3.7864170251069247
EVS: 0.5780649313796941
