Model: GRU
MSE: 55.09965382377111
MAE: 5.902419134422585
EVS: -0.28118740433263967
