Model: GRU
MSE: 17.55819948978987
MAE: 3.5106834129050926
EVS: 0.5746457121705726
