Model: GRU
MSE: 14.848934360103428
MAE: 3.2677431106567383
EVS: 0.5981225414902576
