Model: GRU
MSE: 31.413676866567695
MAE: 4.712387809046993
EVS: 0.22348599285691362
