Model: GRU
MSE: 20.68457737705811
MAE: 4.065255677258527
EVS: 0.6973606147699087
