Model: GRU
MSE: 17.493001944730707
MAE: 3.528528602034957
EVS: 0.569743748339502
