Model: GRU
MSE: 17.12022440357347
MAE: 3.49251867223669
EVS: 0.45881584052907165
