Model: GRU
MSE: 17.26054870596367
MAE: 3.5636340423866555
EVS: 0.6239070578369217
