Model: GRU
MSE: 15.492217283018043
MAE: 3.384789784749349
EVS: 0.6267125872861175
