Model: GRU
MSE: 19.662504388311156
MAE: 3.9630934397379556
EVS: 0.5608252378655196
