Model: GRU
MSE: 21.374540255639825
MAE: 3.8641730414496527
EVS: 0.552534340489482
