Model: GRU
MSE: 11.82349325450659
MAE: 2.440145554365935
EVS: 0.5469647097208283
