Model: GRU
MSE: 18.929728875099475
MAE: 3.657222553535744
EVS: 0.5323120743582724
