Model: GRU
MSE: 23.050308573129204
MAE: 3.8980568956445762
EVS: 0.3945573087383193
