Model: GRU
MSE: 16.919455636031635
MAE: 3.135375049379137
EVS: 0.3589525264592981
