Model: GRU
MSE: 21.303487341458407
MAE: 3.9980615509880915
EVS: 0.6242662550785529
