Model: GRU
MSE: 16.332363232214632
MAE: 3.483353756092213
EVS: 0.48310843966744443
