Model: GRU
MSE: 16.46903425725086
MAE: 3.3626969125535755
EVS: 0.4942740969399718
