Model: GRU
MSE: 26.844834009033807
MAE: 4.32074209495827
EVS: 0.3495640701690057
