Model: GRU
MSE: 18.612826126889964
MAE: 3.747734705607096
EVS: 0.6284831324584781
