Model: GRU
MSE: 29.322122002093582
MAE: 4.6485895757321956
EVS: 0.468185531434956
