Model: GRU
MSE: 21.257949620788605
MAE: 3.9004536734686956
EVS: 0.46028579153568683
