Model: GRU
MSE: 41.06818377182226
MAE: 5.345842502735279
EVS: 0.12063163257270015
