Model: GRU
MSE: 17.421833016738674
MAE: 3.4799374827632197
EVS: 0.5319415001631813
