Model: GRU
MSE: 33.954227262175294
MAE: 4.871928992094817
EVS: 0.04389981849844282
