Model: GRU
MSE: 18.241478841318113
MAE: 3.7431355758949563
EVS: 0.6423857482696449
