Model: GRU
MSE: 17.212232629190137
MAE: 3.402464884298819
EVS: 0.45354597971333177
