Model: GRU
MSE: 15.704534881127689
MAE: 3.3715666135152182
EVS: 0.5952279308705724
