Model: GRU
MSE: 15.879853812144676
MAE: 3.4839691232751915
EVS: 0.620887424617493
