Model: GRU
MSE: 36.77376125444179
MAE: 4.688742514009829
EVS: 0.13570973532241248
