Model: GRU
MSE: 10.206333198109107
MAE: 2.8078954661334
EVS: 0.6447782647729396
