Model: GRU
MSE: 22.18928103150087
MAE: 3.9486741843046964
EVS: 0.5030372894131379
