Model: GRU
MSE: 3654.2995908102253
MAE: 60.307060665554474
EVS: 0.0
