Model: GRU
MSE: 32.61703116978518
MAE: 4.784824742211236
EVS: 0.29448011579468014
