Model: GRU
MSE: 19.445638362436377
MAE: 3.8208209850169994
EVS: 0.5392952937718188
