Model: GRU
MSE: 14.933321537283248
MAE: 3.425874038978859
EVS: 0.5101441873168788
