Model: GRU
MSE: 16.92432495886678
MAE: 3.0033948156568737
EVS: 0.35875114991300106
