Model: GRU
MSE: 17.434001452025203
MAE: 3.533297627060502
EVS: 0.6104589181485403
