Model: GRU
MSE: 19.695144179915587
MAE: 3.8944259572912148
EVS: 0.6270512783824629
