Model: GRU
MSE: 24.77732700305725
MAE: 4.064571292312057
EVS: 0.37581532709156573
