Model: GRU
MSE: 20.640585502237073
MAE: 3.866247636300546
EVS: 0.5847683551408556
