Model: GRU
MSE: 55.85005087392996
MAE: 6.040703994256479
EVS: -0.19850352842006402
