Model: GRU
MSE: 24.250465488865117
MAE: 4.04622960973669
EVS: 0.35067327482830035
