Model: GRU
MSE: 54.862437608109545
MAE: 6.102455411638532
EVS: -0.16007756880551338
