Model: GRU
MSE: 13.206502232800824
MAE: 3.1125018331739636
EVS: 0.616834631311675
