Model: GRU
MSE: 19.296199595501363
MAE: 3.645723484180592
EVS: 0.3689805465617768
