Model: GRU
MSE: 14.194833331408155
MAE: 3.243473176602964
EVS: 0.6074357423647672
