Model: GRU
MSE: 18.166636329503945
MAE: 3.5572953754001193
EVS: 0.5603959069633817
