Model: GRU
MSE: 19.584529238594467
MAE: 3.8250968721177845
EVS: 0.6301586434850208
