Model: GRU
MSE: 18.998367401891436
MAE: 3.714220824065032
EVS: 0.5867641506336809
