Model: GRU
MSE: 19.746288581456845
MAE: 3.778199937608507
EVS: 0.3499641922532484
