Model: GRU
MSE: 26.725031367817977
MAE: 4.380086439627188
EVS: 0.4257960744188142
