Model: GRU
MSE: 19.823026168885647
MAE: 3.7152699364556208
EVS: 0.5810797829457814
