Model: GRU
MSE: 25.15941017188909
MAE: 4.202036875265616
EVS: 0.45569646312964474
