Model: GRU
MSE: 12.939806583581037
MAE: 3.090705959885209
EVS: 0.6052672535565005
