Model: GRU
MSE: 22.041665664622542
MAE: 3.869998260780617
EVS: 0.37522606897084554
