Model: GRU
MSE: 19.74267362930284
MAE: 3.809019583242911
EVS: 0.30989755437764577
