Model: GRU
MSE: 14.152649546796452
MAE: 3.33229868500321
EVS: 0.5544923981954465
