Model: GRU
MSE: 16.28362097032678
MAE: 3.378902788515444
EVS: 0.5540851571767336
