Model: GRU
MSE: 13.78622363899158
MAE: 3.2926355291295937
EVS: 0.6667442582653902
