Model: GRU
MSE: 28.216102911652015
MAE: 4.342017933174416
EVS: 0.3743904167514115
