Model: GRU
MSE: 19.851083576827858
MAE: 3.980068559999819
EVS: -0.0008376532766865008
