Model: GRU
MSE: 17.455731559874923
MAE: 3.4432535348115145
EVS: 0.5596337552525334
