Model: GRU
MSE: 25.525193148151082
MAE: 4.176949871910943
EVS: 0.3582126403279615
