Model: GRU
MSE: 14.206862348149537
MAE: 3.181115079809118
EVS: 0.6286340775906687
