Model: GRU
MSE: 12.69697005128579
MAE: 2.7377833437036583
EVS: 0.5140202537118793
