Model: GRU
MSE: 14.60808381422266
MAE: 3.313055903823287
EVS: 0.5130687340181398
