Model: GRU
MSE: 30.888572294827874
MAE: 4.587150670863964
EVS: 0.23914339862609912
