Model: GRU
MSE: 11.80759331272826
MAE: 2.788698708569562
EVS: 0.585561836203923
