Model: GRU
MSE: 21.93318698585712
MAE: 3.970152872580069
EVS: 0.3640689318425291
