Model: GRU
MSE: 25.85685568292949
MAE: 4.179452807814987
EVS: 0.33367024825036073
