Model: GRU
MSE: 13.01407366083398
MAE: 3.1662551826900907
EVS: 0.6887841956551584
