Model: GRU
MSE: 12.675784094014356
MAE: 2.6032456027136908
EVS: 0.5351409174206898
