Model: GRU
MSE: 14.038257801401212
MAE: 3.254749368738245
EVS: 0.5017711469787605
