Model: GRU
MSE: 15.958806944993857
MAE: 3.25243310575132
EVS: 0.4997589953645559
