Model: GRU
MSE: 18.819366821907504
MAE: 3.8372868078726308
EVS: 0.611327698107644
