Model: GRU
MSE: 15.18608780311782
MAE: 3.3143299950493708
EVS: 0.6312962905740285
