Model: GRU
MSE: 24.872432905170257
MAE: 4.246838357713488
EVS: 0.5005534152797475
