Model: GRU
MSE: 42.53304487229448
MAE: 5.384437719980876
EVS: 0.12539644459094512
