Model: GRU
MSE: 15.771683406340344
MAE: 3.3769347932603626
EVS: 0.6131057315146455
