Model: GRU
MSE: 14.377953831895082
MAE: 3.366934617360433
EVS: 0.7339141729336986
