Model: GRU
MSE: 13.582973869894802
MAE: 3.2119127909342446
EVS: 0.4563536213692494
