Model: GRU
MSE: 16.963756452008788
MAE: 3.3411542221351906
EVS: 0.6154170504285388
