Model: GRU
MSE: 14.981337188950631
MAE: 3.4535976869088634
EVS: 0.46945089488980174
