Model: GRU
MSE: 16.906778024730936
MAE: 3.447355959150526
EVS: 0.5771556617973098
