Model: GRU
MSE: 16.459096355820865
MAE: 3.475916721202709
EVS: 0.5215939968833689
