Model: GRU
MSE: 16.834096859756823
MAE: 3.545429371021412
EVS: 0.6586689394490514
