Model: GRU
MSE: 15.80325386565303
MAE: 3.434840608526159
EVS: 0.6552664404170156
