Model: GRU
MSE: 23.421244039105027
MAE: 4.136385264220061
EVS: 0.5712547302345417
