Model: GRU
MSE: 25.109836193381017
MAE: 4.055199674197605
EVS: 0.27554233458886546
