Model: GRU
MSE: 13.228527907885042
MAE: 3.1295751642297813
EVS: 0.6611407368563489
