Model: GRU
MSE: 48.271456777344156
MAE: 5.541657306529857
EVS: -0.1558530021149509
