Model: GRU
MSE: 18.10141813219432
MAE: 3.336577945285373
EVS: 0.48232871434388436
