Model: GRU
MSE: 20.996031755510483
MAE: 3.7823826295358165
EVS: 0.40564356806297774
