Model: GRU
MSE: 19.49470986265698
MAE: 3.903729615388093
EVS: 0.656612090894644
