Model: GRU
MSE: 22.030665942866168
MAE: 3.911789134696678
EVS: 0.3850023008976917
