Model: GRU
MSE: 21.173934245430516
MAE: 3.6787053920604564
EVS: 0.47506961567545036
