Model: GRU
MSE: 27.427502402302302
MAE: 4.461315543563278
EVS: 0.4543034274467448
