Model: GRU
MSE: 18.88415718542629
MAE: 3.671136149653682
EVS: 0.45259369667196625
