Model: GRU
MSE: 20.009052362107468
MAE: 3.7787421544392905
EVS: 0.6093506709942634
