Model: GRU
MSE: 16.005872980260417
MAE: 3.3919226858350964
EVS: 0.6361727538175855
