Model: GRU
MSE: 16.68989408254772
MAE: 3.4676618576049805
EVS: 0.48942231993302265
