Model: GRU
MSE: 6.29771555602503
MAE: 2.0997212286348694
EVS: 0.7198580004862292
