Model: GRU
MSE: 13.104761347344553
MAE: 2.90821494879546
EVS: 0.5092782415659667
