Model: GRU
MSE: 20.049480623285348
MAE: 4.002357747819689
EVS: 0.6153646559627757
