Model: GRU
MSE: 16.96804427354631
MAE: 3.4771892582928694
EVS: 0.5316876420326795
