Model: GRU
MSE: 20.71738736116733
MAE: 3.8146119294343173
EVS: 0.48609629272743515
