Model: GRU
MSE: 21.89485320781643
MAE: 3.825087582623517
EVS: 0.4510146327003629
