Model: GRU
MSE: 33.81703157155587
MAE: 4.576915740966797
EVS: 0.1413265115468827
