Model: GRU
MSE: 19.40880075544937
MAE: 3.7615464705008046
EVS: 0.5298478460997376
