Model: GRU
MSE: 16.533888675806246
MAE: 3.4063418529651783
EVS: 0.5282899634611795
