Model: GRU
MSE: 53.15284766436608
MAE: 5.655438864672625
EVS: -0.3251536297136619
