Model: GRU
MSE: 27.835768780104814
MAE: 4.438997833817093
EVS: 0.45704831709855953
