Model: GRU
MSE: 23.23904772273896
MAE: 3.96894230665984
EVS: 0.4437950635999536
