Model: GRU
MSE: 23.640119275542197
MAE: 3.9547033133330167
EVS: 0.513849804552263
