Model: GRU
MSE: 50.37419569321069
MAE: 5.709533938655147
EVS: -0.2588582327285611
