Model: GRU
MSE: 19.528402257621877
MAE: 3.868351459503174
EVS: 0.6508694416875778
