Model: GRU
MSE: 20.196501757000735
MAE: 3.7671018529821327
EVS: 0.48985740851589565
