Model: GRU
MSE: 24.900866948080647
MAE: 4.104481856028239
EVS: 0.3463920508690066
