Model: GRU
MSE: 8.384972307546478
MAE: 2.597342597113715
EVS: 0.6788713737480432
