Model: GRU
MSE: 26.003887383369
MAE: 3.96342530073943
EVS: 0.1520484160843607
