Model: GRU
MSE: 34.11912546984749
MAE: 4.81310671347159
EVS: 0.2579964934422114
