Model: GRU
MSE: 15.37842173032325
MAE: 3.404830632386384
EVS: 0.5182138688164197
