Model: GRU
MSE: 29.339962302930164
MAE: 4.465215223806876
EVS: 0.29401826021821575
