Model: GRU
MSE: 18.31630291659423
MAE: 3.6424052273785628
EVS: 0.6086707666796893
