Model: GRU
MSE: 22.764146761251165
MAE: 4.02125812459875
EVS: 0.45045373786242904
