Model: GRU
MSE: 22.405851315724174
MAE: 3.946660836537679
EVS: 0.3245396463960879
