Model: GRU
MSE: 17.68122705598459
MAE: 3.5103979022414595
EVS: 0.5632798129422796
