Model: GRU
MSE: 25.32256721256041
MAE: 4.160955735615322
EVS: 0.360115030284912
