Model: GRU
MSE: 15.669854171490071
MAE: 3.3395552105373807
EVS: 0.5273094704953019
