Model: GRU
MSE: 26.589270531358242
MAE: 4.313038508097331
EVS: 0.4698039657731973
