Model: GRU
MSE: 21.486338213693383
MAE: 3.863475728918005
EVS: 0.44688898933616406
