Model: GRU
MSE: 25.468508831847025
MAE: 4.09895893379494
EVS: 0.31611564634902145
