Model: GRU
MSE: 25.201311952676694
MAE: 4.212617344326443
EVS: 0.1964576141488592
