Model: GRU
MSE: 39.36676072740725
MAE: 5.222174962361653
EVS: 0.20663242663586956
