Model: GRU
MSE: 13.674373862166098
MAE: 3.2020237887347185
EVS: 0.631812500175277
