Model: GRU
MSE: 18.673231905478023
MAE: 3.6249720785352917
EVS: 0.42605893308933707
