Model: GRU
MSE: 14.754741876584173
MAE: 3.2599815439294884
EVS: 0.6358036297723002
