Model: GRU
MSE: 31.968955427738837
MAE: 4.64381327452483
EVS: 0.1714634531478979
