Model: GRU
MSE: 31.73834336810856
MAE: 4.761305508790193
EVS: 0.3043293302977088
