Model: GRU
MSE: 24.026707417120676
MAE: 4.092594623565674
EVS: 0.46521498332759126
