Model: GRU
MSE: 16.694404946300672
MAE: 3.5159967563770436
EVS: 0.5624134298620044
