Model: GRU
MSE: 12.661503625583968
MAE: 3.135013545000995
EVS: 0.7204984903760434
