Model: GRU
MSE: 19.68013514500649
MAE: 3.8535224243446633
EVS: 0.6296666487831377
