Model: GRU
MSE: 17.770128645848278
MAE: 3.662751286118119
EVS: 0.685387287302673
