Model: GRU
MSE: 22.528477004871664
MAE: 4.028424863462095
EVS: 0.2665604124316503
