Model: GRU
MSE: 15.72993529742753
MAE: 3.351257748074002
EVS: 0.5423640282013426
