Model: GRU
MSE: 12.403460256219272
MAE: 3.081645859612359
EVS: 0.711452244488659
