Model: GRU
MSE: 16.256629674207716
MAE: 3.4696719734757036
EVS: 0.7037082172446347
