Model: GRU
MSE: 28.598707781346647
MAE: 4.162500973101015
EVS: 0.266399081166211
