Model: GRU
MSE: 10.334179063461066
MAE: 2.7403149428191007
EVS: 0.7601823503131883
