Model: GRU
MSE: 30.012583536060497
MAE: 4.528974356474699
EVS: 0.22948481669399512
