Model: GRU
MSE: 21.849372342473746
MAE: 3.8812533484564886
EVS: 0.3255193700184522
