Model: GRU
MSE: 18.302794883215096
MAE: 3.611890368991428
EVS: 0.5741081196439854
