Model: GRU
MSE: 19.728168331730657
MAE: 3.656502123232241
EVS: 0.45681289333057096
