Model: GRU
MSE: 14.775146921061648
MAE: 3.320954587724474
EVS: 0.5276356348585098
