Model: GRU
MSE: 12.801231895225
MAE: 3.0637724134657116
EVS: 0.5424973975392997
