Model: GRU
MSE: 27.01954142101031
MAE: 4.43863202907421
EVS: 0.5306973973035576
