Model: GRU
MSE: 39.17693661143474
MAE: 5.256191606874819
EVS: 0.2417132189178719
