Model: GRU
MSE: 12.947792956786223
MAE: 3.0839025709364147
EVS: 0.6300813309738216
