Model: GRU
MSE: 18.653880478520662
MAE: 3.665847001252351
EVS: 0.5067211571293908
