Model: GRU
MSE: 44.29824796195434
MAE: 5.424879798182735
EVS: -0.11007058825914262
