Model: GRU
MSE: 20.857193904619358
MAE: 4.042489987832528
EVS: 0.7543059018014514
