Model: GRU
MSE: 16.024722192474126
MAE: 3.392696822131122
EVS: 0.5637977533236296
