Model: GRU
MSE: 21.768464456953822
MAE: 3.879505899217394
EVS: 0.5054358640751524
