Model: GRU
MSE: 158.7456833693237
MAE: 10.649096718540898
EVS: -1.6292185163448307
