Model: GRU
MSE: 41.069204278027605
MAE: 5.060478969856545
EVS: -0.3351861151223532
