Model: GRU
MSE: 11.929409989131743
MAE: 2.986628461767126
EVS: 0.7028029324599337
