Model: GRU
MSE: 22.579689423014468
MAE: 3.8285142050849066
EVS: 0.361522212544228
