Model: GRU
MSE: 28.879084282544724
MAE: 4.7248908678690595
EVS: 0.581135362553606
