Model: GRU
MSE: 16.55633395620787
MAE: 3.5008497061552823
EVS: 0.508741046138891
