Model: GRU
MSE: 19.008122241837334
MAE: 3.875059657626682
EVS: 0.5928156299651499
