Model: GRU
MSE: 11.311045193690608
MAE: 2.783734992698387
EVS: 0.7291748414237709
