Model: GRU
MSE: 22.093363467833527
MAE: 4.084187136756049
EVS: 0.6038439702720633
