Model: GRU
MSE: 20.941248181367882
MAE: 3.7045554055107965
EVS: 0.4166110600729288
