Model: GRU
MSE: 15.871546890274464
MAE: 3.4593782601533114
EVS: 0.7187399340572584
