Model: GRU
MSE: 5.671547547832389
MAE: 1.757363690270318
EVS: 0.687283297969129
