Model: GRU
MSE: 13.358130237882603
MAE: 2.356194778724953
EVS: 0.4986968468104702
