Model: GRU
MSE: 13.376241769124832
MAE: 3.036372105280558
EVS: 0.2807748109314976
