Model: GRU
MSE: 14.685138765309581
MAE: 3.319683375181975
EVS: 0.46724588980060233
