Model: GRU
MSE: 18.63422192249342
MAE: 3.811913349010326
EVS: 0.6727652671751669
