Model: GRU
MSE: 16.08334463142342
MAE: 3.2677121427324085
EVS: 0.556407738149457
