Model: GRU
MSE: 32.17692315485559
MAE: 4.7941602247732655
EVS: 0.20102336577107827
