Model: GRU
MSE: 18.890042626602575
MAE: 3.7166051688017667
EVS: 0.6674042529639236
