Model: GRU
MSE: 20.64571397988793
MAE: 3.838864008585612
EVS: 0.5300093991297927
