Model: GRU
MSE: 15.28137350820028
MAE: 3.288813591003418
EVS: 0.6618021294530634
