Model: GRU
MSE: 21.163596161833674
MAE: 3.92943686026114
EVS: 0.34446744682000463
