Model: GRU
MSE: 15.361392105302988
MAE: 3.314945415214256
EVS: 0.6261920752707666
