Model: GRU
MSE: 17.15391002189747
MAE: 3.4676562238622597
EVS: 0.6022516061925464
